particle,frame,x,y,x_raw,y_raw,sym,r_est,polarity,contrast
0,0,1264.2138671875,920.134521484375,1264.2138671875,920.134521484375,98.62992,10.0,1,27.944033
1,0,1284.156494140625,270.6147766113281,1284.156494140625,270.6147766113281,47.853184,8.0,1,27.534939
2,0,1408.2874755859375,384.2140197753906,1408.2874755859375,384.2140197753906,29.088503,8.0,1,27.41684
3,0,931.7372436523438,514.6241455078125,931.7372436523438,514.6241455078125,28.000824,8.0,1,20.917088
4,0,1176.4180908203125,21.812835693359375,1176.4180908203125,21.812835693359375,22.694834,8.0,1,0.47446156
5,0,1439.8734130859375,190.22763061523438,1439.8734130859375,190.22763061523438,20.452267,16.0,-1,10.302987
6,0,550.2213134765625,206.2755584716797,550.2213134765625,206.2755584716797,14.500262,16.0,-1,6.9361095
7,0,535.4038696289062,332.0395812988281,535.4038696289062,332.0395812988281,13.114545,8.0,-1,33.642338
8,0,1327.64111328125,375.9281005859375,1327.64111328125,375.9281005859375,11.761676,8.0,-1,31.864546
9,0,1255.8717041015625,1078.96435546875,1255.8717041015625,1078.96435546875,9.356551,8.0,-1,34.835796
10,0,321.7185363769531,114.46652221679688,321.7185363769531,114.46652221679688,9.177153,10.0,-1,25.26356
11,0,185.46646118164062,475.0125427246094,185.46646118164062,475.0125427246094,7.665281,8.0,1,14.147295
12,0,1067.1546630859375,834.0560302734375,1067.1546630859375,834.0560302734375,5.5977745,12.0,-1,21.181257
13,0,1509.651611328125,1008.1717529296875,1509.651611328125,1008.1717529296875,5.254088,18.0,-1,2.3236003
14,0,161.5350341796875,973.3187255859375,161.5350341796875,973.3187255859375,5.199715,8.0,-1,26.759022
16,0,1077.7862548828125,300.89654541015625,1077.7862548828125,300.89654541015625,2.6357954,16.0,-1,7.764253
17,0,553.88916015625,395.5203552246094,553.88916015625,395.5203552246094,2.3928492,14.0,-1,1.2252907
0,1,1264.1429443359375,920.0783386230469,1264.0770263671875,920.9852905273438,68.75328,10.0,1,27.521646
1,1,1284.156494140625,270.8367614746094,1284.090576171875,271.74371337890625,61.55362,8.0,1,27.778004
3,1,932.1336059570312,515.1180114746094,932.0676879882812,516.0249633789062,43.864025,8.0,1,20.304264
2,1,1407.7335205078125,384.81719970703125,1407.6676025390625,385.7241516113281,24.79641,8.0,1,27.136232
5,1,1439.7354736328125,191.03663635253906,1439.6695556640625,191.94358825683594,20.170263,16.0,-1,8.745517
4,1,1176.02978515625,20.75370216369629,1175.9638671875,21.660654067993164,15.760131,8.0,1,0.09292394
7,1,536.3477783203125,332.9216613769531,536.2818603515625,333.82861328125,14.000282,8.0,-1,32.554604
6,1,551.5929565429688,203.51394653320312,551.5270385742188,204.4208984375,13.681091,16.0,-1,6.3864784
10,1,323.924560546875,117.13571166992188,323.858642578125,118.04266357421875,11.183014,10.0,-1,23.068226
9,1,1256.154052734375,1077.1793518066406,1256.088134765625,1078.0863037109375,10.936807,8.0,-1,33.703297
8,1,1324.507568359375,375.1452941894531,1324.441650390625,376.05224609375,10.730851,8.0,-1,31.112242
11,1,183.94677734375,474.541259765625,183.880859375,475.4482116699219,6.195523,8.0,1,12.615687
12,1,1068.461181640625,834.8148498535156,1068.395263671875,835.7218017578125,5.4724307,12.0,-1,22.563974
14,1,159.81736755371094,968.6127624511719,159.75144958496094,969.5197143554688,3.430125,8.0,-1,27.468046
13,1,1508.04541015625,1010.3799743652344,1507.9794921875,1011.2869262695312,3.3026018,20.0,-1,2.1979022
16,1,1079.7679443359375,300.89654541015625,1079.7020263671875,301.8034973144531,2.0246494,14.0,-1,4.089304
17,1,554.1162719726562,394.6284484863281,554.0503540039062,395.535400390625,1.817605,14.0,-1,0.59748113
0,2,1262.89990234375,921.137451171875,1261.8009033203125,921.952392578125,81.82246,10.0,1,28.237238
1,2,1283.331298828125,271.2104187011719,1282.2322998046875,272.0253601074219,59.29544,8.0,1,28.161829
2,2,1410.9605712890625,384.5118713378906,1409.861572265625,385.3268127441406,39.76169,8.0,1,27.89556
3,2,934.760009765625,513.5664672851562,933.6610107421875,514.3814086914062,26.913353,8.0,1,21.292847
5,2,1437.337646484375,190.44351196289062,1436.2386474609375,191.25845336914062,18.160295,16.0,-1,10.495062
4,2,1176.62353515625,21.85468101501465,1175.5245361328125,22.66962242126465,15.317075,14.0,-1,0.3788237
6,2,553.4625854492188,204.07156372070312,552.3635864257812,204.88650512695312,13.087059,16.0,-1,7.3191104
7,2,539.7280883789062,332.90716552734375,538.6290893554688,333.72210693359375,11.094444,8.0,-1,30.14298
9,2,1257.3759765625,1079.1678466796875,1256.2769775390625,1079.9827880859375,10.826274,8.0,-1,36.239674
8,2,1324.507568359375,375.0858154296875,1323.4085693359375,375.9007568359375,10.45533,8.0,-1,33.166737
10,2,325.0672912597656,119.17313385009766,323.9682922363281,119.98807525634766,9.89388,10.0,-1,23.403563
13,2,1504.5994873046875,1014.2713623046875,1503.50048828125,1015.0863037109375,6.6820393,18.0,-1,2.1493292
11,2,184.2718048095703,473.6258239746094,183.1728057861328,474.4407653808594,6.583734,8.0,1,13.980241
14,2,159.75975036621094,968.6448364257812,158.66075134277344,969.4597778320312,5.8896675,8.0,-1,25.128119
12,2,1067.299560546875,834.7178955078125,1066.2005615234375,835.5328369140625,5.2023773,12.0,-1,23.526974
17,2,553.5907592773438,394.6284484863281,552.4917602539062,395.4433898925781,2.7451427,14.0,-1,0.46688068
16,2,1078.08056640625,300.3194580078125,1076.9815673828125,301.1343994140625,2.1424563,14.0,-1,5.3675885
0,3,1261.3319702148438,921.137451171875,1259.812744140625,921.8365478515625,73.52677,10.0,1,28.718021
1,3,1283.0728149414062,270.9819030761719,1281.5535888671875,271.6809997558594,41.249146,8.0,1,28.811937
3,3,935.75830078125,513.4706420898438,934.2390747070312,514.1697387695312,31.81034,8.0,1,20.45002
2,3,1411.3396606445312,383.7038269042969,1409.8204345703125,384.4029235839844,30.111227,8.0,1,28.272545
4,3,1177.4212036132812,21.451141357421875,1175.9019775390625,22.150238037109375,25.755953,8.0,1,0.40472996
5,3,1435.8898315429688,191.62001037597656,1434.37060546875,192.31910705566406,24.103945,16.0,-1,10.691147
6,3,553.4625854492188,204.44456481933594,551.943359375,205.14366149902344,12.80862,16.0,-1,6.3279915
7,3,539.7623901367188,332.72064208984375,538.2431640625,333.41973876953125,10.870621,10.0,-1,27.07502
8,3,1323.8850708007812,379.1876220703125,1322.3658447265625,379.88671875,10.345029,8.0,-1,31.415443
10,3,323.8067321777344,118.50946807861328,322.2875061035156,119.20856475830078,10.240781,8.0,-1,24.909935
9,3,1258.6062622070312,1079.2894287109375,1257.0870361328125,1079.988525390625,8.96572,8.0,-1,34.824524
11,3,185.8358154296875,472.7535095214844,184.31658935546875,473.4526062011719,6.9709134,8.0,1,16.54188
12,3,1067.0783081054688,836.0674438476562,1065.55908203125,836.7665405273438,6.5941505,12.0,-1,23.901573
13,3,1501.6570434570312,1013.4280395507812,1500.1378173828125,1014.1271362304688,5.880699,16.0,-1,0.13497126
14,3,161.8307647705078,971.1680908203125,160.31153869628906,971.8671875,4.6845565,8.0,-1,28.519753
16,3,1076.7306518554688,302.2301330566406,1075.21142578125,302.9292297363281,2.668933,16.0,-1,5.268846
17,3,554.6490478515625,398.31622314453125,553.1298217773438,399.01531982421875,1.3907329,16.0,-1,2.658546
0,4,1259.9785766601562,919.7671508789062,1258.4461669921875,920.3528442382812,79.516075,10.0,1,28.563263
1,4,1281.5076293945312,271.110107421875,1279.9752197265625,271.69580078125,44.41506,8.0,1,29.277739
2,4,1411.2645874023438,382.0417785644531,1409.732177734375,382.6274719238281,35.14282,8.0,1,28.680857
5,4,1433.6056518554688,191.53150939941406,1432.0732421875,192.11720275878906,29.593697,18.0,-1,9.090143
3,4,936.6904296875,513.2349243164062,935.1580200195312,513.8206176757812,25.121244,8.0,1,20.681849
4,4,1175.4889526367188,21.712421417236328,1173.95654296875,22.298114776611328,24.048906,8.0,1,0.6839082
6,4,553.4625854492188,205.21591186523438,551.93017578125,205.80160522460938,16.988716,16.0,-1,6.674129
7,4,540.9019775390625,329.54534912109375,539.3695678710938,330.13104248046875,11.03131,10.0,-1,26.077047
10,4,325.2418212890625,117.64909362792969,323.70941162109375,118.23478698730469,10.126611,8.0,-1,27.890484
9,4,1257.5527954101562,1082.9805908203125,1256.0203857421875,1083.5662841796875,9.662431,8.0,-1,33.05573
11,4,184.80099487304688,472.7535095214844,183.26858520507812,473.3392028808594,7.873444,8.0,1,13.124456
8,4,1321.9295043945312,379.32086181640625,1320.3970947265625,379.90655517578125,7.2400723,8.0,-1,31.417183
12,4,1067.4511108398438,834.9009399414062,1065.918701171875,835.4866333007812,6.1785455,12.0,-1,23.898575
14,4,165.82504272460938,969.3720703125,164.29263305664062,969.957763671875,5.897714,8.0,-1,28.945568
13,4,1502.7721557617188,1016.6453247070312,1501.23974609375,1017.2310180664062,5.4358163,8.0,1,0.13638896
16,4,1077.7836303710938,302.54327392578125,1076.251220703125,303.12896728515625,2.3178701,14.0,-1,4.8837056
17,4,554.71533203125,401.1812744140625,553.1829223632812,401.7669677734375,1.682671,16.0,-1,2.3205454
0,5,1258.6220703125,919.717529296875,1257.4586181640625,919.9620361328125,73.425995,10.0,1,28.090158
1,5,1281.1868896484375,273.04388427734375,1280.0234375,273.28839111328125,52.73715,8.0,1,28.633892
2,5,1410.3876953125,382.0417785644531,1409.2242431640625,382.2862854003906,30.704737,8.0,1,27.415844
3,5,937.6664428710938,510.3149719238281,936.5029907226562,510.5594787597656,24.82096,8.0,1,19.576347
5,5,1430.1632080078125,192.4144287109375,1428.999755859375,192.658935546875,21.941475,18.0,-1,11.362607
4,5,1174.842041015625,22.32928466796875,1173.6785888671875,22.57379150390625,21.546974,8.0,1,3.5934618
6,5,553.5426025390625,204.426025390625,552.379150390625,204.6705322265625,14.3244095,16.0,-1,5.3724413
13,5,1505.0123291015625,1017.2753295898438,1503.848876953125,1017.5198364257812,10.145812,8.0,1,0.35926366
10,5,326.9032897949219,117.03865814208984,325.7398376464844,117.28316497802734,10.091803,10.0,-1,25.91508
9,5,1257.072998046875,1083.2451171875,1255.9095458984375,1083.4896240234375,9.768159,8.0,-1,33.491737
7,5,541.3246459960938,328.0569152832031,540.1611938476562,328.3014221191406,8.61525,10.0,-1,27.668818
8,5,1320.881591796875,377.5011291503906,1319.7181396484375,377.7456359863281,7.631905,8.0,-1,29.34463
11,5,183.20404052734375,473.9015808105469,182.04058837890625,474.1460876464844,7.1467967,8.0,1,12.789378
12,5,1069.41943359375,836.1924438476562,1068.2559814453125,836.4369506835938,6.312165,10.0,-1,24.683247
14,5,168.8017120361328,967.573486328125,167.6382598876953,967.8179931640625,2.4783008,8.0,-1,29.365997
16,5,1080.85009765625,301.6613464355469,1079.6866455078125,301.9058532714844,2.379763,14.0,-1,0.6023095
17,5,554.71533203125,405.8521728515625,553.5518798828125,406.0966796875,1.2213498,16.0,-1,1.4567711
1,6,1281.56103515625,273.28857421875,1279.9124755859375,273.96044921875,72.45105,8.0,1,30.241674
0,6,1259.263671875,921.568359375,1257.6151123046875,922.240234375,65.477036,10.0,1,28.507557
3,6,939.2755737304688,509.3954162597656,937.6270141601562,510.0672912597656,32.834606,8.0,1,21.290716
2,6,1409.15478515625,382.0417785644531,1407.5062255859375,382.7136535644531,28.175077,8.0,1,26.260334
5,6,1425.93505859375,194.95693969726562,1424.2864990234375,195.62881469726562,27.85663,18.0,-1,11.292456
4,6,1173.6837158203125,21.803573608398438,1172.03515625,22.475448608398438,22.181015,8.0,1,9.870652
6,6,553.5426025390625,207.13970947265625,551.89404296875,207.81158447265625,18.441362,16.0,-1,7.6716747
10,6,327.250244140625,115.41954803466797,325.6016845703125,116.09142303466797,10.528166,10.0,-1,26.067131
9,6,1257.66748046875,1083.166748046875,1256.0189208984375,1083.838623046875,9.6604185,8.0,-1,31.634644
8,6,1320.2322998046875,373.2834167480469,1318.583740234375,373.9552917480469,8.897657,8.0,-1,31.693863
7,6,539.9652099609375,325.8999938964844,538.316650390625,326.5718688964844,8.540416,10.0,-1,28.45429
11,6,184.04490661621094,472.27935791015625,182.39634704589844,472.95123291015625,8.313264,8.0,1,13.446219
13,6,1509.3629150390625,1019.1217041015625,1507.71435546875,1019.7935791015625,7.615906,8.0,1,0.8407676
12,6,1066.0382080078125,837.0496826171875,1064.3896484375,837.7215576171875,5.2729964,10.0,-1,19.713537
14,6,172.6359100341797,968.198486328125,170.9873504638672,968.870361328125,3.3840778,8.0,-1,29.241114
16,6,1079.4776611328125,299.78533935546875,1077.8291015625,300.45721435546875,2.550742,16.0,-1,3.0550833
17,6,553.3275146484375,407.37005615234375,551.678955078125,408.04193115234375,1.9489532,16.0,-1,0.13724573
0,7,1259.9007568359375,922.4755859375,1258.6429443359375,923.0880737304688,64.1018,10.0,1,28.446695
1,7,1281.6583251953125,273.4399108886719,1280.4005126953125,274.0523986816406,57.95521,8.0,1,27.512043
2,7,1409.15478515625,383.7947692871094,1407.89697265625,384.4072570800781,28.932974,8.0,1,26.673578
3,7,937.4804077148438,508.09942626953125,936.2225952148438,508.7119140625,25.770493,8.0,1,18.584778
4,7,1173.2398681640625,21.360071182250977,1171.9820556640625,21.972558975219727,22.665525,8.0,1,11.68107
5,7,1424.1273193359375,198.20297241210938,1422.8695068359375,198.81546020507812,22.37636,18.0,-1,10.082329
6,7,553.2862548828125,209.24447631835938,552.0284423828125,209.85696411132812,21.790428,16.0,-1,6.4526296
10,7,327.19268798828125,114.3978042602539,325.93487548828125,115.01029205322266,11.510488,8.0,-1,26.40622
11,7,184.58334350585938,470.8841247558594,183.32553100585938,471.4966125488281,9.874116,8.0,1,14.055087
8,7,1321.2955322265625,373.1759338378906,1320.0377197265625,373.7884216308594,9.83744,8.0,-1,31.855951
12,7,1067.0682373046875,837.0496826171875,1065.8104248046875,837.6621704101562,9.540729,12.0,-1,16.586058
7,7,538.7371826171875,328.1261291503906,537.4793701171875,328.7386169433594,8.529408,10.0,-1,26.996872
9,7,1259.78369140625,1083.7949829101562,1258.52587890625,1084.407470703125,8.034628,8.0,-1,35.777596
13,7,1511.536376953125,1018.1326293945312,1510.278564453125,1018.7451171875,5.965288,8.0,1,0.6513653
16,7,1081.3648681640625,299.8956298828125,1080.1070556640625,300.50811767578125,2.6965015,8.0,1,1.0734639
14,7,172.0109100341797,968.1734008789062,170.7530975341797,968.785888671875,2.600303,8.0,-1,30.769257
17,7,551.8599853515625,406.2676086425781,550.6021728515625,406.8800964355469,2.2728512,14.0,-1,0.13291413
0,8,1259.4424896240234,921.7194213867188,1257.611328125,921.3638305664062,66.15688,10.0,1,28.234194
1,8,1282.3438568115234,274.1844787597656,1280.5126953125,273.8288879394531,57.03566,8.0,1,27.39289
3,8,935.9003143310547,508.2579040527344,934.0691528320312,507.9023132324219,42.68654,8.0,1,21.156153
2,8,1409.577621459961,386.0023193359375,1407.7464599609375,385.646728515625,23.31434,8.0,1,27.58751
5,8,1423.944076538086,200.22181701660156,1422.1129150390625,199.86622619628906,23.301453,18.0,-1,10.168189
4,8,1173.4800872802734,21.167034149169922,1171.64892578125,20.811443328857422,20.814716,8.0,1,14.2659445
6,8,552.3445892333984,210.21278381347656,550.513427734375,209.85719299316406,15.193058,16.0,-1,8.096782
10,8,326.4147491455078,111.98688507080078,324.5835876464844,111.63129425048828,10.94334,10.0,-1,24.349585
7,8,538.0108489990234,330.1882019042969,536.1796875,329.8326110839844,10.310923,10.0,-1,24.220121
9,8,1259.364486694336,1083.59765625,1257.5333251953125,1083.2420654296875,9.749312,8.0,-1,35.252357
13,8,1514.221420288086,1021.762451171875,1512.3902587890625,1021.4068603515625,7.850003,8.0,1,0.50003165
8,8,1321.4649505615234,372.6523132324219,1319.6337890625,372.2967224121094,7.522839,8.0,-1,32.97824
11,8,185.9215545654297,470.1641540527344,184.09039306640625,469.8085632324219,7.5224004,8.0,1,12.387575
12,8,1069.2193450927734,836.8519897460938,1067.38818359375,836.4963989257812,6.2037005,12.0,-1,12.302241
14,8,172.0109100341797,968.1734008789062,170.17974853515625,967.8178100585938,2.0607746,8.0,-1,29.339224
17,8,554.1473236083984,406.8524475097656,552.316162109375,406.4968566894531,1.9545174,6.0,1,0.6496122
16,8,1080.3919525146484,299.27093505859375,1078.560791015625,298.91534423828125,1.937388,14.0,-1,0.100913376
0,9,1262.0394744873047,921.5093536376953,1259.8165283203125,921.5953369140625,82.4641,10.0,1,28.274113
1,9,1282.3686981201172,271.9834442138672,1280.145751953125,272.0694274902344,71.23115,8.0,1,28.03559
2,9,1407.2259979248047,387.5084686279297,1405.0030517578125,387.5944519042969,28.978523,8.0,1,23.302889
3,9,936.4812469482422,509.63975524902344,934.25830078125,509.7257385253906,28.808998,8.0,1,19.872032
5,9,1423.7241668701172,200.22181701660156,1421.501220703125,200.30780029296875,28.364836,18.0,-1,9.4364395
4,9,1174.1100311279297,20.356163024902344,1171.8870849609375,20.44214630126953,24.72634,8.0,1,14.749772
6,9,554.1915130615234,211.24575805664062,551.9685668945312,211.3317413330078,15.515985,16.0,-1,6.6677203
9,9,1258.1301727294922,1081.9597930908203,1255.9072265625,1082.0457763671875,13.169575,8.0,-1,33.990322
10,9,328.3779754638672,108.65962982177734,326.155029296875,108.74561309814453,10.688155,10.0,-1,24.112703
11,9,187.6337127685547,470.77198791503906,185.4107666015625,470.85797119140625,8.242296,8.0,1,10.308306
13,9,1514.1869354248047,1019.8792266845703,1511.9639892578125,1019.9652099609375,7.0407386,8.0,1,0.3012334
8,9,1320.3665008544922,369.8251190185547,1318.1435546875,369.9111022949219,6.7828116,8.0,-1,30.31774
7,9,537.3988494873047,331.5063018798828,535.1759033203125,331.59228515625,6.264809,10.0,-1,22.559853
12,9,1069.0171356201172,833.4842071533203,1066.794189453125,833.5701904296875,5.2277827,12.0,-1,14.096388
14,9,176.16619873046875,969.3025054931641,173.94325256347656,969.3884887695312,3.4640768,8.0,-1,28.529146
16,9,1080.1675262451172,300.24720764160156,1077.944580078125,300.33319091796875,2.8938322,14.0,-1,0.7623138
17,9,554.1473236083984,410.1412811279297,551.9243774414062,410.2272644042969,2.5203328,16.0,-1,1.5944281
0,10,1263.9164123535156,920.2408599853516,1260.1800537109375,920.2763671875,93.51067,10.0,1,27.351152
1,10,1282.5776672363281,271.9834442138672,1278.84130859375,272.0189514160156,69.0127,8.0,1,27.453426
5,10,1421.9044494628906,204.363037109375,1418.1680908203125,204.39854431152344,32.171894,18.0,-1,10.173757
2,10,1409.7622375488281,385.25575256347656,1406.02587890625,385.291259765625,30.540186,8.0,1,26.663109
3,10,938.5536804199219,511.58668518066406,934.8173217773438,511.6221923828125,29.420221,8.0,1,20.388502
4,10,1174.1998596191406,21.12210464477539,1170.4635009765625,21.157611846923828,19.55496,8.0,1,13.406719
6,10,554.0795593261719,209.3356475830078,550.3432006835938,209.37115478515625,15.684274,16.0,-1,9.990539
8,10,1321.5144348144531,367.9706268310547,1317.778076171875,368.0061340332031,12.176788,8.0,-1,33.723846
9,10,1257.4933166503906,1080.300308227539,1253.7569580078125,1080.3358154296875,12.090907,8.0,-1,34.443115
10,10,328.51153564453125,110.11730194091797,324.7751770019531,110.1528091430664,10.483849,10.0,-1,24.46612
7,10,536.2741394042969,332.1623077392578,532.5377807617188,332.19781494140625,9.107533,10.0,-1,21.397371
12,10,1068.6275939941406,834.3477935791016,1064.8912353515625,834.38330078125,8.098233,12.0,-1,15.1008
11,10,187.6337127685547,470.4923553466797,183.89735412597656,470.5278625488281,7.192615,8.0,1,9.89962
14,10,176.8026885986328,970.6948394775391,173.0663299560547,970.7303466796875,5.226133,8.0,-1,26.144297
13,10,1513.0713195800781,1021.9410552978516,1509.3349609375,1021.9765625,4.841849,18.0,-1,0.5193112
17,10,553.4811706542969,410.04554748535156,549.7448120117188,410.0810546875,3.1971061,14.0,-1,0.16712928
16,10,1079.5498352050781,298.87062072753906,1075.8134765625,298.9061279296875,2.8921766,16.0,-1,1.9535651
0,11,1265.2369689941406,919.9243316650391,1260.5235595703125,920.0673828125,87.50058,10.0,1,27.478197
1,11,1282.5649719238281,273.6219024658203,1277.8515625,273.76495361328125,66.20324,8.0,1,28.47369
3,11,938.7483215332031,511.9251251220703,934.034912109375,512.0681762695312,59.97758,8.0,1,20.6476
4,11,1172.7040100097656,21.683439254760742,1167.9906005859375,21.82649040222168,34.704403,8.0,1,16.39755
2,11,1411.3077697753906,383.94630432128906,1406.5943603515625,384.08935546875,33.895504,8.0,1,25.811073
5,11,1420.7373352050781,209.11207580566406,1416.02392578125,209.255126953125,22.11344,18.0,-1,8.572199
6,11,553.9862365722656,207.6876678466797,549.2728271484375,207.83071899414062,15.356725,16.0,-1,7.073762
9,11,1258.5910949707031,1079.5990142822266,1253.877685546875,1079.7420654296875,13.4121065,8.0,-1,35.272427
8,11,1319.0371398925781,368.1959686279297,1314.32373046875,368.3390197753906,10.44359,8.0,-1,35.89294
7,11,536.2741394042969,333.3816680908203,531.5607299804688,333.52471923828125,9.963353,10.0,-1,27.15459
12,11,1070.0699768066406,834.3477935791016,1065.3565673828125,834.4908447265625,9.153226,12.0,-1,18.099083
10,11,328.0668029785156,111.84635162353516,323.3533935546875,111.9894027709961,8.477161,10.0,-1,23.117868
11,11,188.46395874023438,468.6282501220703,183.75054931640625,468.77130126953125,8.133128,8.0,1,7.640709
14,11,176.98597717285156,970.1815338134766,172.27256774902344,970.3245849609375,6.6294003,8.0,-1,26.440584
13,11,1511.8795471191406,1020.4604034423828,1507.1661376953125,1020.6034545898438,5.0886264,8.0,1,0.4001475
17,11,550.8617858886719,410.5128631591797,546.1483764648438,410.6559143066406,3.6752768,6.0,1,0.25692537
16,11,1080.6647033691406,298.6773223876953,1075.9512939453125,298.82037353515625,3.2711241,14.0,-1,1.8979144
0,12,1267.1473693847656,920.3527069091797,1261.9010009765625,920.422119140625,63.18128,10.0,1,27.891966
3,12,941.3138122558594,511.9251251220703,936.0674438476562,511.9945373535156,53.158146,8.0,1,20.593925
1,12,1281.3468322753906,274.2716522216797,1276.1004638671875,274.341064453125,52.739452,8.0,1,27.964684
2,12,1411.3077697753906,383.46827697753906,1406.0614013671875,383.5376892089844,30.36335,8.0,1,25.271358
5,12,1417.5052795410156,209.00927734375,1412.2589111328125,209.0786895751953,22.706823,18.0,-1,8.4521265
4,12,1173.4753723144531,20.540882110595703,1168.22900390625,20.610294342041016,22.214598,8.0,1,8.602037
6,12,552.8415832519531,210.56866455078125,547.59521484375,210.63807678222656,15.319087,16.0,-1,8.973981
12,12,1067.9282531738281,834.0437469482422,1062.681884765625,834.1131591796875,14.27106,12.0,-1,17.428595
9,12,1261.1225891113281,1080.0602264404297,1255.876220703125,1080.129638671875,11.838683,8.0,-1,35.81843
7,12,536.6053161621094,332.2747344970703,531.3589477539062,332.3441467285156,9.910751,8.0,-1,29.651972
11,12,190.43531799316406,469.12498474121094,185.18894958496094,469.19439697265625,9.251354,8.0,1,9.76481
10,12,326.5260009765625,112.3473129272461,321.2796325683594,112.4167251586914,9.222453,10.0,-1,21.57486
8,12,1319.4115295410156,367.6461944580078,1314.1651611328125,367.7156066894531,8.2136755,8.0,-1,36.70472
13,12,1509.9271545410156,1019.3414154052734,1504.6807861328125,1019.4108276367188,5.2301373,16.0,-1,1.3020524
14,12,176.86790466308594,969.8918304443359,171.6215362548828,969.9612426757812,2.9186885,8.0,-1,29.554781
16,12,1082.5215148925781,300.0735321044922,1077.275146484375,300.1429443359375,2.3908722,14.0,-1,3.2654457
17,12,549.6021423339844,410.68406677246094,544.3557739257812,410.75347900390625,2.2341003,14.0,-1,2.0812194
0,13,1267.1473693847656,920.3527069091797,1261.7109375,920.0944213867188,75.21007,10.0,1,28.306105
1,13,1282.8059387207031,272.24281311035156,1277.3695068359375,271.9845275878906,55.046585,8.0,1,28.598627
3,13,940.4089050292969,512.3425140380859,934.9724731445312,512.084228515625,35.841732,8.0,1,19.80531
2,13,1411.2715148925781,382.9517059326172,1405.8350830078125,382.69342041015625,27.5392,8.0,1,26.514626
4,13,1174.3368225097656,20.27933692932129,1168.900390625,20.02105140686035,21.002066,8.0,1,5.124201
5,13,1417.4791564941406,209.4123992919922,1412.042724609375,209.15411376953125,17.10994,16.0,-1,7.8477697
9,13,1257.3323059082031,1079.8731536865234,1251.8958740234375,1079.6148681640625,14.06762,8.0,-1,32.63395
6,13,550.6796569824219,213.3859405517578,545.2432250976562,213.12765502929688,13.592602,14.0,-1,9.274664
7,13,536.9327697753906,331.6437530517578,531.496337890625,331.3854675292969,11.483376,8.0,-1,30.42639
10,13,327.6929931640625,112.10083770751953,322.2565612792969,111.8425521850586,9.391171,8.0,-1,24.225615
12,13,1066.3297424316406,834.9891204833984,1060.893310546875,834.7308349609375,8.333985,12.0,-1,13.298633
11,13,191.3162384033203,469.83802795410156,185.8798065185547,469.5797424316406,7.216308,8.0,1,9.652338
8,13,1319.6554260253906,368.0547332763672,1314.218994140625,367.79644775390625,6.071493,8.0,-1,32.933685
13,13,1509.1097717285156,1020.5560760498047,1503.67333984375,1020.2977905273438,5.9220695,16.0,-1,0.45529372
14,13,178.45846557617188,968.9083099365234,173.02203369140625,968.6500244140625,2.9161386,8.0,-1,30.339008
16,13,1086.8872375488281,301.75819396972656,1081.4508056640625,301.4999084472656,2.0745447,16.0,-1,1.8578455
17,13,546.5335998535156,410.61558532714844,541.09716796875,410.3572998046875,1.6854973,14.0,-1,2.0536604
0,14,1268.1703186035156,917.4430847167969,1262.392578125,918.0909423828125,78.53136,10.0,1,27.371319
2,14,1413.2781066894531,382.82220458984375,1407.5003662109375,383.4700622558594,32.778008,8.0,1,27.350143
1,14,1283.4365539550781,271.78643798828125,1277.6588134765625,272.4342956542969,31.445961,8.0,1,27.483492
4,14,1173.6618957519531,21.420730590820312,1167.8841552734375,22.068588256835938,28.83433,8.0,1,9.405156
3,14,940.5223693847656,512.0204772949219,934.74462890625,512.6683349609375,23.821245,8.0,1,19.260618
5,14,1415.8248596191406,209.7964630126953,1410.047119140625,210.44432067871094,18.661022,18.0,-1,7.8123736
6,14,551.6827087402344,213.3859405517578,545.9049682617188,214.03379821777344,14.825606,14.0,-1,8.533362
12,14,1066.3297424316406,834.7927551269531,1060.552001953125,835.4406127929688,10.24178,12.0,-1,12.64592
7,14,536.7799987792969,329.2293395996094,531.0022583007812,329.877197265625,10.193961,8.0,-1,31.404205
9,14,1255.8620910644531,1077.2413024902344,1250.0843505859375,1077.88916015625,9.932777,8.0,-1,31.938211
8,14,1321.7101135253906,370.7382507324219,1315.932373046875,371.3861083984375,9.035624,8.0,-1,37.47243
10,14,327.0190734863281,110.9057388305664,321.2413330078125,111.55359649658203,8.082238,10.0,-1,21.65295
11,14,191.67977905273438,470.4088134765625,185.90203857421875,471.0566711425781,6.9479904,8.0,1,10.878541
13,14,1505.6991271972656,1022.1521911621094,1499.92138671875,1022.800048828125,5.676062,16.0,-1,0.82862604
14,14,179.53839111328125,969.0723571777344,173.76065063476562,969.72021484375,3.0058565,8.0,-1,30.718792
16,14,1081.8785705566406,302.10284423828125,1076.100830078125,302.7507019042969,2.6955137,22.0,-1,4.124377
17,14,544.9867248535156,411.3453369140625,539.208984375,411.9931945800781,1.2683815,14.0,-1,3.7188663
0,15,1270.0648498535156,917.3429565429688,1263.887939453125,918.027587890625,117.9441,10.0,1,27.662745
1,15,1283.4365539550781,273.2939453125,1277.2596435546875,273.97857666015625,53.35893,8.0,1,27.911812
3,15,940.3683166503906,513.4385986328125,934.19140625,514.1232299804688,35.37544,8.0,1,20.084568
2,15,1414.7261047363281,383.8809814453125,1408.5491943359375,384.56561279296875,30.6697,8.0,1,26.516413
4,15,1173.9983215332031,23.43341636657715,1167.8214111328125,24.1180477142334,27.841316,8.0,1,19.928633
5,15,1416.0250549316406,211.80780029296875,1409.84814453125,212.492431640625,20.182726,18.0,-1,7.636026
6,15,549.6662902832031,211.5497283935547,543.4893798828125,212.23435974121094,15.606917,16.0,-1,7.233593
7,15,536.0867614746094,329.2293395996094,529.9098510742188,329.9139709472656,13.408435,8.0,-1,32.002132
10,15,326.1122741699219,108.5742416381836,319.93536376953125,109.25887298583984,10.105612,8.0,-1,25.269222
11,15,192.9212188720703,467.8377685546875,186.7443084716797,468.52239990234375,9.607439,8.0,1,13.235455
8,15,1318.4794006347656,373.588134765625,1312.302490234375,374.27276611328125,8.1175995,8.0,-1,31.5285
9,15,1258.2318420410156,1074.4411010742188,1252.054931640625,1075.125732421875,7.134629,8.0,-1,33.005398
13,15,1504.1195373535156,1022.1856079101562,1497.942626953125,1022.8702392578125,6.6528544,8.0,1,0.13294327
12,15,1067.9259338378906,837.7618408203125,1061.7490234375,838.4464721679688,6.2430243,12.0,-1,11.847884
16,15,1080.9811096191406,299.740966796875,1074.80419921875,300.42559814453125,2.4560099,22.0,-1,5.504157
17,15,544.0368347167969,411.31463623046875,537.8599243164062,411.999267578125,2.2961211,14.0,-1,6.106992
14,15,180.4905242919922,968.1497192382812,174.31361389160156,968.8343505859375,2.250742,10.0,-1,29.34158
1,16,1282.9676818847656,272.68499755859375,1276.2960205078125,274.08087158203125,57.626774,8.0,1,27.302319
0,16,1269.1430969238281,916.0980224609375,1262.471435546875,917.493896484375,57.31485,10.0,1,26.88234
2,16,1414.6133117675781,384.50030517578125,1407.941650390625,385.89617919921875,33.444725,8.0,1,28.592327
3,16,942.3526306152344,513.934326171875,935.6809692382812,515.3302001953125,26.70215,8.0,1,20.237097
5,16,1416.6234436035156,213.6704864501953,1409.9517822265625,215.0663604736328,26.416597,18.0,-1,5.6588287
4,16,1174.3587951660156,24.42924690246582,1167.6871337890625,25.82512092590332,19.698706,8.0,1,20.2476
8,16,1318.4794006347656,372.62945556640625,1311.8077392578125,374.02532958984375,13.17126,8.0,-1,37.01432
6,16,547.4711608886719,212.21768188476562,540.7994995117188,213.61355590820312,12.698632,16.0,-1,9.825617
7,16,537.1730041503906,330.4585266113281,530.5013427734375,331.8544006347656,11.84343,8.0,-1,31.45159
10,16,326.1517333984375,107.53538513183594,319.4800720214844,108.93125915527344,9.836087,10.0,-1,24.71762
12,16,1068.6133117675781,838.4384155273438,1061.941650390625,839.8342895507812,8.643571,12.0,-1,17.229847
11,16,191.8271026611328,467.8377685546875,185.1554412841797,469.233642578125,8.112773,8.0,1,11.968587
9,16,1258.1914367675781,1076.1619873046875,1251.519775390625,1077.557861328125,7.839788,8.0,-1,35.023746
13,16,1502.3059387207031,1021.1334228515625,1495.63427734375,1022.529296875,6.1172338,8.0,1,0.47692895
16,16,1083.8364562988281,299.1805114746094,1077.164794921875,300.5763854980469,2.6309855,8.0,1,2.675952
14,16,181.4373779296875,966.0939331054688,174.76571655273438,967.4898071289062,1.7600827,10.0,-1,25.279768
17,16,541.6483459472656,411.2947692871094,534.9766845703125,412.6906433105469,1.3754697,16.0,-1,3.7346709
0,17,1269.5486145019531,916.0980224609375,1262.6162109375,917.8272094726562,80.585106,10.0,1,26.679615
1,17,1282.8362121582031,273.4007263183594,1275.90380859375,275.1299133300781,42.06914,8.0,1,27.673075
4,17,1175.0482482910156,24.65816879272461,1168.1158447265625,26.38735580444336,39.54114,8.0,1,19.776142
2,17,1416.4348449707031,383.68804931640625,1409.50244140625,385.417236328125,35.578136,8.0,1,27.664915
3,17,943.6127624511719,513.975341796875,936.6803588867188,515.7045288085938,24.16142,8.0,1,19.06579
5,17,1415.8789367675781,212.9153594970703,1408.946533203125,214.64454650878906,19.463575,18.0,-1,8.198568
7,17,538.9743957519531,329.4003601074219,532.0419921875,331.1295471191406,13.768861,8.0,-1,31.398668
6,17,545.9940490722656,209.8408966064453,539.0616455078125,211.57008361816406,11.504803,14.0,-1,11.010269
9,17,1258.6670227050781,1076.3463745117188,1251.734619140625,1078.0755615234375,10.159732,8.0,-1,36.473583
8,17,1315.7084045410156,372.3541259765625,1308.7760009765625,374.08331298828125,9.88347,8.0,-1,33.881615
11,17,191.8271026611328,468.3309631347656,184.8946990966797,470.0601501464844,7.966228,8.0,1,13.25815
10,17,328.3452453613281,107.8468246459961,321.412841796875,109.57601165771484,6.928806,10.0,-1,23.209454
12,17,1067.6911926269531,840.1961059570312,1060.7587890625,841.92529296875,5.0240984,12.0,-1,18.297852
14,17,179.55897521972656,966.0194702148438,172.62657165527344,967.7486572265625,4.382338,10.0,-1,21.583248
13,17,1502.0007629394531,1021.542724609375,1495.068359375,1023.2719116210938,4.2475133,8.0,1,1.6835737
16,17,1081.2650451660156,297.85601806640625,1074.3326416015625,299.585205078125,2.217521,16.0,-1,0.4082389
17,17,543.4669494628906,411.09393310546875,536.5345458984375,412.8231201171875,1.8125323,14.0,-1,4.452215
0,18,1270.0065612792969,915.232666015625,1262.8173828125,917.5695190429688,55.541107,10.0,1,26.951342
5,18,1413.3251647949219,215.78311157226562,1406.135986328125,218.11996459960938,37.4815,18.0,-1,10.00334
1,18,1281.7758483886719,272.4423522949219,1274.586669921875,274.7792053222656,34.56655,8.0,1,26.999216
2,18,1417.2105407714844,383.2286376953125,1410.0213623046875,385.56549072265625,30.973455,8.0,1,26.481443
3,18,941.5082702636719,514.4327392578125,934.319091796875,516.7695922851562,25.73863,8.0,1,19.939102
4,18,1173.2192077636719,24.477283477783203,1166.030029296875,26.814136505126953,19.944859,8.0,1,14.396118
7,18,541.0831604003906,326.2402038574219,533.8939819335938,328.5770568847656,13.636158,8.0,-1,32.009186
6,18,545.9940490722656,207.26437377929688,538.8048706054688,209.60122680664062,9.820231,14.0,-1,9.78249
13,18,1503.2819519042969,1021.9763793945312,1496.0927734375,1024.313232421875,9.736924,8.0,1,0.4531603
8,18,1316.6503601074219,374.1858825683594,1309.461181640625,376.5227355957031,8.401061,8.0,-1,36.75492
11,18,192.5271759033203,468.3309631347656,185.33799743652344,470.6678161621094,8.113816,8.0,1,13.413269
10,18,328.84283447265625,108.73931121826172,321.6536560058594,111.07616424560547,7.7423553,10.0,-1,23.882252
9,18,1256.7835388183594,1074.6224975585938,1249.5943603515625,1076.9593505859375,6.243919,8.0,-1,31.006853
12,18,1066.6808776855469,839.3184204101562,1059.49169921875,841.6552734375,5.412016,12.0,-1,20.082375
14,18,181.04579162597656,967.8297119140625,173.8566131591797,970.1665649414062,2.7154617,10.0,-1,18.790146
16,18,1080.7704772949219,298.5671081542969,1073.581298828125,300.9039611816406,2.5682123,16.0,-1,5.54138
17,18,538.9848937988281,414.5244140625,531.7957153320312,416.86126708984375,2.0213354,14.0,-1,3.0859365
0,19,1271.0459289550781,915.4461250305176,1264.282958984375,917.5628051757812,66.20545,10.0,1,26.134102
1,19,1281.7745666503906,271.55376052856445,1275.0115966796875,273.6704406738281,39.235836,8.0,1,27.148163
2,19,1417.9156799316406,380.5990180969238,1411.1527099609375,382.7156982421875,31.833105,8.0,1,27.097061
5,19,1410.6562805175781,215.45105361938477,1403.893310546875,217.56773376464844,27.483236,18.0,-1,8.601728
3,19,940.0450134277344,514.2782783508301,933.2820434570312,516.3949584960938,26.326462,8.0,1,20.89367
4,19,1170.3919982910156,24.477283477783203,1163.6290283203125,26.593963623046875,21.321072,8.0,1,17.913055
7,19,538.7524719238281,326.7033576965332,531.989501953125,328.8200378417969,11.965114,8.0,-1,31.954708
6,19,546.9927673339844,208.53122329711914,540.2297973632812,210.6479034423828,11.665502,14.0,-1,11.009422
10,19,329.85333251953125,109.71540451049805,323.0903625488281,111.83208465576172,10.153099,10.0,-1,21.803587
9,19,1257.1947326660156,1076.5903511047363,1250.4317626953125,1078.70703125,9.319004,8.0,-1,35.90675
11,19,194.96839904785156,469.3050422668457,188.20542907714844,471.4217224121094,7.5946965,8.0,1,12.0151
8,19,1316.5810852050781,372.3066596984863,1309.818115234375,374.42333984375,6.2318726,8.0,-1,28.927204
12,19,1063.0570373535156,840.6007881164551,1056.2940673828125,842.7174682617188,5.53915,12.0,-1,23.782265
13,19,1501.5514221191406,1019.0600166320801,1494.7884521484375,1021.1766967773438,5.130407,8.0,1,0.57482976
16,19,1083.3988342285156,297.2672920227051,1076.6358642578125,299.38397216796875,2.3442094,14.0,-1,1.0634103
14,19,181.86756896972656,967.3127632141113,175.10459899902344,969.429443359375,1.8527929,12.0,-1,15.877543
17,19,538.9848937988281,418.58501052856445,532.221923828125,420.7016906738281,1.380571,14.0,-1,2.4220555
0,20,1271.8772277832031,915.4461250305176,1264.54541015625,917.5291748046875,56.50443,10.0,1,26.88264
1,20,1285.0198059082031,269.0879707336426,1277.68798828125,271.1710205078125,34.75572,8.0,1,28.992704
3,20,940.0598449707031,513.7898139953613,932.72802734375,515.8728637695312,33.54708,8.0,1,19.499043
4,20,1169.4293518066406,25.930843353271484,1162.0975341796875,28.013893127441406,32.09493,8.0,1,15.499983
5,20,1408.7130432128906,213.5961036682129,1401.3812255859375,215.6791534423828,21.949251,16.0,-1,8.077783
2,20,1416.3762512207031,378.9756660461426,1409.04443359375,381.0587158203125,19.89601,8.0,1,24.356693
9,20,1257.1947326660156,1078.35933303833,1249.8629150390625,1080.4423828125,11.1580925,8.0,-1,34.941216
7,20,537.7057189941406,327.3725471496582,530.3739013671875,329.4555969238281,9.599515,10.0,-1,27.06464
10,20,329.8031005859375,108.37249374389648,322.4712829589844,110.4555435180664,8.733285,10.0,-1,20.724785
6,20,546.6569519042969,208.73877334594727,539.3251342773438,210.8218231201172,8.711829,14.0,-1,11.013692
11,20,195.70135498046875,470.63237380981445,188.36953735351562,472.7154235839844,8.27744,8.0,1,11.916704
8,20,1315.7153625488281,370.87102127075195,1308.383544921875,372.9540710449219,7.118773,8.0,-1,35.714706
13,20,1501.2988586425781,1017.2091255187988,1493.967041015625,1019.2921752929688,5.0575104,8.0,1,0.22956496
12,20,1064.2181701660156,843.3523139953613,1056.8863525390625,845.4353637695312,4.8331633,12.0,-1,23.16724
16,20,1086.4632873535156,298.5112495422363,1079.1314697265625,300.59429931640625,3.2972,8.0,1,3.3944342
17,20,542.8946228027344,419.5017890930176,535.5628051757812,421.5848388671875,2.3554819,14.0,-1,1.3177346
14,20,183.60699462890625,965.4345283508301,176.27517700195312,967.517578125,1.3266296,12.0,-1,15.53523
0,21,1272.9306945800781,916.0129280090332,1266.332763671875,917.29736328125,68.42454,10.0,1,26.567053
1,21,1285.0198059082031,269.0879707336426,1278.421875,270.3724060058594,37.403893,8.0,1,28.209
2,21,1416.9457092285156,380.2007637023926,1410.3477783203125,381.4851989746094,32.05189,8.0,1,23.877724
3,21,940.8364562988281,512.4421882629395,934.238525390625,513.7266235351562,28.983183,8.0,1,19.629845
5,21,1407.2679748535156,215.53532791137695,1400.6700439453125,216.81976318359375,22.130892,16.0,-1,10.717998
4,21,1166.9388732910156,25.464454650878906,1160.3409423828125,26.748889923095703,22.128326,8.0,1,16.97576
10,21,330.45355224609375,109.01611709594727,323.8556213378906,110.30055236816406,15.006928,10.0,-1,23.287085
8,21,1316.5063781738281,372.75432205200195,1309.908447265625,374.03875732421875,13.268013,8.0,-1,36.258934
9,21,1256.2965393066406,1076.5051155090332,1249.6986083984375,1077.78955078125,11.562942,8.0,-1,33.33135
7,21,539.5182189941406,325.9964179992676,532.9202880859375,327.2808532714844,9.349359,10.0,-1,25.362349
6,21,546.3511047363281,207.5474739074707,539.753173828125,208.8319091796875,8.9899435,14.0,-1,11.635728
11,21,197.45111083984375,469.99541091918945,190.85317993164062,471.27984619140625,6.793504,8.0,1,15.206724
12,21,1061.0973205566406,845.7819709777832,1054.4993896484375,847.06640625,5.7698135,12.0,-1,24.0892
13,21,1495.2491760253906,1015.3773078918457,1488.6512451171875,1016.6617431640625,5.4668126,16.0,-1,0.12517369
14,21,185.96673583984375,965.3959846496582,179.36880493164062,966.680419921875,4.0016317,12.0,-1,15.354523
16,21,1081.4082336425781,299.3183479309082,1074.810302734375,300.602783203125,3.4365587,22.0,-1,3.4910262
17,21,539.9361877441406,421.9852485656738,533.3382568359375,423.2696838378906,2.1218863,14.0,-1,1.4779878
0,22,1272.9306945800781,915.659107208252,1266.51904296875,916.3065185546875,70.158424,10.0,1,26.855179
1,22,1286.0793762207031,267.4008979797363,1279.667724609375,268.0483093261719,46.684574,8.0,1,29.289257
4,22,1164.4708557128906,27.301713943481445,1158.0592041015625,27.949125289916992,35.934196,8.0,1,23.599468
3,22,940.6862487792969,509.5936164855957,934.2745971679688,510.24102783203125,33.836758,8.0,1,21.089363
5,22,1408.8501281738281,215.20717239379883,1402.4384765625,215.85458374023438,33.237473,16.0,-1,8.227761
2,22,1417.8858947753906,381.08305740356445,1411.4742431640625,381.73046875,25.244226,8.0,1,24.179901
8,22,1316.2641906738281,371.9384346008301,1309.8525390625,372.5858459472656,10.234434,8.0,-1,33.421295
9,22,1256.9151916503906,1079.0215339660645,1250.5035400390625,1079.6689453125,9.276507,8.0,-1,31.62033
7,22,540.4853820800781,325.0912971496582,534.07373046875,325.73870849609375,8.984635,10.0,-1,24.235277
10,22,329.2060852050781,110.26077651977539,322.79443359375,110.90818786621094,8.339275,10.0,-1,21.97595
6,22,545.9570617675781,208.98945999145508,539.54541015625,209.63687133789062,8.334077,14.0,-1,10.39034
11,22,198.35040283203125,469.99541091918945,191.93875122070312,470.642822265625,6.757589,8.0,1,13.200904
13,22,1493.6672668457031,1014.5844612121582,1487.255615234375,1015.2318725585938,5.790897,8.0,1,0.49305236
12,22,1056.4814758300781,847.5128059387207,1050.06982421875,848.1602172851562,5.769398,12.0,-1,22.060764
14,22,188.1986846923828,968.4588508605957,181.7870330810547,969.1062622070312,4.2914243,12.0,-1,13.702963
16,22,1081.7154846191406,301.5987434387207,1075.3038330078125,302.24615478515625,3.373494,8.0,1,2.8509
17,22,536.3002014160156,421.9240913391113,529.8885498046875,422.5715026855469,1.9995254,14.0,-1,1.8439903
0,23,1275.7944641113281,915.0080451965332,1268.21044921875,915.7719116210938,92.36024,10.0,1,26.635475
1,23,1285.4676818847656,265.8023567199707,1277.8836669921875,266.56622314453125,39.14694,8.0,1,28.268112
3,23,940.4451599121094,509.2950630187988,932.8611450195312,510.0589294433594,32.676105,8.0,1,21.195923
4,23,1164.4708557128906,25.747482299804688,1156.8868408203125,26.511348724365234,28.229685,8.0,1,23.75563
2,23,1419.3761291503906,381.0655708312988,1411.7921142578125,381.8294372558594,26.982119,8.0,1,26.420675
5,23,1410.0360412597656,215.44612503051758,1402.4520263671875,216.20999145507812,26.210142,16.0,-1,9.01165
6,23,545.1315612792969,209.58528518676758,537.5475463867188,210.34915161132812,13.876075,14.0,-1,9.682207
9,23,1259.5310363769531,1079.0215339660645,1251.947021484375,1079.785400390625,10.97282,8.0,-1,34.256092
10,23,329.1560974121094,111.8083610534668,321.57208251953125,112.57222747802734,10.935124,8.0,-1,23.590921
7,23,542.9720153808594,326.4090461730957,535.3880004882812,327.17291259765625,10.661345,10.0,-1,27.11291
8,23,1313.2694396972656,369.6929817199707,1305.6854248046875,370.45684814453125,8.666812,8.0,-1,31.211874
11,23,199.3070831298828,469.5483283996582,191.7230682373047,470.31219482421875,6.739755,8.0,1,9.026314
13,23,1493.8512268066406,1013.721607208252,1486.2672119140625,1014.4854736328125,6.3733535,8.0,1,0.38964224
12,23,1055.4624328613281,848.7344856262207,1047.87841796875,849.4983520507812,5.9949813,12.0,-1,20.390152
14,23,189.2084197998047,971.301685333252,181.62440490722656,972.0655517578125,4.52949,12.0,-1,11.107496
16,23,1079.8756408691406,303.2823677062988,1072.2916259765625,304.0462341308594,3.1095679,8.0,1,0.441114
17,23,535.4040222167969,422.6790351867676,527.8200073242188,423.4429016113281,1.7687799,16.0,-1,1.235361
0,24,1276.7435607910156,914.0298347473145,1269.4224853515625,914.4830322265625,62.679306,10.0,1,27.281485
1,24,1285.4676818847656,267.52190017700195,1278.1466064453125,267.97509765625,53.6368,8.0,1,28.658152
3,24,939.7843322753906,509.2950630187988,932.4632568359375,509.7482604980469,37.716095,8.0,1,18.043406
2,24,1420.8356018066406,381.0716438293457,1413.5145263671875,381.52484130859375,33.69824,8.0,1,25.045973
4,24,1165.3432922363281,24.18048858642578,1158.022216796875,24.633686065673828,29.15388,8.0,1,23.737785
5,24,1411.1448059082031,214.83183670043945,1403.82373046875,215.2850341796875,24.298445,16.0,-1,7.2791376
6,24,544.1093444824219,208.84009170532227,536.7882690429688,209.2932891845703,11.392488,16.0,-1,8.802578
8,24,1309.1825256347656,372.7036323547363,1301.8614501953125,373.1568298339844,10.141974,8.0,-1,28.123522
10,24,326.6379699707031,113.93801498413086,319.31689453125,114.3912124633789,9.819921,10.0,-1,19.066814
9,24,1261.1948547363281,1078.211841583252,1253.873779296875,1078.6650390625,8.639281,8.0,-1,34.733334
7,24,543.4094543457031,327.8598213195801,536.08837890625,328.3130187988281,8.464435,10.0,-1,25.159515
11,24,200.55564880371094,468.5614204406738,193.2345733642578,469.0146179199219,6.582578,8.0,1,7.6699123
13,24,1493.5816955566406,1014.1878547668457,1486.2606201171875,1014.6410522460938,5.2824745,8.0,1,0.40876234
14,24,188.66615295410156,969.8769416809082,181.34507751464844,970.3301391601562,5.101739,14.0,-1,6.518626
12,24,1054.6611633300781,850.2825813293457,1047.340087890625,850.7357788085938,5.101585,14.0,-1,16.66447
16,24,1082.6533508300781,302.1275215148926,1075.332275390625,302.5807189941406,3.2540977,8.0,1,1.897303
17,24,534.6705017089844,425.4123115539551,527.3494262695312,425.8655090332031,2.8883905,6.0,1,0.72786707
0,25,1276.8794860839844,914.2130928039551,1268.887451171875,914.970947265625,56.787205,10.0,1,26.613304
3,25,940.0030212402344,509.1540718078613,932.010986328125,509.91192626953125,31.52244,8.0,1,22.014622
4,25,1166.0132751464844,21.71381187438965,1158.021240234375,22.47166633605957,30.295603,8.0,1,21.884573
1,25,1284.8184509277344,267.29765701293945,1276.826416015625,268.0555114746094,28.8658,8.0,1,28.170963
5,25,1408.1175231933594,214.7771339416504,1400.12548828125,215.5349884033203,28.130457,16.0,-1,9.167341
2,25,1421.7156677246094,379.1716194152832,1413.7236328125,379.9294738769531,23.391733,8.0,1,28.26136
6,25,541.8061218261719,207.27553176879883,533.8140869140625,208.03338623046875,16.101696,14.0,-1,10.104761
10,25,326.5837707519531,115.37038040161133,318.59173583984375,116.12823486328125,9.658876,10.0,-1,21.530537
9,25,1263.8660583496094,1077.83003616333,1255.8740234375,1078.587890625,9.350473,8.0,-1,34.43049
8,25,1311.3619079589844,373.0381050109863,1303.369873046875,373.79595947265625,8.772626,8.0,-1,34.711025
7,25,543.4094543457031,329.76250076293945,535.4174194335938,330.5203552246094,6.7007565,10.0,-1,21.353376
11,25,198.59666442871094,468.5614204406738,190.60462951660156,469.31927490234375,5.626623,8.0,1,4.9084883
12,25,1053.1431579589844,850.7744331359863,1045.151123046875,851.5322875976562,4.6633825,14.0,-1,14.037701
13,25,1491.5263366699219,1016.6032295227051,1483.5343017578125,1017.361083984375,4.496911,16.0,-1,1.0258284
14,25,188.2237548828125,968.7800483703613,180.23171997070312,969.5379028320312,4.200729,14.0,-1,4.985519
16,25,1087.0923767089844,303.7022590637207,1079.100341796875,304.4601135253906,3.3206856,8.0,1,2.6529613
17,25,535.1103820800781,426.4374885559082,527.1183471679688,427.1953430175781,2.3207543,8.0,1,0.5814523
0,26,1276.8835144042969,914.5702095031738,1268.28564453125,915.4034423828125,65.07616,10.0,1,26.120281
3,26,940.7287902832031,509.2069282531738,932.1309204101562,510.0401611328125,40.54067,8.0,1,20.773129
1,26,1286.6718444824219,266.64189529418945,1278.073974609375,267.4751281738281,39.006344,8.0,1,28.084555
4,26,1166.8715515136719,21.28971290588379,1158.273681640625,22.12294578552246,34.056248,8.0,1,18.374588
2,26,1421.7156677246094,376.7946968078613,1413.1177978515625,377.6279296875,27.44565,8.0,1,26.735506
5,26,1406.9948425292969,215.22279739379883,1398.39697265625,216.0560302734375,26.811392,16.0,-1,8.196302
9,26,1266.6697692871094,1077.1799507141113,1258.0718994140625,1078.01318359375,11.878293,8.0,-1,36.18717
6,26,541.7305603027344,206.37282180786133,533.1326904296875,207.2060546875,11.157695,14.0,-1,9.5930605
10,26,325.2462463378906,115.37572860717773,316.64837646484375,116.2089614868164,7.712864,10.0,-1,18.8264
8,26,1310.5610046386719,374.4642219543457,1301.963134765625,375.2974548339844,6.7818885,8.0,-1,30.53524
11,26,198.42547607421875,471.0913887023926,189.82760620117188,471.92462158203125,6.573383,8.0,1,9.328056
7,26,541.6462097167969,330.6259651184082,533.04833984375,331.4591979980469,6.1735454,10.0,-1,19.83863
13,26,1492.4690856933594,1017.9345893859863,1483.8712158203125,1018.767822265625,5.3048177,14.0,-1,2.6393523
12,26,1055.0109558105469,848.7806587219238,1046.4130859375,849.6138916015625,4.0372467,14.0,-1,14.517511
14,26,185.38641357421875,968.7800483703613,176.78854370117188,969.61328125,3.6780024,14.0,-1,4.166798
17,26,533.2151794433594,426.4180793762207,524.6173095703125,427.2513122558594,2.366669,8.0,1,0.6464243
16,26,1090.8886413574219,302.7241401672363,1082.290771484375,303.557373046875,2.0952487,16.0,-1,1.3752918
0,27,1276.8835144042969,914.1578559875488,1267.9468994140625,914.9188232421875,64.30092,10.0,1,26.574638
1,27,1287.0581970214844,265.1587715148926,1278.12158203125,265.91973876953125,35.83314,8.0,1,27.682198
3,27,940.9904479980469,509.2059516906738,932.0538330078125,509.9669189453125,33.117638,8.0,1,21.666857
5,27,1406.1269226074219,215.24322891235352,1397.1903076171875,216.0041961669922,31.219332,16.0,-1,8.74703
2,27,1421.4052429199219,374.85319900512695,1412.4686279296875,375.6141662597656,28.209787,8.0,1,24.616014
4,27,1167.5461120605469,21.645477294921875,1158.6094970703125,22.406444549560547,21.477636,8.0,1,22.279392
10,27,322.5864562988281,115.49079513549805,313.64984130859375,116.25176239013672,10.952686,10.0,-1,21.372606
6,27,542.1549377441406,209.58220291137695,533.2183227539062,210.34317016601562,10.816028,14.0,-1,8.971216
9,27,1266.1984558105469,1077.1799507141113,1257.2618408203125,1077.94091796875,10.432524,8.0,-1,35.495705
7,27,542.0887756347656,330.5797004699707,533.1521606445312,331.3406677246094,7.9544787,10.0,-1,21.898632
8,27,1309.3448181152344,374.9784736633301,1300.408203125,375.73944091796875,7.2952943,8.0,-1,26.4703
11,27,199.2611846923828,470.1798896789551,190.32456970214844,470.94085693359375,5.8677917,8.0,1,9.921064
14,27,183.46995544433594,969.0447578430176,174.53334045410156,969.8057250976562,4.8702016,14.0,-1,6.574385
12,27,1055.9577331542969,850.0547065734863,1047.0211181640625,850.815673828125,4.592286,12.0,-1,17.65769
13,27,1494.6618347167969,1019.7379341125488,1485.7252197265625,1020.4989013671875,3.348548,14.0,-1,2.8935804
16,27,1087.0130310058594,301.2879829406738,1078.076416015625,302.0489501953125,3.2070913,8.0,1,0.10107747
17,27,532.7076110839844,424.5248603820801,523.77099609375,425.28582763671875,2.2661269,16.0,-1,0.28255987
0,28,1277.3612976074219,911.666187286377,1268.3922119140625,912.4346923828125,62.871246,10.0,1,26.252138
1,28,1286.9897155761719,264.0983467102051,1278.0206298828125,264.8668518066406,43.143147,8.0,1,27.0338
2,28,1422.4201354980469,375.90324783325195,1413.4510498046875,376.6717529296875,31.501726,8.0,1,25.994106
4,28,1168.7525329589844,23.18185806274414,1159.783447265625,23.950363159179688,30.701689,8.0,1,24.22738
5,28,1404.7781677246094,215.3312110900879,1395.80908203125,216.09971618652344,28.021654,16.0,-1,9.7847185
3,28,940.5612487792969,507.2119026184082,931.5921630859375,507.98040771484375,26.308516,8.0,1,21.80484
6,28,542.8247985839844,208.23933792114258,533.855712890625,209.00784301757812,13.40609,16.0,-1,9.18851
7,28,542.9443054199219,329.0056037902832,533.9752197265625,329.77410888671875,10.854385,10.0,-1,23.98648
9,28,1266.8377380371094,1078.5598640441895,1257.86865234375,1079.328369140625,10.589345,8.0,-1,34.134663
11,28,197.2716064453125,469.5033149719238,188.30252075195312,470.2718200683594,10.305277,8.0,1,10.8327675
10,28,322.159423828125,113.29482650756836,313.1903381347656,114.0633316040039,9.0115385,10.0,-1,17.148193
12,28,1056.2995300292969,852.962085723877,1047.3304443359375,853.7305908203125,6.6619267,14.0,-1,15.892054
8,28,1309.3448181152344,374.49309158325195,1300.375732421875,375.2615966796875,6.327046,8.0,-1,31.125864
13,28,1494.0406188964844,1021.6240119934082,1485.071533203125,1022.3925170898438,4.742638,14.0,-1,1.1273651
14,28,183.26596069335938,970.532154083252,174.296875,971.3006591796875,4.3949656,12.0,-1,6.205055
16,28,1086.6553649902344,301.2879829406738,1077.686279296875,302.0564880371094,2.6832743,6.0,1,0.2905661
17,28,534.3517150878906,427.9218635559082,525.3826293945312,428.69036865234375,2.2059343,8.0,1,0.9586468
0,29,1276.9346618652344,910.7390632629395,1267.5418701171875,912.1480102539062,60.589874,10.0,1,27.390646
4,29,1169.2653503417969,24.61486053466797,1159.87255859375,26.023807525634766,45.140163,8.0,1,24.715372
1,29,1285.9217224121094,262.8391914367676,1276.5289306640625,264.2481384277344,35.214108,8.0,1,27.593401
2,29,1423.0351257324219,373.3289680480957,1413.642333984375,374.7379150390625,30.755152,8.0,1,25.662453
3,29,937.9306945800781,506.4447212219238,928.5379028320312,507.8536682128906,26.53153,8.0,1,19.859447
5,29,1403.1371765136719,218.7997932434082,1393.744384765625,220.208740234375,22.051834,18.0,-1,8.930702
6,29,542.2715759277344,210.98781204223633,532.8787841796875,212.39675903320312,14.521507,14.0,-1,8.439635
10,29,319.9420471191406,113.11059951782227,310.54925537109375,114.51954650878906,9.785655,10.0,-1,19.191835
7,29,545.3243103027344,328.24846267700195,535.9315185546875,329.65740966796875,9.543506,10.0,-1,27.422155
11,29,196.99510192871094,467.49223709106445,187.60231018066406,468.90118408203125,8.391514,8.0,1,10.5357065
8,29,1309.0406188964844,374.49309158325195,1299.6478271484375,375.90203857421875,8.272664,8.0,-1,33.218937
9,29,1266.8377380371094,1080.9399299621582,1257.4449462890625,1082.348876953125,7.618465,8.0,-1,28.989317
13,29,1495.6032409667969,1022.9654426574707,1486.21044921875,1024.3743896484375,6.254146,6.0,1,0.6063667
12,29,1057.2239685058594,852.0646858215332,1047.8311767578125,853.4736328125,6.1352963,14.0,-1,17.408958
16,29,1087.3807067871094,302.6796455383301,1077.9879150390625,304.0885925292969,3.6644113,8.0,1,1.3951664
14,29,183.2818145751953,974.4661750793457,173.88902282714844,975.8751220703125,2.9622476,12.0,-1,9.364668
17,29,535.5234680175781,430.0609016418457,526.1306762695312,431.4698486328125,2.0245118,8.0,1,0.005247608
0,30,1278.0693054199219,911.1901741027832,1268.046142578125,914.0216674804688,108.08059,10.0,1,28.141216
1,30,1287.9327087402344,261.12675857543945,1277.9095458984375,263.958251953125,64.18946,8.0,1,27.74215
4,30,1168.3575134277344,24.811853408813477,1158.3343505859375,27.643346786499023,38.093616,8.0,1,27.070389
3,30,938.4651794433594,504.3459663391113,928.4420166015625,507.1774597167969,35.386982,8.0,1,19.089186
2,30,1422.9225769042969,372.09135818481445,1412.8994140625,374.9228515625,34.933685,8.0,1,26.902159
5,30,1403.1371765136719,220.28744888305664,1393.114013671875,223.1189422607422,19.977701,16.0,-1,8.640966
7,30,544.2422790527344,324.7695503234863,534.2191162109375,327.6010437011719,12.194283,10.0,-1,28.54355
9,30,1268.0345153808594,1081.1560554504395,1258.0113525390625,1083.987548828125,10.779797,8.0,-1,30.822378
6,30,540.9356994628906,209.66061782836914,530.9125366210938,212.4921112060547,9.653726,14.0,-1,11.059204
11,30,197.3980712890625,467.49223709106445,187.37490844726562,470.32373046875,8.479688,8.0,1,20.115694
10,30,318.4422607421875,111.9647331237793,308.4190979003906,114.79622650146484,8.155763,10.0,-1,16.564306
8,30,1308.0932312011719,372.8624153137207,1298.070068359375,375.69390869140625,7.8403015,8.0,-1,33.64379
13,30,1494.5052185058594,1023.611255645752,1484.4820556640625,1026.4427490234375,5.3873215,6.0,1,0.28088102
12,30,1060.7143249511719,854.4671516418457,1050.691162109375,857.2986450195312,4.9821754,10.0,-1,26.491175
14,30,186.09898376464844,976.2509651184082,176.07582092285156,979.0824584960938,4.3480134,10.0,-1,13.605036
16,30,1088.4002380371094,302.1901435852051,1078.3770751953125,305.0216369628906,2.9582522,8.0,1,5.5397806
17,30,529.7199401855469,431.9687690734863,519.69677734375,434.8002624511719,2.1039546,14.0,-1,1.6550541
0,31,1280.0750427246094,910.6628913879395,1270.001708984375,913.4605712890625,94.50329,10.0,1,27.806969
2,31,1422.9225769042969,373.7251167297363,1412.8492431640625,376.5227966308594,46.677685,8.0,1,27.925165
1,31,1288.7303161621094,259.0728950500488,1278.656982421875,261.8705749511719,43.43928,8.0,1,26.409075
4,31,1168.1315612792969,26.057769775390625,1158.0582275390625,28.855449676513672,42.538784,8.0,1,28.300495
3,31,936.9612731933594,504.7974433898926,926.887939453125,507.5951232910156,39.051006,8.0,1,19.665194
5,31,1402.2316589355469,221.96295547485352,1392.1583251953125,224.76063537597656,25.068983,16.0,-1,9.123283
9,31,1270.1753845214844,1079.2561531066895,1260.10205078125,1082.0538330078125,10.687751,8.0,-1,30.680756
11,31,199.57456970214844,466.0144844055176,189.50123596191406,468.8121643066406,9.359061,8.0,1,22.721859
14,31,186.08816528320312,978.8249397277832,176.01483154296875,981.6226196289062,9.167495,10.0,-1,20.362722
7,31,544.3599548339844,323.96513748168945,534.28662109375,326.7628173828125,8.75637,10.0,-1,28.25268
10,31,318.9193115234375,111.69353866577148,308.8459777832031,114.49121856689453,7.8427143,10.0,-1,12.551778
6,31,539.2261047363281,210.97578811645508,529.1527709960938,213.77346801757812,7.7190933,14.0,-1,11.658668
8,31,1306.2538757324219,371.1448860168457,1296.1805419921875,373.94256591796875,6.6013503,8.0,-1,35.235683
13,31,1492.9849548339844,1022.0803718566895,1482.91162109375,1024.8780517578125,6.2590795,6.0,1,0.2381075
12,31,1062.3929138183594,856.526050567627,1052.319580078125,859.32373046875,5.121101,10.0,-1,27.508644
16,31,1089.1276550292969,303.5575141906738,1079.0543212890625,306.3551940917969,2.5364137,8.0,1,9.76846
17,31,527.6042785644531,431.9687690734863,517.5309448242188,434.7664489746094,2.4869416,14.0,-1,0.5572672
0,32,1280.7225036621094,909.629077911377,1271.085693359375,912.4216918945312,76.3126,10.0,1,27.534678
1,32,1289.7249450683594,258.5341377258301,1280.088134765625,261.3267517089844,47.27394,8.0,1,25.598629
4,32,1168.5407409667969,27.048274993896484,1158.9039306640625,29.84088897705078,46.68022,8.0,1,27.312378
2,32,1422.0490417480469,375.22429275512695,1412.4122314453125,378.01690673828125,45.901173,8.0,1,28.161495
3,32,936.0310974121094,504.9167366027832,926.394287109375,507.7093505859375,41.343037,8.0,1,18.367952
5,32,1402.2316589355469,220.63899612426758,1392.5948486328125,223.43161010742188,19.71497,16.0,-1,9.008932
7,32,541.4332580566406,327.0230903625488,531.7964477539062,329.8157043457031,11.990371,8.0,-1,28.916628
9,32,1270.4485778808594,1081.4178352355957,1260.811767578125,1084.21044921875,10.713627,8.0,-1,31.179844
11,32,199.68421936035156,466.0144844055176,190.0474090576172,468.8070983886719,8.696968,8.0,1,24.38162
10,32,319.8964538574219,110.65736770629883,310.2596435546875,113.44998168945312,8.624276,10.0,-1,13.128562
8,32,1305.8545837402344,369.25102615356445,1296.2177734375,372.04364013671875,8.08898,8.0,-1,36.357506
6,32,539.5130920410156,210.6830177307129,529.8762817382812,213.4756317138672,7.9921684,12.0,-1,11.465773
13,32,1491.8797302246094,1023.6902961730957,1482.242919921875,1026.48291015625,7.2827735,6.0,1,0.6001048
12,32,1062.0407409667969,854.038257598877,1052.4039306640625,856.8308715820312,5.704567,10.0,-1,27.522348
14,32,184.8524627685547,979.6583137512207,175.2156524658203,982.450927734375,3.2864532,10.0,-1,24.698298
16,32,1086.2912292480469,304.3631477355957,1076.6544189453125,307.15576171875,2.831926,8.0,1,9.0224
17,32,528.4559631347656,429.1907539367676,518.8191528320312,431.9833679199219,1.9183494,14.0,-1,2.384787
0,33,1280.9993591308594,907.8899726867676,1272.17578125,911.1177978515625,101.72055,10.0,1,27.031288
1,33,1288.5823669433594,256.8112983703613,1279.7587890625,260.03912353515625,82.242455,8.0,1,27.602743
2,33,1422.0445251464844,375.6680793762207,1413.220947265625,378.8959045410156,44.27919,8.0,1,27.913282
4,33,1168.6934509277344,28.0745849609375,1159.869873046875,31.302410125732422,42.198246,8.0,1,28.633125
3,33,937.1322937011719,504.9167366027832,928.3087158203125,508.1445617675781,39.529472,8.0,1,21.820692
5,33,1400.7995300292969,219.79115676879883,1391.9759521484375,223.01898193359375,15.611626,16.0,-1,7.9770966
7,33,538.6872253417969,330.50127029418945,529.8636474609375,333.7290954589844,14.448308,8.0,-1,32.682117
10,33,316.1418151855469,111.20398330688477,307.3182373046875,114.43180847167969,9.515897,10.0,-1,11.161085
9,33,1273.0037536621094,1080.83296585083,1264.18017578125,1084.060791015625,9.31032,8.0,-1,22.674955
11,33,200.22271728515625,468.2201118469238,191.39913940429688,471.44793701171875,9.006715,8.0,1,24.084389
8,33,1306.5061950683594,368.3105049133301,1297.6826171875,371.538330078125,7.8403144,8.0,-1,33.155994
6,33,538.2214660644531,208.9092903137207,529.3978881835938,212.13711547851562,7.2453227,12.0,-1,16.667059
12,33,1063.0710144042969,854.4270820617676,1054.2474365234375,857.6549072265625,7.010136,10.0,-1,29.988895
13,33,1488.7120056152344,1027.5633125305176,1479.888427734375,1030.7911376953125,3.859133,14.0,-1,4.357691
16,33,1086.2912292480469,305.5179634094238,1077.4676513671875,308.74578857421875,2.909274,8.0,1,9.83719
14,33,186.01136779785156,979.5882148742676,177.1877899169922,982.8160400390625,2.7610967,8.0,-1,27.981657
17,33,523.9405212402344,423.4575386047363,515.116943359375,426.68536376953125,0.94002295,12.0,-1,4.2774186
0,34,1282.5158386230469,906.1797676086426,1273.85888671875,909.8890380859375,137.62128,10.0,1,27.936205
1,34,1288.5823669433594,256.20256423950195,1279.9254150390625,259.9118347167969,103.400536,8.0,1,26.810421
3,34,939.1335144042969,506.3390693664551,930.4765625,510.04833984375,70.251144,8.0,1,21.0416
4,34,1168.5341491699219,28.256006240844727,1159.877197265625,31.96527671813965,68.83977,8.0,1,28.999304
2,34,1422.3130798339844,373.17790603637695,1413.6561279296875,376.8871765136719,49.506714,8.0,1,29.525126
5,34,1400.6174011230469,219.9283790588379,1391.96044921875,223.6376495361328,19.846724,14.0,-1,9.864506
11,34,201.01568603515625,470.32707595825195,192.35873413085938,474.0363464355469,15.6566305,8.0,1,25.123966
7,34,540.0752868652344,330.1289253234863,531.4183349609375,333.83819580078125,13.96672,8.0,-1,33.102966
10,34,314.3028259277344,110.15628433227539,305.6458740234375,113.86555480957031,9.476284,10.0,-1,8.683485
6,34,536.3389587402344,209.3650245666504,527.6820068359375,213.0742950439453,9.038283,10.0,-1,21.340769
8,34,1306.4524841308594,368.3105049133301,1297.7955322265625,372.019775390625,8.769446,8.0,-1,31.752064
9,34,1274.2300720214844,1082.8643379211426,1265.5731201171875,1086.5736083984375,8.722529,8.0,-1,19.834549
12,34,1064.1741638183594,854.1812324523926,1055.5172119140625,857.8905029296875,7.7637887,10.0,-1,31.488937
14,34,185.08584594726562,976.8190498352051,176.42889404296875,980.5283203125,5.1354876,8.0,-1,28.994553
13,34,1486.7851257324219,1027.91206741333,1478.128173828125,1031.621337890625,3.7627974,14.0,-1,4.326916
16,34,1088.6100769042969,306.1422309875488,1079.953125,309.85150146484375,3.1238773,8.0,1,17.085215
17,34,522.5533142089844,421.7526435852051,513.8963623046875,425.4619140625,1.0756285,12.0,-1,6.825057
0,35,1282.8971862792969,905.0664558410645,1273.9156494140625,908.6731567382812,119.717804,10.0,1,27.879166
3,35,939.0531921386719,506.3288764953613,930.0716552734375,509.9355773925781,101.11141,8.0,1,20.147728
1,35,1288.5823669433594,256.7101631164551,1279.600830078125,260.3168640136719,70.32755,8.0,1,27.022532
2,35,1422.6722106933594,372.4194221496582,1413.690673828125,376.026123046875,52.398453,8.0,1,29.85051
4,35,1167.9667663574219,26.826581954956055,1158.9852294921875,30.43328285217285,41.867252,8.0,1,28.730656
5,35,1401.1214294433594,220.3015022277832,1392.139892578125,223.908203125,15.28672,14.0,-1,11.133292
11,35,201.1555938720703,472.7611885070801,192.17405700683594,476.3678894042969,13.643468,8.0,1,25.028748
6,35,536.9071350097656,208.29809951782227,527.9255981445312,211.90480041503906,10.80576,10.0,-1,23.214882
7,35,539.2137756347656,327.3869819641113,530.2322387695312,330.9936828613281,10.310327,8.0,-1,28.575983
12,35,1060.5752868652344,854.2429084777832,1051.59375,857.849609375,7.8371296,10.0,-1,30.525053
10,35,316.3171691894531,110.27915573120117,307.33563232421875,113.88585662841797,7.673851,10.0,-1,5.2017765
8,35,1305.1171569824219,367.84550857543945,1296.1356201171875,371.45220947265625,7.397265,8.0,-1,27.454308
9,35,1273.7968444824219,1084.1346321105957,1264.8153076171875,1087.7413330078125,6.009106,10.0,-1,15.316836
16,35,1091.7250671386719,306.1422309875488,1082.7435302734375,309.7489318847656,4.2200427,10.0,1,19.345829
13,35,1486.0419616699219,1030.1730842590332,1477.0604248046875,1033.77978515625,2.7697856,14.0,-1,5.325867
14,35,186.5972442626953,977.336841583252,177.61570739746094,980.9435424804688,2.544984,8.0,-1,32.266945
17,35,519.3819274902344,421.1209907531738,510.400390625,424.7276916503906,1.3834614,12.0,-1,7.6264496
1,36,1288.5823669433594,257.9971504211426,1279.965576171875,261.9707946777344,115.06078,8.0,1,25.595718
0,36,1282.4032897949219,904.780445098877,1273.7864990234375,908.7540893554688,113.49439,10.0,1,27.30838
4,36,1166.5401306152344,26.845285415649414,1157.92333984375,30.81892967224121,65.66825,8.0,1,29.207075
3,36,939.1588439941406,504.5008125305176,930.5420532226562,508.4744567871094,57.995853,8.0,1,20.249662
2,36,1422.2013854980469,372.4194221496582,1413.5845947265625,376.39306640625,44.5421,8.0,1,29.68762
11,36,201.6659698486328,475.0693550109863,193.04917907714844,479.0429992675781,18.9386,8.0,1,23.47214
5,36,1401.9191589355469,218.96834182739258,1393.3023681640625,222.94198608398438,11.24285,12.0,-1,13.792046
7,36,538.8935241699219,324.3899116516113,530.2767333984375,328.3635559082031,10.883153,8.0,-1,26.068768
6,36,537.3305358886719,208.2391242980957,528.7137451171875,212.2127685546875,9.859725,10.0,-1,24.83292
8,36,1303.7319030761719,368.0384407043457,1295.1151123046875,372.0120849609375,9.486178,8.0,-1,25.704624
12,36,1056.0778503417969,854.5513801574707,1047.4610595703125,858.5250244140625,8.565532,10.0,-1,31.793488
10,36,316.7709045410156,107.86730575561523,308.15411376953125,111.84095001220703,7.597767,12.0,-1,3.8640935
9,36,1275.0981140136719,1081.9695930480957,1266.4813232421875,1085.9432373046875,5.5993347,10.0,-1,10.921555
16,36,1092.8768005371094,307.37602615356445,1084.260009765625,311.34967041015625,4.9068556,10.0,1,20.042816
14,36,186.54835510253906,976.6382331848145,177.9315643310547,980.6118774414062,2.9299479,8.0,-1,31.624914
13,36,1483.0658874511719,1031.6486701965332,1474.4490966796875,1035.622314453125,2.568937,14.0,-1,10.704501
17,36,520.4815063476562,426.00566482543945,511.8647155761719,429.97930908203125,1.5186511,10.0,-1,11.712262
0,37,1283.0657653808594,903.555347442627,1273.87451171875,908.8773803710938,120.90894,10.0,1,26.568672
1,37,1289.1499938964844,256.66667556762695,1279.958740234375,261.98870849609375,113.07528,8.0,1,25.475792
4,37,1165.6654968261719,24.84597396850586,1156.4742431640625,30.168006896972656,74.519936,8.0,1,29.075235
3,37,941.2574157714844,504.8770332336426,932.066162109375,510.1990661621094,68.38862,8.0,1,21.229519
2,37,1421.7220153808594,372.39873123168945,1412.53076171875,377.72076416015625,50.57635,8.0,1,25.963654
11,37,201.3231964111328,475.0693550109863,192.13194274902344,480.3913879394531,36.572895,8.0,1,24.249886
6,37,539.5151672363281,206.53133010864258,530.3239135742188,211.85336303710938,12.226743,8.0,-1,29.229944
5,37,1401.2173767089844,219.28561782836914,1392.026123046875,224.60765075683594,10.414783,12.0,-1,14.552286
7,37,538.6924133300781,324.33708572387695,529.5011596679688,329.65911865234375,9.763699,10.0,-1,21.679886
12,37,1054.6027526855469,854.9963874816895,1045.4114990234375,860.3184204101562,9.560295,10.0,-1,28.20353
16,37,1096.1189880371094,307.9006538391113,1086.927734375,313.2226867675781,9.324469,10.0,1,22.159105
8,37,1303.7319030761719,366.8434638977051,1294.5406494140625,372.1654968261719,8.612993,10.0,-1,19.222265
10,37,319.58648681640625,108.54938125610352,310.3952331542969,113.87141418457031,6.888263,12.0,-1,0.035974115
14,37,185.20364379882812,974.5032234191895,176.01239013671875,979.8252563476562,5.226629,8.0,-1,31.66466
9,37,1273.6687927246094,1083.2924690246582,1264.4775390625,1088.614501953125,4.012461,12.0,-1,6.575578
13,37,1485.4145202636719,1032.3686408996582,1476.2232666015625,1037.690673828125,3.8454266,10.0,-1,20.919975
17,37,521.0936889648438,428.8476448059082,511.9024353027344,434.169677734375,3.5361452,10.0,-1,12.959163
0,38,1286.3733825683594,904.6273040771484,1277.6669921875,910.8796997070312,108.220695,10.0,1,26.102821
1,38,1288.8766784667969,256.1576690673828,1280.1702880859375,262.4100646972656,77.10799,8.0,1,22.268242
4,38,1166.6729431152344,24.84597396850586,1157.966552734375,31.098369598388672,76.435425,8.0,1,27.876724
3,38,943.7173767089844,503.64671325683594,935.010986328125,509.89910888671875,55.49077,8.0,1,17.740274
2,38,1421.2482604980469,371.0945587158203,1412.5418701171875,377.3469543457031,40.992237,8.0,1,24.620718
11,38,202.28421020507812,473.2190704345703,193.57781982421875,479.4714660644531,39.3906,8.0,1,23.317606
16,38,1098.2472839355469,308.40989685058594,1089.5408935546875,314.66229248046875,20.477358,10.0,1,22.08286
6,38,540.6261901855469,207.3439483642578,531.9197998046875,213.59634399414062,12.84948,8.0,-1,29.53821
10,38,321.0389404296875,108.86283111572266,312.3325500488281,115.11522674560547,11.030019,6.0,1,1.8778577
5,38,1401.2173767089844,220.31761169433594,1392.510986328125,226.57000732421875,11.018921,10.0,-1,11.849226
12,38,1053.8747253417969,851.9864349365234,1045.1683349609375,858.2388305664062,10.926703,10.0,-1,22.119059
7,38,537.2818298339844,323.7928924560547,528.575439453125,330.0452880859375,8.293609,10.0,-1,17.065788
14,38,182.02151489257812,974.0361175537109,173.31512451171875,980.2885131835938,6.26227,8.0,-1,29.819265
13,38,1485.0787048339844,1032.8361053466797,1476.372314453125,1039.0885009765625,4.7683043,8.0,-1,24.10093
9,38,1270.7901306152344,1084.4952850341797,1262.083740234375,1090.7476806640625,4.372128,12.0,-1,4.026622
8,38,1305.7013854980469,363.3459014892578,1296.9949951171875,369.5982971191406,4.0241723,10.0,-1,12.419224
17,38,520.0182189941406,430.86231994628906,511.31182861328125,437.1147155761719,3.158059,8.0,-1,17.674723
0,39,1286.0823669433594,903.5312480926514,1277.680908203125,910.2001342773438,162.84254,10.0,1,26.82506
3,39,944.0671691894531,501.32946586608887,935.6657104492188,507.99835205078125,93.34977,8.0,1,17.260223
4,39,1166.1894226074219,24.84597396850586,1157.7879638671875,31.514860153198242,74.628006,8.0,1,26.939123
1,39,1286.9706726074219,257.12243461608887,1278.5692138671875,263.79132080078125,66.94442,8.0,1,20.731527
11,39,202.35958862304688,473.20886039733887,193.9581298828125,479.87774658203125,57.4821,8.0,1,23.338142
2,39,1419.7514343261719,371.1806011199951,1411.3499755859375,377.8494873046875,45.123928,8.0,1,21.195534
16,39,1099.9306335449219,309.1098003387451,1091.5291748046875,315.7786865234375,17.89163,12.0,1,21.837145
12,39,1054.2893981933594,853.3736553192139,1045.887939453125,860.0425415039062,11.180553,10.0,-1,17.020464
6,39,540.5956115722656,206.41312980651855,532.1941528320312,213.08201599121094,10.769702,8.0,-1,27.803322
7,39,534.6999816894531,323.26339530944824,526.2985229492188,329.9322814941406,9.860242,10.0,-1,15.346399
5,39,1401.2173767089844,219.3664836883545,1392.81591796875,226.03536987304688,9.637106,10.0,-1,11.465023
10,39,322.56805419921875,109.24959373474121,314.1665954589844,115.9184799194336,8.191593,6.0,1,1.0442438
13,39,1484.4137878417969,1035.0714702606201,1476.0123291015625,1041.7403564453125,7.70021,8.0,-1,27.436697
8,39,1303.8844909667969,363.44796562194824,1295.4830322265625,370.1168518066406,5.38481,10.0,-1,10.559843
17,39,520.2733154296875,429.2118511199951,511.8718566894531,435.8807373046875,4.0159874,8.0,-1,20.76428
9,39,1270.9164733886719,1083.6294536590576,1262.5150146484375,1090.29833984375,3.8944967,14.0,-1,2.6661508
14,39,182.3725128173828,975.3527202606201,173.97105407714844,982.0216064453125,2.951502,8.0,-1,26.029465
0,40,1286.2610473632812,904.3740215301514,1277.896728515625,911.0977783203125,126.60401,10.0,1,25.672419
3,40,946.3602294921875,499.19967460632324,937.9959106445312,505.9234313964844,95.63547,8.0,1,16.829878
4,40,1166.5360717773438,25.3659610748291,1158.1717529296875,32.089717864990234,90.96519,8.0,1,26.857655
1,40,1289.0697631835938,254.96008110046387,1280.7054443359375,261.683837890625,55.01138,8.0,1,20.726732
11,40,202.7783966064453,472.0364055633545,194.41407775878906,478.7601623535156,38.703175,8.0,1,22.616156
2,40,1418.1426391601562,371.31930351257324,1409.7783203125,378.0430603027344,35.208443,8.0,1,23.616497
16,40,1098.6002807617188,310.703519821167,1090.2359619140625,317.4272766113281,15.6658325,12.0,1,20.893932
12,40,1052.5662231445312,857.4628887176514,1044.201904296875,864.1866455078125,14.400052,10.0,-1,19.395702
6,40,540.8832397460938,204.48312187194824,532.5189208984375,211.20687866210938,10.588562,8.0,-1,27.81489
5,40,1403.1388549804688,219.06945610046387,1394.7745361328125,225.793212890625,9.787964,10.0,-1,9.756547
10,40,321.2727966308594,109.8916072845459,312.9084777832031,116.61536407470703,7.747805,6.0,1,2.3774195
7,40,533.9396362304688,322.91036796569824,525.5753173828125,329.6341247558594,6.446432,10.0,-1,18.422184
13,40,1483.9572143554688,1034.1826152801514,1475.5928955078125,1040.9063720703125,5.3400216,8.0,-1,28.591116
17,40,520.2733154296875,429.2118511199951,511.90899658203125,435.93560791015625,4.1312437,8.0,-1,21.189472
8,40,1304.0084838867188,364.170804977417,1295.6441650390625,370.8945617675781,3.7765958,10.0,-1,8.851257
9,40,1270.4913940429688,1086.2921123504639,1262.1270751953125,1093.015869140625,3.4865115,16.0,-1,0.8068195
14,40,180.49462890625,972.2967510223389,172.13031005859375,979.0205078125,3.2098475,8.0,-1,28.26796
0,41,1286.5452270507812,904.8016948699951,1278.3494873046875,912.1157836914062,119.87534,10.0,1,22.834599
1,41,1290.3887329101562,252.63781547546387,1282.1929931640625,259.951904296875,77.9564,8.0,1,19.437222
4,41,1166.0217895507812,24.353303909301758,1157.8260498046875,31.66739273071289,71.41816,8.0,1,26.13944
3,41,946.7681884765625,498.31698417663574,938.5724487304688,505.6310729980469,53.451305,8.0,1,12.243975
11,41,202.85215759277344,472.0886516571045,194.6564178466797,479.4027404785156,39.42982,8.0,1,20.340446
2,41,1418.3678588867188,371.3235149383545,1410.172119140625,378.6376037597656,33.146347,8.0,1,20.895897
16,41,1101.2405395507812,311.0167827606201,1093.0447998046875,318.33087158203125,16.25888,12.0,1,19.442833
5,41,1403.9797973632812,215.63392448425293,1395.7840576171875,222.94801330566406,12.135426,10.0,-1,9.019571
6,41,541.2349243164062,204.60369682312012,533.0391845703125,211.91778564453125,11.446178,8.0,-1,24.379126
10,41,318.9273986816406,110.18605613708496,310.7316589355469,117.5001449584961,10.16241,6.0,1,1.0108101
7,41,532.4334716796875,321.727445602417,524.2377319335938,329.0415344238281,9.705751,10.0,-1,14.995758
12,41,1050.4928588867188,857.6927471160889,1042.297119140625,865.0068359375,7.2979436,12.0,-1,8.329928
13,41,1483.3693237304688,1032.5095195770264,1475.173583984375,1039.8236083984375,5.900145,8.0,-1,28.150633
17,41,519.9188842773438,429.1477336883545,511.72314453125,436.4618225097656,2.892185,8.0,-1,20.385777
14,41,179.53428649902344,972.5594463348389,171.3385467529297,979.87353515625,2.422689,8.0,-1,19.150114
8,41,1301.9353637695312,362.94885063171387,1293.7396240234375,370.262939453125,2.1453633,14.0,-1,5.037345
9,41,1270.4913940429688,1086.2921123504639,1262.295654296875,1093.606201171875,1.8926105,22.0,-1,0.057235837
0,42,1284.9887084960938,903.0496807098389,1277.90869140625,911.5301513671875,90.787025,10.0,1,15.964806
4,42,1165.1001586914062,25.539697647094727,1158.0201416015625,34.02016830444336,81.37008,8.0,1,19.554483
3,42,947.1366577148438,497.28722953796387,940.056640625,505.7677001953125,57.09003,8.0,1,0.77587533
1,42,1291.5344848632812,251.18560600280762,1284.4544677734375,259.66607666015625,47.464855,8.0,1,5.1780586
11,42,204.95191955566406,470.42956352233887,197.8719024658203,478.9100341796875,38.97766,8.0,1,16.245424
2,42,1418.6431274414062,371.90194511413574,1411.5631103515625,380.3824157714844,31.236969,8.0,1,6.950321
16,42,1104.2703247070312,308.40780448913574,1097.1903076171875,316.8882751464844,15.09644,12.0,1,13.835876
6,42,541.3358154296875,204.8274211883545,534.2557983398438,213.30789184570312,9.785628,10.0,-1,12.357241
5,42,1402.5275268554688,218.4535961151123,1395.447509765625,226.93406677246094,8.720354,6.0,1,0.7876513
10,42,319.9129638671875,111.08456993103027,312.83294677734375,119.5650405883789,7.474562,18.0,-1,1.2264457
7,42,531.077880859375,323.70153617858887,523.9978637695312,332.1820068359375,6.069321,12.0,-1,6.3964286
13,42,1483.3693237304688,1031.7589092254639,1476.289306640625,1040.2393798828125,4.3397937,8.0,-1,19.767725
9,42,1268.8002319335938,1085.5517559051514,1261.72021484375,1094.0322265625,4.109688,6.0,1,1.0443584
12,42,1049.8716430664062,857.5400371551514,1042.7916259765625,866.0205078125,3.8750317,14.0,-1,5.790579
8,42,1299.2710571289062,363.01351737976074,1292.1910400390625,371.4939880371094,3.3230298,18.0,-1,2.9713597
17,42,521.9116821289062,429.1477336883545,514.8316650390625,437.6282043457031,2.0785983,8.0,-1,16.482233
14,42,178.98837280273438,973.4644756317139,171.90835571289062,981.9449462890625,1.509013,12.0,-1,7.0124493
0,43,1283.2808837890625,903.5821132659912,1277.3321533203125,912.666259765625,71.56104,10.0,1,11.993666
3,43,947.65478515625,499.13417625427246,941.7060546875,508.21832275390625,55.31702,20.0,-1,6.817664
1,43,1291.3739013671875,249.5713405609131,1285.4251708984375,258.6554870605469,44.608036,20.0,-1,5.4622326
4,43,1164.1085205078125,26.103853225708008,1158.1597900390625,35.1879997253418,44.115757,8.0,1,7.649732
11,43,205.73008728027344,469.56224632263184,199.78135681152344,478.6463928222656,31.125303,8.0,1,7.4877477
2,43,1416.0751953125,372.10631370544434,1410.12646484375,381.1904602050781,30.701315,22.0,-1,2.867081
5,43,1401.8648681640625,222.5240993499756,1395.9161376953125,231.60824584960938,17.21023,6.0,1,1.9364371
16,43,1104.6724853515625,306.00246238708496,1098.7237548828125,315.08660888671875,12.865027,12.0,1,12.472046
6,43,541.8479614257812,202.3138027191162,535.8992309570312,211.39794921875,7.408554,12.0,-1,2.217669
10,43,319.9129638671875,111.08456993103027,313.9642333984375,120.16871643066406,6.4001427,18.0,-1,4.6366487
7,43,531.3688354492188,325.3615016937256,525.4201049804688,334.4456481933594,4.175114,14.0,-1,3.1958542
12,43,1050.5125732421875,856.7701015472412,1044.5638427734375,865.854248046875,4.12113,16.0,-1,2.606756
13,43,1481.7027587890625,1034.1902675628662,1475.7540283203125,1043.2744140625,2.9706457,8.0,-1,16.625853
9,43,1267.530517578125,1083.4140224456787,1261.581787109375,1092.4981689453125,2.6104028,6.0,1,1.4073288
8,43,1299.650146484375,363.37318992614746,1293.701416015625,372.45733642578125,1.9301348,6.0,1,2.3449411
17,43,522.5347290039062,428.6145534515381,516.5859985351562,437.6986999511719,1.7775303,8.0,-1,10.142343
14,43,178.39739990234375,973.214864730835,172.44866943359375,982.2990112304688,0.8806265,14.0,-1,0.5707154
0,44,1283.0645751953125,905.8771877288818,1275.6318359375,914.3368530273438,105.271034,10.0,1,16.725883
4,44,1165.893798828125,25.1121768951416,1158.4610595703125,33.571842193603516,59.11668,8.0,1,3.5574093
3,44,947.3867797851562,499.9064235687256,939.9540405273438,508.3660888671875,57.57178,20.0,-1,5.7334237
1,44,1291.82373046875,249.5713405609131,1284.3909912109375,258.031005859375,52.056183,22.0,-1,8.249016
11,44,207.35003662109375,471.0920925140381,199.91729736328125,479.5517578125,31.621674,8.0,1,8.3875675
2,44,1417.84130859375,373.24645042419434,1410.4085693359375,381.70611572265625,24.949945,20.0,-1,9.161791
16,44,1106.91552734375,305.0706081390381,1099.4827880859375,313.5302734375,12.391418,12.0,1,11.307169
5,44,1401.932373046875,221.85037803649902,1394.4996337890625,230.31004333496094,11.953294,6.0,1,5.131169
6,44,541.6962280273438,203.41164207458496,534.2634887695312,211.87130737304688,7.019008,12.0,-1,3.0268588
13,44,1481.56298828125,1039.4337673187256,1474.1302490234375,1047.8934326171875,6.351484,8.0,-1,24.14873
10,44,323.6274719238281,107.37657737731934,316.1947326660156,115.83624267578125,5.457676,20.0,-1,5.8013806
7,44,531.3688354492188,324.6887722015381,523.9360961914062,333.1484375,5.0689793,14.0,-1,1.5365747
12,44,1048.6292724609375,855.4473171234131,1041.196533203125,863.906982421875,2.9443824,14.0,-1,3.5384157
8,44,1301.8126220703125,361.8333339691162,1294.3798828125,370.2929992675781,2.2323632,8.0,1,4.3732758
9,44,1263.1986083984375,1084.8248805999756,1255.765869140625,1093.2845458984375,1.9822111,24.0,-1,1.5003616
17,44,519.9417114257812,428.53297996520996,512.5089721679688,436.9926452636719,1.1280475,8.0,-1,8.074749
14,44,174.28536987304688,975.6311550140381,166.85263061523438,984.0908203125,0.9318853,14.0,-1,6.7495546
0,45,1284.7657470703125,907.8470973968506,1275.541259765625,914.404296875,109.64452,10.0,1,24.340912
4,45,1167.4322509765625,23.803606033325195,1158.207763671875,30.36080551147461,69.902054,8.0,1,16.303205
3,45,945.7646484375,499.5532741546631,936.5401611328125,506.1104736328125,65.18078,8.0,1,10.165207
1,45,1292.7032470703125,250.20189476013184,1283.478759765625,256.75909423828125,59.006756,8.0,1,5.540274
11,45,206.44500732421875,471.06383323669434,197.22052001953125,477.62103271484375,31.171534,8.0,1,21.644703
2,45,1418.3514404296875,374.86952781677246,1409.126953125,381.4267272949219,27.3814,8.0,1,12.531261
16,45,1106.79345703125,305.8293056488037,1097.5689697265625,312.3865051269531,14.876114,12.0,1,15.559141
5,45,1399.4254150390625,221.3654384613037,1390.200927734375,227.92263793945312,13.787663,10.0,-1,2.8265164
6,45,543.1624755859375,204.62933921813965,533.93798828125,211.18653869628906,9.521504,10.0,-1,11.819797
7,45,531.3688354492188,321.99144554138184,522.1443481445312,328.54864501953125,6.58363,10.0,-1,13.712682
10,45,325.78887939453125,107.69787406921387,316.56439208984375,114.25507354736328,6.08164,18.0,-1,2.6311705
12,45,1050.184326171875,855.4473171234131,1040.9598388671875,862.0045166015625,5.817579,12.0,-1,7.7405868
13,45,1483.0751953125,1041.106985092163,1473.8507080078125,1047.6641845703125,4.5146813,8.0,-1,26.470655
9,45,1260.3389892578125,1085.211965560913,1251.114501953125,1091.7691650390625,3.8569813,16.0,-1,0.16422927
8,45,1301.319091796875,361.0978298187256,1292.0946044921875,367.655029296875,3.18348,6.0,1,0.5071893
14,45,173.94796752929688,974.2880153656006,164.72348022460938,980.84521484375,2.7379196,8.0,-1,20.010021
17,45,517.4369506835938,427.69115257263184,508.21246337890625,434.24835205078125,2.440462,8.0,-1,16.011232
0,46,1282.3389892578125,906.8950252532959,1272.198486328125,912.3342895507812,123.28069,10.0,1,25.910059
4,46,1168.236572265625,22.8630313873291,1158.0960693359375,28.302295684814453,83.74935,8.0,1,26.254698
3,46,946.3401489257812,501.944616317749,936.1996459960938,507.3838806152344,63.24423,8.0,1,16.994778
1,46,1292.440185546875,250.61981773376465,1282.2996826171875,256.05908203125,50.788498,8.0,1,18.396511
11,46,207.7459716796875,470.9166316986084,197.60546875,476.35589599609375,40.06805,8.0,1,25.354202
2,46,1417.392822265625,373.1481075286865,1407.2523193359375,378.5873718261719,25.17202,8.0,1,22.41155
16,46,1104.045166015625,304.8925838470459,1093.9046630859375,310.33184814453125,12.997177,12.0,1,20.351425
6,46,540.9158935546875,202.38437461853027,530.775390625,207.82363891601562,11.864215,10.0,-1,20.847206
5,46,1399.6121826171875,221.3654384613037,1389.4716796875,226.80470275878906,9.657317,10.0,-1,10.424417
7,46,532.253173828125,320.82880210876465,522.1126708984375,326.26806640625,9.2707815,8.0,-1,26.29854
12,46,1048.9061279296875,858.3868465423584,1038.765625,863.8261108398438,8.812678,10.0,-1,20.577469
10,46,324.3341064453125,108.83270835876465,314.193603515625,114.27197265625,5.598694,16.0,-1,0.18898678
14,46,174.88906860351562,976.7055110931396,164.74856567382812,982.144775390625,4.7831883,8.0,-1,28.462593
9,46,1260.3389892578125,1086.4464778900146,1250.198486328125,1091.8857421875,3.645068,14.0,-1,1.9782491
13,46,1484.266357421875,1042.1485042572021,1474.1258544921875,1047.5877685546875,3.08582,10.0,-1,15.95319
17,46,514.863525390625,429.024450302124,504.7230224609375,434.4637145996094,2.6439054,8.0,-1,20.903952
8,46,1305.8084716796875,359.2228755950928,1295.66796875,364.6621398925781,2.246721,14.0,-1,0.4352699
0,47,1282.936279296875,909.2263851165771,1271.04296875,913.9152221679688,136.70888,10.0,1,26.93427
1,47,1290.7535400390625,251.36054039001465,1278.8602294921875,256.04937744140625,73.9688,8.0,1,24.16195
3,47,946.4066162109375,501.1863765716553,934.5133056640625,505.8752136230469,67.45023,8.0,1,19.032785
4,47,1168.1961669921875,22.377405166625977,1156.3028564453125,27.066242218017578,63.51495,8.0,1,26.932383
2,47,1418.2315673828125,373.6494197845459,1406.3382568359375,378.3382568359375,38.763996,8.0,1,24.658876
11,47,208.4746551513672,470.61383628845215,196.5813446044922,475.30267333984375,27.963324,8.0,1,23.889915
7,47,531.95263671875,321.0022029876709,520.059326171875,325.6910400390625,13.960881,8.0,-1,30.63461
12,47,1048.240478515625,858.9823665618896,1036.34716796875,863.6712036132812,12.280853,10.0,-1,30.839455
6,47,540.505859375,199.9256191253662,528.612548828125,204.6144561767578,9.130906,10.0,-1,25.504526
5,47,1399.2330322265625,221.8702449798584,1387.3397216796875,226.55908203125,8.215132,12.0,-1,13.785589
16,47,1104.045166015625,303.8377437591553,1092.15185546875,308.5265808105469,8.19475,10.0,1,21.530628
10,47,323.5052490234375,108.35141563415527,311.6119384765625,113.04025268554688,5.9751306,6.0,1,1.6885806
9,47,1260.646240234375,1087.6065731048584,1248.7529296875,1092.29541015625,5.0990214,12.0,-1,3.7793832
14,47,174.5938262939453,975.7052059173584,162.7005157470703,980.39404296875,3.2023802,8.0,-1,30.840809
17,47,515.9089965820312,429.5467281341553,504.01568603515625,434.2355651855469,3.0260613,8.0,-1,18.60363
13,47,1488.442626953125,1041.134038925171,1476.54931640625,1045.8228759765625,2.631037,14.0,-1,7.4664598
8,47,1306.1158447265625,359.2228755950928,1294.2225341796875,363.9117126464844,2.107513,12.0,-1,5.48374
0,48,1284.3824462890625,912.3424129486084,1271.9893798828125,915.9437866210938,161.61024,10.0,1,27.844545
3,48,948.3396606445312,500.229284286499,935.9465942382812,503.8306579589844,79.15684,8.0,1,20.587965
4,48,1168.5946044921875,22.397567749023438,1156.2015380859375,25.99894142150879,67.276344,8.0,1,28.20859
1,48,1290.5306396484375,251.8779811859131,1278.1375732421875,255.47935485839844,62.43544,8.0,1,24.949278
2,48,1419.8331298828125,374.5469722747803,1407.4400634765625,378.1483459472656,38.93786,8.0,1,25.722017
11,48,206.46531677246094,470.2830562591553,194.07225036621094,473.8844299316406,21.782171,8.0,1,24.34103
7,48,528.4600219726562,323.659460067749,516.0669555664062,327.2608337402344,13.433326,8.0,-1,33.418816
5,48,1396.763427734375,225.17247581481934,1384.370361328125,228.7738494873047,12.261943,14.0,-1,13.962368
6,48,540.4657592773438,199.9256191253662,528.0726928710938,203.52699279785156,10.79755,10.0,-1,25.691551
12,48,1047.2276611328125,857.4520320892334,1034.8345947265625,861.0534057617188,9.237691,10.0,-1,30.62903
10,48,321.0110168457031,107.84399223327637,308.6179504394531,111.44536590576172,6.671068,12.0,-1,6.947455
9,48,1260.8568115234375,1086.2868099212646,1248.4637451171875,1089.88818359375,5.618173,12.0,-1,3.325383
16,48,1107.6597900390625,302.4215145111084,1095.2667236328125,306.02288818359375,5.0415416,10.0,1,20.871765
8,48,1306.1158447265625,360.28998374938965,1293.7227783203125,363.891357421875,3.5940342,10.0,-1,14.366767
13,48,1491.1016845703125,1040.1150569915771,1478.7086181640625,1043.7164306640625,2.8112955,14.0,-1,7.0186405
14,48,176.34629821777344,975.0733089447021,163.95323181152344,978.6746826171875,2.6041045,8.0,-1,31.276934
17,48,512.6712036132812,432.06146812438965,500.27813720703125,435.662841796875,2.5568066,10.0,-1,14.94917
0,49,1285.203857421875,912.4136409759521,1272.3270263671875,916.0537719726562,167.86404,10.0,1,27.756588
4,49,1168.867431640625,20.866762161254883,1155.9906005859375,24.506893157958984,63.699177,8.0,1,28.84233
1,49,1289.58837890625,250.3983669281006,1276.7115478515625,254.0384979248047,59.831226,8.0,1,24.967703
3,49,947.3946533203125,498.5681209564209,934.517822265625,502.208251953125,56.968204,8.0,1,20.487505
2,49,1419.3411865234375,374.5469722747803,1406.46435546875,378.1871032714844,35.522747,8.0,1,26.034512
11,49,207.21951293945312,468.3165645599365,194.34268188476562,471.9566955566406,19.443478,8.0,1,24.523829
5,49,1394.796630859375,225.83202171325684,1381.9197998046875,229.47215270996094,13.812534,14.0,-1,11.705923
6,49,540.5325927734375,198.05487632751465,527.65576171875,201.69500732421875,11.732788,10.0,-1,26.31144
12,49,1046.04248046875,856.5059871673584,1033.1656494140625,860.1461181640625,11.308262,10.0,-1,29.808243
7,49,528.2805786132812,324.1573543548584,515.4037475585938,327.7974853515625,11.205054,8.0,-1,34.32862
10,49,321.81622314453125,103.72746086120605,308.93939208984375,107.36759185791016,8.35173,12.0,-1,3.7739956
16,49,1107.4097900390625,303.2533016204834,1094.532958984375,306.8934326171875,4.7180114,8.0,1,16.412407
8,49,1307.501220703125,363.30402183532715,1294.6243896484375,366.94415283203125,4.4621143,10.0,-1,17.413029
14,49,171.61282348632812,976.1608333587646,158.73599243164062,979.8009643554688,3.1397526,8.0,-1,31.86216
9,49,1261.27587890625,1083.287603378296,1248.3990478515625,1086.927734375,3.1213639,14.0,-1,2.1106045
17,49,513.7672729492188,432.165807723999,500.89044189453125,435.8059387207031,2.9544475,8.0,-1,16.250511
13,49,1491.1016845703125,1040.8245906829834,1478.224853515625,1044.4647216796875,2.9078705,14.0,-1,8.346113
0,50,1285.203857421875,910.81178855896,1272.2911376953125,914.8197631835938,118.07484,10.0,1,27.675104
4,50,1168.89501953125,18.3214168548584,1155.9822998046875,22.329391479492188,72.39874,8.0,1,29.486784
3,50,948.5892944335938,497.7427577972412,935.6765747070312,501.750732421875,61.898422,8.0,1,19.818771
1,50,1290.445068359375,250.3983669281006,1277.5323486328125,254.40634155273438,58.77515,8.0,1,25.341505
2,50,1420.72265625,374.6954860687256,1407.8099365234375,378.7034606933594,32.586407,8.0,1,25.995966
5,50,1391.0640869140625,226.07672691345215,1378.1513671875,230.08470153808594,24.407158,14.0,-1,10.512302
11,50,206.39730834960938,467.88768577575684,193.48458862304688,471.8956604003906,21.8259,8.0,1,24.729836
12,50,1046.9981689453125,858.6941738128662,1034.08544921875,862.7021484375,13.410278,10.0,-1,27.53693
7,50,528.7501220703125,325.71678733825684,515.83740234375,329.7247619628906,12.689602,8.0,-1,33.651024
6,50,540.6174926757812,196.7579860687256,527.7047729492188,200.76596069335938,11.919739,10.0,-1,26.757244
16,50,1106.4339599609375,300.91701316833496,1093.521240234375,304.92498779296875,7.8301797,10.0,1,16.928268
10,50,321.76904296875,102.20635795593262,308.8563232421875,106.2143325805664,6.301806,10.0,-1,4.2144675
9,50,1261.1270751953125,1084.1487636566162,1248.21435546875,1088.15673828125,5.490406,14.0,-1,3.2082622
8,50,1307.2559814453125,365.3977565765381,1294.34326171875,369.4057312011719,5.358132,8.0,-1,19.55517
13,50,1494.76171875,1044.3161220550537,1481.8489990234375,1048.3240966796875,4.095937,14.0,-1,4.8696237
17,50,512.9492492675781,432.1404323577881,500.0365295410156,436.1484069824219,3.7071345,10.0,-1,15.466682
14,50,169.32150268554688,980.214864730835,156.40878295898438,984.2228393554688,2.9627962,8.0,-1,27.31036
0,51,1285.0477294921875,908.9011745452881,1271.6083984375,913.1964721679688,114.65914,10.0,1,27.455465
1,51,1291.2828369140625,253.1578884124756,1277.843505859375,257.45318603515625,75.01873,8.0,1,25.233114
3,51,945.713134765625,497.65138816833496,932.2738037109375,501.9466857910156,73.09846,8.0,1,18.844706
4,51,1167.1651611328125,17.868873596191406,1153.725830078125,22.16417121887207,58.95676,8.0,1,29.093796
2,51,1422.9647216796875,373.62746238708496,1409.525390625,377.9227600097656,33.501198,8.0,1,25.97019
5,51,1389.68603515625,225.5125026702881,1376.2467041015625,229.80780029296875,29.550064,16.0,-1,9.701951
11,51,206.85968017578125,467.88768577575684,193.42034912109375,472.1829833984375,13.617637,8.0,1,25.701752
7,51,529.6405029296875,325.9418544769287,516.201171875,330.2371520996094,12.011299,8.0,-1,31.641554
12,51,1046.164794921875,859.8759059906006,1032.7254638671875,864.1712036132812,10.941344,10.0,-1,30.793516
6,51,541.8258666992188,197.2684841156006,528.3865356445312,201.56378173828125,10.54514,10.0,-1,24.845879
10,51,322.05902099609375,100.35529899597168,308.61968994140625,104.65059661865234,7.7632117,10.0,-1,6.5686107
16,51,1107.52685546875,301.3730983734131,1094.0875244140625,305.66839599609375,6.662512,10.0,1,2.1028457
8,51,1307.2559814453125,365.61232566833496,1293.816650390625,369.9076232910156,5.422604,10.0,-1,20.436413
9,51,1261.491455078125,1084.9782619476318,1248.0521240234375,1089.2735595703125,4.9737,12.0,-1,4.7775645
13,51,1494.38427734375,1044.1761379241943,1480.9449462890625,1048.471435546875,4.172727,14.0,-1,0.44943196
14,51,169.29364013671875,981.0327053070068,155.85430908203125,985.3280029296875,3.0366948,8.0,-1,30.293009
17,51,512.3613891601562,430.3943691253662,498.92205810546875,434.6896667480469,1.8038906,10.0,-1,14.748765
0,52,1287.6221923828125,908.8633403778076,1273.653564453125,913.36865234375,109.11267,10.0,1,28.187943
3,52,943.9686279296875,496.1924419403076,930.0,500.69775390625,55.80173,8.0,1,20.589712
1,52,1290.5367431640625,252.56085014343262,1276.568115234375,257.066162109375,46.521275,8.0,1,25.15107
2,52,1423.77490234375,370.91808891296387,1409.8062744140625,375.42340087890625,37.4108,8.0,1,26.505896
4,52,1165.792236328125,19.602386474609375,1151.8236083984375,24.107698440551758,36.692764,8.0,1,27.18271
5,52,1388.321044921875,225.6704387664795,1374.3524169921875,230.17575073242188,30.87808,16.0,-1,9.236185
6,52,544.1456909179688,197.30380058288574,530.1770629882812,201.80911254882812,11.290029,10.0,-1,24.267723
12,52,1044.8299560546875,861.8472270965576,1030.861328125,866.3525390625,9.399802,10.0,-1,34.505833
10,52,323.5253601074219,100.35529899597168,309.5567321777344,104.86061096191406,8.221646,10.0,-1,6.941486
11,52,208.6851043701172,466.4885845184326,194.7164764404297,470.993896484375,8.121589,8.0,1,23.501436
7,52,529.8868408203125,327.36669731140137,515.918212890625,331.87200927734375,7.6959343,10.0,-1,28.049706
16,52,1107.7408447265625,298.0906352996826,1093.772216796875,302.595947265625,5.512216,18.0,-1,9.591451
9,52,1260.03955078125,1085.1276226043701,1246.0709228515625,1089.6329345703125,5.1536345,10.0,-1,7.55108
8,52,1305.2369384765625,364.5243511199951,1291.268310546875,369.0296630859375,4.192007,8.0,-1,23.742552
13,52,1493.536376953125,1048.2022075653076,1479.5677490234375,1052.70751953125,3.6595666,16.0,-1,0.060035944
14,52,169.3775634765625,983.3558330535889,155.408935546875,987.8611450195312,2.1519563,10.0,-1,26.881977
17,52,512.3613891601562,428.7855815887451,498.39276123046875,433.2908935546875,1.5587147,10.0,-1,14.207909
0,53,1288.3751220703125,910.4937114715576,1274.45361328125,914.6441650390625,97.433876,10.0,1,28.179213
1,53,1291.624267578125,251.49667167663574,1277.7027587890625,255.64712524414062,67.579414,8.0,1,26.428152
3,53,944.23046875,496.15575981140137,930.3089599609375,500.30621337890625,50.67126,8.0,1,20.297688
4,53,1164.169677734375,22.709901809692383,1150.2481689453125,26.860355377197266,36.25391,8.0,1,27.0947
2,53,1420.5111083984375,370.74264335632324,1406.589599609375,374.8930969238281,27.928095,8.0,1,26.583382
5,53,1385.3731689453125,226.61834526062012,1371.45166015625,230.768798828125,21.210005,18.0,-1,8.80042
11,53,209.93922424316406,466.29955863952637,196.01771545410156,470.45001220703125,13.716079,8.0,1,23.754673
10,53,323.5253601074219,99.92233085632324,309.6038513183594,104.07278442382812,9.917719,10.0,-1,9.388974
7,53,527.259033203125,327.71151542663574,513.3375244140625,331.8619689941406,7.7435107,10.0,-1,24.861248
16,53,1113.7261962890625,300.0127544403076,1099.8046875,304.1632080078125,7.646605,18.0,-1,5.0998087
8,53,1300.998046875,366.529447555542,1287.0765380859375,370.6799011230469,6.8738875,8.0,-1,30.608652
6,53,546.398193359375,199.116849899292,532.4766845703125,203.26730346679688,6.672748,10.0,-1,20.139534
12,53,1043.06884765625,861.8472270965576,1029.1473388671875,865.9976806640625,6.4366097,10.0,-1,35.377693
9,53,1257.4173583984375,1085.5429058074951,1243.495849609375,1089.693359375,6.2178574,10.0,-1,9.114216
13,53,1491.3289794921875,1047.3601665496826,1477.407470703125,1051.5106201171875,5.458071,8.0,1,0.9218014
14,53,170.2604217529297,982.6185894012451,156.3389129638672,986.76904296875,2.432161,10.0,-1,23.264656
17,53,514.9977416992188,426.08724784851074,501.07623291015625,430.2377014160156,2.2186172,12.0,-1,10.642032
136,53,676.2164306640625,909.4777812957764,662.294921875,913.6282348632812,0.57315487,10.0,-1,5.4809055
0,54,1290.15673828125,909.9033184051514,1276.0489501953125,914.0914306640625,152.5684,10.0,1,28.882647
1,54,1291.9857177734375,250.10198783874512,1277.8779296875,254.29010009765625,89.87351,8.0,1,27.075539
3,54,946.4654541015625,495.51632499694824,932.357666015625,499.7044372558594,47.271915,8.0,1,18.22352
4,54,1163.8214111328125,23.955808639526367,1149.713623046875,28.1439208984375,42.17464,8.0,1,27.558262
2,54,1418.0447998046875,369.9787883758545,1403.93701171875,374.1669006347656,38.816067,8.0,1,27.73153
5,54,1384.16943359375,227.98261833190918,1370.0616455078125,232.1707305908203,26.198019,18.0,-1,10.162131
6,54,546.282958984375,199.116849899292,532.1751708984375,203.30496215820312,9.422839,10.0,-1,19.52187
10,54,325.8174133300781,96.18146324157715,311.7096252441406,100.36957550048828,9.157519,10.0,-1,12.474107
12,54,1041.6824951171875,860.3358745574951,1027.57470703125,864.5239868164062,8.522704,10.0,-1,35.717297
11,54,211.28643798828125,464.32299613952637,197.17864990234375,468.5111083984375,7.833319,8.0,1,22.949663
7,54,526.7288818359375,329.01415824890137,512.62109375,333.2022705078125,6.9382415,12.0,-1,19.619057
8,54,1300.998046875,367.37606620788574,1286.8902587890625,371.5641784667969,5.600675,8.0,-1,26.789213
139,54,1108.0765380859375,293.0220317840576,1093.96875,297.21014404296875,4.6528263,18.0,-1,2.0781872
13,54,1487.5462646484375,1048.6499004364014,1473.4384765625,1052.8380126953125,3.6189172,8.0,1,1.602154
9,54,1257.5328369140625,1087.1224346160889,1243.425048828125,1091.310546875,3.568977,10.0,-1,11.017249
14,54,169.58966064453125,986.0156841278076,155.48187255859375,990.2037963867188,2.875571,10.0,-1,23.735867
17,54,515.8675231933594,430.6660747528076,501.7597351074219,434.85418701171875,1.5928704,12.0,-1,7.973162
136,54,682.2133178710938,909.2147197723389,668.1055297851562,913.40283203125,0.4795319,6.0,-1,6.485487
0,55,1290.3172760009766,908.3720378875732,1275.6728515625,912.8067626953125,100.70541,10.0,1,28.285915
1,55,1292.430679321289,251.40218925476074,1277.7862548828125,255.8369140625,77.67081,8.0,1,26.050062
2,55,1419.0606842041016,369.38351249694824,1404.416259765625,373.8182373046875,42.40107,8.0,1,27.811607
3,55,946.0224151611328,497.0535259246826,931.3779907226562,501.4882507324219,37.58385,8.0,1,20.015627
4,55,1162.157485961914,23.764728546142578,1147.5130615234375,28.199453353881836,31.996582,8.0,1,27.53508
5,55,1384.9264068603516,229.24825859069824,1370.281982421875,233.6829833984375,24.446272,16.0,-1,11.08673
8,55,1300.7037506103516,369.6257610321045,1286.059326171875,374.06048583984375,9.951216,8.0,-1,29.45557
6,55,546.0234527587891,201.34858512878418,531.3790283203125,205.78330993652344,9.400801,12.0,-1,19.563486
11,55,215.8691864013672,460.724271774292,201.22476196289062,465.15899658203125,8.844983,8.0,1,22.820358
12,55,1040.4351959228516,860.003080368042,1025.790771484375,864.4378051757812,6.343752,10.0,-1,34.927105
10,55,325.39683532714844,92.36203575134277,310.7524108886719,96.79676055908203,5.9188037,10.0,-1,9.319518
7,55,526.5683441162109,329.1189250946045,511.9239196777344,333.55364990234375,5.8777313,12.0,-1,18.679714
139,55,1108.4044342041016,293.6365032196045,1093.760009765625,298.07122802734375,5.8618636,18.0,-1,9.436668
9,55,1256.984878540039,1087.0176677703857,1242.3404541015625,1091.452392578125,4.968385,10.0,-1,10.17468
13,55,1484.1566314697266,1050.1227703094482,1469.51220703125,1054.5574951171875,4.792296,8.0,1,1.0519485
14,55,171.93350219726562,985.655912399292,157.28907775878906,990.0906372070312,2.0457458,10.0,-1,22.275087
17,55,516.4022979736328,433.40585136413574,501.75787353515625,437.840576171875,1.3309611,10.0,-1,10.2128315
136,55,684.0200347900391,907.424222946167,669.3756103515625,911.8589477539062,0.6516575,8.0,-1,5.6232
0,56,1291.5221481323242,906.734540939331,1276.340576171875,911.81005859375,93.00431,10.0,1,27.621145
1,56,1292.8872604370117,251.5989818572998,1277.7056884765625,256.67449951171875,67.441124,8.0,1,26.457285
3,56,945.207878112793,494.78898429870605,930.0263061523438,499.864501953125,54.071728,8.0,1,19.550821
2,56,1419.1235885620117,369.1867198944092,1403.9420166015625,374.2622375488281,52.53973,8.0,1,28.347836
4,56,1161.1829147338867,23.0554256439209,1146.0013427734375,28.130943298339844,41.910828,8.0,1,27.92895
5,56,1385.0801315307617,230.69178581237793,1369.8985595703125,235.76730346679688,23.660051,16.0,-1,8.907123
11,56,216.68660736083984,459.0049877166748,201.50503540039062,464.08050537109375,12.167721,8.0,1,23.84634
13,56,1483.0236129760742,1051.4687938690186,1467.842041015625,1056.5443115234375,9.74585,8.0,1,0.9554906
139,56,1107.0870895385742,296.6507091522217,1091.905517578125,301.7262268066406,9.508985,18.0,-1,2.6706703
12,56,1039.4294967651367,857.0954418182373,1024.2479248046875,862.1709594726562,8.575646,10.0,-1,32.982197
9,56,1257.0657272338867,1088.7600536346436,1241.8841552734375,1093.8355712890625,8.084907,10.0,-1,14.344273
10,56,324.6914596557617,91.3940258026123,309.5098876953125,96.46954345703125,7.2268987,10.0,-1,12.9200115
8,56,1301.8384323120117,371.3134593963623,1286.6568603515625,376.38897705078125,6.612206,8.0,-1,26.366468
6,56,545.1934127807617,202.99053764343262,530.0118408203125,208.06605529785156,6.4896054,10.0,-1,21.434027
7,56,528.1322555541992,327.53788566589355,512.95068359375,332.6134033203125,5.8365083,12.0,-1,16.221542
14,56,171.87059783935547,983.0270824432373,156.68902587890625,988.1026000976562,1.9681402,10.0,-1,23.458746
17,56,518.201286315918,434.9442882537842,503.01971435546875,440.0198059082031,1.3216509,10.0,-1,10.236831
136,56,683.754508972168,909.1189403533936,668.5729370117188,914.1944580078125,0.55001694,14.0,-1,6.2910767
1,57,1292.965721130371,252.89306449890137,1277.82958984375,258.0415954589844,91.36463,8.0,1,27.192091
0,57,1292.273338317871,906.7461223602295,1277.13720703125,911.8946533203125,88.2465,10.0,1,28.253468
3,57,945.1294174194336,494.8185405731201,929.9932861328125,499.9670715332031,72.72898,8.0,1,21.144073
2,57,1420.196189880371,369.17513847351074,1405.06005859375,374.32366943359375,35.405567,8.0,1,27.760935
4,57,1161.003562927246,21.908777236938477,1145.867431640625,27.057308197021484,27.049723,8.0,1,27.298203
5,57,1383.3772201538086,232.876371383667,1368.2410888671875,238.02490234375,26.889915,16.0,-1,10.464264
8,57,1299.195213317871,368.8475933074951,1284.05908203125,373.9961242675781,12.434697,8.0,-1,28.014252
11,57,215.59931182861328,456.96154594421387,200.4631805419922,462.1100769042969,12.231927,8.0,1,23.844341
10,57,325.2973861694336,89.06749534606934,310.1612548828125,94.21602630615234,8.423593,10.0,-1,13.743454
6,57,545.3012313842773,202.82453727722168,530.1651000976562,207.9730682373047,7.62408,10.0,-1,19.798605
7,57,527.0859603881836,328.69637870788574,511.9498291015625,333.84490966796875,7.5277877,12.0,-1,13.485496
13,57,1480.393699645996,1052.2461223602295,1465.257568359375,1057.3946533203125,6.467024,8.0,1,0.6438252
9,57,1260.2820053100586,1088.091215133667,1245.1458740234375,1093.23974609375,6.1163325,10.0,-1,13.615635
12,57,1039.7832260131836,858.1884441375732,1024.6470947265625,863.3369750976562,5.9806714,8.0,-1,33.160515
139,57,1105.669334411621,296.011625289917,1090.533203125,301.16015625,5.895883,16.0,-1,3.1339173
14,57,172.65650177001953,982.8491497039795,157.52037048339844,987.9976806640625,2.8142245,8.0,-1,27.493116
17,57,520.395133972168,436.15145683288574,505.2590026855469,441.29998779296875,1.8818744,12.0,-1,10.071394
136,57,683.4981918334961,912.0310344696045,668.362060546875,917.1795654296875,0.48418412,8.0,-1,5.770199
0,58,1291.681510925293,906.9541149139404,1276.532470703125,911.8341064453125,93.92776,10.0,1,27.258278
1,58,1293.215202331543,255.05558586120605,1278.066162109375,259.9355773925781,92.998436,8.0,1,25.43932
3,58,945.0886764526367,494.8183422088623,929.9396362304688,499.6983337402344,51.917267,8.0,1,20.20922
5,58,1383.4179611206055,233.413480758667,1368.2689208984375,238.29347229003906,28.14283,16.0,-1,10.150551
4,58,1160.028678894043,20.364748001098633,1144.879638671875,25.244739532470703,27.962801,8.0,1,26.246504
2,58,1420.282585144043,370.5432872772217,1405.133544921875,375.42327880859375,26.547129,8.0,1,27.60662
139,58,1105.3344650268555,294.45863151550293,1090.1854248046875,299.338623046875,11.701463,16.0,-1,2.4959013
12,58,1041.655632019043,857.0571422576904,1026.506591796875,861.9371337890625,9.59732,8.0,-1,33.648537
8,58,1299.306755065918,370.49793815612793,1284.15771484375,375.3779296875,9.313634,8.0,-1,25.2371
7,58,525.4140548706055,329.08012199401855,510.2650146484375,333.9601135253906,9.116703,14.0,-1,12.261285
11,58,216.95484161376953,458.58680534362793,201.80580139160156,463.466796875,8.582547,8.0,1,25.157867
9,58,1261.534049987793,1089.3686656951904,1246.385009765625,1094.2486572265625,7.803371,10.0,-1,14.445433
6,58,545.924919128418,202.0206127166748,530.77587890625,206.90060424804688,7.6858788,10.0,-1,21.467382
10,58,326.42440032958984,86.73689842224121,311.2753601074219,91.61688995361328,7.430054,10.0,-1,16.366884
13,58,1479.5112228393555,1051.4165172576904,1464.3621826171875,1056.2965087890625,3.9914377,8.0,1,0.91365373
14,58,172.19074249267578,981.9851818084717,157.0417022705078,986.8651733398438,1.8695793,10.0,-1,27.654886
17,58,518.4826278686523,436.15165519714355,503.3335876464844,441.0316467285156,1.7546712,10.0,-1,13.277002
136,58,682.9810104370117,911.1134166717529,667.8319702148438,915.993408203125,1.0169107,6.0,-1,7.418701
0,59,1293.2099838256836,906.872236251831,1278.038818359375,912.001708984375,141.98244,10.0,1,28.313313
3,59,946.9106674194336,492.82938957214355,931.739501953125,497.9588623046875,71.20158,8.0,1,20.893135
1,59,1294.341453552246,255.34321403503418,1279.1702880859375,260.4726867675781,53.24452,8.0,1,26.149555
2,59,1420.855613708496,370.62516593933105,1405.6844482421875,375.754638671875,40.393524,8.0,1,27.24966
4,59,1159.625633239746,17.609664916992188,1144.4544677734375,22.739137649536133,30.039568,8.0,1,27.368526
5,59,1381.9643783569336,229.96066093444824,1366.793212890625,235.0901336669922,20.205202,16.0,-1,10.358921
139,59,1104.7444076538086,298.5359630584717,1089.5732421875,303.6654357910156,10.530636,8.0,1,2.1091483
11,59,217.42708587646484,459.05860710144043,202.25592041015625,464.1880798339844,10.4288225,8.0,1,23.942984
7,59,525.7402267456055,326.6134777069092,510.5690612792969,331.7429504394531,9.254699,14.0,-1,11.263093
6,59,544.8670883178711,198.59924125671387,529.6959228515625,203.7287139892578,9.144475,10.0,-1,21.143785
12,59,1041.542381286621,856.4749584197998,1026.3712158203125,861.6044311523438,8.780315,8.0,-1,30.627934
8,59,1298.8435287475586,369.16529655456543,1283.67236328125,374.2947692871094,8.00926,8.0,-1,26.591017
10,59,327.92269134521484,87.41972160339355,312.75152587890625,92.5491943359375,7.860399,10.0,-1,12.531332
9,59,1264.182029724121,1090.1743602752686,1249.0108642578125,1095.3038330078125,5.89876,10.0,-1,13.852979
13,59,1476.5249252319336,1053.268720626831,1461.353759765625,1058.398193359375,5.691242,16.0,-1,0.21808612
14,59,170.50984954833984,981.2177562713623,155.33868408203125,986.3472290039062,4.4570694,8.0,-1,29.469107
17,59,516.9509506225586,436.5778331756592,501.77978515625,441.7073059082031,3.0551443,10.0,-1,12.416555
136,59,683.0942611694336,915.9592113494873,667.923095703125,921.0886840820312,0.29115632,14.0,-1,5.1128874
0,60,1295.1446151733398,904.3183727264404,1279.79541015625,910.0321044921875,130.49203,10.0,1,28.4934
1,60,1294.5865097045898,256.43253898620605,1279.2373046875,262.1462707519531,75.29806,8.0,1,25.907104
3,60,945.4389877319336,492.59818840026855,930.0897827148438,498.3119201660156,64.79203,8.0,1,20.205208
2,60,1420.9761581420898,369.0079174041748,1405.626953125,374.7216491699219,36.78807,8.0,1,25.910645
4,60,1161.1488876342773,16.999801635742188,1145.7996826171875,22.713533401489258,28.885225,8.0,1,27.960781
5,60,1380.6953964233398,227.81579399108887,1365.34619140625,233.52952575683594,21.277193,18.0,-1,9.364626
11,60,217.82694244384766,460.06654167175293,202.4777374267578,465.7802734375,10.681418,8.0,1,23.623415
13,60,1474.9670028686523,1056.377332687378,1459.6177978515625,1062.091064453125,9.226518,8.0,1,0.4206205
7,60,527.3521347045898,326.56995964050293,512.0029296875,332.28369140625,9.068278,14.0,-1,10.375317
10,60,329.6915817260742,85.09805107116699,314.3423767089844,90.81178283691406,9.013453,10.0,-1,15.282564
139,60,1103.1032333374023,299.35194206237793,1087.7540283203125,305.065673828125,8.718564,14.0,-1,0.93628407
12,60,1043.2511825561523,856.6650524139404,1027.9019775390625,862.3787841796875,7.9990463,8.0,-1,26.949444
6,60,544.2151718139648,198.64275932312012,528.865966796875,204.3564910888672,7.281154,10.0,-1,23.066496
8,60,1297.2253036499023,367.96464347839355,1281.8760986328125,373.6783752441406,7.2665305,8.0,-1,26.14775
9,60,1262.6303329467773,1091.798231124878,1247.2811279296875,1097.511962890625,6.587692,10.0,-1,14.749834
14,60,170.52547454833984,980.7920665740967,155.17626953125,986.5057983398438,3.2245302,10.0,-1,20.501415
17,60,516.3504867553711,437.0469799041748,501.00128173828125,442.7607116699219,2.366398,10.0,-1,13.464417
136,60,683.0786361694336,917.6563243865967,667.7294311523438,923.3700561523438,0.57249093,8.0,-1,5.5278206
0,61,1292.4937362670898,903.9164409637451,1278.0458984375,910.0099487304688,132.39207,10.0,1,28.46429
1,61,1296.9890975952148,257.875394821167,1282.541259765625,263.9689025878906,80.94265,8.0,1,25.583948
3,61,946.4474105834961,493.62255668640137,931.9995727539062,499.716064453125,53.801052,8.0,1,18.98032
2,61,1420.1388778686523,370.43542289733887,1405.6910400390625,376.5289306640625,40.17475,8.0,1,26.457733
4,61,1160.5302352905273,18.537214279174805,1146.0823974609375,24.630722045898438,31.977377,8.0,1,26.39595
5,61,1380.1717147827148,227.56886100769043,1365.723876953125,233.66236877441406,29.615473,18.0,-1,10.517679
11,61,218.95838165283203,459.96969413757324,204.5105438232422,466.0632019042969,12.668457,8.0,1,24.647493
6,61,543.9828109741211,198.4175090789795,529.5349731445312,204.51101684570312,8.352897,10.0,-1,24.167055
12,61,1045.1104354858398,858.1021099090576,1030.66259765625,864.1956176757812,8.316772,8.0,-1,29.540546
13,61,1475.7433700561523,1058.4639873504639,1461.2955322265625,1064.5574951171875,8.146981,8.0,1,1.1984608
139,61,1105.8899765014648,300.18026542663574,1091.442138671875,306.2737731933594,8.079883,8.0,1,4.4287233
7,61,527.4383773803711,326.6668071746826,512.9905395507812,332.76031494140625,7.6950173,14.0,-1,10.688221
8,61,1295.8278427124023,366.1814250946045,1281.3800048828125,372.2749328613281,7.3064303,8.0,-1,26.543829
10,61,331.73412322998047,84.09041404724121,317.2862854003906,90.18392181396484,6.961347,10.0,-1,14.972273
9,61,1263.4987411499023,1090.8842754364014,1249.0509033203125,1096.977783203125,5.3892574,10.0,-1,15.197194
14,61,170.4392318725586,979.4677104949951,155.99139404296875,985.5612182617188,4.652227,10.0,-1,20.079926
17,61,512.4131088256836,435.80468559265137,497.96527099609375,441.898193359375,2.9858153,10.0,-1,11.638266
136,61,682.4021835327148,921.7531719207764,667.954345703125,927.8466796875,0.40508997,8.0,-1,5.1843376
0,62,1292.2546920776367,905.2952556610107,1277.674560546875,911.4108276367188,114.665794,10.0,1,28.154799
1,62,1300.5597457885742,256.281888961792,1285.9796142578125,262.3974609375,66.87733,8.0,1,26.49931
3,62,946.5177536010742,493.87899589538574,931.9376220703125,499.99456787109375,54.490387,8.0,1,20.368927
4,62,1160.4598922729492,20.121623992919922,1145.8797607421875,26.23719596862793,38.550102,8.0,1,27.24862
5,62,1380.9117965698242,225.43990898132324,1366.3316650390625,231.55548095703125,29.679502,18.0,-1,10.63534
2,62,1419.4804000854492,369.5025005340576,1404.9002685546875,375.6180725097656,28.09532,8.0,1,25.784674
11,62,219.9394760131836,460.7849712371826,205.35934448242188,466.9005432128906,12.001202,8.0,1,24.195753
6,62,542.820915222168,201.48478507995605,528.2407836914062,207.60035705566406,9.85493,10.0,-1,23.223228
9,62,1262.3767623901367,1089.9958782196045,1247.796630859375,1096.1114501953125,8.077242,10.0,-1,17.461714
12,62,1045.9978561401367,859.3807048797607,1031.417724609375,865.4962768554688,7.233938,10.0,-1,26.579178
8,62,1294.9456100463867,366.1361675262451,1280.365478515625,372.2517395019531,7.0259347,8.0,-1,24.09036
10,62,332.04271697998047,85.87114524841309,317.46258544921875,91.9867172241211,6.836328,10.0,-1,15.781814
7,62,528.072135925293,328.958646774292,513.4920043945312,335.07421875,6.168525,14.0,-1,10.333842
13,62,1473.4885787963867,1057.6604290008545,1458.908447265625,1063.7760009765625,5.7458043,16.0,-1,0.11664796
139,62,1105.0698776245117,299.9119243621826,1090.48974609375,306.0274963378906,5.620819,8.0,1,15.640107
14,62,173.2530746459961,977.7157878875732,158.67294311523438,983.8313598632812,3.5024996,8.0,-1,23.041872
17,62,513.0496444702148,432.202787399292,498.4695129394531,438.318359375,1.894547,10.0,-1,12.082369
136,62,681.5793380737305,921.7984294891357,666.9992065429688,927.9140014648438,0.2584111,8.0,-1,4.774037
0,63,1292.3115158081055,904.0245189666748,1277.668701171875,909.7481689453125,116.74204,10.0,1,27.646734
1,63,1300.5029220581055,256.23951530456543,1285.860107421875,261.9631652832031,88.70728,8.0,1,26.629938
3,63,946.6398239135742,494.6437511444092,931.9970092773438,500.3674011230469,61.72852,8.0,1,21.044735
4,63,1158.6125411987305,21.3338680267334,1143.9697265625,27.057518005371094,32.534527,8.0,1,25.494247
2,63,1418.0803146362305,369.8267345428467,1403.4375,375.5503845214844,30.279898,8.0,1,26.271475
5,63,1378.329948425293,225.09496879577637,1363.6871337890625,230.81861877441406,22.561522,18.0,-1,11.908728
8,63,1296.546012878418,364.3081798553467,1281.9031982421875,370.0318298339844,12.482896,8.0,-1,23.761484
11,63,218.67206573486328,461.20960807800293,204.0292510986328,466.9332580566406,12.388908,8.0,1,22.698597
6,63,544.1204147338867,204.06161308288574,529.4776000976562,209.78526306152344,11.269902,10.0,-1,25.542694
12,63,1046.5810470581055,860.995527267456,1031.938232421875,866.7191772460938,9.661202,10.0,-1,23.411057
10,63,330.81917572021484,84.45641899108887,316.1763610839844,90.18006896972656,9.560332,10.0,-1,14.19816
7,63,525.806510925293,329.00102043151855,511.1636962890625,334.72467041015625,7.8421707,14.0,-1,13.656947
13,63,1471.583854675293,1056.5959300994873,1456.9410400390625,1062.319580078125,7.38985,8.0,1,0.28722525
9,63,1264.916374206543,1088.3401927947998,1250.2735595703125,1094.0638427734375,6.949469,8.0,-1,18.726826
14,63,174.61249542236328,978.0035228729248,159.9696807861328,983.7271728515625,5.53517,10.0,-1,24.98902
139,63,1105.5649337768555,300.1669445037842,1090.922119140625,305.8905944824219,5.253098,8.0,1,13.816906
17,63,512.4924850463867,429.74833488464355,497.84967041015625,435.47198486328125,2.0245588,10.0,-1,13.519513
136,63,686.500358581543,918.0637035369873,671.8575439453125,923.787353515625,0.58686596,6.0,-1,5.8807774
0,64,1292.6245956420898,902.7647533416748,1277.4986572265625,907.9817504882812,113.51203,10.0,1,28.442238
3,64,947.3611679077148,498.5424327850342,932.2352294921875,503.7594299316406,64.71544,8.0,1,19.552357
1,64,1300.1398544311523,256.21070671081543,1285.013916015625,261.4277038574219,50.042892,8.0,1,25.036343
2,64,1417.0660018920898,369.63929557800293,1401.9400634765625,374.8562927246094,25.984167,8.0,1,26.724579
4,64,1158.5713729858398,23.310510635375977,1143.4454345703125,28.527507781982422,21.102104,8.0,1,25.06245
5,64,1376.6119003295898,225.16090202331543,1361.4859619140625,230.37789916992188,19.120037,18.0,-1,11.448545
12,64,1046.6353378295898,861.024335861206,1031.5093994140625,866.2413330078125,11.879032,8.0,-1,28.047316
6,64,543.4829940795898,202.40702629089355,528.3570556640625,207.6240234375,11.670758,10.0,-1,25.247507
11,64,218.7132339477539,461.02091789245605,203.58729553222656,466.2379150390625,10.1102705,8.0,1,23.510971
8,64,1293.1418075561523,362.4123363494873,1278.015869140625,367.62933349609375,9.483722,8.0,-1,29.078157
10,64,332.4814682006836,84.87945365905762,317.35552978515625,90.09645080566406,7.703173,10.0,-1,14.491249
9,64,1266.7630233764648,1088.1687450408936,1251.6370849609375,1093.3857421875,7.183592,10.0,-1,17.178965
7,64,524.042594909668,328.2263927459717,508.9166564941406,333.4433898925781,6.5567937,14.0,-1,11.733223
14,64,173.42107391357422,979.2344188690186,158.29513549804688,984.451416015625,6.04722,8.0,-1,26.562819
13,64,1473.1794052124023,1061.0684032440186,1458.053466796875,1066.285400390625,5.719499,8.0,1,0.14179295
139,64,1103.6527938842773,302.1315441131592,1088.52685546875,307.3485412597656,5.384558,8.0,1,16.209845
17,64,514.1863632202148,429.17497062683105,499.0604248046875,434.3919677734375,2.4248962,10.0,-1,14.775702
136,64,687.7343368530273,922.7615795135498,672.6083984375,927.9785766601562,0.44410965,8.0,-1,3.92201
0,65,1292.8408737182617,904.7471141815186,1278.2513427734375,909.7017211914062,90.23449,10.0,1,27.577497
1,65,1298.3776168823242,254.61320304870605,1283.7880859375,259.56781005859375,63.500656,8.0,1,26.067146
3,65,949.0667037963867,498.8704357147217,934.4771728515625,503.8250427246094,48.908833,8.0,1,19.43049
4,65,1156.6704635620117,21.653289794921875,1142.0809326171875,26.60789680480957,26.973635,8.0,1,24.890413
5,65,1374.9288864135742,223.25890922546387,1360.33935546875,228.21351623535156,26.139868,18.0,-1,13.224459
2,65,1416.6525192260742,370.48194694519043,1402.06298828125,375.4365539550781,23.37525,8.0,1,25.358507
11,65,219.47640228271484,462.8541088104248,204.88687133789062,467.8087158203125,12.503453,8.0,1,22.998705
8,65,1293.9822311401367,360.8354320526123,1279.3927001953125,365.7900390625,11.830551,8.0,-1,31.671515
6,65,542.8745651245117,200.82061576843262,528.2850341796875,205.7752227783203,9.883701,10.0,-1,27.791859
12,65,1049.0496139526367,861.024335861206,1034.4600830078125,865.9789428710938,8.86633,10.0,-1,27.788187
10,65,334.30135345458984,83.42472648620605,319.7118225097656,88.37933349609375,7.9599366,10.0,-1,15.246077
7,65,524.042594909668,327.5897960662842,509.45306396484375,332.5444030761719,7.8972363,14.0,-1,10.284721
139,65,1102.3826217651367,301.0888500213623,1087.7930908203125,306.04345703125,6.264522,8.0,1,15.247053
9,65,1265.6919479370117,1089.6307201385498,1251.1024169921875,1094.5853271484375,6.2070327,10.0,-1,13.852606
13,65,1473.9376754760742,1061.8073558807373,1459.34814453125,1066.761962890625,5.710366,8.0,1,1.3817849
14,65,173.47631072998047,979.965009689331,158.88677978515625,984.9196166992188,4.1124306,8.0,-1,29.829472
17,65,512.9940414428711,433.1602611541748,498.4045104980469,438.1148681640625,2.4410746,10.0,-1,12.63576
0,66,1291.6215744018555,904.5456981658936,1277.48388671875,909.8246459960938,106.98551,10.0,1,27.754013
1,66,1299.4724044799805,254.0441722869873,1285.334716796875,259.3231201171875,41.647938,8.0,1,25.421751
3,66,951.0136642456055,499.90263175964355,936.8759765625,505.18157958984375,33.34122,8.0,1,18.789034
5,66,1373.890739440918,221.19100761413574,1359.7530517578125,226.46995544433594,31.15375,18.0,-1,12.360683
4,66,1156.0727462768555,24.946508407592773,1141.93505859375,30.22545623779297,30.390633,8.0,1,26.611149
2,66,1419.9684982299805,372.4812755584717,1405.830810546875,377.7602233886719,26.967478,8.0,1,26.830816
11,66,220.7276382446289,461.5456066131592,206.58995056152344,466.8245544433594,12.91341,8.0,1,22.450428
12,66,1046.7734298706055,862.6282176971436,1032.6357421875,867.9071655273438,9.085862,10.0,-1,29.554749
10,66,337.95699310302734,82.45791435241699,323.8193054199219,87.73686218261719,8.712413,10.0,-1,17.008282
6,66,542.7119674682617,198.59258842468262,528.5742797851562,203.8715362548828,8.62983,10.0,-1,23.877102
8,66,1296.700065612793,361.23878288269043,1282.5623779296875,366.5177307128906,8.18794,8.0,-1,28.48256
7,66,523.3689804077148,326.6835460662842,509.2312927246094,331.9624938964844,7.409372,14.0,-1,9.594992
139,66,1102.9235763549805,301.46607780456543,1088.785888671875,306.7450256347656,7.1200776,8.0,1,15.42766
9,66,1263.6257247924805,1090.0939769744873,1249.488037109375,1095.3729248046875,6.202194,10.0,-1,13.329771
13,66,1471.474479675293,1060.3858470916748,1457.3367919921875,1065.664794921875,6.070968,8.0,1,0.61207473
14,66,174.22431182861328,979.965009689331,160.0866241455078,985.2439575195312,3.1943324,8.0,-1,31.482515
17,66,512.9940414428711,433.84013175964355,498.8563537597656,439.11907958984375,1.4630827,12.0,-1,10.699485
0,67,1290.696891784668,903.7756481170654,1276.2930908203125,909.8828125,112.76464,10.0,1,26.518507
1,67,1302.263053894043,254.0793285369873,1287.8592529296875,260.1864929199219,84.6952,8.0,1,27.249151
3,67,952.3389205932617,499.90263175964355,937.9351196289062,506.0097961425781,81.79653,8.0,1,20.75996
4,67,1156.495231628418,25.5784854888916,1142.0914306640625,31.685649871826172,41.033962,8.0,1,24.821344
2,67,1419.9684982299805,371.5268077850342,1405.564697265625,377.63397216796875,32.70162,8.0,1,25.679201
5,67,1375.9912033081055,220.64108085632324,1361.58740234375,226.7482452392578,23.893633,18.0,-1,11.732502
11,67,221.08228302001953,463.28114128112793,206.67848205566406,469.3883056640625,14.79386,8.0,1,22.32779
7,67,521.4716110229492,328.4969310760498,507.06781005859375,334.6040954589844,10.268113,14.0,-1,7.569112
8,67,1298.5314865112305,360.6842784881592,1284.127685546875,366.79144287109375,10.013495,8.0,-1,30.980356
13,67,1468.228385925293,1062.156385421753,1453.8245849609375,1068.2635498046875,9.002431,8.0,1,0.25169182
6,67,540.8513717651367,196.75195121765137,526.4475708007812,202.85911560058594,8.23479,10.0,-1,22.309336
10,67,336.6305465698242,80.60532188415527,322.22674560546875,86.71248626708984,7.0250473,10.0,-1,15.343282
9,67,1258.6787033081055,1091.3818492889404,1244.27490234375,1097.489013671875,6.1794567,10.0,-1,13.263942
139,67,1101.8622970581055,301.30265617370605,1087.45849609375,307.4098205566406,6.115723,8.0,1,11.440943
12,67,1041.790153503418,865.8598155975342,1027.3863525390625,871.9669799804688,5.601395,10.0,-1,30.858408
14,67,174.71063995361328,977.5968151092529,160.3068389892578,983.7039794921875,3.4298275,8.0,-1,30.770252
17,67,513.9692001342773,434.9561290740967,499.5653991699219,441.06329345703125,1.9543921,12.0,-1,7.9446974
136,67,690.5280685424805,917.5152721405029,676.124267578125,923.6224365234375,0.26162505,8.0,-1,3.753079
0,68,1293.1061782836914,905.591386795044,1277.91650390625,912.2637939453125,100.93375,10.0,1,28.536715
1,68,1302.076271057129,255.02070808410645,1286.8865966796875,261.693115234375,46.427658,8.0,1,25.941866
3,68,951.7499160766602,499.67625617980957,936.5602416992188,506.3486633300781,45.35552,8.0,1,19.98004
2,68,1418.2424087524414,370.1042652130127,1403.052734375,376.77667236328125,27.715363,8.0,1,25.884457
4,68,1158.843849182129,23.866029739379883,1143.6541748046875,30.538436889648438,26.72215,8.0,1,24.442348
5,68,1376.167091369629,222.73347663879395,1360.9774169921875,229.4058837890625,26.696608,18.0,-1,13.054119
11,68,223.12517547607422,461.1539478302002,207.9355010986328,467.82635498046875,15.318744,8.0,1,23.366457
7,68,521.1101455688477,329.76948738098145,505.92047119140625,336.44189453125,11.029925,14.0,-1,9.7252445
6,68,541.8750381469727,195.33801460266113,526.6853637695312,202.0104217529297,9.386425,10.0,-1,23.134768
8,68,1297.691749572754,361.85334968566895,1282.5020751953125,368.5257568359375,8.238631,8.0,-1,30.54298
10,68,336.6886672973633,80.83169746398926,321.4989929199219,87.50410461425781,7.9729996,10.0,-1,16.745384
12,68,1041.732032775879,864.9945850372314,1026.5423583984375,871.6669921875,7.864406,8.0,-1,35.914528
9,68,1257.6598892211914,1087.9257373809814,1242.47021484375,1094.59814453125,6.592365,10.0,-1,14.899197
139,68,1102.514991760254,299.77476692199707,1087.3253173828125,306.4471740722656,6.514452,8.0,1,10.7939625
13,68,1467.321388244629,1062.921464920044,1452.1317138671875,1069.5938720703125,5.6715093,8.0,1,1.0554731
14,68,172.8088607788086,978.066972732544,157.6191864013672,984.7393798828125,2.725107,10.0,-1,24.071367
17,68,514.6123428344727,438.00801277160645,499.42266845703125,444.680419921875,2.217619,14.0,-1,6.209246
136,68,691.3321914672852,913.3817920684814,676.1425170898438,920.05419921875,0.29906568,8.0,-1,2.908812
0,69,1289.8082656860352,905.5209522247314,1274.3541259765625,912.2765502929688,85.973335,10.0,1,27.704323
1,69,1300.0969619750977,255.26188850402832,1284.642822265625,262.0174865722656,64.474045,8.0,1,25.82517
3,69,952.0461196899414,499.27363777160645,936.5919799804688,506.02923583984375,49.63506,8.0,1,20.012604
5,69,1375.5106582641602,223.4521656036377,1360.0565185546875,230.207763671875,24.724226,18.0,-1,11.498574
2,69,1419.1063613891602,371.30781745910645,1403.6522216796875,378.06341552734375,23.99185,8.0,1,26.703724
4,69,1158.8339004516602,23.094079971313477,1143.3797607421875,29.84967803955078,21.797098,8.0,1,22.389383
11,69,224.61011505126953,462.2399158477783,209.15597534179688,468.9955139160156,11.939068,8.0,1,22.797651
7,69,522.9157180786133,328.9410572052002,507.4615783691406,335.6966552734375,10.007358,14.0,-1,9.557202
6,69,544.0559463500977,194.74487495422363,528.601806640625,201.50047302246094,9.308859,10.0,-1,24.431913
12,69,1039.5095596313477,865.065019607544,1024.055419921875,871.8206176757812,9.049987,8.0,-1,34.100986
13,69,1465.9164199829102,1063.4290943145752,1450.4622802734375,1070.1846923828125,8.90162,16.0,-1,0.3056215
9,69,1255.3620986938477,1087.5081958770752,1239.907958984375,1094.2637939453125,7.924228,10.0,-1,18.538233
8,69,1298.1354141235352,361.07579231262207,1282.6812744140625,367.8313903808594,7.829855,8.0,-1,32.081608
10,69,341.0601272583008,79.97296333312988,325.6059875488281,86.72856140136719,6.3203053,10.0,-1,14.111623
139,69,1102.5249404907227,299.2910327911377,1087.07080078125,306.046630859375,4.398238,8.0,1,10.924224
14,69,168.04068756103516,981.7937183380127,152.5865478515625,988.54931640625,1.6167026,10.0,-1,23.399937
17,69,511.96021270751953,443.38267707824707,496.5060729980469,450.1382751464844,1.5600395,14.0,-1,5.495021
136,69,692.9600601196289,917.3263111114502,677.5059204101562,924.0819091796875,0.2654427,8.0,-1,3.5995774
1,70,1301.7478408813477,254.8111743927002,1285.976806640625,262.20556640625,86.07696,8.0,1,27.448353
0,70,1291.7511367797852,906.1335010528564,1275.9801025390625,913.5278930664062,85.80207,10.0,1,27.427929
3,70,953.4210586547852,498.76255989074707,937.6500244140625,506.1569519042969,43.59071,8.0,1,20.576063
2,70,1421.7320938110352,370.72224617004395,1405.9610595703125,378.11663818359375,35.49411,8.0,1,26.426996
5,70,1375.5106582641602,222.87053108215332,1359.7396240234375,230.26492309570312,27.798052,18.0,-1,11.7693615
4,70,1157.8740615844727,24.379167556762695,1142.10302734375,31.7735595703125,24.390825,8.0,1,21.33301
6,70,547.3898086547852,194.79084968566895,531.6187744140625,202.18524169921875,12.762521,10.0,-1,28.00513
11,70,227.15491485595703,459.4084949493408,211.38388061523438,466.8028869628906,11.380695,8.0,1,23.188133
12,70,1035.747901916504,865.1623096466064,1019.9768676757812,872.5567016601562,10.893353,8.0,-1,29.92924
9,70,1259.7473526000977,1089.8929615020752,1243.976318359375,1097.287353515625,9.005312,10.0,-1,18.115583
7,70,522.0667190551758,328.8811511993408,506.2956848144531,336.2755432128906,8.984194,16.0,-1,7.9400644
8,70,1297.9194717407227,359.4044361114502,1282.1484375,366.798828125,8.417557,8.0,-1,34.757416
13,70,1464.2153701782227,1062.7801685333252,1448.4443359375,1070.174560546875,7.685785,18.0,-1,0.7219782
10,70,343.73892974853516,80.94646644592285,327.9678955078125,88.34085845947266,6.014126,10.0,-1,15.591371
139,70,1101.8780899047852,299.8084888458252,1086.1070556640625,307.202880859375,5.3017106,10.0,1,8.005968
14,70,164.50984954833984,983.111406326294,148.7388153076172,990.5057983398438,3.1753109,8.0,-1,29.501225
17,70,511.42337799072266,443.38267707824707,495.65234375,450.7770690917969,2.2619767,14.0,-1,2.7389045
0,71,1293.8686904907227,906.5270557403564,1278.0462646484375,913.6783447265625,102.912025,10.0,1,28.093718
1,71,1301.7046279907227,257.00462532043457,1285.8822021484375,264.1559143066406,64.78588,8.0,1,27.97408
3,71,955.5417861938477,498.75227546691895,939.7193603515625,505.903564453125,37.83705,8.0,1,20.554295
2,71,1423.6788711547852,371.1079273223877,1407.8564453125,378.25921630859375,32.078537,8.0,1,26.653988
4,71,1157.4650039672852,25.14970588684082,1141.642578125,32.300994873046875,25.683374,8.0,1,24.047764
5,71,1376.1018447875977,222.78099250793457,1360.2794189453125,229.93228149414062,24.294098,18.0,-1,11.782936
7,71,523.3381423950195,329.36595344543457,507.5157165527344,336.5172424316406,10.614886,16.0,-1,5.829128
12,71,1034.534278869629,865.1623096466064,1018.7118530273438,872.3135986328125,10.393447,8.0,-1,29.67916
11,71,227.43816375732422,459.05284309387207,211.61573791503906,466.2041320800781,10.111514,8.0,1,23.771423
9,71,1261.4663467407227,1088.913408279419,1245.6439208984375,1096.064697265625,9.914867,8.0,-1,20.919844
6,71,546.9957656860352,196.11799812316895,531.17333984375,203.269287109375,9.565739,10.0,-1,25.370813
8,71,1297.9194717407227,358.3642749786377,1282.0970458984375,365.51556396484375,8.420647,8.0,-1,35.482952
10,71,343.07788848876953,83.17769813537598,327.2554626464844,90.32898712158203,8.160569,10.0,-1,14.9341545
13,71,1463.8428115844727,1060.7865772247314,1448.0203857421875,1067.9378662109375,8.082391,18.0,-1,0.47282928
139,71,1103.5282363891602,297.9299488067627,1087.705810546875,305.08123779296875,4.6684523,8.0,1,13.486148
14,71,163.91996002197266,984.9933643341064,148.0975341796875,992.1446533203125,3.9730093,8.0,-1,31.1139
17,71,508.6651077270508,442.4845447540283,492.8426818847656,449.6358337402344,1.7617866,14.0,-1,2.1998763
0,72,1293.5041885375977,906.7189197540283,1277.8848876953125,914.1121215820312,148.4923,10.0,1,28.843565
1,72,1300.4519424438477,256.6671314239502,1284.8326416015625,264.0603332519531,71.54323,8.0,1,26.694405
3,72,953.7986831665039,498.8286609649658,938.1793823242188,506.22186279296875,54.444363,8.0,1,19.76767
2,72,1425.4718399047852,372.44185066223145,1409.8525390625,379.8350524902344,43.796886,8.0,1,26.407513
4,72,1155.6252822875977,25.60524559020996,1140.0059814453125,32.99844741821289,26.931305,8.0,1,18.673847
5,72,1374.3102188110352,222.0605640411377,1358.69091796875,229.45376586914062,23.026308,18.0,-1,12.287
12,72,1035.5350723266602,866.2414417266846,1019.915771484375,873.6346435546875,20.081718,8.0,-1,27.378061
7,72,523.5762100219727,328.6680164337158,507.9569091796875,336.06121826171875,14.44173,16.0,-1,6.4260035
11,72,229.70174407958984,457.29100227355957,214.0824432373047,464.6842041015625,11.53381,8.0,1,24.301128
6,72,547.5763320922852,198.379976272583,531.95703125,205.77317810058594,10.43753,10.0,-1,23.39138
9,72,1260.6136856079102,1088.4675159454346,1244.994384765625,1095.8607177734375,6.8141065,8.0,-1,20.033916
13,72,1465.5331192016602,1066.203477859497,1449.913818359375,1073.5966796875,5.650085,16.0,-1,0.42569882
8,72,1303.4316787719727,358.0679187774658,1287.8123779296875,365.46112060546875,5.6241913,8.0,-1,31.525919
10,72,344.6717300415039,81.12938117980957,329.05242919921875,88.5225830078125,5.5799103,10.0,-1,14.080387
139,72,1103.5282363891602,297.9299488067627,1087.908935546875,305.3231506347656,5.0015135,6.0,1,11.023272
14,72,162.22003936767578,987.2310047149658,146.60073852539062,994.6242065429688,2.6955292,8.0,-1,26.878185
17,72,505.93314361572266,438.6825428009033,490.3138427734375,446.07574462890625,2.1123984,14.0,-1,2.7735734
136,72,689.8796768188477,916.7264881134033,674.2603759765625,924.1196899414062,0.24027906,14.0,-1,3.1129189
0,73,1293.4853897094727,906.6083850860596,1277.733642578125,914.0197143554688,104.24297,10.0,1,28.800604
1,73,1299.8817520141602,257.52351570129395,1284.1300048828125,264.9348449707031,54.731445,8.0,1,26.252499
3,73,953.8174819946289,498.81663703918457,938.0657348632812,506.22796630859375,53.246353,8.0,1,20.829308
2,73,1424.6373672485352,370.80125617980957,1408.8856201171875,378.21258544921875,36.553707,8.0,1,26.359219
4,73,1155.7641983032227,26.728044509887695,1140.012451171875,34.139373779296875,34.76844,8.0,1,19.00001
5,73,1375.6047744750977,222.07258796691895,1359.85302734375,229.48391723632812,22.039347,18.0,-1,11.194986
7,73,522.8709487915039,328.2743091583252,507.11920166015625,335.6856384277344,13.193905,16.0,-1,6.377119
12,73,1035.993995666504,866.0687122344971,1020.2422485351562,873.4800415039062,11.603868,10.0,-1,26.78472
11,73,230.3512954711914,457.5969409942627,214.59954833984375,465.0082702636719,8.508616,8.0,1,23.91612
8,73,1303.8224258422852,356.5035877227783,1288.0706787109375,363.9149169921875,8.48939,8.0,-1,34.836876
9,73,1260.5183486938477,1084.7222156524658,1244.7666015625,1092.133544921875,8.139348,10.0,-1,18.543789
10,73,344.45609283447266,79.50803565979004,328.704345703125,86.91936492919922,7.8819523,10.0,-1,9.9156
6,73,547.2533340454102,199.20781135559082,531.5015869140625,206.619140625,6.945556,10.0,-1,22.917671
13,73,1465.3274307250977,1068.4115467071533,1449.57568359375,1075.8228759765625,6.813647,8.0,1,1.0784906
139,73,1104.1256484985352,298.04280281066895,1088.3739013671875,305.4541320800781,5.1818795,6.0,1,7.6694756
14,73,162.6640396118164,993.0786609649658,146.91229248046875,1000.489990234375,3.4654074,8.0,-1,24.639645
17,73,504.0880813598633,442.55467414855957,488.3363342285156,449.96600341796875,2.630662,14.0,-1,4.836583
136,73,689.9031143188477,915.4006824493408,674.1513671875,922.81201171875,0.30073497,10.0,-1,3.0624647
0,74,1293.081916809082,906.1500568389893,1277.2738037109375,913.2220458984375,96.805176,10.0,1,27.982908
1,74,1301.7094802856445,257.0596332550049,1285.9013671875,264.1316223144531,80.96035,8.0,1,27.571802
3,74,953.863166809082,498.74841499328613,938.0550537109375,505.8204040527344,59.10722,8.0,1,18.948656
2,74,1425.3718338012695,371.002290725708,1409.563720703125,378.07427978515625,35.01456,8.0,1,28.067915
4,74,1155.7185134887695,27.239046096801758,1139.910400390625,34.31103515625,29.103102,8.0,1,18.346615
5,74,1373.6203689575195,225.59466743469238,1357.812255859375,232.66665649414062,26.038992,18.0,-1,11.727663
12,74,1035.8754959106445,864.9004230499268,1020.0673828125,871.972412109375,16.869764,10.0,-1,28.124788
11,74,230.30095672607422,458.4732074737549,214.4928436279297,465.5451965332031,11.74862,8.0,1,23.08398
7,74,522.642707824707,329.3392963409424,506.8345947265625,336.4112854003906,10.057741,14.0,-1,7.1075506
6,74,546.6594924926758,198.37445259094238,530.8513793945312,205.44644165039062,9.166783,10.0,-1,19.665974
8,74,1303.9199295043945,355.09057807922363,1288.11181640625,362.1625671386719,8.894775,8.0,-1,34.97373
13,74,1465.2397537231445,1068.9215412139893,1449.431640625,1075.9935302734375,8.46647,18.0,-1,0.41484398
9,74,1262.8601150512695,1084.0099201202393,1247.052001953125,1091.0819091796875,7.4065013,10.0,-1,18.175888
10,74,345.6668167114258,78.81182289123535,329.85870361328125,85.8838119506836,6.60871,10.0,-1,12.201946
14,74,165.71634674072266,996.8948078155518,149.90823364257812,1003.966796875,6.3979506,10.0,-1,19.772665
139,74,1103.2778396606445,297.6804828643799,1087.4697265625,304.7524719238281,5.0310335,6.0,1,4.5500727
17,74,509.10269927978516,442.622896194458,493.2945861816406,449.69488525390625,1.4188805,14.0,-1,6.50931
136,74,690.3766555786133,916.0990314483643,674.5685424804688,923.1710205078125,0.5386006,8.0,-1,5.655596
0,75,1294.8524551391602,905.198320388794,1279.27197265625,912.2269897460938,99.3995,10.0,1,28.584593
2,75,1425.4281387329102,370.9353504180908,1409.84765625,377.9640197753906,53.24564,8.0,1,28.555851
3,75,951.6101455688477,498.80967903137207,936.0296630859375,505.8383483886719,51.983692,8.0,1,20.542473
1,75,1303.1359024047852,258.4188709259033,1287.555419921875,265.4475402832031,51.485477,8.0,1,26.665007
4,75,1155.2678604125977,29.08125114440918,1139.6873779296875,36.109920501708984,29.557692,8.0,1,19.18655
5,75,1371.5741348266602,227.70906257629395,1355.99365234375,234.73773193359375,23.403221,18.0,-1,13.739282
12,75,1035.4784317016602,862.8331470489502,1019.89794921875,869.86181640625,21.742037,8.0,-1,29.806448
7,75,519.8614883422852,331.51875495910645,504.281005859375,338.54742431640625,14.89204,16.0,-1,6.0554776
11,75,231.54059600830078,458.41194343566895,215.96011352539062,465.44061279296875,11.938571,8.0,1,24.117468
13,75,1463.6078262329102,1071.5930347442627,1448.02734375,1078.6217041015625,9.487529,18.0,-1,0.94421476
14,75,167.6474838256836,1001.7111377716064,152.06700134277344,1008.7398071289062,7.2137504,10.0,-1,20.751543
6,75,543.4928970336914,199.13940620422363,527.9124145507812,206.16807556152344,6.924822,12.0,-1,20.453594
10,75,345.61051177978516,79.07277870178223,330.030029296875,86.10144805908203,6.851908,10.0,-1,11.23431
9,75,1263.6966934204102,1081.8270435333252,1248.1162109375,1088.855712890625,6.705794,10.0,-1,18.788584
139,75,1103.5475234985352,294.64119148254395,1087.967041015625,301.66986083984375,6.62043,8.0,1,6.1846642
8,75,1304.5535049438477,353.5180835723877,1288.9730224609375,360.5467529296875,6.0010543,8.0,-1,33.358826
17,75,507.22681427001953,441.4675464630127,491.6463317871094,448.4962158203125,2.4823148,12.0,-1,7.441991
136,75,692.0773696899414,914.4765186309814,676.4968872070312,921.5051879882812,0.3883486,10.0,-1,3.7704635
0,76,1294.9862442016602,906.1292209625244,1280.0377197265625,912.106201171875,149.22508,10.0,1,28.433636
1,76,1303.3490371704102,258.09095191955566,1288.4005126953125,264.06793212890625,61.65485,8.0,1,27.465677
3,76,949.1907119750977,498.09949684143066,934.2421875,504.07647705078125,56.644268,8.0,1,20.932722
2,76,1423.2196426391602,372.05994606018066,1408.2711181640625,378.03692626953125,42.309383,8.0,1,27.790806
4,76,1155.1340713500977,30.70829200744629,1140.185546875,36.685272216796875,31.60357,8.0,1,13.989067
5,76,1370.8675918579102,227.81514930725098,1355.9190673828125,233.79212951660156,23.694063,18.0,-1,12.254739
12,76,1036.5712051391602,862.7270603179932,1021.6226806640625,868.7040405273438,15.994786,10.0,-1,30.607044
8,76,1300.6821670532227,354.08277320861816,1285.733642578125,360.05975341796875,13.247508,8.0,-1,34.70499
7,76,522.0208206176758,330.78843116760254,507.0722961425781,336.7654113769531,12.34695,16.0,-1,3.254096
11,76,230.27262115478516,457.38318824768066,215.3240966796875,463.36016845703125,10.160153,8.0,1,22.914135
13,76,1463.0979385375977,1076.0203342437744,1448.1494140625,1081.997314453125,7.6265283,18.0,-1,0.42987213
6,76,542.4870376586914,199.57607460021973,527.5385131835938,205.5530548095703,6.9115067,12.0,-1,20.007662
9,76,1264.0481338500977,1079.1580295562744,1249.099609375,1085.135009765625,6.8413634,10.0,-1,18.635853
10,76,347.2203140258789,80.76040077209473,332.27178955078125,86.73738098144531,6.3644366,10.0,-1,12.592175
139,76,1104.6194229125977,296.5683078765869,1089.6708984375,302.5452880859375,4.5005,6.0,1,6.7746673
14,76,164.97846221923828,1001.4647312164307,150.02993774414062,1007.4417114257812,3.544367,10.0,-1,21.718027
17,76,507.6463088989258,439.52686500549316,492.6977844238281,445.50384521484375,1.5693669,12.0,-1,10.10621
136,76,693.2324600219727,912.6793308258057,678.283935546875,918.6563110351562,0.18178856,10.0,-1,2.9800088
0,77,1295.0094985961914,906.2978916168213,1279.513671875,912.2789916992188,120.752106,10.0,1,28.935625
1,77,1305.177833557129,258.06565284729004,1289.6820068359375,264.0467529296875,87.026764,8.0,1,27.554586
3,77,949.9828872680664,498.6820774078369,934.487060546875,504.6631774902344,33.46103,8.0,1,20.255056
5,77,1368.1330337524414,228.0757541656494,1352.63720703125,234.05685424804688,32.45353,18.0,-1,12.625626
2,77,1421.9882583618164,370.11692237854004,1406.492431640625,376.0980224609375,27.527277,8.0,1,27.145422
4,77,1157.4733657836914,31.190492630004883,1141.9775390625,37.171592712402344,26.327995,8.0,1,13.855909
12,77,1037.4441299438477,863.2432651519775,1021.9483032226562,869.224365234375,17.193903,10.0,-1,29.091356
7,77,521.2756423950195,330.3773899078369,505.7798156738281,336.3584899902344,15.584647,16.0,-1,5.4784055
8,77,1299.1781997680664,353.8887119293213,1283.682373046875,359.86981201171875,10.863575,8.0,-1,28.951235
11,77,230.01757049560547,456.98450660705566,214.52174377441406,462.9656066894531,9.639561,8.0,1,21.923634
10,77,347.2464065551758,76.15860939025879,331.7505798339844,82.13970947265625,7.8335896,10.0,-1,11.536147
13,77,1463.340919494629,1079.1929721832275,1447.8450927734375,1085.174072265625,7.764585,16.0,-1,0.21470699
6,77,541.9939956665039,196.86443519592285,526.4981689453125,202.8455352783203,7.4330487,12.0,-1,20.462679
139,77,1107.339698791504,297.2058506011963,1091.8438720703125,303.18695068359375,6.758241,6.0,1,5.241426
9,77,1264.0248794555664,1079.18332862854,1248.529052734375,1085.1644287109375,6.1177554,10.0,-1,17.737383
14,77,161.0219955444336,1000.2610874176025,145.5261688232422,1006.2421875,2.5649738,10.0,-1,17.073244
17,77,505.37516021728516,441.5793857574463,489.87933349609375,447.56048583984375,2.2849777,10.0,-1,10.401344
136,77,698.7739639282227,910.0668125152588,683.2781372070312,916.0479125976562,0.48441696,8.0,-1,5.3434467
0,78,1295.1093521118164,908.2763767242432,1279.6129150390625,913.99658203125,109.74954,10.0,1,28.875416
1,78,1305.476417541504,258.5066623687744,1289.97998046875,264.22686767578125,56.451443,8.0,1,27.088604
3,78,948.0260391235352,502.1913242340088,932.5296020507812,507.9115295410156,38.143982,8.0,1,19.718843
2,78,1419.6073989868164,371.48267555236816,1404.1109619140625,377.202880859375,37.58998,8.0,1,26.813263
5,78,1367.870704650879,226.38613319396973,1352.374267578125,232.10633850097656,30.691925,18.0,-1,12.940528
4,78,1158.538185119629,30.63239097595215,1143.041748046875,36.352596282958984,18.676676,8.0,1,15.325928
12,78,1037.2250747680664,862.0693454742432,1021.7286376953125,867.78955078125,15.007806,8.0,-1,27.216257
7,78,519.8486099243164,330.3566074371338,504.3521728515625,336.0768127441406,14.461587,16.0,-1,6.4633784
8,78,1299.5290298461914,354.3912754058838,1284.0325927734375,360.1114807128906,13.00415,8.0,-1,30.492977
11,78,228.1031265258789,455.4586582183838,212.606689453125,461.1788635253906,10.1523695,8.0,1,22.729435
6,78,542.0732192993164,196.51137733459473,526.5767822265625,202.23158264160156,9.372073,12.0,-1,19.624922
10,78,346.20951080322266,76.22822761535645,330.71307373046875,81.94843292236328,9.33907,10.0,-1,12.2930975
13,78,1464.428565979004,1078.6640720367432,1448.93212890625,1084.38427734375,8.126952,18.0,-1,0.66581786
9,78,1265.4028091430664,1081.2252292633057,1249.9063720703125,1086.9454345703125,6.332287,10.0,-1,13.648321
139,78,1109.529640197754,296.01816749572754,1094.033203125,301.7383728027344,5.267866,6.0,1,5.158996
14,78,160.55638885498047,1000.2818698883057,145.05995178222656,1006.0020751953125,2.5606823,10.0,-1,24.357386
17,78,505.29593658447266,441.4173984527588,489.79949951171875,447.1376037597656,2.3007371,10.0,-1,13.019125
136,78,701.0096817016602,912.3456516265869,685.5132446289062,918.0658569335938,0.52248794,8.0,-1,4.5337987
0,79,1297.203742980957,908.350076675415,1281.8482666015625,913.9124145507812,146.47452,10.0,1,28.589998
1,79,1307.836067199707,260.12229347229004,1292.4805908203125,265.68463134765625,41.218533,8.0,1,24.961363
2,79,1419.829963684082,372.7930393218994,1404.4744873046875,378.3553771972656,26.713083,8.0,1,27.008247
5,79,1369.5708084106445,227.93247413635254,1354.21533203125,233.49481201171875,26.352705,18.0,-1,12.127958
3,79,947.4042434692383,502.18860816955566,932.0487670898438,507.7509460449219,25.668974,8.0,1,20.287403
4,79,1160.2160720825195,31.862695693969727,1144.860595703125,37.42503356933594,15.2609415,8.0,1,11.158743
7,79,516.822639465332,331.91309547424316,501.4671630859375,337.4754333496094,13.110473,14.0,-1,7.392851
11,79,225.62899017333984,454.33799171447754,210.2735137939453,459.90032958984375,13.085889,8.0,1,24.325026
13,79,1461.4597244262695,1078.6667881011963,1446.104248046875,1084.2291259765625,11.80586,10.0,1,0.1310221
8,79,1299.124885559082,354.3620090484619,1283.7694091796875,359.9243469238281,11.583336,8.0,-1,33.87625
200,79,1635.6521072387695,420.39563941955566,1620.296630859375,425.9579772949219,11.583243,6.0,1,9.048034
12,79,1040.3664627075195,861.901346206665,1025.010986328125,867.4636840820312,10.702358,8.0,-1,27.450653
10,79,344.9011917114258,76.03071784973145,329.54571533203125,81.59305572509766,9.555876,10.0,-1,13.0104265
6,79,541.8506546020508,196.39971351623535,526.4951782226562,201.96205139160156,7.089105,12.0,-1,20.044796
139,79,1110.4279861450195,296.18931007385254,1095.072509765625,301.75164794921875,5.1122503,6.0,1,0.0928427
9,79,1268.9531326293945,1079.3339023590088,1253.59765625,1084.896240234375,4.1890817,10.0,-1,12.262438
14,79,157.57662200927734,999.324686050415,142.2211456298828,1004.8870239257812,2.4363208,8.0,-1,24.763525
17,79,504.71866607666016,442.0238742828369,489.3631896972656,447.5862121582031,2.267444,12.0,-1,14.268821
136,79,702.215950012207,911.6400547027588,686.8604736328125,917.202392578125,0.3439928,8.0,-1,4.4115562
0,80,1298.058235168457,906.9817295074463,1283.297607421875,912.2322998046875,115.88091,10.0,1,29.526175
1,80,1310.736457824707,258.93848609924316,1295.975830078125,264.1890563964844,82.09074,8.0,1,25.588753
200,80,1632.7270584106445,420.71631813049316,1617.9664306640625,425.9668884277344,31.019968,6.0,1,7.7668853
2,80,1420.834114074707,373.6652317047119,1406.073486328125,378.9158020019531,29.525537,8.0,1,26.459925
3,80,948.1486892700195,498.87729835510254,933.3880615234375,504.12786865234375,26.170038,8.0,1,20.769737
5,80,1369.2751541137695,229.2405185699463,1354.5145263671875,234.4910888671875,23.848282,18.0,-1,11.923999
4,80,1158.725959777832,31.74311637878418,1143.96533203125,36.99368667602539,23.072716,8.0,1,14.763709
7,80,514.854621887207,332.73630714416504,500.093994140625,337.98687744140625,19.754656,16.0,-1,4.416701
12,80,1040.3664627075195,860.7070713043213,1025.6058349609375,865.9576416015625,15.84715,8.0,-1,31.612135
11,80,224.9483871459961,456.7002658843994,210.18775939941406,461.9508361816406,12.042465,8.0,1,23.865017
139,80,1110.653450012207,296.9121799468994,1095.892822265625,302.1627502441406,8.285596,12.0,-1,4.8803043
6,80,543.0261306762695,196.7454776763916,528.2655029296875,201.9960479736328,7.7207723,12.0,-1,17.62695
8,80,1297.653694152832,355.3015842437744,1282.89306640625,360.5521545410156,7.201095,8.0,-1,29.933393
14,80,156.70714569091797,999.324686050415,141.94651794433594,1004.5752563476562,6.5632806,10.0,-1,21.940649
10,80,345.24173736572266,76.81028938293457,330.4811096191406,82.06085968017578,6.0922484,10.0,-1,11.865689
9,80,1269.133430480957,1078.6359043121338,1254.372802734375,1083.886474609375,5.430124,10.0,-1,12.674759
13,80,1459.680305480957,1078.2295322418213,1444.919677734375,1083.4801025390625,5.235246,20.0,-1,1.5632249
17,80,504.94959259033203,441.46656227111816,490.18896484375,446.7171325683594,2.5281045,10.0,-1,15.685705
136,80,700.965705871582,911.3787021636963,686.205078125,916.6292724609375,0.30645514,20.0,-1,4.6273375
0,81,1298.058235168457,908.0442905426025,1283.3719482421875,913.095703125,89.290436,10.0,1,27.97321
1,81,1309.4751052856445,257.0533847808838,1294.788818359375,262.10479736328125,59.658085,8.0,1,24.236103
5,81,1367.532600402832,229.20029640197754,1352.8463134765625,234.251708984375,29.260323,18.0,-1,13.018995
7,81,512.6774978637695,334.61390113830566,497.9912109375,339.6653137207031,24.043306,16.0,-1,5.3982215
200,81,1632.8962478637695,420.8236789703369,1618.2099609375,425.8750915527344,23.940636,6.0,1,6.163321
3,81,947.2734451293945,498.7135715484619,932.587158203125,503.7649841308594,23.633284,8.0,1,18.733816
2,81,1419.339729309082,373.6652317047119,1404.6534423828125,378.7166442871094,22.506136,8.0,1,24.895771
4,81,1157.9421463012695,31.776002883911133,1143.255859375,36.827415466308594,17.973448,8.0,1,16.157227
12,81,1042.3176345825195,859.30344581604,1027.63134765625,864.3548583984375,16.22047,8.0,-1,33.20344
11,81,226.40349578857422,454.5969638824463,211.7172088623047,459.64837646484375,9.112432,8.0,1,23.756353
9,81,1272.6965408325195,1077.031229019165,1258.01025390625,1082.0826416015625,8.395145,10.0,-1,12.098069
10,81,345.7636489868164,77.95417213439941,331.0773620605469,83.00558471679688,6.9416823,10.0,-1,14.039085
6,81,543.1654739379883,199.57735633850098,528.4791870117188,204.62876892089844,6.5952144,12.0,-1,16.220142
8,81,1295.8825759887695,357.96958351135254,1281.1962890625,363.02099609375,5.5979896,8.0,-1,32.280914
13,81,1459.3649978637695,1085.635721206665,1444.6787109375,1090.6871337890625,4.415536,18.0,-1,1.1295965
17,81,508.4243850708008,442.9414768218994,493.73809814453125,447.9928894042969,4.2747626,8.0,-1,17.323195
139,81,1111.6816482543945,293.74085426330566,1096.995361328125,298.7922668457031,4.194413,6.0,1,0.90632725
14,81,154.9375228881836,998.9817295074463,140.25123596191406,1004.0331420898438,3.1205845,10.0,-1,16.655592
136,81,705.0322341918945,908.8480014801025,690.345947265625,913.8994140625,0.58936036,8.0,-1,5.9220896
0,82,1298.058235168457,907.1789646148682,1284.068359375,912.1913452148438,141.3185,10.0,1,28.994577
2,82,1419.564338684082,375.03391456604004,1405.574462890625,380.0462951660156,49.579067,8.0,1,24.83119
1,82,1309.292121887207,255.8754367828369,1295.30224609375,260.8878173828125,47.08026,8.0,1,24.758268
4,82,1158.063606262207,32.28116035461426,1144.07373046875,37.293540954589844,31.886251,8.0,1,18.916887
3,82,945.0499954223633,498.7135715484619,931.0601196289062,503.7259521484375,27.464788,8.0,1,19.212801
5,82,1365.933967590332,227.68409156799316,1351.944091796875,232.69647216796875,24.954216,18.0,-1,12.630208
200,82,1631.9755935668945,421.1746006011963,1617.9857177734375,426.1869812011719,20.847816,6.0,1,8.306081
7,82,512.7125015258789,337.73975563049316,498.7226257324219,342.75213623046875,16.573273,16.0,-1,3.683392
12,82,1043.586311340332,858.6803684234619,1029.596435546875,863.6927490234375,12.557518,8.0,-1,35.065098
11,82,226.3142318725586,453.98694801330566,212.32435607910156,458.99932861328125,9.242186,8.0,1,22.840977
10,82,347.16284942626953,79.00778388977051,333.1729736328125,84.0201644897461,8.43422,10.0,-1,12.5825815
8,82,1294.447395324707,357.3638095855713,1280.45751953125,362.3761901855469,6.949967,8.0,-1,26.91277
6,82,541.2753982543945,201.24353981018066,527.2855224609375,206.25592041015625,6.6666603,12.0,-1,17.441341
9,82,1276.8332595825195,1076.706735610962,1262.8433837890625,1081.7191162109375,6.29915,10.0,-1,11.433177
13,82,1458.8105545043945,1087.1126194000244,1444.8206787109375,1092.125,6.2746263,18.0,-1,1.2245271
139,82,1111.8166580200195,292.0773105621338,1097.8267822265625,297.0896911621094,4.9276977,6.0,1,4.5402055
14,82,155.04247283935547,997.5589694976807,141.05259704589844,1002.5713500976562,2.8488655,10.0,-1,20.460732
17,82,506.54907989501953,444.06299781799316,492.5592041015625,449.07537841796875,2.498799,8.0,-1,18.154106
136,82,707.9135208129883,911.4286594390869,693.9236450195312,916.4410400390625,0.46807626,8.0,-1,5.6088166
0,83,1297.777473449707,907.4942493438721,1283.674560546875,912.1947631835938,115.87684,10.0,1,29.323067
1,83,1308.146369934082,254.7348804473877,1294.04345703125,259.4353942871094,50.827255,8.0,1,24.778448
3,83,946.6874465942383,497.3180103302002,932.5845336914062,502.0185241699219,36.540237,8.0,1,20.355585
4,83,1158.063606262207,33.40651512145996,1143.960693359375,38.10702896118164,34.112087,8.0,1,20.965801
2,83,1419.326057434082,375.68904304504395,1405.22314453125,380.3895568847656,30.734749,8.0,1,24.11288
5,83,1366.009651184082,227.4697437286377,1351.90673828125,232.17025756835938,21.54873,18.0,-1,13.023403
7,83,512.3269119262695,340.45555305480957,498.2239990234375,345.15606689453125,15.485152,16.0,-1,4.148016
200,83,1631.177375793457,419.5112781524658,1617.074462890625,424.2117919921875,15.096736,6.0,1,7.11942
12,83,1042.6294021606445,857.4941883087158,1028.5264892578125,862.1947021484375,9.997535,10.0,-1,32.828224
13,83,1457.8325271606445,1089.4189929962158,1443.7296142578125,1094.1195068359375,7.3547683,18.0,-1,1.5844165
11,83,227.99861907958984,454.5103015899658,213.8957061767578,459.2108154296875,7.23634,8.0,1,21.536564
6,83,542.5208206176758,199.27171516418457,528.4179077148438,203.97222900390625,6.810701,12.0,-1,17.61952
10,83,348.4501419067383,79.00778388977051,334.34722900390625,83.70829772949219,6.081686,10.0,-1,15.396652
14,83,157.79338836669922,996.2664661407471,143.6904754638672,1000.9669799804688,6.0012684,10.0,-1,19.332893
9,83,1279.679573059082,1077.5618152618408,1265.57666015625,1082.2623291015625,5.3241014,10.0,-1,10.502873
139,83,1111.605354309082,290.6567554473877,1097.50244140625,295.3572692871094,4.700761,6.0,1,3.9792724
8,83,1297.505744934082,361.17772102355957,1283.40283203125,365.87823486328125,3.4905112,8.0,-1,22.83604
17,83,507.4341812133789,445.94713020324707,493.3312683105469,450.64764404296875,3.1655388,8.0,-1,20.309021
136,83,705.766731262207,909.3193836212158,691.663818359375,914.0198974609375,0.409426,8.0,-1,5.377377
0,84,1298.1488418579102,907.6136341094971,1283.64892578125,911.9420166015625,127.77732,10.0,1,28.982454
1,84,1308.6997451782227,253.65428352355957,1294.1998291015625,257.982666015625,84.86459,8.0,1,24.101421
4,84,1156.6979141235352,33.733633041381836,1142.197998046875,38.062015533447266,43.130325,8.0,1,17.534885
3,84,948.5865249633789,497.23924446105957,934.0866088867188,501.567626953125,31.317945,8.0,1,19.903574
5,84,1364.3125381469727,231.19688606262207,1349.8126220703125,235.5252685546875,30.994148,18.0,-1,14.472322
2,84,1419.1249160766602,375.7705249786377,1404.625,380.0989074707031,23.205116,8.0,1,22.993748
200,84,1630.2771377563477,419.79634284973145,1615.7772216796875,424.1247253417969,21.329353,6.0,1,7.4331107
7,84,509.6014175415039,341.69355964660645,495.10150146484375,346.0219421386719,16.524345,16.0,-1,3.4977396
12,84,1042.8640518188477,859.2699451446533,1028.3641357421875,863.5983276367188,9.260335,10.0,-1,32.411556
11,84,227.54381561279297,454.3767261505127,213.0438995361328,458.7051086425781,9.073152,8.0,1,22.234665
10,84,349.4563980102539,78.10654640197754,334.95648193359375,82.43492889404297,8.276805,10.0,-1,16.615534
13,84,1458.1682510375977,1090.176378250122,1443.6683349609375,1094.5047607421875,7.908362,20.0,-1,2.5076666
14,84,162.68932342529297,996.2664661407471,148.1894073486328,1000.5948486328125,6.548842,10.0,-1,22.71147
6,84,543.2361221313477,197.432222366333,528.7362060546875,201.76060485839844,6.099663,12.0,-1,17.372412
9,84,1278.7134170532227,1077.3954944610596,1264.2135009765625,1081.723876953125,5.4550824,10.0,-1,11.265641
8,84,1299.4403457641602,362.8917407989502,1284.9404296875,367.2201232910156,5.4044824,8.0,-1,27.677803
139,84,1111.5395889282227,289.89912605285645,1097.0396728515625,294.2275085449219,4.328172,6.0,1,6.754721
17,84,507.4341812133789,444.9609546661377,492.93426513671875,449.2893371582031,2.2441764,8.0,-1,18.137037
136,84,701.3949966430664,908.2711048126221,686.8950805664062,912.5994873046875,0.4107138,8.0,-1,6.3357697
0,85,1297.0704727172852,907.6750354766846,1282.1575927734375,912.0567016601562,148.09813,10.0,1,28.44126
1,85,1308.6997451782227,255.90538215637207,1293.786865234375,260.28704833984375,77.52857,8.0,1,25.143543
5,85,1362.6089248657227,230.93797492980957,1347.696044921875,235.31964111328125,32.705227,18.0,-1,15.491724
2,85,1417.6700820922852,376.1449451446533,1402.7572021484375,380.526611328125,25.35404,8.0,1,23.045208
3,85,951.7947158813477,497.1687183380127,936.8818359375,501.5503845214844,23.998178,8.0,1,19.074389
4,85,1157.6415176391602,36.34872245788574,1142.7286376953125,40.73038864135742,19.987215,8.0,1,19.7839
7,85,507.9902114868164,341.69355964660645,493.07733154296875,346.0752258300781,12.183102,16.0,-1,4.767271
200,85,1632.1296768188477,419.0040454864502,1617.216796875,423.3857116699219,10.501357,6.0,1,8.952421
11,85,226.55269622802734,453.8177967071533,211.6398162841797,458.199462890625,8.809424,8.0,1,23.19615
12,85,1044.6203994750977,860.8759632110596,1029.70751953125,865.2576293945312,8.098216,10.0,-1,34.40289
6,85,544.4061050415039,197.7059497833252,529.4932250976562,202.08761596679688,7.916187,12.0,-1,17.048628
10,85,352.6185989379883,77.39673042297363,337.7057189941406,81.77839660644531,7.483891,10.0,-1,21.339355
8,85,1301.3712539672852,362.4660816192627,1286.4583740234375,366.8477478027344,6.1223087,10.0,-1,28.117638
13,85,1456.4809951782227,1095.8071765899658,1441.568115234375,1100.1888427734375,5.6828876,22.0,-1,1.6991282
14,85,164.7671890258789,998.3759021759033,149.85430908203125,1002.757568359375,5.667925,10.0,-1,23.30569
9,85,1277.0040664672852,1076.6305408477783,1262.0911865234375,1081.01220703125,5.2981353,10.0,-1,11.767531
139,85,1110.6018447875977,286.23082160949707,1095.68896484375,290.61248779296875,5.0754685,8.0,1,10.619394
17,85,505.6872024536133,441.81370735168457,490.7743225097656,446.19537353515625,2.2238932,10.0,-1,17.08645
136,85,702.8771133422852,909.5920276641846,687.9642333984375,913.9736938476562,0.89282745,6.0,-1,7.0460787
0,86,1298.1129531860352,908.9941272735596,1283.311767578125,913.7507934570312,102.43542,10.0,1,27.93436
1,86,1306.8779678344727,256.64045906066895,1292.0767822265625,261.3971252441406,50.40471,8.0,1,23.563854
3,86,952.7221450805664,497.1340503692627,937.9209594726562,501.8907165527344,35.82358,8.0,1,21.203299
5,86,1359.2098770141602,230.36189460754395,1344.40869140625,235.11856079101562,28.974188,18.0,-1,15.181334
2,86,1415.3796768188477,376.4008045196533,1400.5784912109375,381.157470703125,25.419708,8.0,1,23.72596
4,86,1156.2580947875977,37.793317794799805,1141.4569091796875,42.549983978271484,21.524132,8.0,1,22.869043
200,86,1634.8884658813477,419.0040454864502,1620.0872802734375,423.7607116699219,19.022087,6.0,1,7.860845
7,86,507.23328399658203,341.39119148254395,492.4320983886719,346.1478576660156,13.248898,16.0,-1,3.4747784
11,86,225.93633270263672,452.84138679504395,211.13514709472656,457.5980529785156,10.166232,8.0,1,22.964926
10,86,354.2207717895508,75.59305000305176,339.4195861816406,80.34971618652344,8.030555,10.0,-1,20.329668
12,86,1046.1308975219727,862.5652332305908,1031.3297119140625,867.3218994140625,7.910464,8.0,-1,34.894028
8,86,1301.5940322875977,363.37043952941895,1286.7928466796875,368.1271057128906,7.85174,8.0,-1,31.159166
6,86,544.4061050415039,198.4555377960205,529.6049194335938,203.2122039794922,6.8157277,12.0,-1,17.26684
13,86,1455.5536270141602,1095.3506336212158,1440.75244140625,1100.1072998046875,5.358213,20.0,-1,1.9687867
139,86,1111.3147354125977,285.19761848449707,1096.5135498046875,289.95428466796875,4.842712,8.0,1,8.267281
9,86,1274.8794326782227,1074.5924549102783,1260.0782470703125,1079.34912109375,4.230729,10.0,-1,11.927916
17,86,507.6068801879883,442.13948249816895,492.8056945800781,446.8961486816406,1.9531149,10.0,-1,15.258273
14,86,162.54003143310547,998.4664783477783,147.7388458251953,1003.22314453125,1.6318825,12.0,-1,13.434091
136,86,706.5167007446289,909.0985584259033,691.7155151367188,913.855224609375,0.96032125,6.0,-1,6.7267795
0,87,1296.0027236938477,906.3835315704346,1281.9178466796875,911.6154174804688,88.05247,10.0,1,27.968357
1,87,1307.9822158813477,256.51997566223145,1293.8973388671875,261.7518615722656,81.4544,8.0,1,25.227053
3,87,952.6133193969727,496.8104724884033,938.5284423828125,502.0423583984375,36.910473,8.0,1,20.400986
5,87,1356.0193252563477,229.23924446105957,1341.9344482421875,234.47113037109375,36.197414,20.0,-1,15.946543
2,87,1413.6645889282227,377.53343391418457,1399.5797119140625,382.76531982421875,26.60602,8.0,1,26.146757
4,87,1154.3990859985352,39.06332969665527,1140.314208984375,44.29521560668945,19.066626,8.0,1,23.257906
7,87,503.39636993408203,342.7905750274658,489.3114929199219,348.0224609375,15.576206,18.0,-1,4.809603
11,87,226.54071807861328,453.0738697052002,212.45584106445312,458.3057556152344,12.823936,8.0,1,23.615456
12,87,1047.6600723266602,863.6118030548096,1033.5751953125,868.8436889648438,12.077931,8.0,-1,35.214775
6,87,544.4061050415039,197.13885688781738,530.3212280273438,202.37074279785156,7.133703,12.0,-1,16.904457
200,87,1635.3474502563477,419.53608894348145,1621.2625732421875,424.7679748535156,7.062139,6.0,1,8.977756
10,87,351.3023147583008,74.02556800842285,337.2174377441406,79.25745391845703,6.3363132,10.0,-1,16.063124
13,87,1457.4698867797852,1096.0896472930908,1443.385009765625,1101.321533203125,6.2987866,22.0,-1,3.540059
8,87,1300.8841934204102,364.19075202941895,1286.79931640625,369.4226379394531,5.8915486,10.0,-1,27.90702
139,87,1111.4244766235352,281.69066047668457,1097.339599609375,286.92254638671875,4.284516,8.0,1,7.178522
9,87,1278.5813369750977,1074.5924549102783,1264.4964599609375,1079.8243408203125,4.0652494,10.0,-1,13.647138
14,87,158.1654281616211,997.4546375274658,144.08055114746094,1002.6865234375,2.5802286,12.0,-1,7.50629
17,87,508.0726089477539,445.42402839660645,493.98773193359375,450.6559143066406,2.510328,10.0,-1,13.1580515
136,87,708.1001968383789,906.6587390899658,694.0153198242188,911.890625,0.9882929,8.0,-1,7.170431
0,88,1296.4397354125977,906.034013748169,1281.697998046875,911.1890869140625,90.16702,10.0,1,28.393099
1,88,1309.0873184204102,254.8614673614502,1294.3455810546875,260.01654052734375,64.02836,8.0,1,23.780104
3,88,955.6379776000977,496.8104724884033,940.896240234375,501.9655456542969,31.402723,8.0,1,19.794382
2,88,1412.6959609985352,379.60078620910645,1397.9542236328125,384.755859375,31.383337,8.0,1,25.01735
5,88,1352.6157608032227,228.3778247833252,1337.8740234375,233.53289794921875,30.950167,20.0,-1,15.697437
4,88,1154.3990859985352,40.505876541137695,1139.6573486328125,45.66094970703125,26.822723,8.0,1,26.05625
7,88,500.16776275634766,342.4159107208252,485.426025390625,347.57098388671875,12.989563,16.0,-1,4.3201647
200,88,1636.5514297485352,418.3951587677002,1621.8096923828125,423.55023193359375,11.595416,6.0,1,8.941842
12,88,1047.5831680297852,863.8686084747314,1032.8414306640625,869.023681640625,8.370655,10.0,-1,33.047398
11,88,228.79816436767578,453.5401782989502,214.05642700195312,458.69525146484375,8.067212,8.0,1,23.193796
10,88,350.8980178833008,72.25028419494629,336.1562805175781,77.40535736083984,7.958799,10.0,-1,18.358784
8,88,1298.9680557250977,364.2593250274658,1284.226318359375,369.4143981933594,7.153877,10.0,-1,28.651718
6,88,544.6589126586914,198.8398151397705,529.9171752929688,203.99488830566406,6.7163105,12.0,-1,15.972207
13,88,1457.4277725219727,1096.516923904419,1442.68603515625,1101.6719970703125,6.10611,20.0,-1,1.7648327
14,88,156.52237701416016,1001.0377368927002,141.7806396484375,1006.1928100585938,5.7165627,12.0,-1,10.210496
139,88,1111.1439590454102,280.55427742004395,1096.4022216796875,285.7093505859375,5.5496707,8.0,1,9.388872
9,88,1285.3342666625977,1074.1249561309814,1270.592529296875,1079.280029296875,5.095417,10.0,-1,13.237145
17,88,508.5178909301758,445.9098377227783,493.7761535644531,451.0649108886719,3.070833,8.0,-1,17.21604
136,88,712.1221694946289,904.919023513794,697.3804321289062,910.0740966796875,0.63062996,6.0,-1,7.3121185
0,89,1296.826072692871,906.6237659454346,1281.863037109375,911.8140258789062,103.84719,10.0,1,28.324566
1,89,1310.922508239746,252.93660163879395,1295.95947265625,258.1268615722656,74.92481,8.0,1,24.34534
2,89,1412.846580505371,378.6507740020752,1397.883544921875,383.8410339355469,42.408066,8.0,1,25.763834
3,89,956.9651718139648,496.8104724884033,942.0021362304688,502.000732421875,37.63278,8.0,1,20.686663
4,89,1156.986473083496,40.8260555267334,1142.0234375,46.01631546020508,33.274986,8.0,1,25.355865
5,89,1349.1848373413086,228.97271919250488,1334.2218017578125,234.16297912597656,29.919266,18.0,-1,15.951763
7,89,497.04610443115234,342.15596199035645,482.08306884765625,347.3462219238281,13.698644,16.0,-1,4.8105865
200,89,1635.6875228881836,417.50874519348145,1620.7244873046875,422.6990051269531,9.551257,6.0,1,7.587802
12,89,1047.517234802246,864.4534778594971,1032.55419921875,869.6437377929688,9.156188,10.0,-1,34.89784
11,89,228.79816436767578,451.31309700012207,213.8351287841797,456.50335693359375,9.074109,8.0,1,24.17954
10,89,356.0264205932617,70.64730262756348,341.0633850097656,75.83756256103516,7.476795,10.0,-1,16.548119
6,89,544.1205062866211,201.76965522766113,529.157470703125,206.9599151611328,7.037003,12.0,-1,15.095207
8,89,1300.5346908569336,364.38707160949707,1285.5716552734375,369.57733154296875,6.7872353,10.0,-1,29.563108
9,89,1287.1850814819336,1074.0360584259033,1272.2220458984375,1079.226318359375,6.171367,10.0,-1,14.562731
139,89,1114.654930114746,281.55626106262207,1099.69189453125,286.74652099609375,5.551183,8.0,1,7.223173
13,89,1456.6633529663086,1098.5100574493408,1441.7003173828125,1103.7003173828125,4.420077,20.0,-1,1.6976435
14,89,151.7391586303711,1003.3157215118408,136.776123046875,1008.5059814453125,3.824029,14.0,-1,3.681466
17,89,506.54952239990234,444.8984851837158,491.58648681640625,450.0887451171875,2.1311612,8.0,-1,17.991232
136,89,710.0191879272461,902.8307971954346,695.05615234375,908.0210571289062,0.35749182,6.0,-1,5.8937974
0,90,1297.250389099121,908.5142078399658,1281.3167724609375,913.7178955078125,83.55367,10.0,1,25.447702
1,90,1313.5368881225586,252.93660163879395,1297.603271484375,258.1402893066406,73.01344,8.0,1,24.218178
5,90,1348.056541442871,226.90779304504395,1332.1229248046875,232.11148071289062,38.714455,20.0,-1,17.550669
3,90,958.1339340209961,496.58564949035645,942.2003173828125,501.7893371582031,36.654602,8.0,1,19.190794
2,90,1412.730613708496,378.81114387512207,1396.7969970703125,384.01483154296875,29.489395,8.0,1,25.571877
4,90,1158.0569076538086,41.60316276550293,1142.123291015625,46.80685043334961,23.791128,8.0,1,24.781044
7,90,496.19380950927734,342.3514575958252,480.26019287109375,347.5551452636719,11.33865,18.0,-1,5.081521
200,90,1637.247215270996,418.58955574035645,1621.3135986328125,423.7932434082031,10.115109,6.0,1,9.438521
12,90,1045.756492614746,865.5702381134033,1029.8228759765625,870.77392578125,9.540164,10.0,-1,34.295258
11,90,230.77782440185547,450.9561023712158,214.84420776367188,456.1597900390625,8.1134615,8.0,1,22.543726
8,90,1299.2988510131836,363.77037239074707,1283.365234375,368.97406005859375,7.8079677,10.0,-1,23.291058
10,90,358.13191986083984,70.42437171936035,342.19830322265625,75.62805938720703,7.723228,10.0,-1,20.409275
13,90,1457.1238021850586,1097.7601795196533,1441.190185546875,1102.9638671875,7.1410995,20.0,-1,2.7737126
6,90,541.5237655639648,201.73967170715332,525.5901489257812,206.943359375,5.9932942,12.0,-1,14.256901
9,90,1287.1850814819336,1072.3293933868408,1271.25146484375,1077.5330810546875,5.0635667,10.0,-1,13.9762535
139,90,1117.3830795288086,282.17476081848145,1101.449462890625,287.3784484863281,4.5210347,8.0,1,8.375419
17,90,505.97948455810547,445.46043586730957,490.0458679199219,450.66412353515625,3.4092524,10.0,-1,16.508202
14,90,149.88431549072266,1003.0635852813721,133.95069885253906,1008.2672729492188,3.2007906,14.0,-1,7.830675
136,90,705.6035385131836,906.9275989532471,689.669921875,912.1312866210938,0.5463058,8.0,-1,5.6244497
0,91,1296.751365661621,910.3418445587158,1280.2030029296875,915.6309814453125,73.6056,10.0,1,22.363565
1,91,1314.9775619506836,254.62642097473145,1298.42919921875,259.9155578613281,62.717205,8.0,1,22.07388
4,91,1160.1577377319336,44.634382247924805,1143.609375,49.923519134521484,30.96385,8.0,1,24.980623
2,91,1411.7812728881836,377.9554920196533,1395.23291015625,383.24462890625,29.766388,8.0,1,22.381166
3,91,961.3011703491211,493.38902473449707,944.7528076171875,498.67816162109375,27.068993,8.0,1,19.652279
5,91,1346.2004623413086,229.76573371887207,1329.652099609375,235.05487060546875,24.427597,20.0,-1,16.788322
7,91,494.44335174560547,342.2563953399658,477.8949890136719,347.5455322265625,11.47245,18.0,-1,5.3296165
200,91,1637.895408630371,419.4694080352783,1621.3470458984375,424.758544921875,9.298928,6.0,1,10.174922
6,91,541.0512313842773,202.92149543762207,524.5028686523438,208.21063232421875,8.04976,12.0,-1,14.640989
10,91,360.70565032958984,68.93618202209473,344.15728759765625,74.2253189086914,7.680044,10.0,-1,18.349318
12,91,1046.9092025756836,865.5702381134033,1030.36083984375,870.859375,7.5561275,10.0,-1,33.945286
8,91,1299.2988510131836,364.16905403137207,1282.75048828125,369.45819091796875,6.7425084,10.0,-1,20.732986
11,91,230.7904281616211,449.6059741973877,214.2420654296875,454.8951110839844,6.2230287,8.0,1,21.79728
13,91,1455.769676208496,1095.1031970977783,1439.2213134765625,1100.392333984375,5.678324,22.0,-1,2.8258047
9,91,1287.510643005371,1070.0852527618408,1270.9622802734375,1075.3743896484375,5.2269564,10.0,-1,16.155603
139,91,1116.3513412475586,280.6692371368408,1099.802978515625,285.9583740234375,4.7134347,8.0,1,10.922738
14,91,151.5993423461914,1005.9406604766846,135.0509796142578,1011.2297973632812,3.5149887,12.0,-1,12.603787
17,91,504.59899139404297,446.5378589630127,488.0506286621094,451.8269958496094,3.268233,8.0,-1,18.026182
136,91,702.6964950561523,905.0540027618408,686.1481323242188,910.3431396484375,0.7734099,8.0,-1,6.7540584
0,92,1298.804588317871,910.1340198516846,1281.961181640625,915.9277954101562,136.65718,10.0,1,19.552422
1,92,1316.8176498413086,254.20201301574707,1299.9742431640625,259.99578857421875,94.46549,8.0,1,24.002556
2,92,1412.297508239746,376.6838550567627,1395.4541015625,382.4776306152344,31.394804,8.0,1,24.575924
3,92,963.5006942749023,492.7895679473877,946.6572875976562,498.5833435058594,30.547873,8.0,1,19.345951
5,92,1345.8410873413086,231.46187019348145,1328.9976806640625,237.25564575195312,22.586357,18.0,-1,17.169857
4,92,1159.058738708496,43.20358085632324,1142.21533203125,48.99735641479492,17.576792,8.0,1,22.273794
9,92,1286.776023864746,1068.2206287384033,1269.9326171875,1074.014404296875,13.387524,8.0,-1,19.325283
200,92,1637.137351989746,420.2683277130127,1620.2939453125,426.0621032714844,11.896609,6.0,1,10.021948
7,92,492.7501754760742,342.34907722473145,475.9067687988281,348.1428527832031,11.757594,18.0,-1,6.8055644
12,92,1046.9092025756836,865.5992298126221,1030.0657958984375,871.3930053710938,11.599201,10.0,-1,33.47151
10,92,362.7523727416992,70.06309700012207,345.9089660644531,75.85687255859375,9.0207615,10.0,-1,17.008696
11,92,232.12512969970703,448.01634407043457,215.28172302246094,453.81011962890625,8.168616,8.0,1,22.238703
6,92,540.9467391967773,203.21463203430176,524.1033325195312,209.00840759277344,6.9664416,14.0,-1,11.710751
8,92,1299.143211364746,363.67247200012207,1282.2998046875,369.46624755859375,6.721083,10.0,-1,21.577145
139,92,1118.767967224121,278.02119636535645,1101.924560546875,283.8149719238281,4.743693,6.0,1,6.47111
13,92,1451.399070739746,1095.1031970977783,1434.5556640625,1100.89697265625,3.4558198,20.0,-1,3.6570892
17,92,502.98543548583984,448.4846363067627,486.14202880859375,454.2784118652344,3.106351,8.0,-1,20.672869
14,92,152.42023468017578,1006.3903064727783,135.5768280029297,1012.18408203125,2.3681161,12.0,-1,12.756467
136,92,704.5227279663086,905.1353015899658,687.6793212890625,910.9290771484375,0.950869,6.0,-1,6.8285804
0,93,1298.779197692871,910.7559680938721,1281.6336669921875,916.8514404296875,68.09946,10.0,1,21.523771
1,93,1318.2693099975586,253.74620246887207,1301.123779296875,259.8416748046875,49.802433,8.0,1,24.790531
2,93,1411.0703353881836,377.5880298614502,1393.9248046875,383.6835021972656,38.028328,8.0,1,23.254553
4,93,1157.0129623413086,39.98558235168457,1139.867431640625,46.0810546875,28.756859,8.0,1,24.83664
3,93,964.2340927124023,491.7740650177002,947.0885620117188,497.8695373535156,27.115423,8.0,1,19.641735
200,93,1635.3608627319336,419.71760749816895,1618.21533203125,425.8130798339844,21.862371,6.0,1,6.326527
5,93,1347.007957458496,232.29008674621582,1329.8624267578125,238.38555908203125,17.213993,18.0,-1,15.6175
7,93,494.65990447998047,345.5535144805908,477.5143737792969,351.64898681640625,16.616468,18.0,-1,5.951501
6,93,540.6662826538086,203.36750984191895,523.520751953125,209.46298217773438,11.368646,14.0,-1,12.620141
11,93,234.26067352294922,446.62974739074707,217.11514282226562,452.7252197265625,10.802289,8.0,1,22.359215
10,93,365.29271697998047,70.76175880432129,348.1471862792969,76.85723114013672,7.9866033,10.0,-1,15.081576
8,93,1300.881736755371,362.72627449035645,1283.7362060546875,368.8217468261719,7.9602084,10.0,-1,22.32835
12,93,1050.021385192871,861.8087024688721,1032.8758544921875,867.9041748046875,7.3840127,10.0,-1,29.425114
9,93,1286.776023864746,1069.6183948516846,1269.6304931640625,1075.7138671875,6.94445,10.0,-1,15.648291
13,93,1446.360008239746,1095.332628250122,1429.2144775390625,1101.4281005859375,6.424584,22.0,-1,4.1222744
139,93,1118.749168395996,278.02119636535645,1101.6036376953125,284.1166687011719,5.3402095,6.0,1,6.2672668
17,93,504.62960052490234,450.46235847473145,487.48406982421875,456.5578308105469,3.0091267,8.0,-1,16.816086
14,93,151.39624786376953,1005.1263904571533,134.25071716308594,1011.2218627929688,2.487524,12.0,-1,12.194074
136,93,699.4561386108398,904.5856189727783,682.3106079101562,910.6810913085938,0.3819424,8.0,-1,5.828276
1,94,1318.555320739746,253.74620246887207,1301.984375,259.8345642089844,59.722046,8.0,1,25.171291
0,94,1299.252586364746,912.7192554473877,1282.681640625,918.8076171875,55.387684,10.0,1,25.85673
3,94,964.6349105834961,491.69285774230957,948.06396484375,497.7812194824219,33.19228,8.0,1,19.137844
4,94,1156.3000717163086,39.59249305725098,1139.7291259765625,45.68085479736328,28.968618,8.0,1,25.887684
2,94,1411.7578353881836,377.87205696105957,1395.1868896484375,383.9604187011719,24.747896,8.0,1,24.801926
5,94,1347.0735092163086,233.67920112609863,1330.5025634765625,239.76756286621094,16.779984,18.0,-1,14.989686
11,94,234.14852142333984,445.95649909973145,217.57757568359375,452.04486083984375,15.568406,8.0,1,23.44048
200,94,1636.356590270996,419.30513191223145,1619.78564453125,425.39349365234375,14.370537,6.0,1,9.439194
12,94,1048.5974349975586,859.7369556427002,1032.0264892578125,865.8253173828125,9.480236,8.0,-1,32.639793
10,94,368.1125717163086,71.54714393615723,351.5416259765625,77.63550567626953,9.457726,10.0,-1,18.393497
7,94,493.54512786865234,348.9456043243408,476.97418212890625,355.0339660644531,9.180726,18.0,-1,7.2313137
6,94,541.7477645874023,204.15649604797363,525.1768188476562,210.24485778808594,8.607345,14.0,-1,10.942025
8,94,1300.881736755371,362.5010242462158,1284.310791015625,368.5893859863281,7.34124,10.0,-1,22.836887
13,94,1445.1599349975586,1097.5006275177002,1428.5889892578125,1103.5889892578125,7.2181134,22.0,-1,3.8761685
9,94,1283.9670639038086,1069.5246753692627,1267.3961181640625,1075.613037109375,5.2469993,10.0,-1,12.597411
139,94,1118.890525817871,275.7918872833252,1102.319580078125,281.8802490234375,4.9549613,8.0,1,9.313223
14,94,149.84368133544922,1005.803300857544,133.27273559570312,1011.8916625976562,2.3894374,14.0,-1,9.692801
17,94,503.3181381225586,453.4579029083252,486.7471923828125,459.5462646484375,2.383447,8.0,-1,20.504297
136,94,693.1491928100586,902.1292896270752,676.5782470703125,908.2176513671875,0.44944748,8.0,-1,5.989368
1,95,1319.230857849121,252.05894660949707,1301.9835205078125,258.3287658691406,62.84952,8.0,1,26.208498
0,95,1300.9790267944336,912.8444385528564,1283.731689453125,919.1142578125,62.810867,10.0,1,23.982418
2,95,1411.2424545288086,378.9731922149658,1393.9951171875,385.2430114746094,37.876858,8.0,1,23.17109
3,95,963.7555160522461,491.54808235168457,946.5081787109375,497.8179016113281,33.719414,8.0,1,17.930285
4,95,1158.4782943725586,40.02213478088379,1141.23095703125,46.291954040527344,23.35813,8.0,1,25.03183
200,95,1634.909568786621,420.4406909942627,1617.6622314453125,426.71051025390625,15.345051,6.0,1,9.07551
5,95,1347.0735092163086,235.98423957824707,1329.826171875,242.25405883789062,13.041335,18.0,-1,10.611435
7,95,494.76122283935547,347.59565925598145,477.5138854980469,353.865478515625,11.600499,18.0,-1,6.819824
6,95,540.6773300170898,205.52075386047363,523.4299926757812,211.7905731201172,10.242204,14.0,-1,10.704313
8,95,1301.219139099121,362.9199695587158,1283.9718017578125,369.1897888183594,9.7838,8.0,-1,26.68454
12,95,1048.551170349121,859.7345142364502,1031.3038330078125,866.0043334960938,9.031692,8.0,-1,31.37885
11,95,236.72608184814453,445.66234016418457,219.47874450683594,451.9321594238281,8.680034,8.0,1,23.72755
10,95,369.52339935302734,70.08155250549316,352.27606201171875,76.35137176513672,8.404107,10.0,-1,19.920025
14,95,151.2066879272461,1005.803300857544,133.9593505859375,1012.0731201171875,5.6600127,12.0,-1,6.9807744
139,95,1116.7993392944336,273.0841236114502,1099.552001953125,279.35394287109375,5.388712,8.0,1,9.319168
9,95,1283.411277770996,1067.3424854278564,1266.1639404296875,1073.6123046875,5.045752,10.0,-1,11.862107
13,95,1444.293601989746,1098.3903369903564,1427.0462646484375,1104.66015625,4.541922,20.0,-1,4.4371357
17,95,500.95027923583984,452.76963996887207,483.70294189453125,459.0394592285156,2.3282127,8.0,-1,19.445354
136,95,693.4347152709961,903.398271560669,676.1873779296875,909.6680908203125,0.31692505,8.0,-1,5.873498
0,96,1300.8198471069336,912.9055042266846,1283.8345947265625,919.53173828125,83.885506,10.0,1,23.132572
1,96,1318.7480697631836,252.26225471496582,1301.7628173828125,258.88848876953125,51.08842,8.0,1,26.60711
2,96,1410.546287536621,378.70018196105957,1393.56103515625,385.326416015625,32.05614,8.0,1,24.178665
3,96,963.7469100952148,491.7122058868408,946.7616577148438,498.33843994140625,29.107779,8.0,1,19.617586
4,96,1159.374900817871,41.333208084106445,1142.3896484375,47.959442138671875,27.892975,8.0,1,23.732105
5,96,1347.559471130371,236.87640571594238,1330.57421875,243.5026397705078,16.61044,18.0,-1,12.893838
200,96,1635.139549255371,423.46394538879395,1618.154296875,430.0901794433594,13.893883,6.0,1,9.795769
7,96,491.6611557006836,347.33738899230957,474.6759033203125,353.963623046875,13.671635,18.0,-1,7.982623
6,96,538.2401962280273,206.28357124328613,521.2549438476562,212.90980529785156,10.896144,16.0,-1,6.4577894
12,96,1048.8047103881836,858.9614734649658,1031.8194580078125,865.5877075195312,10.529754,10.0,-1,28.543203
10,96,367.3967514038086,65.52320289611816,350.4114990234375,72.1494369506836,9.832398,10.0,-1,17.782555
11,96,238.9645767211914,444.62617683410645,221.9793243408203,451.2524108886719,7.7129936,8.0,1,23.373613
8,96,1298.042381286621,362.25450325012207,1281.05712890625,368.8807373046875,6.5338573,8.0,-1,25.955645
139,96,1118.1299057006836,271.13646125793457,1101.1446533203125,277.7626953125,5.901287,8.0,1,9.1416
9,96,1285.5525131225586,1066.940294265747,1268.5672607421875,1073.5665283203125,5.387283,10.0,-1,12.64831
17,96,500.9588851928711,453.43855476379395,483.9736328125,460.0647888183594,4.823598,8.0,-1,20.58049
239,96,1435.803367614746,1098.711778640747,1418.818115234375,1105.3380126953125,4.8153343,22.0,-1,5.044304
14,96,150.28324127197266,1005.7422351837158,133.29798889160156,1012.3684692382812,3.2530773,12.0,-1,6.3550878
136,96,694.4428329467773,908.8621692657471,677.4575805664062,915.4884033203125,0.42387784,8.0,-1,6.445946
0,97,1301.1375350952148,913.6526966094971,1284.230224609375,920.4331665039062,73.134865,10.0,1,25.647917
1,97,1317.6979598999023,252.0757007598877,1300.7906494140625,258.8561706542969,40.699894,8.0,1,24.031282
3,97,963.4643783569336,493.05394172668457,946.5570678710938,499.83441162109375,37.878124,8.0,1,18.330702
2,97,1408.8777694702148,380.91844367980957,1391.970458984375,387.69891357421875,36.979855,8.0,1,23.157944
4,97,1160.7316513061523,43.24760627746582,1143.8243408203125,50.028076171875,27.618876,8.0,1,24.497635
5,97,1348.6132431030273,238.3270435333252,1331.7059326171875,245.10751342773438,18.385267,18.0,-1,13.671412
7,97,491.0381088256836,349.26167488098145,474.13079833984375,356.0421447753906,18.234827,18.0,-1,7.88
200,97,1636.5710067749023,422.2981433868408,1619.6636962890625,429.07861328125,15.181293,6.0,1,8.664915
12,97,1047.2906112670898,858.9614734649658,1030.38330078125,865.741943359375,10.481213,8.0,-1,32.155716
11,97,240.82543182373047,444.58369636535645,223.91812133789062,451.3641662597656,9.648069,8.0,1,22.883972
6,97,538.2401962280273,204.1263599395752,521.3328857421875,210.90682983398438,9.440694,14.0,-1,10.513549
8,97,1300.0844345092773,360.8226490020752,1283.1771240234375,367.6031188964844,7.934696,8.0,-1,31.788837
10,97,365.73043060302734,64.30045509338379,348.8231201171875,71.08092498779297,7.0274506,10.0,-1,21.643072
9,97,1285.0138778686523,1065.2866687774658,1268.1065673828125,1072.067138671875,7.010473,10.0,-1,10.56326
14,97,152.5876235961914,1004.5478992462158,135.68031311035156,1011.328369140625,5.446427,12.0,-1,14.217235
139,97,1117.5509872436523,268.6026782989502,1100.6436767578125,275.3831481933594,5.338015,8.0,1,15.488335
239,97,1432.5633163452148,1100.7908191680908,1415.656005859375,1107.5712890625,4.42308,22.0,-1,3.553615
17,97,503.15731048583984,457.0208911895752,486.25,463.8013610839844,3.172264,8.0,-1,20.045364
136,97,696.7798690795898,913.1481189727783,679.87255859375,919.9285888671875,0.5962479,12.0,-1,5.83722
0,98,1301.7219772338867,915.2306079864502,1284.1734619140625,922.7084350585938,74.040695,10.0,1,17.133047
1,98,1317.4622116088867,250.1003589630127,1299.9136962890625,257.57818603515625,61.576893,8.0,1,24.364157
3,98,965.4879684448242,490.5837574005127,947.939453125,498.06158447265625,38.849953,8.0,1,21.369505
2,98,1409.3452682495117,382.61262702941895,1391.7967529296875,390.0904541015625,34.24043,8.0,1,24.37226
4,98,1159.6677780151367,42.83087730407715,1142.1192626953125,50.3087043762207,26.73236,8.0,1,22.742353
7,98,491.20665740966797,349.29344367980957,473.65814208984375,356.7712707519531,23.137457,20.0,-1,9.187809
5,98,1350.0172653198242,238.17300605773926,1332.46875,245.6508331298828,16.343813,18.0,-1,11.774102
200,98,1636.0314254760742,422.36946296691895,1618.48291015625,429.8472900390625,15.141068,6.0,1,5.875103
10,98,365.73043060302734,63.96524238586426,348.1819152832031,71.44306945800781,11.838764,10.0,-1,21.275295
8,98,1301.5158004760742,361.9572010040283,1283.96728515625,369.4350280761719,10.424802,8.0,-1,32.992046
12,98,1048.8324508666992,856.1510181427002,1031.283935546875,863.6288452148438,9.178881,8.0,-1,28.839993
11,98,239.74198150634766,444.58369636535645,222.19346618652344,452.0615234375,8.396609,8.0,1,22.498386
6,98,535.231559753418,202.28080940246582,517.6830444335938,209.75863647460938,7.371714,14.0,-1,13.866793
9,98,1283.8905563354492,1066.410478591919,1266.342041015625,1073.8883056640625,6.258227,10.0,-1,11.941114
139,98,1115.7767868041992,267.69014167785645,1098.228271484375,275.16796875,5.752128,8.0,1,13.738098
17,98,503.26659393310547,463.12886238098145,485.71807861328125,470.606689453125,4.0794454,8.0,-1,22.35202
14,98,151.17224884033203,1005.8353443145752,133.6237335205078,1013.3131713867188,3.7979085,12.0,-1,18.113298
239,98,1433.2927780151367,1105.036211013794,1415.7442626953125,1112.5140380859375,2.9678295,22.0,-1,2.8803048
136,98,695.6147384643555,912.4034595489502,678.0662231445312,919.8812866210938,0.84191686,6.0,-1,6.410695
0,99,1302.4523239135742,915.8449268341064,1284.0614013671875,923.7723388671875,95.60761,10.0,1,14.59742
1,99,1318.3165817260742,250.02607917785645,1299.9256591796875,257.9534912109375,68.53387,8.0,1,25.829376
3,99,966.4120407104492,491.98875617980957,948.0211181640625,499.9161682128906,55.487,8.0,1,20.015768
2,99,1409.3452682495117,382.26866340637207,1390.954345703125,390.1960754394531,30.883047,8.0,1,23.262468
4,99,1159.1563034057617,41.12429618835449,1140.765380859375,49.05170822143555,19.301428,8.0,1,21.284376
200,99,1638.2279586791992,424.1396961212158,1619.8370361328125,432.0671081542969,19.275938,6.0,1,9.454199
7,99,486.40193939208984,348.5472583770752,468.0110168457031,356.47467041015625,16.720055,20.0,-1,9.767758
5,99,1346.3422164916992,238.17300605773926,1327.9512939453125,246.1004180908203,15.628509,16.0,-1,12.286379
8,99,1302.3423385620117,362.06614875793457,1283.951416015625,369.9935607910156,14.157962,8.0,-1,33.39665
10,99,362.8345260620117,67.52993965148926,344.443603515625,75.45735168457031,10.024044,10.0,-1,23.543428
12,99,1050.6917037963867,854.7887134552002,1032.30078125,862.7161254882812,9.337111,10.0,-1,27.703993
11,99,239.60103607177734,444.05430793762207,221.21011352539062,451.9817199707031,8.913177,8.0,1,22.298792
139,99,1112.3732223510742,269.14863777160645,1093.9822998046875,277.0760498046875,8.07496,8.0,1,12.598111
6,99,534.459342956543,201.9538745880127,516.0684204101562,209.88128662109375,6.333365,12.0,-1,15.022107
9,99,1284.3289108276367,1068.029619216919,1265.93798828125,1075.95703125,5.4589047,10.0,-1,12.372296
239,99,1434.0490036010742,1107.9398975372314,1415.6580810546875,1115.8673095703125,4.535381,22.0,-1,3.0985482
17,99,504.3977584838867,460.6141529083252,486.0068359375,468.54156494140625,4.168066,8.0,-1,21.46929
14,99,148.13263702392578,1006.1908740997314,129.74171447753906,1014.1182861328125,1.7962712,12.0,-1,17.257118
136,99,693.658805847168,911.4716968536377,675.2678833007812,919.3991088867188,0.5692789,6.0,-1,7.37235
0,100,1302.6013717651367,915.9917163848877,1284.0145263671875,923.698974609375,109.52533,10.0,1,17.585423
3,100,966.7437057495117,492.14476203918457,948.1568603515625,499.8520202636719,43.34305,8.0,1,18.804476
1,100,1319.2473678588867,250.02607917785645,1300.6605224609375,257.73333740234375,38.804935,8.0,1,24.571281
2,100,1410.3173141479492,382.81163215637207,1391.73046875,390.5188903808594,34.90011,8.0,1,23.662155
200,100,1638.5319137573242,424.4540271759033,1619.945068359375,432.1612854003906,24.46936,6.0,1,8.861047
4,100,1157.7804489135742,41.90326118469238,1139.193603515625,49.61051940917969,22.47426,8.0,1,23.399258
7,100,481.62093353271484,350.27107429504395,463.0340881347656,357.97833251953125,20.14923,20.0,-1,10.005584
5,100,1345.9385299682617,238.92344856262207,1327.3516845703125,246.63070678710938,14.295032,16.0,-1,8.878655
10,100,362.0710678100586,66.28212928771973,343.4842224121094,73.98938751220703,8.731582,10.0,-1,22.946213
8,100,1300.7842330932617,361.8777332305908,1282.1973876953125,369.5849914550781,8.707936,8.0,-1,33.570065
6,100,531.8657760620117,204.0146656036377,513.2789306640625,211.721923828125,8.05296,12.0,-1,18.644545
12,100,1052.7719039916992,852.9240283966064,1034.18505859375,860.6312866210938,7.3400435,10.0,-1,25.225424
11,100,242.81450653076172,443.4392261505127,224.2276611328125,451.146484375,7.3326735,8.0,1,22.803076
139,100,1113.3540573120117,268.9879322052002,1094.7672119140625,276.6951904296875,6.0758147,8.0,1,10.985833
9,100,1280.2390670776367,1067.1627368927002,1261.6522216796875,1074.8699951171875,4.329435,10.0,-1,11.509334
17,100,504.3977584838867,462.32652473449707,485.8109130859375,470.0337829589844,3.2949088,8.0,-1,21.29713
239,100,1428.3657760620117,1106.1596851348877,1409.7789306640625,1113.866943359375,3.2870617,22.0,-1,2.8886716
14,100,144.65045928955078,1004.0998096466064,126.06361389160156,1011.8070678710938,1.557022,12.0,-1,17.01538
136,100,694.5452194213867,909.8839282989502,675.9583740234375,917.5911865234375,0.75420713,6.0,-1,7.3160863
0,101,1302.8956832885742,916.545000076294,1284.21044921875,923.751708984375,89.72662,10.0,1,23.417448
1,101,1320.6511764526367,250.7859058380127,1301.9659423828125,257.99261474609375,48.104687,8.0,1,26.514347
3,101,966.7437057495117,489.43379402160645,948.0584716796875,496.6405029296875,41.685577,8.0,1,20.598757
2,101,1410.4998092651367,381.6145496368408,1391.8145751953125,388.8212585449219,34.936398,8.0,1,23.459778
4,101,1158.4094772338867,44.50517463684082,1139.7242431640625,51.711883544921875,31.290512,8.0,1,26.368101
200,101,1638.7690963745117,424.8644275665283,1620.0838623046875,432.0711364746094,21.285906,6.0,1,9.614804
7,101,478.9454879760742,353.13948249816895,460.26025390625,360.34619140625,20.821962,20.0,-1,9.962373
5,101,1345.1928024291992,239.34720039367676,1326.507568359375,246.5539093017578,16.588617,16.0,-1,9.276712
12,101,1055.1395797729492,850.7843799591064,1036.454345703125,857.9910888671875,11.717721,10.0,-1,28.829578
8,101,1301.5487594604492,362.9498462677002,1282.863525390625,370.15655517578125,8.69321,8.0,-1,31.685831
11,101,242.32923126220703,442.7519702911377,223.6439971923828,449.95867919921875,8.666905,8.0,1,22.235546
6,101,531.7896041870117,204.57957649230957,513.1043701171875,211.78628540039062,7.216849,12.0,-1,18.799322
139,101,1112.8269577026367,268.9879322052002,1094.1417236328125,276.19464111328125,6.5819244,8.0,1,10.463968
10,101,362.09041595458984,63.91270637512207,343.4051818847656,71.11941528320312,6.4002814,10.0,-1,17.881191
9,101,1277.1137008666992,1067.9711475372314,1258.428466796875,1075.1778564453125,5.2417293,10.0,-1,13.632722
239,101,1423.4202194213867,1102.913896560669,1404.7349853515625,1110.12060546875,3.9971087,22.0,-1,4.14338
17,101,502.92357635498047,460.8481922149658,484.23834228515625,468.0549011230469,3.9838831,8.0,-1,19.020473
14,101,139.87046813964844,1003.7357349395752,121.18523406982422,1010.9424438476562,1.5973307,12.0,-1,18.549381
136,101,694.6744918823242,908.638261795044,675.9892578125,915.844970703125,1.0496584,8.0,-1,7.438262
0,102,1304.1902389526367,917.5668811798096,1285.377197265625,925.130615234375,73.88906,10.0,1,24.20649
4,102,1159.0314254760742,44.87515449523926,1140.2183837890625,52.43888854980469,39.10828,8.0,1,26.166315
3,102,965.376091003418,490.4343738555908,946.5630493164062,497.99810791015625,34.959118,8.0,1,19.56324
1,102,1319.0458297729492,249.56901741027832,1300.2327880859375,257.13275146484375,27.582457,8.0,1,22.760038
2,102,1409.5282516479492,380.8007984161377,1390.7152099609375,388.3645324707031,24.476166,8.0,1,22.81604
200,102,1638.4277877807617,424.57637214660645,1619.61474609375,432.1401062011719,15.495274,6.0,1,8.158751
12,102,1055.0436325073242,849.8507556915283,1036.2305908203125,857.4144897460938,13.474006,10.0,-1,27.263603
7,102,476.89229583740234,356.91353034973145,458.0792541503906,364.4772644042969,11.935085,20.0,-1,9.833158
11,102,241.86287689208984,441.77977180480957,223.04983520507812,449.343505859375,10.606851,8.0,1,23.38016
5,102,1343.6585006713867,240.38348579406738,1324.845458984375,247.9472198486328,8.996459,16.0,-1,9.772885
8,102,1302.4684371948242,362.7451343536377,1283.6553955078125,370.3088684082031,8.121174,8.0,-1,32.69315
10,102,363.18636322021484,65.07199287414551,344.3733215332031,72.63572692871094,7.875139,10.0,-1,19.818226
6,102,533.593132019043,203.38031196594238,514.7800903320312,210.9440460205078,7.67355,12.0,-1,16.495306
9,102,1277.1137008666992,1068.142198562622,1258.3006591796875,1075.7059326171875,5.782833,10.0,-1,14.069555
139,102,1115.8480758666992,268.9879322052002,1097.0350341796875,276.5516662597656,4.9757543,6.0,1,4.8764763
239,102,1422.3948287963867,1099.900499343872,1403.581787109375,1107.4642333984375,3.5107508,24.0,-1,4.0492525
17,102,505.2508773803711,458.42720222473145,486.4378356933594,465.9909362792969,2.296797,8.0,-1,19.132992
14,102,140.95928192138672,1004.2431507110596,122.146240234375,1011.806884765625,1.9641671,12.0,-1,16.03288
136,102,696.2024459838867,910.0016345977783,677.389404296875,917.5653686523438,0.6116521,8.0,-1,7.0489373
0,103,1302.930778503418,918.6401538848877,1283.6358642578125,926.146240234375,85.59228,10.0,1,26.261068
3,103,965.376091003418,490.4343738555908,946.0811767578125,497.9404602050781,47.45905,8.0,1,19.709747
4,103,1159.742546081543,46.36588478088379,1140.4476318359375,53.871971130371094,37.99381,8.0,1,26.463165
1,103,1317.6027755737305,250.66276741027832,1298.307861328125,258.1688537597656,36.43888,8.0,1,24.730646
2,103,1408.1037521362305,380.1376209259033,1388.808837890625,387.6437072753906,24.92734,8.0,1,23.024914
200,103,1636.839469909668,423.2798023223877,1617.5445556640625,430.785888671875,17.610008,6.0,1,8.588315
12,103,1055.418571472168,848.301347732544,1036.1236572265625,855.8074340820312,15.703979,10.0,-1,26.374996
7,103,475.9331588745117,359.4296131134033,456.63824462890625,366.9356994628906,14.322665,20.0,-1,9.024945
8,103,1303.369010925293,362.6749439239502,1284.0740966796875,370.1810302734375,10.753816,8.0,-1,35.932327
11,103,243.04703521728516,440.9614429473877,223.7521209716797,448.467529296875,8.508519,8.0,1,22.295912
10,103,367.2197494506836,64.57099342346191,347.9248352050781,72.07707977294922,8.026661,10.0,-1,14.509806
5,103,1340.3449630737305,241.65599250793457,1321.050048828125,249.16207885742188,7.429791,14.0,-1,9.267858
6,103,532.2053146362305,203.56431770324707,512.910400390625,211.07040405273438,6.6737113,12.0,-1,15.603531
139,103,1113.633903503418,270.9075183868408,1094.3389892578125,278.4136047363281,6.1546936,16.0,-1,0.82003653
239,103,1422.714469909668,1104.3232593536377,1403.4195556640625,1111.829345703125,6.085426,22.0,-1,2.66763
9,103,1281.615104675293,1063.7807788848877,1262.3201904296875,1071.286865234375,5.9851966,10.0,-1,11.647921
17,103,506.4961166381836,457.1999988555908,487.2012023925781,464.7060852050781,2.419387,8.0,-1,19.939602
14,103,143.75957489013672,1005.037431716919,124.46466064453125,1012.5435180664062,2.3613546,10.0,-1,14.087171
136,103,693.698844909668,908.4184741973877,674.4039306640625,915.924560546875,0.9591315,8.0,-1,7.121703
0,104,1303.558219909668,918.2580127716064,1284.3221435546875,925.286865234375,63.91737,10.0,1,27.06239
4,104,1159.6777267456055,47.13571357727051,1140.441650390625,54.16456604003906,41.318596,8.0,1,26.658794
2,104,1406.568229675293,381.0465259552002,1387.3321533203125,388.07537841796875,37.390972,8.0,1,24.497908
3,104,965.149528503418,491.12169075012207,945.9134521484375,498.1505432128906,27.36199,8.0,1,20.675194
1,104,1317.324821472168,251.64106941223145,1298.0887451171875,258.669921875,24.52838,8.0,1,24.767399
200,104,1635.588981628418,422.7242908477783,1616.3529052734375,429.7531433105469,17.214582,6.0,1,6.753526
7,104,477.21199798583984,360.4706287384033,457.9759216308594,367.4994812011719,11.835227,20.0,-1,9.36157
12,104,1055.826286315918,849.7868213653564,1036.5902099609375,856.815673828125,10.559003,10.0,-1,24.808897
5,104,1340.3449630737305,241.42572212219238,1321.10888671875,248.45457458496094,8.711237,16.0,-1,8.640076
11,104,243.42960357666016,440.61204719543457,224.1935272216797,447.6408996582031,8.088261,8.0,1,22.30847
6,104,531.4240036010742,203.56431770324707,512.1879272460938,210.59317016601562,8.075823,12.0,-1,16.454363
8,104,1303.4074630737305,361.9617176055908,1284.17138671875,368.9905700683594,8.058659,8.0,-1,35.423637
10,104,368.0157699584961,62.975107192993164,348.7796936035156,70.00395965576172,6.963314,10.0,-1,16.155443
9,104,1278.056266784668,1063.6640186309814,1258.8201904296875,1070.69287109375,6.198647,10.0,-1,12.463499
139,104,1114.797477722168,273.2684497833252,1095.5614013671875,280.29730224609375,5.3716645,6.0,1,1.3418642
239,104,1423.335807800293,1106.042558670044,1404.0997314453125,1113.0714111328125,3.3120697,22.0,-1,2.1682546
14,104,145.78768157958984,1006.3264331817627,126.55160522460938,1013.3552856445312,2.1856434,10.0,-1,14.463191
17,104,501.4460983276367,456.51109504699707,482.21002197265625,463.5399475097656,2.1498547,8.0,-1,18.421713
136,104,693.194694519043,907.2505054473877,673.9586181640625,914.2793579101562,0.838209,10.0,-1,6.271688
0,105,1305.228141784668,918.6110401153564,1285.672119140625,925.7828369140625,93.61074,10.0,1,26.943277
4,105,1159.6476974487305,48.658803939819336,1140.0916748046875,55.83060073852539,47.05235,8.0,1,26.07323
3,105,967.215202331543,490.93101692199707,947.6591796875,498.1028137207031,32.117653,8.0,1,21.06387
2,105,1406.5187911987305,380.6392993927002,1386.9627685546875,387.81109619140625,31.984964,8.0,1,23.974474
1,105,1315.964714050293,253.3620777130127,1296.40869140625,260.53387451171875,31.038889,8.0,1,24.289389
200,105,1635.573600769043,420.6053638458252,1616.017578125,427.77716064453125,26.383095,6.0,1,8.51023
7,105,476.88350677490234,361.5527515411377,457.3274841308594,368.72454833984375,15.810662,18.0,-1,8.632922
5,105,1340.3449630737305,244.09881782531738,1320.7889404296875,251.27061462402344,9.384496,14.0,-1,8.724133
8,105,1304.9338302612305,360.48668098449707,1285.3778076171875,367.6584777832031,8.366409,8.0,-1,34.66904
9,105,1277.812858581543,1063.020830154419,1258.2568359375,1070.192626953125,8.148065,10.0,-1,11.718856
10,105,370.5695114135742,61.27211952209473,351.01348876953125,68.44391632080078,7.823614,10.0,-1,14.313095
12,105,1056.063102722168,851.483964920044,1036.507080078125,858.65576171875,7.7907467,10.0,-1,21.763756
6,105,530.847038269043,204.27763557434082,511.291015625,211.44943237304688,7.198375,12.0,-1,16.433176
11,105,241.91419219970703,440.28477668762207,222.35816955566406,447.4565734863281,6.0501666,8.0,1,21.489325
139,105,1117.081657409668,274.1435718536377,1097.525634765625,281.31536865234375,5.3500447,12.0,-1,11.846587
17,105,501.6010055541992,454.4997730255127,482.04498291015625,461.67156982421875,3.0915816,8.0,-1,19.975576
239,105,1420.3439865112305,1107.854326248169,1400.7879638671875,1115.026123046875,3.0605152,24.0,-1,2.5100703
14,105,147.17841339111328,1004.8549365997314,127.62239074707031,1012.0267333984375,1.5543302,10.0,-1,24.9928
258,105,1113.636100769043,259.17735481262207,1094.080078125,266.3491516113281,0.41519412,8.0,1,9.418094
136,105,695.6769332885742,907.2505054473877,676.1209106445312,914.4223022460938,0.40046802,10.0,-1,5.986019
0,106,1305.117546081543,919.7432727813721,1285.5068359375,927.1284790039062,80.40737,10.0,1,27.625591
3,106,967.576286315918,488.7732105255127,947.965576171875,496.1584167480469,45.18034,8.0,1,21.846935
2,106,1405.8146896362305,378.9597339630127,1386.2039794921875,386.3449401855469,42.60348,8.0,1,24.64815
1,106,1315.456413269043,256.70063972473145,1295.845703125,264.0858459472656,42.13271,8.0,1,27.055336
4,106,1158.333122253418,47.27606391906738,1138.722412109375,54.66127014160156,30.717237,8.0,1,26.195114
200,106,1635.573600769043,420.6053638458252,1615.962890625,427.9905700683594,26.312988,6.0,1,9.3158455
7,106,476.6703109741211,362.1265125274658,457.0596008300781,369.51171875,17.928005,20.0,-1,9.743859
12,106,1055.0065841674805,854.5253772735596,1035.3958740234375,861.9105834960938,13.3446665,10.0,-1,24.44148
5,106,1339.648063659668,245.8104419708252,1320.037353515625,253.19564819335938,12.684876,16.0,-1,8.091118
8,106,1307.199089050293,358.60032844543457,1287.58837890625,365.98553466796875,9.222201,8.0,-1,34.438858
11,106,242.90929412841797,439.01866340637207,223.298583984375,446.40386962890625,9.143155,8.0,1,22.311039
10,106,371.1172103881836,60.4572696685791,351.5065002441406,67.84247589111328,8.081006,10.0,-1,13.798842
139,106,1117.7380294799805,270.8996753692627,1098.1273193359375,278.2848815917969,7.68599,12.0,-1,12.055846
6,106,531.6257247924805,204.32827949523926,512.0150146484375,211.71348571777344,5.8086143,12.0,-1,17.41855
9,106,1275.6303634643555,1063.9136219024658,1256.0196533203125,1071.298828125,5.7305717,10.0,-1,12.626202
17,106,504.21785736083984,451.1208667755127,484.6071472167969,458.5060729980469,2.7786243,10.0,-1,15.746441
239,106,1417.8281173706055,1109.7008533477783,1398.2174072265625,1117.0860595703125,2.3469708,24.0,-1,1.4515257
14,106,147.24446868896484,1003.1413440704346,127.63375854492188,1010.5265502929688,1.4176065,10.0,-1,24.785295
136,106,699.3578414916992,910.5590686798096,679.7471313476562,917.9442749023438,1.0414454,6.0,-1,7.1122365
0,107,1304.6613693237305,918.3607692718506,1283.9063720703125,926.1072387695312,125.71735,10.0,1,27.543118
2,107,1407.4013595581055,376.3568935394287,1386.6463623046875,384.1033630371094,42.21883,8.0,1,24.70238
3,107,969.379997253418,490.3616542816162,948.625,498.1081237792969,36.31941,8.0,1,20.397024
4,107,1158.645133972168,47.27606391906738,1137.89013671875,55.02253341674805,35.600773,8.0,1,27.750444
1,107,1314.167350769043,255.3343105316162,1293.412353515625,263.0807800292969,24.571314,8.0,1,24.427591
200,107,1636.378288269043,418.7122097015381,1615.623291015625,426.45867919921875,18.466518,6.0,1,8.29438
7,107,478.06941986083984,359.18822288513184,457.3144226074219,366.9346923828125,13.562367,20.0,-1,9.535855
5,107,1338.997673034668,244.73578453063965,1318.24267578125,252.4822540283203,12.554881,16.0,-1,7.454965
12,107,1054.4848556518555,853.9534206390381,1033.7298583984375,861.6998901367188,11.89801,10.0,-1,26.317959
11,107,242.90929412841797,439.97658348083496,222.154296875,447.7230529785156,9.593799,8.0,1,22.540916
6,107,529.1112594604492,204.87831687927246,508.35626220703125,212.62478637695312,7.0879264,12.0,-1,14.500549
10,107,372.30358123779297,62.63253593444824,351.548583984375,70.3790054321289,7.056581,10.0,-1,12.737983
139,107,1119.240348815918,272.0182399749756,1098.4853515625,279.76470947265625,7.0384517,12.0,-1,19.020605
8,107,1306.984977722168,361.5469264984131,1286.22998046875,369.29339599609375,6.3984265,8.0,-1,27.302223
9,107,1273.014762878418,1063.9805812835693,1252.259765625,1071.72705078125,6.3387055,10.0,-1,13.818414
14,107,148.1538314819336,1000.7886257171631,127.39883422851562,1008.5350952148438,3.0547597,10.0,-1,25.239996
17,107,508.13927459716797,447.7757167816162,487.38427734375,455.5221862792969,2.106861,10.0,-1,14.627548
239,107,1414.624870300293,1114.7144680023193,1393.869873046875,1122.4609375,1.9455581,24.0,-1,1.727159
136,107,698.7048873901367,914.0686550140381,677.9498901367188,921.8151245117188,0.6478618,8.0,-1,6.3603134
0,108,1304.477897644043,916.9078273773193,1283.78369140625,924.5380859375,77.38453,10.0,1,28.089901
3,108,968.731315612793,492.41884422302246,948.037109375,500.0491027832031,53.94228,8.0,1,20.668646
2,108,1407.407341003418,376.6829128265381,1386.713134765625,384.31317138671875,37.142223,8.0,1,24.290117
4,108,1159.7067794799805,48.47752571105957,1139.0125732421875,56.107784271240234,36.78231,8.0,1,27.1501
1,108,1314.394401550293,253.9076442718506,1293.7001953125,261.53790283203125,29.633799,8.0,1,25.349539
200,108,1636.645866394043,418.00047874450684,1615.95166015625,425.6307373046875,21.568571,6.0,1,8.254959
7,108,478.4047164916992,359.54091453552246,457.71051025390625,367.1711730957031,20.192253,20.0,-1,10.480505
5,108,1339.209831237793,244.4616298675537,1318.515625,252.09188842773438,19.009825,16.0,-1,8.469586
12,108,1052.6633224487305,853.9534206390381,1031.9691162109375,861.5836791992188,11.426177,10.0,-1,25.988684
11,108,243.4457015991211,439.8830165863037,222.75149536132812,447.5132751464844,11.0945635,8.0,1,21.570036
139,108,1118.601188659668,272.32326316833496,1097.906982421875,279.9535217285156,10.649087,12.0,-1,22.75081
8,108,1304.595573425293,362.72105979919434,1283.9013671875,370.351318359375,10.427309,8.0,-1,30.68349
10,108,372.32564544677734,66.27057456970215,351.6314392089844,73.90083312988281,8.398829,10.0,-1,14.943787
6,108,528.0335922241211,206.66855430603027,507.3393859863281,214.29881286621094,7.0082803,12.0,-1,15.047057
9,108,1270.9916915893555,1062.6821193695068,1250.2974853515625,1070.3123779296875,5.4630475,10.0,-1,13.752093
239,108,1411.9850997924805,1113.4653224945068,1391.2908935546875,1121.0955810546875,4.003896,22.0,-1,2.7224782
17,108,509.55162811279297,447.12526512145996,488.857421875,454.7555236816406,2.378404,10.0,-1,14.16715
14,108,148.1538314819336,1001.6251125335693,127.45962524414062,1009.25537109375,1.8902737,10.0,-1,24.639286
258,108,1113.8295822143555,258.44908714294434,1093.1353759765625,266.079345703125,1.1514746,16.0,1,14.349502
136,108,695.7827682495117,912.5683498382568,675.0885620117188,920.1986083984375,0.46200597,6.0,-1,6.1585927
0,109,1304.0004806518555,917.7988109588623,1283.3570556640625,925.78173828125,80.27948,10.0,1,27.65511
3,109,968.8226852416992,490.1775951385498,948.1792602539062,498.1605224609375,42.3731,8.0,1,20.948412
1,109,1314.3857345581055,252.3567943572998,1293.7423095703125,260.3397216796875,32.36854,8.0,1,24.960361
4,109,1159.7766036987305,46.727190017700195,1139.1331787109375,54.71011734008789,30.491943,8.0,1,26.76315
2,109,1409.170280456543,378.00102043151855,1388.52685546875,385.98394775390625,24.951988,8.0,1,23.665998
7,109,477.7453842163086,358.5331859588623,457.1019592285156,366.51611328125,23.75031,20.0,-1,9.912789
200,109,1636.593620300293,418.3984203338623,1615.9501953125,426.38134765625,21.786966,6.0,1,8.829972
5,109,1340.3535079956055,244.31771659851074,1319.7100830078125,252.30064392089844,18.266827,16.0,-1,8.959994
12,109,1051.5056076049805,855.3466625213623,1030.8621826171875,863.32958984375,10.500674,10.0,-1,26.844406
11,109,244.9648208618164,438.08521842956543,224.32139587402344,446.0681457519531,9.649314,8.0,1,22.012384
8,109,1304.6042404174805,360.6865978240967,1283.9608154296875,368.6695251464844,8.766741,8.0,-1,32.66877
10,109,372.6248092651367,66.54988670349121,351.98138427734375,74.5328140258789,8.465562,10.0,-1,15.349793
139,109,1116.8417892456055,273.6652355194092,1096.1983642578125,281.6481628417969,7.788389,12.0,-1,16.048714
6,109,529.663200378418,209.3157024383545,509.019775390625,217.2986297607422,7.672863,12.0,-1,16.371117
9,109,1269.672477722168,1057.9880199432373,1249.029052734375,1065.970947265625,5.5537834,10.0,-1,12.499657
239,109,1411.9096603393555,1113.6092357635498,1391.2662353515625,1121.5921630859375,3.165231,22.0,-1,2.2429626
14,109,147.27932739257812,996.7239208221436,126.63590240478516,1004.7068481445312,1.8943315,10.0,-1,23.642849
17,109,512.5746994018555,448.42985343933105,491.9312744140625,456.41278076171875,1.8517041,10.0,-1,15.02616
258,109,1114.681999206543,261.87345695495605,1094.03857421875,269.85638427734375,1.810325,14.0,1,11.579249
136,109,690.0398483276367,910.2498607635498,669.3964233398438,918.2327880859375,0.42359257,8.0,-1,6.2061896
0,110,1304.3274459838867,919.3050632476807,1283.5047607421875,927.342041015625,76.00678,10.0,1,27.419384
2,110,1411.0558395385742,378.5368137359619,1390.233154296875,386.57379150390625,37.551395,8.0,1,24.319979
4,110,1162.7841110229492,46.727190017700195,1141.96142578125,54.76416778564453,35.184986,8.0,1,26.902475
1,110,1313.8821334838867,252.66745948791504,1293.0594482421875,260.7044372558594,32.294632,8.0,1,24.734585
3,110,969.6970138549805,490.37510108947754,948.8743286132812,498.4120788574219,32.120987,8.0,1,19.765932
5,110,1340.7578659057617,246.0175266265869,1319.9351806640625,254.05450439453125,29.7829,16.0,-1,8.257627
200,110,1636.4912643432617,417.9508457183838,1615.6685791015625,425.9878234863281,19.366175,6.0,1,8.728316
7,110,475.4555892944336,359.4601230621338,454.6329040527344,367.4971008300781,19.209806,20.0,-1,11.12685
8,110,1306.6686325073242,357.87391090393066,1285.845947265625,365.910888671875,11.15475,8.0,-1,31.654062
10,110,372.6248092651367,65.74859809875488,351.8021240234375,73.78557586669922,9.956463,10.0,-1,15.70637
12,110,1051.0356979370117,852.8349094390869,1030.2130126953125,860.8718872070312,9.2496195,10.0,-1,30.38296
6,110,526.4273910522461,210.46042823791504,505.6047058105469,218.49740600585938,7.622841,12.0,-1,16.902958
11,110,243.1169662475586,437.17722511291504,222.29428100585938,445.2142028808594,6.981854,8.0,1,20.91652
9,110,1269.7922897338867,1057.5865573883057,1248.9696044921875,1065.62353515625,5.5472627,10.0,-1,15.143261
139,110,1115.6395797729492,273.3169651031494,1094.81689453125,281.35394287109375,5.1899447,12.0,-1,12.843497
239,110,1407.3671188354492,1115.3697605133057,1386.54443359375,1123.40673828125,3.0193539,22.0,-1,2.0044491
14,110,148.24801635742188,996.5182590484619,127.42533111572266,1004.5552368164062,2.8437326,10.0,-1,26.910229
17,110,515.4693832397461,451.7138156890869,494.6466979980469,459.75079345703125,2.629751,8.0,-1,18.67004
136,110,688.898063659668,908.5368137359619,668.0753784179688,916.5737915039062,0.47497284,6.0,-1,5.672477
0,111,1302.2159805297852,921.1400241851807,1281.74072265625,929.0868530273438,75.16982,10.0,1,27.877522
3,111,968.6081314086914,492.10535621643066,948.1328735351562,500.05218505859375,48.83224,8.0,1,19.9535
1,111,1312.7394180297852,255.25794410705566,1292.26416015625,263.20477294921875,46.711834,8.0,1,23.672949
2,111,1412.6478652954102,378.5368137359619,1392.172607421875,386.483642578125,36.663235,8.0,1,24.906185
4,111,1164.4747695922852,46.688955307006836,1143.99951171875,54.63578414916992,36.645157,8.0,1,27.286642
7,111,476.0737075805664,362.47056007385254,455.59844970703125,370.4173889160156,21.416952,22.0,-1,9.897526
200,111,1636.0942764282227,417.20505714416504,1615.6190185546875,425.1518859863281,20.15188,6.0,1,7.4492564
9,111,1270.4254531860352,1056.129587173462,1249.9501953125,1064.076416015625,12.91534,10.0,-1,15.791794
5,111,1338.4277725219727,249.1095371246338,1317.9525146484375,257.0563659667969,12.191097,16.0,-1,10.53871
12,111,1049.4087295532227,851.8061008453369,1028.9334716796875,859.7529296875,10.598505,10.0,-1,30.972504
10,111,375.7771987915039,64.83091163635254,355.30194091796875,72.77774047851562,9.350984,10.0,-1,16.273554
11,111,243.1169662475586,436.57883644104004,222.64170837402344,444.5256652832031,6.5529027,8.0,1,21.734438
6,111,526.5033340454102,210.8569278717041,506.028076171875,218.8037567138672,6.539101,12.0,-1,19.070614
139,111,1113.5339736938477,273.0070285797119,1093.0587158203125,280.953857421875,5.17539,12.0,-1,4.9400883
8,111,1311.5246963500977,360.24036598205566,1291.0494384765625,368.18719482421875,5.0302396,8.0,-1,28.148123
239,111,1402.4086074829102,1116.879098892212,1381.933349609375,1124.825927734375,3.189042,24.0,-1,3.237678
14,111,149.2203598022461,998.3880710601807,128.74510192871094,1006.3348999023438,2.798847,8.0,-1,27.67571
17,111,517.0758743286133,451.7113742828369,496.6006164550781,459.658203125,2.3203905,8.0,-1,16.719967
136,111,686.5314712524414,905.7125339508057,666.0562133789062,913.6593627929688,0.3407842,14.0,-1,4.6512027
0,112,1303.063575744629,921.0747623443604,1282.712158203125,929.680419921875,57.8026,10.0,1,27.556587
4,112,1166.0802993774414,45.64652442932129,1145.7288818359375,54.25218200683594,43.04188,8.0,1,27.499975
3,112,969.2757949829102,491.32012367248535,948.9243774414062,499.92578125,32.06616,8.0,1,20.128073
2,112,1412.673927307129,377.75628089904785,1392.322509765625,386.3619384765625,31.85073,8.0,1,24.95116
1,112,1313.4765396118164,255.32320594787598,1293.1251220703125,263.9288635253906,24.160128,8.0,1,23.820332
7,112,474.6738052368164,363.778039932251,454.3223876953125,372.3836975097656,20.949354,20.0,-1,9.939893
200,112,1635.2304458618164,417.3770389556885,1614.8790283203125,425.9826965332031,14.106545,6.0,1,7.126735
12,112,1048.1218032836914,848.6439762115479,1027.7703857421875,857.2496337890625,10.837986,8.0,-1,27.23802
5,112,1338.395606994629,251.46645545959473,1318.044189453125,260.0721130371094,9.4063635,16.0,-1,11.298159
10,112,374.67542266845703,65.41655158996582,354.3240051269531,74.02220916748047,8.470549,10.0,-1,19.267681
8,112,1312.1208267211914,360.6607608795166,1291.7694091796875,369.26641845703125,8.272554,8.0,-1,36.125538
11,112,240.07694244384766,435.8370304107666,219.72552490234375,444.44268798828125,8.103641,8.0,1,20.891113
9,112,1270.2065200805664,1054.5371646881104,1249.8551025390625,1063.142822265625,7.7063065,10.0,-1,13.923061
6,112,525.1194229125977,211.7724094390869,504.76800537109375,220.37806701660156,6.3079276,12.0,-1,19.472172
139,112,1113.507911682129,274.6546878814697,1093.156494140625,283.2603454589844,5.0212865,6.0,1,2.2148802
14,112,149.41613006591797,995.4249210357666,129.06471252441406,1004.0305786132812,4.0792394,8.0,-1,24.83574
258,112,1110.735939025879,262.22881507873535,1090.384521484375,270.83447265625,3.583738,10.0,-1,16.787767
239,112,1403.9743423461914,1117.0552310943604,1383.6229248046875,1125.660888671875,3.4525363,24.0,-1,2.7263927
17,112,517.5591201782227,451.6416263580322,497.20770263671875,460.2472839355469,2.843619,8.0,-1,17.099806
0,113,1304.3652114868164,921.2222690582275,1283.79345703125,929.931640625,93.02256,10.0,1,28.007332
3,113,970.8537368774414,489.21274757385254,950.281982421875,497.922119140625,40.357414,8.0,1,19.024704
7,113,474.3270950317383,363.8131809234619,453.7553405761719,372.5225524902344,35.189663,20.0,-1,10.837132
4,113,1165.8071060180664,45.70536994934082,1145.2353515625,54.41474151611328,31.407701,8.0,1,27.21202
2,113,1414.408546447754,377.6394443511963,1393.8367919921875,386.34881591796875,28.92924,8.0,1,26.156544
12,113,1048.4692153930664,847.2916049957275,1027.8974609375,856.0009765625,23.080614,10.0,-1,20.617485
1,113,1313.355567932129,254.9824924468994,1292.7838134765625,263.6918640136719,22.932259,8.0,1,24.108364
200,113,1633.849464416504,416.63685035705566,1613.2777099609375,425.3462219238281,16.07567,6.0,1,10.847051
5,113,1338.395606994629,254.34339332580566,1317.8238525390625,263.0527648925781,11.021743,16.0,-1,11.5835495
10,113,376.2080764770508,65.41655158996582,355.6363220214844,74.12592315673828,10.486361,10.0,-1,20.73424
11,113,239.91268157958984,435.4342746734619,219.34092712402344,444.1436462402344,9.39606,8.0,1,21.256147
8,113,1312.5195083618164,362.5984592437744,1291.94775390625,371.3078308105469,9.127297,8.0,-1,34.021652
14,113,148.48137664794922,995.7392978668213,127.90962219238281,1004.4486694335938,8.007374,8.0,-1,24.651087
6,113,524.0069351196289,213.1448917388916,503.4351806640625,221.85426330566406,6.884386,12.0,-1,17.136791
9,113,1268.2436294555664,1052.824686050415,1247.671875,1061.5340576171875,6.032688,10.0,-1,14.246823
139,113,1113.5302505493164,273.74488258361816,1092.95849609375,282.4542541503906,4.3749537,6.0,1,2.6855443
258,113,1112.0053482055664,261.68519020080566,1091.43359375,270.3945617675781,2.6289394,12.0,-1,14.244407
239,113,1401.912452697754,1120.2603549957275,1381.3406982421875,1128.9697265625,2.3098185,26.0,-1,2.646451
17,113,520.0615310668945,451.89881324768066,499.4897766113281,460.6081848144531,1.8477616,10.0,-1,15.81142
0,114,1303.1651229858398,921.0347080230713,1283.4083251953125,929.985107421875,77.698906,10.0,1,28.576157
3,114,969.8921127319336,488.9844150543213,950.1353149414062,497.934814453125,47.218433,8.0,1,18.915285
4,114,1163.9722518920898,46.77301216125488,1144.2154541015625,55.723411560058594,42.66595,8.0,1,25.79805
1,114,1310.6770858764648,255.05286598205566,1290.9202880859375,264.0032653808594,29.694471,8.0,1,26.296549
2,114,1414.6509628295898,377.4415988922119,1394.8941650390625,386.3919982910156,25.021128,8.0,1,25.75189
7,114,475.5173873901367,366.7272129058838,455.7605895996094,375.6776123046875,22.95566,22.0,-1,11.254627
200,114,1635.4193954467773,418.4670810699463,1615.66259765625,427.41748046875,17.12023,6.0,1,9.101633
12,114,1047.4287948608398,847.1578159332275,1027.6719970703125,856.1082153320312,15.283772,8.0,-1,28.553331
5,114,1336.8637313842773,256.4071750640869,1317.10693359375,265.3575744628906,15.242253,16.0,-1,12.499762
10,114,376.7968978881836,66.57707405090332,357.04010009765625,75.52747344970703,7.886288,10.0,-1,22.145489
8,114,1310.2283554077148,365.0836582183838,1290.4715576171875,374.0340576171875,7.285118,8.0,-1,32.274216
11,114,239.91268157958984,435.4342746734619,220.1558837890625,444.3846740722656,6.8336024,8.0,1,21.030535
6,114,524.791618347168,211.7244815826416,505.0348205566406,220.6748809814453,6.252581,12.0,-1,15.000578
139,114,1113.8692245483398,273.0517978668213,1094.1124267578125,282.002197265625,6.1535726,12.0,-1,2.4961493
9,114,1268.4164657592773,1050.9427890777588,1248.65966796875,1059.8931884765625,5.6825624,10.0,-1,14.8095
239,114,1398.5233993530273,1119.5582675933838,1378.7666015625,1128.5086669921875,2.9619172,24.0,-1,3.4978144
14,114,146.80440521240234,996.567850112915,127.047607421875,1005.5182495117188,2.5999243,8.0,-1,21.255297
17,114,520.7246322631836,453.02369117736816,500.96783447265625,461.9740905761719,1.9586669,10.0,-1,16.09394
258,114,1114.1519393920898,261.35657691955566,1094.3951416015625,270.3069763183594,1.8547492,10.0,-1,14.857467
0,115,1302.4424667358398,920.846399307251,1282.279296875,929.6844482421875,70.1796,10.0,1,26.71491
3,115,968.1819686889648,487.12395668029785,948.018798828125,495.9620056152344,47.93649,8.0,1,20.356531
4,115,1166.0821151733398,45.72273063659668,1145.9189453125,54.5607795715332,46.748417,8.0,1,26.590792
2,115,1414.3398056030273,379.5967655181885,1394.1766357421875,388.434814453125,39.98128,8.0,1,25.741926
1,115,1309.7148056030273,255.1035099029541,1289.5516357421875,263.9415588378906,34.357742,8.0,1,27.34423
7,115,475.5173873901367,366.9795780181885,455.3542175292969,375.817626953125,19.794333,20.0,-1,10.141853
5,115,1336.9762802124023,254.78948402404785,1316.8131103515625,263.6275329589844,19.169436,16.0,-1,11.914411
200,115,1634.5904159545898,419.1174259185791,1614.42724609375,427.9554748535156,12.391811,6.0,1,9.977492
8,115,1310.3249130249023,367.3930606842041,1290.1617431640625,376.2311096191406,12.292441,8.0,-1,34.99685
12,115,1048.9932479858398,847.543909072876,1028.830078125,856.3819580078125,10.108765,8.0,-1,25.325691
10,115,376.64009857177734,66.36364936828613,356.4769287109375,75.20169830322266,9.356225,10.0,-1,22.824339
11,115,240.23363494873047,436.20232582092285,220.07046508789062,445.0403747558594,7.552957,8.0,1,19.049261
6,115,524.1182479858398,211.7244815826416,503.955078125,220.56253051757812,6.8858643,12.0,-1,15.346877
9,115,1272.8803329467773,1049.0379276275635,1252.7171630859375,1057.8759765625,6.5668445,10.0,-1,13.911158
139,115,1113.9174423217773,274.244592666626,1093.7542724609375,283.0826416015625,3.7382815,6.0,1,1.0358241
258,115,1113.8266220092773,262.58745765686035,1093.6634521484375,271.4255065917969,3.0363092,10.0,-1,15.646823
14,115,147.5743865966797,995.4913578033447,127.41121673583984,1004.3294067382812,2.882409,10.0,-1,18.924725
17,115,522.2173385620117,452.9126224517822,502.0541687011719,461.75067138671875,2.3108208,8.0,-1,18.63284
239,115,1398.1963729858398,1118.997522354126,1378.033203125,1127.8355712890625,1.957956,24.0,-1,4.7319446
0,116,1301.9665145874023,921.4725894927979,1281.861083984375,929.6829833984375,77.38759,10.0,1,28.135761
4,116,1166.0821151733398,44.6810245513916,1145.9766845703125,52.89141845703125,46.6004,8.0,1,26.909426
3,116,967.6277694702148,487.549768447876,947.5223388671875,495.7601623535156,38.07252,8.0,1,20.745075
2,116,1413.7159042358398,382.095422744751,1393.6104736328125,390.3058166503906,31.022425,8.0,1,26.983313
1,116,1310.4605331420898,255.00142860412598,1290.3551025390625,263.2118225097656,18.939795,8.0,1,24.64055
7,116,472.25109100341797,366.82598304748535,452.1456604003906,375.036376953125,17.623316,20.0,-1,10.839466
200,116,1633.4207382202148,417.382043838501,1613.3153076171875,425.5924377441406,17.130442,6.0,1,8.976477
5,116,1336.9278182983398,256.1153507232666,1316.8223876953125,264.32574462890625,13.953931,16.0,-1,12.555076
10,116,375.5664291381836,65.63643074035645,355.46099853515625,73.8468246459961,10.976724,8.0,-1,25.203579
8,116,1311.7466659545898,370.2142276763916,1291.6412353515625,378.42462158203125,10.525472,8.0,-1,36.765892
6,116,522.9525985717773,212.39458656311035,502.84716796875,220.60498046875,8.784736,14.0,-1,12.214354
9,116,1273.9766464233398,1048.0260562896729,1253.8712158203125,1056.2364501953125,8.691225,10.0,-1,15.519529
12,116,1050.7113876342773,845.8430118560791,1030.60595703125,854.0534057617188,8.634082,8.0,-1,24.425295
11,116,243.28446197509766,436.20232582092285,223.1790313720703,444.4127197265625,7.3750787,8.0,1,22.100477
139,116,1114.6769638061523,276.0521488189697,1094.571533203125,284.2625427246094,5.234993,12.0,-1,7.488415
17,116,521.9554061889648,454.2778568267822,501.8499755859375,462.4882507324219,4.277552,8.0,-1,15.985723
258,116,1113.8409042358398,264.43425941467285,1093.7354736328125,272.6446533203125,3.625182,12.0,-1,17.473814
14,116,149.5493392944336,994.4294986724854,129.44390869140625,1002.639892578125,3.3528883,10.0,-1,23.99984
239,116,1398.8233261108398,1117.5418033599854,1378.7178955078125,1125.752197265625,2.1369867,26.0,-1,3.5320249
0,117,1300.4468612670898,921.2210330963135,1280.743896484375,928.8176879882812,60.372524,10.0,1,27.762947
3,117,968.0995101928711,486.6429080963135,948.3965454101562,494.23956298828125,39.36423,8.0,1,20.365181
4,117,1167.4226913452148,43.11457633972168,1147.7197265625,50.71123123168945,38.511982,8.0,1,26.640882
7,117,472.72798919677734,366.4198246002197,453.0250244140625,374.0164794921875,22.29957,22.0,-1,11.9286785
2,117,1414.1842880249023,382.2203006744385,1394.4813232421875,389.81695556640625,20.798649,8.0,1,26.227497
1,117,1312.8195419311523,256.67827796936035,1293.1165771484375,264.2749328613281,20.276773,8.0,1,25.67928
200,117,1633.6787948608398,418.8086185455322,1613.975830078125,426.4052734375,16.818222,6.0,1,9.173668
5,117,1336.7857284545898,255.77181434631348,1317.082763671875,263.36846923828125,11.632016,16.0,-1,9.335879
11,117,242.89264678955078,436.20232582092285,223.18968200683594,443.7989807128906,10.5911875,8.0,1,21.941425
10,117,377.57042694091797,66.35329627990723,357.8674621582031,73.949951171875,9.399331,8.0,-1,24.212261
8,117,1310.3855819702148,372.1352481842041,1290.6826171875,379.7319030761719,8.612145,8.0,-1,30.034046
12,117,1051.3600692749023,844.8225345611572,1031.6571044921875,852.419189453125,8.444387,8.0,-1,30.45521
6,117,519.2435531616211,217.2829990386963,499.54058837890625,224.87965393066406,6.414768,14.0,-1,15.350933
9,117,1271.6181259155273,1049.3221683502197,1251.9151611328125,1056.9188232421875,5.852405,10.0,-1,14.805485
139,117,1114.6769638061523,275.2270450592041,1094.9739990234375,282.8236999511719,4.6622677,12.0,-1,5.780174
14,117,148.75641632080078,991.187463760376,129.05345153808594,998.7841186523438,4.471154,10.0,-1,25.893415
258,117,1115.2477645874023,261.9411869049072,1095.5447998046875,269.537841796875,3.0921924,10.0,-1,21.639317
17,117,519.8753890991211,456.1125431060791,500.17242431640625,463.7091979980469,2.87572,8.0,-1,19.528498
239,117,1397.3040390014648,1120.3438968658447,1377.60107421875,1127.9405517578125,1.8574443,26.0,-1,3.3917906
0,118,1300.631950378418,922.1101016998291,1280.745849609375,929.6478271484375,67.410774,10.0,1,27.710773
4,118,1167.993278503418,42.58979606628418,1148.107177734375,50.12752151489258,63.56693,8.0,1,26.717176
3,118,967.4247970581055,485.4738712310791,947.5386962890625,493.0115966796875,30.398247,8.0,1,21.074865
7,118,472.72798919677734,366.4198246002197,452.8418884277344,373.9575500488281,29.242334,22.0,-1,10.497878
2,118,1414.8098068237305,379.2281131744385,1394.9237060546875,386.7658386230469,27.51021,8.0,1,26.208843
200,118,1635.700553894043,420.18963050842285,1615.814453125,427.72735595703125,24.59581,6.0,1,7.034179
12,118,1051.8618087768555,846.3926944732666,1031.9757080078125,853.930419921875,16.795982,10.0,-1,27.55547
1,118,1313.2546310424805,258.2210330963135,1293.3685302734375,265.7587585449219,16.745848,8.0,1,26.571527
11,118,242.05928802490234,434.9798221588135,222.17318725585938,442.5175476074219,10.165229,8.0,1,22.063963
5,118,1335.269401550293,254.58034706115723,1315.38330078125,262.1180725097656,9.651092,18.0,-1,9.783932
6,118,519.8026962280273,218.5054416656494,499.9165954589844,226.0431671142578,7.7093563,14.0,-1,14.033193
10,118,376.10811614990234,66.0732364654541,356.2220153808594,73.6109619140625,7.1393714,10.0,-1,22.301079
8,118,1307.831901550293,371.7878665924072,1287.94580078125,379.3255920410156,6.786743,8.0,-1,33.82453
9,118,1271.333122253418,1050.403558731079,1251.447021484375,1057.9412841796875,5.8703065,10.0,-1,13.7635355
14,118,151.24115753173828,993.0040225982666,131.3550567626953,1000.541748046875,4.829966,10.0,-1,27.9605
139,118,1112.764762878418,274.0345706939697,1092.878662109375,281.5722961425781,4.4535327,12.0,-1,5.0477376
239,118,1396.204948425293,1121.8963565826416,1376.31884765625,1129.43408203125,3.0448892,24.0,-1,3.3705814
258,118,1115.8288497924805,260.5739994049072,1095.9427490234375,268.1117248535156,2.9190834,10.0,-1,21.388401
17,118,519.1108627319336,460.19548988342285,499.2247619628906,467.73321533203125,2.8806598,10.0,-1,15.212772
0,119,1302.061393737793,922.3500003814697,1281.72998046875,930.0379638671875,95.126076,10.0,1,29.045376
4,119,1170.286247253418,44.22762870788574,1149.954833984375,51.915592193603516,59.373856,8.0,1,28.261341
7,119,472.2473678588867,366.12944984436035,451.91595458984375,373.8174133300781,39.569077,22.0,-1,11.00014
3,119,966.8122482299805,486.3372440338135,946.4808349609375,494.02520751953125,38.3912,8.0,1,20.091022
2,119,1414.8098068237305,380.21917152404785,1394.4783935546875,387.9071350097656,27.561914,8.0,1,26.908314
1,119,1312.0795822143555,258.0689334869385,1291.7481689453125,265.75689697265625,17.551184,8.0,1,26.588202
200,119,1633.334831237793,420.18963050842285,1613.00341796875,427.8775939941406,14.500272,6.0,1,9.928913
11,119,242.24230194091797,436.2205448150635,221.910888671875,443.90850830078125,8.837062,8.0,1,22.210598
5,119,1330.8417892456055,255.90386390686035,1310.5103759765625,263.5918273925781,7.6783566,18.0,-1,8.050896
6,119,519.1153182983398,214.50676918029785,498.7839050292969,222.19473266601562,7.4809775,14.0,-1,12.919426
10,119,377.0685043334961,65.76999855041504,356.7370910644531,73.45796203613281,7.4566483,10.0,-1,21.075903
9,119,1268.4462814331055,1050.0498294830322,1248.1148681640625,1057.73779296875,7.117956,10.0,-1,15.367863
8,119,1308.6530685424805,370.8886661529541,1288.3216552734375,378.5766296386719,6.247938,8.0,-1,34.483463
12,119,1055.103630065918,848.6609745025635,1034.772216796875,856.3489379882812,5.8803806,10.0,-1,23.726238
239,119,1394.2241134643555,1120.4771976470947,1373.8927001953125,1128.1651611328125,5.1441836,24.0,-1,5.522196
258,119,1117.8000411987305,260.87151527404785,1097.4686279296875,268.5594787597656,4.4578805,12.0,-1,17.299515
14,119,151.79093170166016,991.7116947174072,131.4595184326172,999.399658203125,3.449742,8.0,-1,31.383064
139,119,1112.275993347168,273.5540409088135,1091.944580078125,281.24200439453125,3.3906536,12.0,-1,2.4561744
17,119,521.1962509155273,462.1303653717041,500.8648376464844,469.8183288574219,2.2121937,8.0,-1,19.606031
0,120,1301.8140487670898,922.5660343170166,1280.79248046875,930.2879638671875,64.54807,10.0,1,28.69939
3,120,968.7538681030273,486.2703800201416,947.7322998046875,493.9923095703125,49.496326,8.0,1,21.701473
4,120,1169.7060165405273,42.927743911743164,1148.6844482421875,50.64967346191406,32.236492,8.0,1,25.56629
200,120,1632.8335800170898,421.2430667877197,1611.81201171875,428.9649963378906,23.425383,6.0,1,7.034704
7,120,471.6256637573242,362.9932498931885,450.6040954589844,370.7151794433594,22.439436,22.0,-1,10.809028
2,120,1415.3533554077148,381.829309463501,1394.331787109375,389.5512390136719,22.072632,8.0,1,25.776157
1,120,1311.9922714233398,257.053186416626,1290.970703125,264.7751159667969,15.890462,8.0,1,24.810991
12,120,1059.4296493530273,850.7434024810791,1038.4080810546875,858.46533203125,11.535522,10.0,-1,28.821476
10,120,377.0685043334961,67.70203590393066,356.04693603515625,75.42396545410156,8.671149,8.0,-1,23.23675
11,120,242.86743927001953,437.3828067779541,221.8458709716797,445.104736328125,8.090184,8.0,1,20.39128
6,120,520.7906112670898,214.15297889709473,499.76904296875,221.87490844726562,7.5939116,14.0,-1,14.816324
9,120,1267.7961044311523,1050.6368350982666,1246.7745361328125,1058.3587646484375,7.09688,10.0,-1,16.25954
239,120,1397.2585067749023,1122.9305362701416,1376.2369384765625,1130.6524658203125,5.5135803,22.0,-1,4.0928354
258,120,1115.6393661499023,259.7551517486572,1094.6177978515625,267.4770812988281,4.816292,12.0,-1,16.399677
5,120,1329.2664413452148,254.59749794006348,1308.244873046875,262.3194274902344,4.075048,18.0,-1,5.329722
8,120,1308.8780136108398,370.8886661529541,1287.8564453125,378.610595703125,3.963748,8.0,-1,28.4589
139,120,1112.2904891967773,272.48540687561035,1091.2689208984375,280.20733642578125,3.1564724,6.0,1,5.0320187
14,120,149.30500030517578,989.7143497467041,128.28343200683594,997.436279296875,1.9527532,8.0,-1,27.860636
17,120,526.731803894043,463.4715213775635,505.7102355957031,471.1934509277344,1.8622013,8.0,-1,17.353552
0,121,1301.3142776489258,922.4669132232666,1280.3634033203125,929.8058471679688,64.65343,10.0,1,28.045952
4,121,1169.0535354614258,43.94394874572754,1148.1026611328125,51.28288269042969,41.523014,8.0,1,25.898342
3,121,970.4801712036133,484.5300540924072,949.529296875,491.8689880371094,32.448223,8.0,1,21.019598
7,121,468.97403717041016,363.1793155670166,448.0231628417969,370.51824951171875,27.309877,22.0,-1,11.21483
2,121,1416.7987747192383,381.52410316467285,1395.847900390625,388.863037109375,24.992477,8.0,1,27.368298
200,121,1632.9654006958008,421.2493534088135,1612.0145263671875,428.5882873535156,18.491102,6.0,1,7.85828
1,121,1313.1674270629883,258.733606338501,1292.216552734375,266.0725402832031,15.668541,8.0,1,25.178164
12,121,1061.0116653442383,850.7434024810791,1040.060791015625,858.0823364257812,12.339311,10.0,-1,28.209854
11,121,242.86743927001953,436.78936195373535,221.91656494140625,444.1282958984375,12.018737,8.0,1,21.452288
8,121,1305.2617874145508,368.7969608306885,1284.3109130859375,376.1358947753906,10.096713,8.0,-1,36.688026
6,121,520.7119522094727,215.0111484527588,499.7610778808594,222.35008239746094,10.045585,14.0,-1,11.133777
10,121,379.2957534790039,65.65693855285645,358.3448791503906,72.9958724975586,8.833634,10.0,-1,23.515572
9,121,1267.7818069458008,1050.5271549224854,1246.8309326171875,1057.8660888671875,6.7295384,10.0,-1,14.642402
5,121,1329.9459915161133,255.84438514709473,1308.9951171875,263.1833190917969,5.675529,16.0,-1,6.2076607
239,121,1398.0365676879883,1125.0125064849854,1377.085693359375,1132.3514404296875,3.9060957,22.0,-1,4.2365913
139,121,1111.9999465942383,271.8125247955322,1091.049072265625,279.1514587402344,3.5106115,6.0,1,1.394465
258,121,1114.9236526489258,258.309778213501,1093.9727783203125,265.6487121582031,3.486863,12.0,-1,17.120266
14,121,147.41368865966797,990.1074161529541,126.46281433105469,997.4463500976562,2.282811,8.0,-1,29.717358
17,121,528.6301651000977,466.1416263580322,507.6792907714844,473.4805603027344,2.1954465,8.0,-1,15.998161
4,122,1169.0535354614258,44.41803169250488,1148.0670166015625,52.22461700439453,63.6563,8.0,1,26.955435
0,122,1299.4439163208008,921.9455509185791,1278.4573974609375,929.7521362304688,53.249424,10.0,1,27.812256
3,122,973.029670715332,483.76128578186035,952.0431518554688,491.56787109375,49.943615,8.0,1,20.34585
7,122,464.63736724853516,363.01787757873535,443.6508483886719,370.824462890625,29.133003,20.0,-1,10.784664
2,122,1415.7504348754883,381.8394718170166,1394.763916015625,389.64605712890625,24.943457,8.0,1,26.372736
200,122,1632.8125686645508,422.532434463501,1611.8260498046875,430.3390197753906,23.418709,6.0,1,8.434796
1,122,1314.5802688598633,258.648645401001,1293.59375,266.4552307128906,18.828508,8.0,1,24.872696
12,122,1061.0623245239258,854.2980289459229,1040.0758056640625,862.1046142578125,17.383736,10.0,-1,27.920668
8,122,1308.1787796020508,368.22722816467285,1287.1922607421875,376.0338134765625,10.112012,8.0,-1,34.42115
6,122,521.5312271118164,216.48147010803223,500.5447082519531,224.28805541992188,9.243417,14.0,-1,12.017193
10,122,379.4791030883789,64.1513843536377,358.4925842285156,71.95796966552734,9.230391,10.0,-1,23.270535
11,122,243.05347442626953,434.6318302154541,222.06695556640625,442.43841552734375,8.049169,8.0,1,19.095453
9,122,1268.9856643676758,1047.1340885162354,1247.9991455078125,1054.940673828125,7.047299,10.0,-1,15.594457
239,122,1397.0506057739258,1126.9186344146729,1376.0640869140625,1134.7252197265625,6.0832767,22.0,-1,4.388254
17,122,527.3572463989258,464.26677894592285,506.3707275390625,472.0733642578125,4.504047,8.0,-1,17.152868
5,122,1329.2197952270508,255.84438514709473,1308.2332763671875,263.6509704589844,4.342196,16.0,-1,6.330795
139,122,1111.8065872192383,273.8132572174072,1090.820068359375,281.6198425292969,3.219237,14.0,-1,9.701206
14,122,147.12936401367188,991.9532413482666,126.1428451538086,999.7598266601562,2.7636936,8.0,-1,30.264326
258,122,1114.9733352661133,259.2346439361572,1093.98681640625,267.0412292480469,2.6906106,10.0,-1,17.742287
0,123,1299.3091506958008,920.3138370513916,1278.1383056640625,927.9735107421875,111.59009,10.0,1,28.028637
4,123,1169.0535354614258,44.60580635070801,1147.8826904296875,52.265480041503906,54.706936,8.0,1,27.67775
1,123,1313.6127395629883,258.2634525299072,1292.44189453125,265.9231262207031,32.343456,8.0,1,22.707499
3,123,974.8805618286133,483.70989418029785,953.709716796875,491.36956787109375,26.578535,8.0,1,21.209944
2,123,1414.3991165161133,381.1646671295166,1393.228271484375,388.8243408203125,26.491966,8.0,1,26.805529
7,123,464.84070587158203,363.01787757873535,443.66986083984375,370.67755126953125,20.663202,20.0,-1,10.976427
200,123,1634.3080520629883,423.1689395904541,1613.13720703125,430.82861328125,15.152564,6.0,1,7.155145
11,123,245.48700714111328,433.6134281158447,224.316162109375,441.2731018066406,11.359836,8.0,1,22.010717
12,123,1058.4756546020508,855.3982486724854,1037.3048095703125,863.0579223632812,11.303775,10.0,-1,27.653704
10,123,379.95560455322266,64.35113716125488,358.7847595214844,72.01081085205078,8.433661,10.0,-1,20.75416
8,123,1306.7905960083008,369.5400638580322,1285.6197509765625,377.1997375488281,7.994499,8.0,-1,33.56937
6,123,522.4000930786133,217.25325965881348,501.229248046875,224.91293334960938,7.1434727,14.0,-1,10.533642
9,123,1267.9484329223633,1046.170892715454,1246.777587890625,1053.83056640625,6.049434,10.0,-1,18.25667
239,123,1394.7819290161133,1124.911371231079,1373.611083984375,1132.571044921875,5.7638874,24.0,-1,4.1439514
258,123,1113.6665725708008,259.5689640045166,1092.4957275390625,267.2286376953125,3.9146569,12.0,-1,13.202534
17,123,528.7344436645508,464.452112197876,507.5635986328125,472.1117858886719,3.2373705,8.0,-1,16.824112
5,123,1325.9097366333008,259.503870010376,1304.7388916015625,267.1635437011719,2.7978685,24.0,-1,8.505272
14,123,148.24394989013672,990.3802433013916,127.07310485839844,998.0399169921875,2.7781973,8.0,-1,29.503738
139,123,1112.5828323364258,272.2575626373291,1091.4119873046875,279.917236328125,2.6255224,6.0,1,5.403781
0,124,1299.1074905395508,920.4644565582275,1277.1776123046875,928.0338134765625,100.36313,10.0,1,28.490162
4,124,1169.8076858520508,44.60580635070801,1147.8778076171875,52.17516326904297,65.76832,8.0,1,27.37055
3,124,976.9822463989258,482.40003395080566,955.0523681640625,489.9693908691406,35.164467,8.0,1,20.541363
2,124,1415.8142776489258,382.2056369781494,1393.8843994140625,389.7749938964844,31.68159,8.0,1,27.027826
1,124,1314.1922073364258,258.2210178375244,1292.2623291015625,265.7903747558594,25.886847,8.0,1,23.019472
7,124,464.5737991333008,364.96702003479004,442.6439208984375,372.536376953125,23.890799,22.0,-1,10.898566
200,124,1632.2714309692383,422.0803928375244,1610.341552734375,429.6497497558594,20.520082,6.0,1,6.7890205
12,124,1057.1164016723633,855.65012550354,1035.1865234375,863.219482421875,12.28868,8.0,-1,26.16085
10,124,382.4911575317383,66.51661109924316,360.561279296875,74.08596801757812,10.468841,10.0,-1,23.538713
11,124,246.07140350341797,435.5123691558838,224.1415252685547,443.08172607421875,9.750796,8.0,1,21.118395
8,124,1303.9545364379883,367.6376438140869,1282.024658203125,375.2070007324219,8.944691,8.0,-1,31.68102
9,124,1267.9484329223633,1047.8289585113525,1246.0185546875,1055.3983154296875,8.234608,10.0,-1,16.517511
6,124,521.0493240356445,216.36187171936035,499.11944580078125,223.9312286376953,8.185714,14.0,-1,13.616268
239,124,1394.5700149536133,1124.6873569488525,1372.64013671875,1132.2567138671875,7.5679812,22.0,-1,4.101195
17,124,528.1814346313477,466.25119972229004,506.2515563964844,473.820556640625,3.0852346,8.0,-1,15.682376
5,124,1326.4658889770508,260.87610816955566,1304.5360107421875,268.4454650878906,3.0777934,24.0,-1,9.033579
14,124,146.8795623779297,988.6605625152588,124.9496841430664,996.2299194335938,2.9361231,8.0,-1,26.122427
139,124,1113.7205276489258,271.77063941955566,1091.7906494140625,279.3399963378906,2.7566054,14.0,-1,0.9828446
258,124,1114.4938430786133,257.5976963043213,1092.56396484375,265.16705322265625,2.689174,14.0,-1,11.979472
0,125,1299.1581497192383,918.1466464996338,1277.737060546875,926.3475341796875,83.56361,10.0,1,28.086468
4,125,1167.8540725708008,44.82977485656738,1146.4329833984375,53.030662536621094,31.88507,8.0,1,25.848156
3,125,978.1262283325195,480.1071262359619,956.7051391601562,488.3080139160156,24.828392,8.0,1,20.293068
2,125,1414.6979446411133,383.4182529449463,1393.27685546875,391.619140625,24.084305,8.0,1,26.318367
7,125,465.93018341064453,366.05539894104004,444.50909423828125,374.25628662109375,23.972557,20.0,-1,11.135668
1,125,1314.2227249145508,259.4710178375244,1292.8016357421875,267.6719055175781,20.115004,8.0,1,23.050144
200,125,1632.2409133911133,421.7208957672119,1610.81982421875,429.9217834472656,13.705063,6.0,1,10.141762
12,125,1057.8394241333008,857.322732925415,1036.4183349609375,865.5236206054688,11.200469,10.0,-1,24.840424
10,125,385.5848159790039,68.43030738830566,364.1637268066406,76.63119506835938,9.643082,10.0,-1,18.473509
11,125,247.77666473388672,435.2884006500244,226.35557556152344,443.4892883300781,8.567901,8.0,1,22.840229
9,125,1269.2765579223633,1048.2969150543213,1247.85546875,1056.497802734375,8.43943,10.0,-1,16.81825
8,125,1302.6713333129883,363.3070468902588,1281.250244140625,371.5079345703125,7.9478664,8.0,-1,36.140892
6,125,518.4452896118164,215.98348426818848,497.0242004394531,224.1843719482422,7.642839,12.0,-1,15.116139
239,125,1395.2189407348633,1124.9297275543213,1373.7978515625,1133.130615234375,7.183703,24.0,-1,5.1120563
258,125,1112.1593704223633,256.0841464996338,1090.73828125,264.2850341796875,4.401242,12.0,-1,9.830779
139,125,1111.8720169067383,270.93674659729004,1090.450927734375,279.13763427734375,2.9621458,14.0,-1,5.9382153
14,125,146.3944549560547,989.477029800415,124.9733657836914,997.6779174804688,2.8462646,10.0,-1,24.842743
17,125,527.7251968383789,461.67774391174316,506.3041076660156,469.8786315917969,1.6773237,10.0,-1,12.599924
0,126,1299.7250442504883,917.5152835845947,1278.5654296875,926.0476684570312,86.03138,10.0,1,28.322039
1,126,1314.3468704223633,259.7825565338135,1293.187255859375,268.31494140625,42.440067,8.0,1,19.372953
3,126,979.2006301879883,479.1682987213135,958.041015625,487.70068359375,39.291317,8.0,1,20.030159
4,126,1168.3476028442383,46.14523124694824,1147.18798828125,54.677616119384766,33.660877,8.0,1,26.418104
7,126,462.9976272583008,367.2593936920166,441.8380126953125,375.7917785644531,26.399794,20.0,-1,8.68476
2,126,1414.5558547973633,382.916223526001,1393.396240234375,391.4486083984375,23.876038,8.0,1,26.530628
200,126,1632.4900588989258,421.2075138092041,1611.3304443359375,429.7398986816406,21.471495,6.0,1,10.740972
11,126,247.19371795654297,436.31548500061035,226.0341033935547,444.8478698730469,9.959191,8.0,1,22.95592
239,126,1395.0947952270508,1126.4349002838135,1373.9351806640625,1134.96728515625,8.838162,22.0,-1,4.7008157
12,126,1060.8881301879883,858.1092166900635,1039.728515625,866.6416015625,8.575698,10.0,-1,27.604736
10,126,384.4260940551758,66.29289436340332,363.2664794921875,74.82527923583984,7.866574,10.0,-1,15.6261835
6,126,516.6729507446289,215.8924961090088,495.5133361816406,224.4248809814453,7.444999,12.0,-1,14.072874
9,126,1270.6688919067383,1050.2727909088135,1249.50927734375,1058.80517578125,7.094872,10.0,-1,14.742873
8,126,1301.7998733520508,362.74334144592285,1280.6402587890625,371.2757263183594,6.722942,8.0,-1,36.568893
258,126,1111.4396438598633,256.518274307251,1090.280029296875,265.0506591796875,3.9966042,12.0,-1,7.9562697
14,126,147.23819732666016,989.5680179595947,126.07858276367188,998.1004028320312,2.8497581,10.0,-1,24.49405
139,126,1113.4262161254883,270.4786319732666,1092.2666015625,279.0110168457031,2.4052165,14.0,-1,2.088077
17,126,526.5997085571289,460.827844619751,505.4400939941406,469.3602294921875,2.2142804,10.0,-1,11.9281645
1,127,1314.2594680786133,260.870325088501,1292.3709716796875,269.7602233886719,102.80839,8.0,1,15.921857
0,127,1301.6853713989258,918.5209293365479,1279.796875,927.4108276367188,77.51881,10.0,1,28.252007
4,127,1168.1054153442383,46.125356674194336,1146.2169189453125,55.015254974365234,35.979366,8.0,1,25.934261
3,127,978.9580764770508,479.1834964752197,957.069580078125,488.0733947753906,33.103252,8.0,1,20.508093
2,127,1415.0670852661133,380.8940677642822,1393.1785888671875,389.7839660644531,29.261812,8.0,1,26.504978
7,127,461.4501419067383,367.24419593811035,439.5616455078125,376.13409423828125,22.065722,18.0,-1,8.804854
200,127,1630.7172317504883,419.1231937408447,1608.8287353515625,428.0130920410156,19.547094,6.0,1,11.1214905
11,127,247.60311126708984,437.2313480377197,225.71461486816406,446.1212463378906,9.262642,8.0,1,21.913338
12,127,1060.9755325317383,856.4062442779541,1039.0870361328125,865.296142578125,9.017375,10.0,-1,28.402412
8,127,1303.8582229614258,363.849084854126,1281.9697265625,372.7389831542969,8.579636,8.0,-1,36.414326
239,127,1392.1543655395508,1124.4674015045166,1370.265869140625,1133.3572998046875,7.8805394,22.0,-1,3.916976
6,127,513.3156204223633,217.55796241760254,491.4271240234375,226.44786071777344,7.2447343,14.0,-1,14.900555
10,127,382.7519302368164,68.6335391998291,360.8634338378906,77.5234375,6.994202,10.0,-1,17.777035
9,127,1273.1271438598633,1050.635248184204,1251.2386474609375,1059.525146484375,5.648916,10.0,-1,14.0255995
258,127,1111.8544387817383,255.7917423248291,1089.9659423828125,264.681640625,4.5357356,12.0,-1,8.681965
14,127,148.6436538696289,989.2031803131104,126.75515747070312,998.0930786132812,3.5013647,10.0,-1,25.098198
139,127,1112.9970169067383,270.5418949127197,1091.1085205078125,279.4317932128906,3.1878347,14.0,-1,7.586322
17,127,528.1666946411133,460.3607425689697,506.2781982421875,469.2506408691406,2.3066642,10.0,-1,11.936928
0,128,1302.2379837036133,917.2854557037354,1279.557861328125,926.3635864257812,85.508,10.0,1,28.307856
1,128,1314.3159866333008,259.59160804748535,1291.6358642578125,268.66973876953125,74.90049,8.0,1,18.15336
4,128,1166.9556350708008,47.157392501831055,1144.2755126953125,56.23552322387695,50.64389,8.0,1,25.965773
3,128,980.6701736450195,482.596887588501,957.9900512695312,491.6750183105469,48.146988,8.0,1,20.0203
2,128,1415.0105667114258,380.9402713775635,1392.3304443359375,390.0184020996094,40.56356,8.0,1,27.283958
200,128,1629.4635696411133,418.915491104126,1606.783447265625,427.9936218261719,19.230679,6.0,1,9.7144785
7,128,459.2220230102539,367.1979923248291,436.5419006347656,376.276123046875,18.586637,18.0,-1,8.486358
11,128,247.24556732177734,438.7228946685791,224.56544494628906,447.801025390625,11.131069,8.0,1,22.176157
6,128,510.99475860595703,219.19458961486816,488.31463623046875,228.27272033691406,8.654804,14.0,-1,13.7371235
10,128,384.5446548461914,69.8074893951416,361.8645324707031,78.8856201171875,6.7703032,10.0,-1,18.967327
12,128,1061.5650100708008,854.8126773834229,1038.8848876953125,863.8908081054688,6.7557664,10.0,-1,30.181086
8,128,1306.1693801879883,364.008752822876,1283.4892578125,373.0868835449219,6.6836376,8.0,-1,36.322197
239,128,1389.2982864379883,1127.7278995513916,1366.6181640625,1136.8060302734375,6.521114,22.0,-1,3.201205
9,128,1275.9723587036133,1048.2498722076416,1253.292236328125,1057.3280029296875,5.5834413,10.0,-1,14.678589
14,128,150.66282653808594,988.2012882232666,127.98270416259766,997.2794189453125,4.985827,10.0,-1,22.677608
139,128,1112.2913284301758,270.09624671936035,1089.6112060546875,279.17437744140625,3.5848129,16.0,-1,11.669942
258,128,1113.1890335083008,254.5850772857666,1090.5089111328125,263.6632080078125,2.7663383,12.0,-1,6.3141603
17,128,526.6162796020508,463.74492835998535,503.9361572265625,472.82305908203125,1.3508558,10.0,-1,12.84218
1,129,1315.0146560668945,259.6813430786133,1291.49560546875,268.9971923828125,70.87679,8.0,1,16.4837
0,129,1303.6596755981445,918.299934387207,1280.140625,927.6157836914062,62.66757,10.0,1,27.908602
4,129,1167.5127029418945,47.21563720703125,1143.99365234375,56.53148651123047,60.417057,8.0,1,26.196556
2,129,1416.013069152832,380.7382278442383,1392.4940185546875,390.0540771484375,39.397438,8.0,1,26.682808
3,129,980.935920715332,480.98209381103516,957.4168701171875,490.2979431152344,31.123072,8.0,1,20.928972
200,129,1629.4768142700195,420.5620803833008,1605.957763671875,429.8779296875,19.933336,6.0,1,9.394962
7,129,457.83609771728516,367.7341995239258,434.3170471191406,377.050048828125,14.964069,18.0,-1,7.847618
8,129,1305.5178298950195,363.4017105102539,1281.998779296875,372.7175598144531,10.033608,8.0,-1,35.86209
11,129,249.69017791748047,438.6646499633789,226.17112731933594,447.9804992675781,9.022084,8.0,1,21.774412
10,129,383.89933013916016,69.39998626708984,360.3802795410156,78.71583557128906,7.934572,10.0,-1,19.030638
12,129,1063.773078918457,853.3880081176758,1040.2540283203125,862.703857421875,7.39296,8.0,-1,29.579142
6,129,509.58243560791016,219.34552764892578,486.0633850097656,228.661376953125,7.359033,12.0,-1,15.689087
9,129,1275.128059387207,1049.1646194458008,1251.6090087890625,1058.48046875,5.725033,10.0,-1,15.2711525
239,129,1386.4021072387695,1129.7932815551758,1362.883056640625,1139.109130859375,5.494892,22.0,-1,1.3252078
258,129,1115.210823059082,253.6611099243164,1091.6917724609375,262.9769592285156,3.1464443,12.0,-1,6.7871833
14,129,149.72834014892578,986.8608474731445,126.20928955078125,996.1766967773438,3.1352427,10.0,-1,21.724796
17,129,526.4295120239258,464.92945098876953,502.91046142578125,474.24530029296875,2.9045455,10.0,-1,13.433357
139,129,1112.2780838012695,269.18323516845703,1088.759033203125,278.49908447265625,2.7141364,16.0,-1,11.378632
0,130,1304.609992980957,919.414306640625,1281.3636474609375,927.7959594726562,77.55136,10.0,1,28.554996
4,130,1167.5271072387695,47.07461166381836,1144.28076171875,55.45626449584961,39.720806,8.0,1,25.785107
1,130,1315.0002517700195,259.9718322753906,1291.75390625,268.3534851074219,33.238766,8.0,1,15.656578
3,130,983.079719543457,480.69415283203125,959.8333740234375,489.0758056640625,29.080835,8.0,1,21.377256
2,130,1415.9450759887695,380.8760070800781,1392.69873046875,389.2576599121094,28.515846,8.0,1,26.493406
200,130,1629.293586730957,421.96826171875,1606.0472412109375,430.34991455078125,22.034273,6.0,1,6.9988704
10,130,383.33585357666016,69.4879150390625,360.0895080566406,77.86956787109375,12.097125,10.0,-1,19.407455
7,130,456.2173843383789,366.5313720703125,432.9710388183594,374.91302490234375,10.901511,18.0,-1,7.6447163
11,130,251.5183334350586,438.4150085449219,228.27198791503906,446.7966613769531,10.746362,8.0,1,21.468868
12,130,1062.5686111450195,853.3692626953125,1039.322265625,861.7509155273438,10.368496,10.0,-1,29.434673
8,130,1305.4838943481445,361.8187561035156,1282.237548828125,370.2004089355469,8.263825,8.0,-1,32.847153
9,130,1275.0065994262695,1053.3975219726562,1251.76025390625,1061.7791748046875,7.006473,10.0,-1,15.836189
6,130,509.6138381958008,219.36427307128906,486.36749267578125,227.7459259033203,6.94577,12.0,-1,13.481997
239,130,1382.1352615356445,1129.5708618164062,1358.888916015625,1137.9525146484375,4.752476,22.0,-1,1.146162
258,130,1115.340217590332,253.99786376953125,1092.0938720703125,262.3795166015625,3.3109143,12.0,-1,6.877359
139,130,1112.7343826293945,266.9715270996094,1089.488037109375,275.3531799316406,2.950555,14.0,-1,3.4808288
14,130,151.83844757080078,988.6101684570312,128.59210205078125,996.9918212890625,2.8275168,10.0,-1,15.647922
17,130,529.093147277832,464.8515625,505.8468017578125,473.23321533203125,2.2478287,10.0,-1,12.077215
0,131,1305.2075881958008,918.4111595153809,1282.055908203125,926.3638305664062,98.02984,10.0,1,28.209639
4,131,1166.9247512817383,44.528480529785156,1143.7730712890625,52.48115158081055,44.883366,8.0,1,28.393425
2,131,1416.1907424926758,380.77236557006836,1393.0390625,388.72503662109375,33.634026,8.0,1,25.932121
3,131,983.7612380981445,481.27721786499023,960.6095581054688,489.2298889160156,27.620577,8.0,1,19.507694
200,131,1629.0777053833008,421.8685874938965,1605.926025390625,429.8212585449219,20.67436,6.0,1,10.420327
1,131,1317.2114944458008,260.812557220459,1294.059814453125,268.7652282714844,14.622363,8.0,1,21.80845
7,131,453.8035659790039,367.67687606811523,430.6518859863281,375.6295471191406,13.435551,18.0,-1,7.7808146
11,131,253.33760833740234,438.9817771911621,230.18592834472656,446.9344482421875,11.719073,8.0,1,20.162033
12,131,1059.7080764770508,855.2694358825684,1036.556396484375,863.2221069335938,11.255013,10.0,-1,27.525795
6,131,509.3355484008789,217.95624923706055,486.1838684082031,225.90892028808594,9.764172,14.0,-1,9.9371195
337,131,1307.8548049926758,267.7968101501465,1284.703125,275.7494812011719,8.127116,24.0,-1,19.483803
10,131,383.1058120727539,69.58758926391602,359.9541320800781,77.5402603149414,8.078062,10.0,-1,17.467169
9,131,1274.9215774536133,1055.1947898864746,1251.7698974609375,1063.1474609375,6.6233106,10.0,-1,14.391903
8,131,1306.1352005004883,361.60061264038086,1282.9835205078125,369.55328369140625,6.343208,8.0,-1,33.083492
14,131,149.03380584716797,988.1756858825684,125.88212585449219,996.1283569335938,5.5462475,10.0,-1,14.759196
139,131,1112.8194046020508,267.92409896850586,1089.667724609375,275.87677001953125,3.2198303,14.0,-1,13.583587
258,131,1116.3660354614258,253.1667137145996,1093.21435546875,261.119384765625,2.3887317,12.0,-1,6.3786116
17,131,528.9687271118164,468.7003746032715,505.8170471191406,476.6530456542969,2.3245652,10.0,-1,12.96595
239,131,1382.8828811645508,1127.755458831787,1359.731201171875,1135.7081298828125,2.1374502,20.0,-1,2.021742
0,132,1306.148292541504,917.1677513122559,1283.068603515625,926.1383666992188,66.21868,10.0,1,28.060946
4,132,1164.8578872680664,44.949012756347656,1141.7781982421875,53.91962814331055,43.42236,8.0,1,27.566797
3,132,985.1580581665039,480.7228355407715,962.078369140625,489.6934509277344,26.503853,8.0,1,20.867533
2,132,1415.7668228149414,378.9847984313965,1392.6871337890625,387.9554138183594,25.138815,8.0,1,26.182213
200,132,1627.7221450805664,420.1784324645996,1604.6424560546875,429.1490478515625,22.73004,6.0,1,7.6636257
7,132,453.8035659790039,365.6005516052246,430.723876953125,374.5711669921875,13.146446,18.0,-1,7.6086693
11,132,253.35247039794922,438.94717025756836,230.2727813720703,447.91778564453125,12.41022,8.0,1,16.89101
1,132,1319.8964614868164,263.3871726989746,1296.8167724609375,272.3577880859375,11.647961,8.0,1,24.952307
12,132,1059.1830825805664,855.2270774841309,1036.1033935546875,864.1976928710938,10.868084,10.0,-1,30.675756
6,132,507.6380081176758,221.06464767456055,484.5583190917969,230.03526306152344,9.915713,14.0,-1,10.742069
337,132,1305.5822525024414,272.40673446655273,1282.5025634765625,281.3773498535156,8.4901285,18.0,-1,12.093474
8,132,1307.3586196899414,364.16906356811523,1284.2789306640625,373.1396789550781,7.5210934,8.0,-1,33.358685
10,132,383.4581985473633,68.34328842163086,360.3785095214844,77.31390380859375,6.713915,10.0,-1,16.327477
239,132,1384.492286682129,1127.755458831787,1361.41259765625,1136.72607421875,6.416468,22.0,-1,2.3200574
9,132,1275.461280822754,1055.8874168395996,1252.381591796875,1064.8580322265625,6.0692353,10.0,-1,15.646209
139,132,1111.4914321899414,268.479793548584,1088.4117431640625,277.4504089355469,3.3148506,16.0,-1,14.360446
14,132,148.16533660888672,990.5491600036621,125.08564758300781,999.519775390625,3.215975,10.0,-1,16.511003
258,132,1117.0668716430664,253.0606346130371,1093.9871826171875,262.03125,2.801612,10.0,-1,10.346169
17,132,526.4480667114258,468.87023544311523,503.3683776855469,477.8408508300781,1.7670497,10.0,-1,11.823312
0,133,1303.3923110961914,917.4449424743652,1281.24560546875,926.547119140625,70.94924,10.0,1,27.902437
4,133,1163.482276916504,44.2808837890625,1141.3355712890625,53.383060455322266,29.349253,8.0,1,27.774664
200,133,1628.3293228149414,422.3558006286621,1606.1826171875,431.4579772949219,26.879236,6.0,1,8.531531
3,133,981.6346817016602,480.90615463256836,959.4879760742188,490.0083312988281,24.401169,8.0,1,21.554342
2,133,1416.6991958618164,378.9847984313965,1394.552490234375,388.08697509765625,17.011168,8.0,1,27.447178
1,133,1320.2062759399414,264.5883445739746,1298.0595703125,273.6905212402344,15.291179,8.0,1,25.272106
7,133,452.16431427001953,365.32571029663086,430.0176086425781,374.4278869628906,14.492035,18.0,-1,6.929073
6,133,508.13074493408203,220.85052108764648,485.9840393066406,229.95269775390625,13.191166,16.0,-1,9.043868
11,133,252.45777130126953,439.3150291442871,230.31106567382812,448.4172058105469,13.047509,8.0,1,19.348673
8,133,1307.8998794555664,364.7710838317871,1285.753173828125,373.8732604980469,11.878686,8.0,-1,34.546055
337,133,1305.514991760254,273.31167221069336,1283.3682861328125,282.4138488769531,10.4328985,18.0,-1,9.415233
9,133,1278.0646743774414,1051.7855186462402,1255.91796875,1060.8876953125,9.798282,10.0,-1,15.817847
10,133,383.91089630126953,65.40847396850586,361.7641906738281,74.51065063476562,7.3146796,10.0,-1,16.374186
12,133,1060.0798110961914,854.210506439209,1037.93310546875,863.3126831054688,6.2159066,10.0,-1,28.60149
239,133,1384.492286682129,1131.4538536071777,1362.3455810546875,1140.5560302734375,4.2536254,22.0,-1,1.639046
258,133,1116.3334732055664,251.8951072692871,1094.186767578125,260.9972839355469,3.7382271,10.0,-1,11.832694
14,133,149.08802795410156,993.220272064209,126.94132232666016,1002.3224487304688,3.5977557,10.0,-1,22.151316
139,133,1109.6520767211914,264.04211044311523,1087.50537109375,273.144287109375,2.500756,14.0,-1,4.0790663
17,133,521.4253616333008,467.42797470092773,499.2786560058594,476.5301513671875,1.6938246,12.0,-1,8.976226
0,134,1303.6800918579102,917.3039512634277,1281.6553955078125,926.2965087890625,75.61668,10.0,1,28.82314
200,134,1630.0362930297852,422.76797103881836,1608.0115966796875,431.7605285644531,35.904476,6.0,1,8.249705
4,134,1161.2318496704102,45.279457092285156,1139.2071533203125,54.27201461791992,33.809,8.0,1,28.172003
2,134,1416.9853897094727,377.79052352905273,1394.960693359375,386.7830810546875,28.244524,8.0,1,25.408274
6,134,508.13074493408203,220.85052108764648,486.1060485839844,229.84307861328125,21.83404,16.0,-1,8.288439
3,134,979.4313735961914,481.31301498413086,957.4066772460938,490.3055725097656,21.329493,8.0,1,21.147552
1,134,1319.2392959594727,263.04931259155273,1297.214599609375,272.0418701171875,16.681026,8.0,1,26.177631
7,134,450.9219741821289,366.615779876709,428.89727783203125,375.60833740234375,14.009845,18.0,-1,8.085178
8,134,1310.2909317016602,364.9399070739746,1288.2662353515625,373.9324645996094,12.754996,8.0,-1,35.972538
12,134,1061.1227188110352,854.7415733337402,1039.0980224609375,863.734130859375,9.478384,10.0,-1,26.728327
11,134,252.05821990966797,439.2065086364746,230.0335235595703,448.1990661621094,8.883669,8.0,1,18.894175
10,134,383.94120025634766,65.21288681030273,361.91650390625,74.2054443359375,8.681206,10.0,-1,17.206818
9,134,1281.2172012329102,1054.9327354431152,1259.1925048828125,1063.92529296875,7.054688,10.0,-1,14.266729
337,134,1303.9136123657227,272.58291244506836,1281.888916015625,281.5754699707031,6.689096,18.0,-1,8.775358
14,134,150.46326446533203,996.6071128845215,128.43856811523438,1005.5996704101562,5.272222,8.0,-1,28.788002
258,134,1115.3529434204102,251.11639022827148,1093.3282470703125,260.10894775390625,4.198783,10.0,-1,13.350118
239,134,1384.5220108032227,1133.9711875915527,1362.497314453125,1142.9637451171875,4.107063,24.0,-1,1.5642081
139,134,1109.5882949829102,263.83214950561523,1087.5635986328125,272.82470703125,3.770939,14.0,-1,2.0556283
17,134,517.148323059082,463.154598236084,495.1236267089844,472.14715576171875,1.6465808,12.0,-1,8.69769
0,135,1302.1393203735352,916.6928062438965,1280.0269775390625,925.6946411132812,76.70679,10.0,1,28.14471
4,135,1160.0223770141602,46.31025695800781,1137.9100341796875,55.31209182739258,38.182964,8.0,1,28.003109
3,135,978.3881607055664,480.733211517334,956.2758178710938,489.73504638671875,31.476639,8.0,1,19.944996
2,135,1417.7196426391602,378.64638900756836,1395.6072998046875,387.6482238769531,31.157202,8.0,1,26.470482
200,135,1632.6932754516602,420.9203758239746,1610.5809326171875,429.9222106933594,21.579908,6.0,1,11.820014
1,135,1320.0237197875977,262.88012313842773,1297.911376953125,271.8819580078125,20.283522,8.0,1,27.136147
7,135,450.21829986572266,366.615779876709,428.10595703125,375.61761474609375,18.32176,18.0,-1,7.093859
6,135,504.3757095336914,221.0026969909668,482.26336669921875,230.00453186035156,12.767026,16.0,-1,7.877392
11,135,252.4233627319336,439.17321395874023,230.31101989746094,448.175048828125,11.603088,8.0,1,14.673535
10,135,385.97269439697266,64.56467819213867,363.8603515625,73.56651306152344,10.134835,10.0,-1,15.666487
12,135,1061.1227188110352,855.5765953063965,1039.0103759765625,864.5784301757812,9.88879,10.0,-1,27.782152
14,135,152.07129669189453,999.1461143493652,129.95895385742188,1008.14794921875,8.866237,8.0,-1,30.448286
8,135,1314.0066299438477,366.65432357788086,1291.894287109375,375.6561584472656,8.699782,8.0,-1,35.752335
258,135,1114.1575088500977,250.28933334350586,1092.045166015625,259.2911682128906,6.9060407,10.0,-1,12.425627
337,135,1304.0222549438477,273.0296287536621,1281.909912109375,282.0314636230469,5.5942817,20.0,-1,8.609344
9,135,1283.6542129516602,1052.4356651306152,1261.5418701171875,1061.4375,5.4103527,10.0,-1,13.731414
139,135,1109.1993789672852,263.15981674194336,1087.0870361328125,272.1616516113281,3.029104,12.0,-1,2.2885494
239,135,1383.3728408813477,1137.6155967712402,1361.260498046875,1146.617431640625,2.9431238,24.0,-1,1.3483981
17,135,515.2331314086914,464.16176986694336,493.12078857421875,473.1636047363281,1.6446319,14.0,-1,10.459712
0,136,1301.5807266235352,917.1177635192871,1279.8470458984375,926.3048706054688,74.59908,10.0,1,28.768854
4,136,1158.1256484985352,45.753421783447266,1136.3919677734375,54.940528869628906,34.514286,8.0,1,26.725546
200,136,1633.6532363891602,422.21902084350586,1611.9195556640625,431.4061279296875,27.01275,6.0,1,8.190111
2,136,1419.6622695922852,379.4316062927246,1397.9285888671875,388.61871337890625,25.765694,8.0,1,26.38577
3,136,978.7252578735352,480.50197982788086,956.9915771484375,489.6890869140625,22.887987,8.0,1,20.926542
1,136,1320.5016250610352,261.8688316345215,1298.7679443359375,271.0559387207031,18.308264,8.0,1,25.681885
6,136,504.33487701416016,221.26890182495117,482.6011962890625,230.4560089111328,15.3013735,16.0,-1,7.33915
7,136,448.5077590942383,366.615779876709,426.7740783691406,375.8028869628906,14.915851,18.0,-1,9.110848
12,136,1060.5260391235352,855.9758567810059,1038.7923583984375,865.1629638671875,11.002716,10.0,-1,27.919352
10,136,387.18408966064453,65.24892807006836,365.4504089355469,74.43603515625,10.68773,10.0,-1,18.473658
337,136,1300.3951797485352,275.26906967163086,1278.6614990234375,284.4561767578125,10.497463,22.0,-1,15.7904215
11,136,252.35120391845703,438.6845054626465,230.61752319335938,447.8716125488281,8.846159,8.0,1,11.847885
9,136,1285.9319229125977,1051.3774681091309,1264.1982421875,1060.5645751953125,7.899393,10.0,-1,14.485714
258,136,1116.5238418579102,252.43972396850586,1094.7901611328125,261.6268310546875,7.583046,12.0,-1,10.78783
8,136,1316.4403457641602,365.50112533569336,1294.7066650390625,374.688232421875,7.2105694,8.0,-1,34.57146
239,136,1381.8564834594727,1134.5079612731934,1360.122802734375,1143.695068359375,4.4731007,22.0,-1,1.2599425
14,136,155.40970611572266,998.6655540466309,133.676025390625,1007.8526611328125,4.148939,8.0,-1,24.598894
139,136,1109.1993789672852,263.3392906188965,1087.4656982421875,272.5263977050781,3.2904437,12.0,-1,4.4873734
17,136,513.6187210083008,463.9572105407715,491.8850402832031,473.1443176269531,1.3372655,12.0,-1,9.360173
0,137,1301.7383193969727,918.1971549987793,1279.4676513671875,927.8076171875,70.31307,10.0,1,28.78523
4,137,1156.1129531860352,44.723541259765625,1133.84228515625,54.33400344848633,56.18395,8.0,1,29.016888
3,137,978.4451065063477,478.3810844421387,956.1744384765625,487.9915466308594,47.362762,8.0,1,21.334484
1,137,1322.2650527954102,262.11396408081055,1299.994384765625,271.72442626953125,44.258366,8.0,1,27.407423
2,137,1424.2168350219727,380.1412773132324,1401.9461669921875,389.7517395019531,23.74425,8.0,1,23.782177
337,137,1298.2900772094727,275.9452323913574,1276.0194091796875,285.5556945800781,20.743067,18.0,-1,13.833256
200,137,1635.7633438110352,421.5323600769043,1613.49267578125,431.142822265625,18.102499,6.0,1,9.114746
7,137,447.48770904541016,367.4884147644043,425.217041015625,377.098876953125,15.469132,20.0,-1,9.281315
6,137,503.13639068603516,219.81371688842773,480.86572265625,229.42417907714844,11.986058,14.0,-1,9.549152
11,137,254.80269622802734,435.9570732116699,232.5320281982422,445.5675354003906,10.239692,8.0,1,14.952464
8,137,1317.6714248657227,366.71491622924805,1295.4007568359375,376.32537841796875,8.053372,8.0,-1,33.278797
10,137,384.0813980102539,65.24892807006836,361.81072998046875,74.85939025878906,7.992474,10.0,-1,21.604956
12,137,1060.2937393188477,858.3693962097168,1038.0230712890625,867.9798583984375,6.5715604,10.0,-1,26.71927
9,137,1285.8524551391602,1052.2295036315918,1263.581787109375,1061.8399658203125,6.25816,10.0,-1,14.919427
14,137,158.66144561767578,997.4404411315918,136.39077758789062,1007.0509033203125,6.104383,8.0,-1,28.832247
258,137,1118.3829727172852,250.90803146362305,1096.1123046875,260.51849365234375,4.644881,10.0,-1,16.760221
239,137,1382.1090469360352,1133.3056755065918,1359.83837890625,1142.9161376953125,3.524738,22.0,-1,2.107974
139,137,1109.1993789672852,264.1337699890137,1086.9287109375,273.7442321777344,3.3339298,16.0,-1,13.248323
17,137,512.7250747680664,460.6764945983887,490.45440673828125,470.2869567871094,1.5673208,12.0,-1,10.030412
0,138,1299.1689376831055,918.5922050476074,1276.4788818359375,928.0289306640625,87.05829,10.0,1,28.01921
4,138,1154.9963302612305,45.291831970214844,1132.3062744140625,54.72855758666992,42.797573,8.0,1,27.303205
2,138,1425.6164474487305,380.7208061218262,1402.9263916015625,390.15753173828125,37.761562,8.0,1,23.65043
1,138,1320.8508224487305,261.4383659362793,1298.1607666015625,270.8750915527344,28.518082,8.0,1,26.183624
200,138,1634.4865646362305,418.55939865112305,1611.7965087890625,427.9961242675781,23.68183,6.0,1,10.9077635
3,138,980.091423034668,479.7921562194824,957.4013671875,489.2288818359375,22.578085,8.0,1,22.099968
7,138,445.58748626708984,369.23566818237305,422.8974304199219,378.6723937988281,18.482119,20.0,-1,8.377226
6,138,504.01253509521484,219.09226608276367,481.3224792480469,228.52899169921875,12.48879,16.0,-1,7.6662636
337,138,1298.302604675293,275.7106742858887,1275.612548828125,285.14739990234375,11.763402,16.0,-1,13.374829
8,138,1317.5463790893555,370.6891288757324,1294.8563232421875,380.1258544921875,9.641475,8.0,-1,26.042564
12,138,1060.970573425293,860.3351249694824,1038.280517578125,869.7718505859375,9.259025,10.0,-1,26.509403
9,138,1286.758415222168,1052.4220390319824,1264.068359375,1061.8587646484375,9.024266,10.0,-1,16.446491
11,138,254.80269622802734,434.9386100769043,232.11264038085938,444.3753356933594,8.667966,8.0,1,19.880575
10,138,383.35018157958984,67.08306503295898,360.6601257324219,76.51979064941406,8.172776,10.0,-1,17.860813
258,138,1121.5837326049805,250.90803146362305,1098.8936767578125,260.3447570800781,3.028588,12.0,-1,16.47615
14,138,160.67902374267578,995.9429130554199,137.9889678955078,1005.379638671875,2.9408653,8.0,-1,25.013472
239,138,1379.328239440918,1132.12113571167,1356.63818359375,1141.557861328125,2.6030648,24.0,-1,1.7113631
139,138,1113.0551681518555,262.2494926452637,1090.3651123046875,271.68621826171875,1.9402142,12.0,-1,8.954066
17,138,510.60897064208984,460.03742599487305,487.9189147949219,469.4741516113281,1.9029888,10.0,-1,12.30049
0,139,1298.726676940918,918.0659599304199,1276.496826171875,928.078369140625,92.778404,10.0,1,28.455223
4,139,1154.1901779174805,45.98054504394531,1131.9603271484375,55.99295425415039,69.96552,8.0,1,28.334536
2,139,1425.7878341674805,380.5001640319824,1403.5579833984375,390.5125732421875,37.194355,8.0,1,25.578836
1,139,1320.0468673706055,261.98725509643555,1297.8170166015625,271.9996643066406,34.200756,8.0,1,26.904444
7,139,442.0193405151367,366.8171195983887,419.78948974609375,376.82952880859375,32.881947,20.0,-1,9.542643
3,139,980.5664596557617,481.6963005065918,958.3366088867188,491.7087097167969,27.026644,8.0,1,20.609138
6,139,503.89269256591797,220.35786056518555,481.662841796875,230.37026977539062,14.688859,16.0,-1,8.35718
200,139,1635.4431076049805,417.9275321960449,1613.2132568359375,427.93994140625,13.658181,6.0,1,11.073047
337,139,1295.9831466674805,275.88788986206055,1273.7532958984375,285.9002990722656,13.020114,18.0,-1,12.89734
8,139,1317.750602722168,372.1576042175293,1295.520751953125,382.1700134277344,10.503691,8.0,-1,25.902414
11,139,255.02347564697266,434.9386100769043,232.7936248779297,444.9510192871094,7.7408047,8.0,1,18.823336
10,139,382.16036224365234,68.55312728881836,359.9305114746094,78.56553649902344,7.2474313,10.0,-1,18.099136
12,139,1061.1315841674805,858.1481742858887,1038.9017333984375,868.1605834960938,6.223143,10.0,-1,25.91526
9,139,1284.622428894043,1053.650188446045,1262.392578125,1063.66259765625,6.086128,10.0,-1,15.375365
258,139,1124.8154220581055,248.13727951049805,1102.5855712890625,258.1496887207031,3.7937267,10.0,-1,16.801073
14,139,163.73184967041016,997.9997978210449,141.5019989013672,1008.01220703125,3.3158054,8.0,-1,29.29779
17,139,510.60897064208984,456.3597831726074,488.3791198730469,466.3721923828125,2.7104065,8.0,-1,15.836592
139,139,1116.803337097168,257.9914665222168,1094.573486328125,268.0038757324219,2.553351,12.0,-1,9.961942
239,139,1377.572380065918,1131.0592460632324,1355.342529296875,1141.0716552734375,1.872276,24.0,-1,0.4202422
0,140,1298.726676940918,918.7648735046387,1276.2601318359375,929.2767944335938,71.7019,10.0,1,28.462156
4,140,1152.6530685424805,46.71570587158203,1130.1865234375,57.22762680053711,41.084454,8.0,1,27.683151
3,140,980.635856628418,481.57246017456055,958.1693115234375,492.0843811035156,35.974087,8.0,1,20.964024
2,140,1424.9726486206055,381.27314376831055,1402.506103515625,391.7850646972656,34.515327,8.0,1,23.314404
1,140,1320.5661544799805,261.98725509643555,1298.099609375,272.4991760253906,26.978645,8.0,1,26.480785
200,140,1638.3088302612305,417.1029167175293,1615.84228515625,427.6148376464844,22.547186,6.0,1,9.509097
7,140,438.4347152709961,367.1123161315918,415.9681701660156,377.6242370605469,22.111801,20.0,-1,10.111684
337,140,1298.4152755737305,276.9577751159668,1275.94873046875,287.4696960449219,15.05999,18.0,-1,15.194902
6,140,502.93614959716797,220.6907615661621,480.4696044921875,231.2026824951172,11.940461,14.0,-1,9.465007
12,140,1060.935905456543,855.3196830749512,1038.4693603515625,865.8316040039062,9.863793,10.0,-1,29.778896
10,140,383.91185760498047,67.48647689819336,361.4453125,77.99839782714844,9.573529,10.0,-1,19.410799
11,140,255.49779510498047,434.63422775268555,233.03125,445.1461486816406,8.338773,8.0,1,16.539385
8,140,1316.9006271362305,373.99836349487305,1294.43408203125,384.5102844238281,6.2408614,8.0,-1,26.535156
9,140,1283.107048034668,1054.05814743042,1260.6405029296875,1064.570068359375,5.8127384,10.0,-1,14.802563
258,140,1125.877555847168,247.6674919128418,1103.4110107421875,258.1794128417969,5.3390155,10.0,-1,21.767159
239,140,1378.689567565918,1130.12064743042,1356.2230224609375,1140.632568359375,2.736368,24.0,-1,0.9954179
17,140,511.0813522338867,454.1410026550293,488.61480712890625,464.6529235839844,2.1208801,8.0,-1,16.91008
14,140,163.34033966064453,999.1236991882324,140.87379455566406,1009.6356201171875,1.9821345,8.0,-1,30.378944
139,140,1114.7570724487305,257.3657341003418,1092.29052734375,267.8776550292969,1.7431229,14.0,-1,11.66826
0,141,1298.0429916381836,918.8700370788574,1275.4957275390625,930.2354125976562,95.60125,10.0,1,29.352066
4,141,1151.242088317871,46.68661117553711,1128.69482421875,58.05198669433594,50.935017,8.0,1,28.413181
1,141,1322.710105895996,261.4506645202637,1300.162841796875,272.8160400390625,47.538666,8.0,1,25.832153
2,141,1423.6909408569336,380.3345146179199,1401.1436767578125,391.69989013671875,29.68242,8.0,1,25.443333
200,141,1636.8921127319336,415.5183525085449,1614.3448486328125,426.88372802734375,21.216993,6.0,1,8.954851
3,141,981.4786605834961,481.62006759643555,958.931396484375,492.9854431152344,21.023748,8.0,1,20.307121
7,141,439.2512435913086,367.1123161315918,416.7039794921875,378.4776916503906,13.791832,20.0,-1,9.473825
337,141,1297.0884017944336,278.7253227233887,1274.5411376953125,290.0906982421875,13.009502,18.0,-1,10.280159
6,141,502.2915573120117,220.69184494018555,479.7442932128906,232.05722045898438,11.883115,16.0,-1,8.944928
10,141,385.38695526123047,68.9666862487793,362.8396911621094,80.33206176757812,8.523209,10.0,-1,18.968084
8,141,1314.7612533569336,374.3126335144043,1292.2139892578125,385.6780090332031,8.20905,8.0,-1,25.689552
11,141,257.0449905395508,434.6792411804199,234.4977264404297,446.04461669921875,6.0069733,8.0,1,18.38467
12,141,1063.6130599975586,854.8177299499512,1041.0657958984375,866.18310546875,5.8366294,10.0,-1,29.11739
258,141,1124.7021713256836,248.4942741394043,1102.1549072265625,259.8596496582031,4.781732,12.0,-1,22.364265
9,141,1285.9065170288086,1052.6330375671387,1263.3592529296875,1063.9984130859375,4.381273,10.0,-1,13.295937
17,141,511.0813522338867,458.2791557312012,488.5340881347656,469.64453125,3.3876495,12.0,-1,9.6081295
139,141,1111.537742614746,256.4507865905762,1088.990478515625,267.816162109375,3.1032875,24.0,-1,13.606625
14,141,165.7249526977539,998.8287773132324,143.1776885986328,1010.1941528320312,2.8039134,8.0,-1,28.889582
239,141,1379.5996322631836,1128.1783256530762,1357.0523681640625,1139.543701171875,1.4348593,22.0,-1,0.38533014
0,142,1296.923728942871,920.0375175476074,1274.2513427734375,931.8590698242188,79.29745,10.0,1,28.17083
4,142,1150.7509994506836,45.99275207519531,1128.07861328125,57.81430435180664,61.59511,8.0,1,27.299648
1,142,1323.8391342163086,262.4399833679199,1301.166748046875,274.26153564453125,35.24712,8.0,1,25.727812
2,142,1423.015281677246,380.3345146179199,1400.3428955078125,392.15606689453125,31.365156,8.0,1,25.261791
7,142,436.9060287475586,368.5767021179199,414.233642578125,380.39825439453125,19.872747,20.0,-1,11.358554
3,142,983.6028671264648,481.3425102233887,960.9304809570312,493.1640625,18.034624,8.0,1,19.95146
337,142,1297.4199447631836,279.15900802612305,1274.74755859375,290.9805603027344,17.824266,18.0,-1,10.992432
200,142,1637.446678161621,413.9335746765137,1614.7742919921875,425.755126953125,15.971219,6.0,1,9.378592
6,142,502.17113494873047,221.5271873474121,479.4987487792969,233.34873962402344,11.090088,16.0,-1,8.818757
12,142,1063.6130599975586,855.1366996765137,1040.940673828125,866.958251953125,10.19308,10.0,-1,26.975897
11,142,257.66793060302734,433.7179985046387,234.99554443359375,445.53955078125,8.803908,8.0,1,18.609522
10,142,383.6215133666992,69.37431716918945,360.9491271972656,81.19586944580078,6.0125117,10.0,-1,18.824648
9,142,1286.911033630371,1049.2964897155762,1264.2386474609375,1061.1180419921875,5.8654647,10.0,-1,13.716614
8,142,1318.0039291381836,375.8968315124512,1295.33154296875,387.7183837890625,5.5994143,8.0,-1,23.79647
258,142,1126.8781967163086,247.6577262878418,1104.205810546875,259.4792785644531,4.9752245,12.0,-1,20.41498
14,142,164.2824478149414,997.6189994812012,141.6100616455078,1009.4405517578125,2.8558571,8.0,-1,27.32352
17,142,509.3600387573242,463.9524955749512,486.6876525878906,475.7740478515625,2.395673,10.0,-1,16.440962
239,142,1378.242820739746,1125.9578666687012,1355.5704345703125,1137.7794189453125,2.163706,24.0,-1,1.3714323
139,142,1113.596336364746,252.75068283081055,1090.9239501953125,264.5722351074219,1.8752762,16.0,-1,9.8852825
0,143,1296.623680114746,920.0375175476074,1273.720703125,932.0797119140625,77.36763,10.0,1,28.429165
4,143,1150.6723861694336,44.33069610595703,1127.7694091796875,56.37289047241211,67.77933,8.0,1,29.792522
1,143,1323.8130111694336,265.8133964538574,1300.9100341796875,277.8555908203125,43.918594,8.0,1,26.789516
2,143,1421.5810775756836,381.9155082702637,1398.6781005859375,393.95770263671875,27.390482,8.0,1,24.444984
3,143,983.8631820678711,479.9231986999512,960.960205078125,491.96539306640625,25.937384,8.0,1,20.678812
337,143,1297.6230697631836,280.3625602722168,1274.7200927734375,292.4047546386719,19.98977,18.0,-1,13.15234
7,143,436.00252532958984,368.6586723327637,413.09954833984375,380.70086669921875,17.801178,22.0,-1,11.568662
6,143,501.18209075927734,223.76667404174805,478.27911376953125,235.80886840820312,14.729083,16.0,-1,8.346067
12,143,1063.015281677246,856.2958183288574,1040.1123046875,868.3380126953125,13.960633,10.0,-1,29.264448
200,143,1639.5520248413086,411.87446212768555,1616.6490478515625,423.9166564941406,13.522223,6.0,1,10.250339
10,143,384.1989974975586,67.38029861450195,361.2960205078125,79.42249298095703,10.629177,10.0,-1,17.507776
9,143,1289.334373474121,1047.708293914795,1266.431396484375,1059.75048828125,6.9976716,10.0,-1,14.591295
11,143,257.6161575317383,433.6681327819824,234.7131805419922,445.7103271484375,6.3289676,8.0,1,18.69122
8,143,1318.810203552246,378.5886039733887,1295.9072265625,390.63079833984375,6.1655393,8.0,-1,23.289562
258,143,1128.8374252319336,246.6659049987793,1105.9344482421875,258.7080993652344,4.42354,12.0,-1,24.004114
14,143,160.44506072998047,996.9966239929199,137.54208374023438,1009.038818359375,2.5121267,8.0,-1,26.428944
239,143,1378.242820739746,1127.0228691101074,1355.33984375,1139.0650634765625,1.6694177,24.0,-1,1.6238259
17,143,513.1687850952148,466.5560111999512,490.26580810546875,478.59820556640625,1.628582,10.0,-1,15.132294
139,143,1117.896385192871,251.86835861206055,1094.993408203125,263.9105529785156,1.614734,14.0,-1,7.1004505
0,144,1294.8881454467773,919.3337783813477,1271.847900390625,931.8124389648438,83.43206,10.0,1,28.139505
4,144,1151.0036239624023,43.64545822143555,1127.96337890625,56.12411880493164,78.39629,8.0,1,29.700415
1,144,1323.1750106811523,265.62149810791016,1300.134765625,278.10015869140625,58.971725,8.0,1,26.75246
2,144,1423.3254013061523,381.5731887817383,1400.28515625,394.0518493652344,35.2396,8.0,1,24.922628
7,144,433.5420455932617,371.18225860595703,410.5018005371094,383.6609191894531,30.533216,22.0,-1,10.941706
3,144,983.7584457397461,477.5413589477539,960.7182006835938,490.02001953125,28.735819,8.0,1,20.444649
337,144,1295.7895126342773,281.60843658447266,1272.749267578125,294.08709716796875,19.546785,18.0,-1,12.016893
200,144,1640.7581405639648,409.64347076416016,1617.7178955078125,422.12213134765625,18.161472,6.0,1,10.575786
6,144,502.18685150146484,223.97933197021484,479.1466064453125,236.45799255371094,12.604443,16.0,-1,5.9121647
12,144,1063.2683944702148,856.4887466430664,1040.2281494140625,868.9674072265625,9.585746,10.0,-1,27.18385
10,144,382.81517791748047,67.54149627685547,359.7749328613281,80.02015686035156,8.490202,10.0,-1,19.602736
8,144,1319.2228622436523,379.25879669189453,1296.1826171875,391.7374572753906,7.459396,8.0,-1,24.750227
11,144,257.7208938598633,432.0386428833008,234.68064880371094,444.5173034667969,7.325892,8.0,1,18.089495
9,144,1287.3205184936523,1047.5470962524414,1264.2802734375,1060.0257568359375,7.3150086,10.0,-1,16.062513
258,144,1129.3123397827148,245.32825469970703,1106.2720947265625,257.8069152832031,4.9177275,12.0,-1,22.462765
14,144,160.2545394897461,998.4260025024414,137.21429443359375,1010.9046630859375,2.9861174,8.0,-1,27.323895
17,144,514.9346237182617,471.5941848754883,491.8943786621094,484.0728454589844,2.7608511,10.0,-1,12.309614
239,144,1373.8289413452148,1127.6601333618164,1350.7886962890625,1140.1387939453125,1.5606467,24.0,-1,1.7421664
0,145,1295.3475952148438,920.0527858734131,1271.644287109375,932.4769897460938,67.102715,10.0,1,27.782084
4,145,1151.7355346679688,43.36291313171387,1128.0322265625,55.78711700439453,65.52909,8.0,1,27.881254
1,145,1323.7861938476562,265.90404319763184,1300.0828857421875,278.3282470703125,53.672344,8.0,1,26.771095
3,145,985.9140625,475.82619285583496,962.2107543945312,488.2503967285156,31.607206,8.0,1,20.780298
2,145,1423.8084106445312,380.93361473083496,1400.1051025390625,393.3578186035156,24.636583,8.0,1,24.112743
337,145,1295.2501831054688,282.92348289489746,1271.546875,295.3476867675781,23.375875,20.0,-1,13.230738
7,145,430.8773498535156,372.9630641937256,407.1740417480469,385.38726806640625,17.156256,20.0,-1,9.853304
200,145,1641.6389770507812,408.30165672302246,1617.9356689453125,420.7258605957031,15.6137085,6.0,1,8.082376
6,145,498.0072021484375,222.86461448669434,474.30389404296875,235.288818359375,9.910018,16.0,-1,8.263702
8,145,1319.7251586914062,381.47679710388184,1296.0218505859375,393.9010009765625,9.21506,8.0,-1,26.614689
12,145,1062.6869506835938,854.7921047210693,1038.983642578125,867.21630859375,8.455184,10.0,-1,25.577858
10,145,382.6145935058594,66.97215843200684,358.9112854003906,79.3963623046875,7.3063374,10.0,-1,19.602411
9,145,1287.2665405273438,1049.3962306976318,1263.563232421875,1061.8204345703125,6.5592313,10.0,-1,17.07797
11,145,257.7748718261719,431.42812156677246,234.07156372070312,443.8523254394531,5.217548,8.0,1,18.180147
14,145,160.14199829101562,1000.9367580413818,136.43869018554688,1013.3609619140625,4.45314,10.0,-1,25.66746
258,145,1131.5249633789062,244.93825340270996,1107.8216552734375,257.3624572753906,3.090803,14.0,-1,19.519371
139,145,1116.7883911132812,247.9395046234131,1093.0850830078125,260.36370849609375,1.6184316,24.0,-1,13.407654
239,145,1371.3578491210938,1130.7250881195068,1347.654541015625,1143.1492919921875,1.3006487,24.0,-1,1.5534918
17,145,513.1631774902344,473.7831325531006,489.4598693847656,486.20733642578125,1.1916144,10.0,-1,11.224052
0,146,1297.0147705078125,920.6407375335693,1273.1806640625,933.1945190429688,52.110264,10.0,1,27.642672
4,146,1153.7464599609375,43.01871681213379,1129.912353515625,55.5724983215332,45.99292,8.0,1,28.412868
1,146,1322.876953125,265.90404319763184,1299.0428466796875,278.45782470703125,36.50636,8.0,1,26.275137
2,146,1424.469482421875,381.43239402770996,1400.6353759765625,393.9861755371094,34.7578,8.0,1,23.889212
3,146,984.3905639648438,477.2018642425537,960.5564575195312,489.7556457519531,29.545725,8.0,1,20.287083
337,146,1295.0155029296875,282.96913719177246,1271.181396484375,295.5229187011719,25.906715,18.0,-1,12.523032
7,146,427.2525634765625,372.86656761169434,403.41845703125,385.42034912109375,22.005226,20.0,-1,10.279896
200,146,1641.768798828125,408.6781520843506,1617.9346923828125,421.23193359375,21.853762,6.0,1,8.388396
6,146,493.3153076171875,225.63007164001465,469.481201171875,238.18385314941406,17.748007,16.0,-1,6.9426384
10,146,383.4672546386719,65.33581352233887,359.6331481933594,77.88959503173828,8.756959,10.0,-1,19.451237
12,146,1065.736328125,856.3917140960693,1041.9022216796875,868.9454956054688,8.674168,10.0,-1,24.645548
11,146,257.7748718261719,430.66954612731934,233.94076538085938,443.22332763671875,8.189237,8.0,1,17.80775
8,146,1319.7044677734375,378.94273948669434,1295.870361328125,391.49652099609375,7.2033362,8.0,-1,29.067825
9,146,1286.406005859375,1049.0336208343506,1262.5718994140625,1061.58740234375,7.19891,8.0,-1,20.249401
14,146,158.25364685058594,999.7974758148193,134.41954040527344,1012.3512573242188,5.5250154,8.0,-1,28.447725
258,146,1131.5609130859375,243.4264736175537,1107.726806640625,255.98025512695312,5.233003,14.0,-1,23.555058
17,146,514.4539794921875,474.6283779144287,490.619873046875,487.1821594238281,2.0770185,10.0,-1,10.99393
139,146,1118.555908203125,245.6230983734131,1094.7218017578125,258.1768798828125,2.0538619,14.0,-1,8.329914
239,146,1369.7786865234375,1134.049856185913,1345.944580078125,1146.6036376953125,1.8702364,24.0,-1,0.81043965
0,147,1296.7904052734375,921.2286891937256,1272.0794677734375,934.0219116210938,60.501537,10.0,1,27.8301
4,147,1154.609375,43.784963607788086,1129.8984375,56.57818603515625,51.781994,8.0,1,29.504156
1,147,1321.1458740234375,264.22630882263184,1296.4349365234375,277.01953125,31.098585,8.0,1,26.119057
2,147,1424.469482421875,382.58324241638184,1399.758544921875,395.37646484375,26.056757,8.0,1,26.142807
3,147,985.8935546875,479.13634300231934,961.1826171875,491.9295654296875,25.64624,8.0,1,21.360718
337,147,1294.6796875,283.38869285583496,1269.96875,296.1819152832031,22.858183,20.0,-1,13.664792
7,147,426.1512145996094,372.74217796325684,401.4402770996094,385.535400390625,14.600498,20.0,-1,10.162598
6,147,491.1998596191406,226.61034202575684,466.4889221191406,239.403564453125,14.469678,16.0,-1,7.6315556
200,147,1643.4627685546875,405.7463893890381,1618.7518310546875,418.53961181640625,11.02483,6.0,1,8.650491
12,147,1068.8798828125,856.4963893890381,1044.1689453125,869.2896118164062,10.470027,10.0,-1,25.539076
9,147,1286.701904296875,1046.8884181976318,1261.990966796875,1059.681640625,9.186815,8.0,-1,20.024462
8,147,1322.4434814453125,377.15285301208496,1297.7325439453125,389.9460754394531,9.064702,8.0,-1,29.089167
10,147,382.9617004394531,65.07545280456543,358.2507629394531,77.8686752319336,7.9564342,10.0,-1,20.161987
11,147,260.2075653076172,429.72813987731934,235.4966278076172,442.5213623046875,6.6377926,8.0,1,15.556763
258,147,1130.79052734375,241.2905788421631,1106.07958984375,254.08380126953125,4.791469,12.0,-1,19.39267
14,147,158.22930908203125,999.7974758148193,133.51837158203125,1012.5906982421875,2.7422693,8.0,-1,29.342215
239,147,1368.635986328125,1136.3837795257568,1343.925048828125,1149.177001953125,2.4148264,26.0,-1,2.2150521
17,147,516.4149169921875,475.6467800140381,491.7039794921875,488.44000244140625,2.3751533,10.0,-1,10.721838
139,147,1118.826171875,244.0296230316162,1094.115234375,256.8228454589844,2.0484455,14.0,-1,8.792857
1,148,1319.370849609375,264.9385585784912,1294.0986328125,277.8898010253906,60.454,8.0,1,28.12694
0,148,1297.35888671875,919.5695705413818,1272.086669921875,932.5208129882812,56.729725,10.0,1,27.657969
4,148,1154.063232421875,43.33331871032715,1128.791015625,56.28456115722656,37.09482,8.0,1,28.738373
2,148,1424.69775390625,382.7211513519287,1399.425537109375,395.6723937988281,36.6903,8.0,1,26.11444
337,148,1294.6796875,284.6022548675537,1269.407470703125,297.5534973144531,27.948,20.0,-1,13.4781065
7,148,424.4759826660156,371.6218776702881,399.2037658691406,384.5731201171875,21.657244,20.0,-1,9.772363
3,148,984.5568237304688,479.95641136169434,959.2846069335938,492.90765380859375,20.851728,8.0,1,21.401556
200,148,1645.0167236328125,403.42003440856934,1619.7445068359375,416.37127685546875,17.891628,6.0,1,9.524182
6,148,490.5202941894531,226.9201717376709,465.2480773925781,239.8714141845703,11.942352,16.0,-1,5.288855
12,148,1068.5308837890625,857.5402736663818,1043.2586669921875,870.4915161132812,9.903702,10.0,-1,26.962952
8,148,1325.3148193359375,376.6357936859131,1300.0426025390625,389.5870361328125,8.361965,8.0,-1,25.307077
10,148,383.4499206542969,65.81513786315918,358.1777038574219,78.7663803100586,7.616795,10.0,-1,18.15016
9,148,1290.9947509765625,1045.941701889038,1265.7225341796875,1058.8929443359375,6.2237854,10.0,-1,17.452383
11,148,258.0224914550781,430.1868495941162,232.75027465820312,443.1380920410156,5.7829366,8.0,1,12.651276
258,148,1131.6058349609375,241.2905788421631,1106.3336181640625,254.2418212890625,4.495005,12.0,-1,16.08595
139,148,1117.8155517578125,241.25087547302246,1092.5433349609375,254.20211791992188,3.0354795,16.0,-1,10.1425
239,148,1367.73974609375,1133.843313217163,1342.467529296875,1146.7945556640625,3.0136318,26.0,-1,0.586179
14,148,161.5159454345703,998.8194484710693,136.2437286376953,1011.7706909179688,2.7745256,8.0,-1,27.404785
17,148,517.4938659667969,476.98879051208496,492.2216491699219,489.9400329589844,1.4892863,12.0,-1,9.425745
0,149,1296.92431640625,919.7013759613037,1271.8795166015625,932.828857421875,54.080032,10.0,1,27.343496
4,149,1153.083984375,42.98476219177246,1128.0391845703125,56.11224365234375,51.948704,8.0,1,28.48948
1,149,1318.1800537109375,264.9385585784912,1293.13525390625,278.0660400390625,40.91873,8.0,1,28.084364
2,149,1424.787109375,382.56908226013184,1399.7423095703125,395.6965637207031,33.71402,8.0,1,26.628885
337,149,1292.99169921875,284.9087734222412,1267.9468994140625,298.0362548828125,23.399826,20.0,-1,12.025932
3,149,983.3214111328125,480.06017112731934,958.276611328125,493.1876525878906,23.276085,8.0,1,20.9289
200,149,1645.0167236328125,404.23387718200684,1619.971923828125,417.3613586425781,18.061811,6.0,1,9.726948
7,149,424.5427551269531,370.1144618988037,399.4979553222656,383.241943359375,16.479298,20.0,-1,9.979957
6,149,487.7554016113281,226.2394618988037,462.7106018066406,239.366943359375,12.313256,16.0,-1,6.3643246
10,149,383.7376403808594,67.2928295135498,358.6928405761719,80.4203109741211,8.540722,10.0,-1,19.646248
8,149,1327.182373046875,375.89723777770996,1302.1375732421875,389.02471923828125,7.8819604,8.0,-1,23.211538
11,149,259.78688049316406,431.79564476013184,234.74208068847656,444.9231262207031,7.8664117,8.0,1,15.063601
12,149,1067.951171875,858.6883754730225,1042.9063720703125,871.8158569335938,6.905108,10.0,-1,27.78579
258,149,1132.2623291015625,240.57245445251465,1107.217529296875,253.69993591308594,4.515184,12.0,-1,21.15495
9,149,1294.133056640625,1045.7799892425537,1269.0882568359375,1058.907470703125,3.815575,10.0,-1,17.07739
239,149,1363.7025146484375,1133.2002773284912,1338.65771484375,1146.3277587890625,3.2675908,24.0,-1,3.8232129
139,149,1119.775390625,241.61925315856934,1094.7305908203125,254.74673461914062,2.9936268,14.0,-1,6.0659175
14,149,160.81240844726562,997.9781093597412,135.76760864257812,1011.1055908203125,2.0871027,8.0,-1,26.61006
17,149,520.0770263671875,477.3471279144287,495.0322265625,490.474609375,1.2805579,12.0,-1,8.639133
0,150,1296.8825378417969,919.389669418335,1270.7940673828125,931.9743041992188,47.876633,10.0,1,26.56569
1,150,1318.0527038574219,264.1520290374756,1291.9642333984375,276.7366638183594,46.328815,8.0,1,28.28825
4,150,1154.3465270996094,42.597639083862305,1128.258056640625,55.182273864746094,38.310852,8.0,1,26.682247
2,150,1426.0679626464844,383.0387783050537,1399.9794921875,395.6234130859375,36.210587,8.0,1,25.420677
337,150,1293.4217224121094,283.8351650238037,1267.333251953125,296.4197998046875,20.75858,18.0,-1,13.662826
3,150,983.1896667480469,480.06017112731934,957.1011962890625,492.6448059082031,19.814054,8.0,1,21.08853
7,150,426.1736145019531,370.4021816253662,400.08514404296875,382.98681640625,18.239853,20.0,-1,9.884544
200,150,1646.0661315917969,405.17857933044434,1619.9776611328125,417.7632141113281,16.793959,6.0,1,9.356606
6,150,484.9664001464844,228.19412803649902,458.8779296875,240.7787628173828,12.106128,16.0,-1,6.5245676
11,150,258.5906677246094,431.2349452972412,232.502197265625,443.819580078125,9.026843,8.0,1,10.2785225
12,150,1066.5147399902344,858.6579189300537,1040.42626953125,871.2425537109375,8.743326,10.0,-1,26.434732
8,150,1325.8122253417969,374.0046901702881,1299.7237548828125,386.5893249511719,8.553954,8.0,-1,26.31236
10,150,385.37939453125,68.93462181091309,359.2909240722656,81.51925659179688,7.9825554,10.0,-1,21.23574
9,150,1298.5987243652344,1043.1357021331787,1272.51025390625,1055.7203369140625,5.890549,8.0,-1,19.83975
258,150,1130.4886169433594,239.67490196228027,1104.400146484375,252.25953674316406,5.0457063,12.0,-1,19.608572
239,150,1365.2987976074219,1135.8334560394287,1339.2103271484375,1148.4180908203125,1.8393831,26.0,-1,1.1118268
14,150,160.81240844726562,999.8886318206787,134.72393798828125,1012.4732666015625,1.8366121,10.0,-1,24.131739
139,150,1118.6213073730469,242.5002956390381,1092.5328369140625,255.08493041992188,1.7448316,14.0,-1,7.0416207
17,150,522.9753112792969,481.98683738708496,496.8868408203125,494.57147216796875,1.2340765,14.0,-1,6.7823052
0,151,1295.4388122558594,917.6016139984131,1269.5389404296875,929.5152587890625,53.756496,10.0,1,26.77868
4,151,1154.3465270996094,43.987478256225586,1128.4466552734375,55.901123046875,42.179653,8.0,1,27.618816
1,151,1315.9955749511719,265.2810878753662,1290.095703125,277.1947326660156,31.971495,8.0,1,28.020498
3,151,983.6648864746094,480.35878562927246,957.7650146484375,492.2724304199219,31.741743,8.0,1,22.746996
2,151,1426.3146667480469,383.0387783050537,1400.414794921875,394.9524230957031,26.226439,8.0,1,25.729275
7,151,423.32818603515625,369.0120449066162,397.4283142089844,380.9256896972656,20.80818,20.0,-1,9.88863
337,151,1294.4396667480469,283.70616722106934,1268.539794921875,295.61981201171875,15.611477,18.0,-1,16.82532
200,151,1644.4806823730469,403.82106590270996,1618.580810546875,415.7347106933594,14.07814,6.0,1,8.728629
6,151,484.15985107421875,230.49355125427246,458.2599792480469,242.40719604492188,13.62147,16.0,-1,7.0191565
8,151,1323.7106628417969,372.5021266937256,1297.810791015625,384.415771484375,11.38409,8.0,-1,29.585009
11,151,259.278076171875,429.71986961364746,233.37820434570312,441.6335144042969,8.290515,8.0,1,12.959289
10,151,388.2406005859375,68.02715873718262,362.3407287597656,79.94080352783203,7.478294,10.0,-1,21.089247
12,151,1067.6026306152344,856.3704128265381,1041.7027587890625,868.2840576171875,7.249367,10.0,-1,27.601112
9,151,1299.2720642089844,1043.387502670288,1273.3721923828125,1055.3011474609375,7.1336617,8.0,-1,22.326797
258,151,1128.4881286621094,240.75421714782715,1102.5882568359375,252.66786193847656,3.993028,12.0,-1,18.304102
14,151,162.71739196777344,1001.0483303070068,136.81752014160156,1012.9619750976562,1.8290435,10.0,-1,24.065714
239,151,1365.2710876464844,1139.1820583343506,1339.3712158203125,1151.095703125,1.5320579,26.0,-1,2.5367782
139,151,1114.1415710449219,244.4789638519287,1088.24169921875,256.3926086425781,1.5184025,14.0,-1,9.551885
17,151,523.2689514160156,481.93529319763184,497.36907958984375,493.84893798828125,1.378102,10.0,-1,10.039511
4,152,1154.1421813964844,43.987478256225586,1128.3543701171875,56.02817916870117,49.42395,8.0,1,28.718163
0,152,1295.4388122558594,917.4283542633057,1269.6510009765625,929.4690551757812,45.156708,10.0,1,26.798508
2,152,1424.9563903808594,383.64063453674316,1399.1685791015625,395.68133544921875,32.21889,8.0,1,25.996578
3,152,983.7583923339844,480.9916172027588,957.9705810546875,493.0323181152344,21.733759,8.0,1,21.33675
7,152,420.1405334472656,368.2121982574463,394.35272216796875,380.2528991699219,19.902876,20.0,-1,9.814218
1,152,1317.3706970214844,268.30579566955566,1291.5828857421875,280.34649658203125,16.00392,8.0,1,28.279606
6,152,484.33465576171875,231.70476722717285,458.5468444824219,243.74546813964844,14.3362465,16.0,-1,7.2336106
200,152,1643.9584655761719,405.5782871246338,1618.170654296875,417.6189880371094,14.103017,6.0,1,8.305582
337,152,1295.9850769042969,281.36744117736816,1270.197265625,293.40814208984375,11.4456,22.0,-1,18.991959
12,152,1068.0002136230469,853.6160984039307,1042.21240234375,865.6567993164062,10.832004,10.0,-1,26.11377
8,152,1324.7817077636719,372.09522438049316,1298.993896484375,384.13592529296875,9.307547,8.0,-1,27.619719
11,152,262.3376770019531,426.49680519104004,236.54986572265625,438.5375061035156,8.938891,8.0,1,9.9929085
10,152,385.474609375,67.25316047668457,359.6867980957031,79.29386138916016,7.7249637,10.0,-1,20.997095
9,152,1299.2421569824219,1041.6616916656494,1273.454345703125,1053.702392578125,7.1850643,8.0,-1,25.381422
258,152,1124.9092712402344,241.35682106018066,1099.1214599609375,253.39752197265625,4.0721893,12.0,-1,19.361141
239,152,1363.4042663574219,1137.8731174468994,1337.616455078125,1149.913818359375,2.7757518,26.0,-1,2.3417425
17,152,523.546875,482.12595558166504,497.7590637207031,494.1666564941406,2.0989318,10.0,-1,12.308052
14,152,163.39083862304688,1001.2274265289307,137.60302734375,1013.2681274414062,1.9169415,10.0,-1,27.918726
139,152,1111.6009216308594,246.8183994293213,1085.8131103515625,258.8591003417969,1.6135045,16.0,-1,9.013381
0,153,1295.5965270996094,918.3303623199463,1269.3299560546875,930.0558471679688,63.709927,10.0,1,27.46852
4,153,1154.1421813964844,44.62933158874512,1127.8756103515625,56.35481643676758,61.911697,8.0,1,29.204655
3,153,984.8619079589844,479.2497959136963,958.5953369140625,490.97528076171875,23.334259,8.0,1,20.437634
7,153,416.6557312011719,367.8887119293213,390.38916015625,379.61419677734375,23.300957,22.0,-1,11.025027
2,153,1426.2510681152344,385.18433570861816,1399.9844970703125,396.9098205566406,19.563044,8.0,1,25.270351
1,153,1316.9422302246094,271.61692237854004,1290.6756591796875,283.3424072265625,16.333303,8.0,1,27.98085
337,153,1294.4945983886719,281.14548683166504,1268.22802734375,292.8709716796875,15.955958,22.0,-1,17.747335
200,153,1644.0165710449219,404.8135471343994,1617.75,416.5390319824219,14.522229,6.0,1,8.833335
6,153,483.76141357421875,230.8071231842041,457.4948425292969,242.53260803222656,12.609965,16.0,-1,6.6122603
12,153,1069.4681091308594,852.24241065979,1043.2015380859375,863.9678955078125,11.752987,8.0,-1,27.106197
8,153,1323.9891052246094,373.0610752105713,1297.7225341796875,384.78656005859375,9.713425,8.0,-1,25.712912
10,153,384.5102844238281,66.73867225646973,358.24371337890625,78.46415710449219,9.524649,10.0,-1,23.100128
11,153,264.2653045654297,426.2776279449463,237.9987335205078,438.00311279296875,7.191356,8.0,1,14.515516
9,153,1296.8904724121094,1040.2154331207275,1270.6239013671875,1051.94091796875,6.899734,8.0,-1,24.989304
258,153,1126.6860046386719,241.70676612854004,1100.41943359375,253.4322509765625,3.6684198,12.0,-1,21.31635
14,153,161.75271606445312,1001.9264316558838,135.48614501953125,1013.6519165039062,3.219368,10.0,-1,24.976595
139,153,1117.0577087402344,246.8183994293213,1090.7911376953125,258.54388427734375,2.2592466,14.0,-1,5.264731
17,153,524.9305725097656,484.6532382965088,498.66400146484375,496.37872314453125,2.253898,12.0,-1,9.679851
239,153,1360.8418884277344,1138.5076694488525,1334.5753173828125,1150.233154296875,1.9443518,26.0,-1,3.940343
0,154,1294.6180114746094,917.0357456207275,1267.8529052734375,930.0075073242188,71.641884,10.0,1,27.696465
4,154,1154.7117614746094,43.44386863708496,1127.9466552734375,56.41563034057617,49.36786,8.0,1,28.966875
3,154,984.7882385253906,477.0709934234619,958.0231323242188,490.0427551269531,34.66032,8.0,1,22.53207
2,154,1427.1463317871094,384.7040195465088,1400.3812255859375,397.67578125,34.097607,8.0,1,25.136585
1,154,1316.9422302246094,269.80799293518066,1290.1771240234375,282.7797546386719,18.791704,8.0,1,28.177177
200,154,1643.8173522949219,403.44150733947754,1617.05224609375,416.41326904296875,15.459194,6.0,1,9.763139
337,154,1294.3451843261719,281.47202491760254,1267.580078125,294.44378662109375,15.4261675,22.0,-1,19.588951
7,154,415.85235595703125,367.18421363830566,389.0872497558594,380.1559753417969,13.667717,20.0,-1,10.149409
6,154,483.36175537109375,230.75649452209473,456.5966491699219,243.72825622558594,12.603591,16.0,-1,7.7845707
12,154,1070.8045349121094,852.4847202301025,1044.0394287109375,865.4564819335938,10.85023,10.0,-1,28.28785
9,154,1298.6625671386719,1035.9403476715088,1271.8974609375,1048.912109375,7.2368584,8.0,-1,25.378382
10,154,387.05426025390625,68.1082706451416,360.2891540527344,81.08003234863281,7.1550846,10.0,-1,23.78651
11,154,265.2456970214844,427.74033546447754,238.4805908203125,440.71209716796875,7.081043,8.0,1,12.879882
8,154,1327.3020935058594,373.0610752105713,1300.5369873046875,386.0328369140625,7.0661144,8.0,-1,22.523594
14,154,160.01673889160156,1002.246072769165,133.2516326904297,1015.2178344726562,3.4342635,10.0,-1,23.379423
258,154,1130.6733093261719,243.27857398986816,1103.908203125,256.2503356933594,3.4293,12.0,-1,21.33668
239,154,1359.3870544433594,1138.6540927886963,1332.6219482421875,1151.6258544921875,1.9507111,24.0,-1,3.5636272
139,154,1117.9676208496094,247.7593479156494,1091.2025146484375,260.7311096191406,1.9464737,16.0,-1,6.072197
17,154,524.5452270507812,486.6312656402588,497.7801208496094,499.60302734375,1.293656,14.0,-1,9.059685
0,155,1293.7466583251953,916.642671585083,1266.3612060546875,929.467529296875,50.515285,10.0,1,27.081757
3,155,983.4754180908203,476.8622455596924,956.0899658203125,489.6871032714844,32.067863,8.0,1,21.247797
4,155,1153.8908233642578,41.79812812805176,1126.50537109375,54.62298583984375,31.323349,8.0,1,28.430084
1,155,1316.2548370361328,267.369478225708,1288.869384765625,280.1943359375,20.358204,8.0,1,27.936075
337,155,1295.8413848876953,280.03848457336426,1268.4559326171875,292.86334228515625,18.280476,22.0,-1,21.004559
2,155,1427.5341339111328,385.428560256958,1400.148681640625,398.25341796875,18.107752,8.0,1,27.619804
7,155,411.7583465576172,367.69873237609863,384.3728942871094,380.5235900878906,17.142672,20.0,-1,10.686986
200,155,1643.0094757080078,403.9298725128174,1615.6240234375,416.7547302246094,15.362576,6.0,1,9.958137
6,155,483.2619171142578,230.96524238586426,455.87646484375,243.79010009765625,14.807919,18.0,-1,8.215357
9,155,1298.0542755126953,1032.886079788208,1270.6688232421875,1045.7109375,8.823962,8.0,-1,26.329126
11,155,265.72540283203125,428.40628242492676,238.33995056152344,441.23114013671875,8.600408,8.0,1,12.631567
10,155,389.85752868652344,72.7068042755127,362.4720764160156,85.53166198730469,7.9616604,10.0,-1,24.608034
12,155,1072.0082550048828,852.908296585083,1044.622802734375,865.733154296875,6.5538163,10.0,-1,28.846619
8,155,1327.4019317626953,372.69290351867676,1300.0164794921875,385.51776123046875,4.9949164,8.0,-1,21.449781
258,155,1133.0170440673828,241.10142707824707,1105.631591796875,253.92628479003906,3.7833097,12.0,-1,23.054142
14,155,158.79856872558594,1000.6368732452393,131.41311645507812,1013.4617309570312,3.2008688,10.0,-1,21.670135
239,155,1360.5762481689453,1141.1774616241455,1333.1907958984375,1154.0023193359375,2.4713624,24.0,-1,3.7166388
17,155,526.7305450439453,487.28051948547363,499.3450927734375,500.1053771972656,1.0193622,14.0,-1,5.0151844
0,156,1295.6800384521484,915.0401020050049,1267.5823974609375,928.0695190429688,71.888794,10.0,1,28.494196
4,156,1155.0831146240234,41.1870174407959,1126.9854736328125,54.216434478759766,29.639051,8.0,1,29.286983
3,156,983.3477020263672,476.90112495422363,955.2500610351562,489.9305419921875,28.953592,8.0,1,21.601017
1,156,1318.0064544677734,267.3837299346924,1289.9088134765625,280.41314697265625,27.031431,8.0,1,28.354588
2,156,1426.769515991211,385.27929878234863,1398.671875,398.3087158203125,23.804558,8.0,1,26.213604
200,156,1640.7003021240234,404.69326972961426,1612.6026611328125,417.7226867675781,19.061289,6.0,1,10.952414
6,156,482.56471252441406,230.95099067687988,454.4670715332031,243.98040771484375,16.490885,16.0,-1,8.041241
337,156,1294.824203491211,281.04870796203613,1266.7265625,294.078125,16.373783,24.0,-1,21.275156
7,156,410.4179229736328,367.1019916534424,382.3202819824219,380.13140869140625,12.915585,22.0,-1,11.547062
10,156,387.7687225341797,74.24405097961426,359.67108154296875,87.27346801757812,10.249972,8.0,-1,26.910826
8,156,1328.2032318115234,373.22741889953613,1300.1055908203125,386.2568359375,8.780255,8.0,-1,21.279518
12,156,1072.428695678711,852.8226337432861,1044.3310546875,865.85205078125,8.549778,10.0,-1,28.727345
9,156,1296.9671478271484,1034.4326190948486,1268.8695068359375,1047.4620361328125,7.093825,8.0,-1,24.880281
11,156,267.16725158691406,427.64248847961426,239.06961059570312,440.6719055175781,6.384565,8.0,1,12.385733
258,156,1134.933822631836,240.33352851867676,1106.836181640625,253.36294555664062,3.9697707,12.0,-1,21.1337
139,156,1121.745346069336,245.1176471710205,1093.647705078125,258.1470642089844,2.762456,16.0,-1,12.014156
239,156,1360.7039642333984,1140.9432392120361,1332.6063232421875,1153.97265625,2.4911273,24.0,-1,3.8404756
14,156,159.24505615234375,1001.4077777862549,131.1474151611328,1014.4371948242188,2.0248485,10.0,-1,22.189394
17,156,526.0047454833984,490.10681343078613,497.9071044921875,503.13623046875,1.2384995,12.0,-1,6.4882183
0,157,1296.089828491211,915.0349750518799,1267.496826171875,927.7971801757812,59.882076,10.0,1,27.995619
4,157,1156.299545288086,40.89274024963379,1127.70654296875,53.654945373535156,39.81884,8.0,1,29.047632
1,157,1318.462142944336,267.075532913208,1289.869140625,279.8377380371094,34.15584,8.0,1,28.458344
200,157,1640.556625366211,402.7855854034424,1611.963623046875,415.54779052734375,26.729103,6.0,1,10.565629
3,157,981.1797943115234,475.5852680206299,952.5867919921875,488.34747314453125,25.334688,8.0,1,21.023407
337,157,1294.4537200927734,282.0051898956299,1265.8607177734375,294.76739501953125,21.071045,18.0,-1,18.346985
2,157,1426.616195678711,384.5404987335205,1398.023193359375,397.3027038574219,20.97818,8.0,1,26.375372
6,157,480.6305389404297,233.10309028625488,452.03753662109375,245.86529541015625,17.71548,16.0,-1,7.4836445
7,157,411.8610076904297,367.566011428833,383.26800537109375,380.3282165527344,16.712376,20.0,-1,10.786074
10,157,387.31544494628906,75.22601509094238,358.7224426269531,87.98822021484375,10.032336,8.0,-1,26.950954
9,157,1300.423324584961,1035.4075946807861,1271.830322265625,1048.1697998046875,8.665262,8.0,-1,24.159286
12,157,1072.435287475586,852.7308979034424,1043.84228515625,865.4931030273438,8.451534,10.0,-1,29.285809
8,157,1329.3658294677734,375.86380195617676,1300.7728271484375,388.6260070800781,5.8801727,8.0,-1,22.948793
11,157,267.6413879394531,427.35379219055176,239.0483856201172,440.1159973144531,5.6483836,8.0,1,11.490735
258,157,1134.869125366211,240.85710334777832,1106.276123046875,253.6193084716797,3.626558,12.0,-1,19.689144
139,157,1121.745346069336,247.0094928741455,1093.15234375,259.7716979980469,2.5241678,16.0,-1,12.310505
239,157,1361.399642944336,1144.6998310089111,1332.806640625,1157.4620361328125,2.3532097,24.0,-1,1.9661698
14,157,158.70571899414062,1001.4077777862549,130.1127166748047,1014.1699829101562,1.5568,10.0,-1,18.12171
17,157,525.8279876708984,489.49426460266113,497.2349853515625,502.2564697265625,1.426979,14.0,-1,6.5724993
4,158,1154.3917999267578,41.1728572845459,1126.0218505859375,54.097171783447266,61.957916,8.0,1,30.337967
0,158,1295.4571075439453,915.2647724151611,1267.087158203125,928.1890869140625,50.073345,10.0,1,27.979475
1,158,1318.1970977783203,267.075532913208,1289.8271484375,279.9998474121094,30.326195,8.0,1,28.723091
2,158,1426.8222198486328,386.56201362609863,1398.4522705078125,399.486328125,26.765465,8.0,1,26.099176
200,158,1640.5757598876953,403.35305976867676,1612.205810546875,416.2773742675781,26.580385,6.0,1,11.404075
3,158,980.7014312744141,474.67617988586426,952.3314819335938,487.6004943847656,21.756369,8.0,1,20.193369
7,158,410.70005798339844,368.3953266143799,382.3301086425781,381.31964111328125,18.31338,22.0,-1,10.832973
337,158,1295.0044708251953,281.95437812805176,1266.634521484375,294.8786926269531,15.881276,18.0,-1,18.662043
6,158,482.6280975341797,234.97532844543457,454.2581481933594,247.89964294433594,12.279976,16.0,-1,7.007235
9,158,1300.5940704345703,1034.9719257354736,1272.22412109375,1047.896240234375,8.647627,8.0,-1,19.353104
10,158,386.5216827392578,72.90686225891113,358.1517333984375,85.8311767578125,8.220395,8.0,-1,28.21154
11,158,268.6186981201172,424.382173538208,240.24874877929688,437.3064880371094,7.646332,8.0,1,12.0137615
8,158,1330.2139434814453,373.98929023742676,1301.843994140625,386.9136047363281,7.614244,8.0,-1,22.817802
12,158,1072.0293731689453,850.8600482940674,1043.659423828125,863.7843627929688,6.522293,10.0,-1,26.72259
239,158,1359.5418243408203,1145.0139179229736,1331.171875,1157.938232421875,4.1010213,26.0,-1,2.8124146
258,158,1133.5717315673828,241.51802253723145,1105.2017822265625,254.4423370361328,3.8584526,12.0,-1,19.924477
139,158,1124.7476348876953,246.89569282531738,1096.377685546875,259.82000732421875,2.2278714,12.0,-1,15.169244
17,158,525.8279876708984,489.04577827453613,497.4580383300781,501.9700927734375,1.6353868,12.0,-1,7.0754395
14,158,158.81085205078125,1001.7157611846924,130.44090270996094,1014.6400756835938,1.5880865,12.0,-1,15.702352
0,159,1294.7721710205078,915.2647724151611,1265.9385986328125,928.40673828125,68.2106,10.0,1,28.402943
4,159,1154.8395538330078,41.37748908996582,1126.0059814453125,54.51945495605469,46.17648,8.0,1,30.091642
2,159,1427.2636260986328,386.97119331359863,1398.4300537109375,400.1131591796875,27.140272,8.0,1,26.983614
3,159,982.3955841064453,473.093111038208,953.56201171875,486.2350769042969,25.099173,8.0,1,22.653093
1,159,1318.0614776611328,265.85705757141113,1289.2279052734375,278.9990234375,24.655474,8.0,1,27.528168
200,159,1639.5166778564453,403.3232135772705,1610.68310546875,416.4651794433594,23.10848,6.0,1,11.197359
7,159,409.0800323486328,371.5219440460205,380.2464599609375,384.6639099121094,21.98554,22.0,-1,11.143098
337,159,1293.3526153564453,281.46780586242676,1264.51904296875,294.6097717285156,18.700766,18.0,-1,15.958901
8,159,1332.9801788330078,370.9443073272705,1304.1466064453125,384.0862731933594,12.159949,8.0,-1,24.807934
10,159,388.7074737548828,72.61740303039551,359.8739013671875,85.75936889648438,11.350921,8.0,-1,28.07503
6,159,480.5271453857422,232.6008472442627,451.6935729980469,245.74281311035156,9.58464,16.0,-1,8.3424635
12,159,1071.9763946533203,850.1050434112549,1043.142822265625,863.2470092773438,9.579124,10.0,-1,24.19837
11,159,270.0130615234375,424.0868854522705,241.1794891357422,437.2288513183594,9.0628195,8.0,1,10.6910305
9,159,1303.1203155517578,1037.4359149932861,1274.2867431640625,1050.577880859375,6.487738,8.0,-1,21.41087
258,159,1133.5717315673828,243.2526569366455,1104.7381591796875,256.3946228027344,4.597402,12.0,-1,20.177937
14,159,160.9449920654297,1002.7940082550049,132.11141967773438,1015.9359741210938,3.5228693,12.0,-1,13.898759
139,159,1121.4279327392578,249.13797187805176,1092.5943603515625,262.2799377441406,2.563158,14.0,-1,9.334337
239,159,1355.1557159423828,1145.4306659698486,1326.3221435546875,1158.5726318359375,2.3074958,26.0,-1,3.1335683
17,159,526.6912078857422,489.3945941925049,497.8576354980469,502.53656005859375,1.4894909,12.0,-1,7.642932
0,160,1295.2090606689453,914.8874530792236,1266.15966796875,928.2685546875,64.94099,10.0,1,28.267372
1,160,1318.8374786376953,265.10083198547363,1289.7880859375,278.48193359375,33.55792,8.0,1,27.985518
2,160,1425.5277862548828,390.0958881378174,1396.4783935546875,403.47698974609375,27.224792,8.0,1,24.107452
4,160,1156.2143096923828,41.304941177368164,1127.1649169921875,54.68604278564453,24.894922,8.0,1,28.391273
337,160,1290.8971710205078,283.07910346984863,1261.8477783203125,296.460205078125,23.242006,20.0,-1,14.507406
7,160,409.0800323486328,371.616792678833,380.0306396484375,384.9978942871094,21.356878,20.0,-1,11.215089
3,160,980.9842071533203,472.27896308898926,951.934814453125,485.6600646972656,20.029366,8.0,1,21.755325
6,160,476.8813018798828,232.59424018859863,447.8319091796875,245.975341796875,18.675892,16.0,-1,6.74715
200,160,1641.2978057861328,405.02798652648926,1612.2484130859375,418.4090881347656,17.585985,6.0,1,12.942084
12,160,1072.9247589111328,850.1050434112549,1043.8753662109375,863.4861450195312,10.487231,10.0,-1,25.007618
10,160,390.3476104736328,71.96877479553223,361.2982177734375,85.3498764038086,9.608571,8.0,-1,28.157755
8,160,1334.8470001220703,370.19070625305176,1305.797607421875,383.5718078613281,8.693435,8.0,-1,22.268642
11,160,267.85670471191406,422.67444038391113,238.80731201171875,436.0555419921875,6.601352,8.0,1,5.702362
9,160,1300.7595977783203,1038.4418964385986,1271.710205078125,1051.822998046875,6.1935773,8.0,-1,18.995537
258,160,1132.4163360595703,242.99267768859863,1103.366943359375,256.373779296875,5.192016,12.0,-1,20.99272
14,160,162.3101043701172,1003.7125873565674,133.26071166992188,1017.0936889648438,3.7991352,12.0,-1,11.93628
239,160,1356.5369415283203,1146.6514911651611,1327.487548828125,1160.0325927734375,2.9432716,26.0,-1,2.942082
139,160,1120.3035430908203,250.57348823547363,1091.254150390625,263.95458984375,2.8260977,12.0,-1,11.098383
17,160,523.9233856201172,491.7268695831299,494.8739929199219,505.10797119140625,1.3313767,12.0,-1,7.3561454
0,161,1296.4140167236328,913.807710647583,1267.1605224609375,927.9358520507812,66.23856,10.0,1,27.970245
4,161,1157.2841339111328,41.64381217956543,1128.0306396484375,55.77195358276367,55.323788,8.0,1,27.291986
7,161,410.44224548339844,369.3341999053955,381.1887512207031,383.46234130859375,33.277134,22.0,-1,10.202404
1,161,1316.8101348876953,265.3361530303955,1287.556640625,279.46429443359375,31.86556,8.0,1,27.757622
337,161,1286.2267608642578,281.6393451690674,1256.9732666015625,295.7674865722656,31.488268,20.0,-1,15.88006
3,161,979.6794586181641,469.71545600891113,950.4259643554688,483.8435974121094,26.093063,8.0,1,19.920734
2,161,1426.2875518798828,388.39978218078613,1397.0340576171875,402.5279235839844,19.013826,8.0,1,23.909779
200,161,1644.0761260986328,405.11416816711426,1614.8226318359375,419.2423095703125,15.988561,6.0,1,8.453269
6,161,476.8612823486328,234.39297676086426,447.6077880859375,248.5211181640625,12.393559,16.0,-1,7.412671
10,161,390.69395446777344,71.96877479553223,361.4404602050781,86.09691619873047,10.590938,8.0,-1,28.582516
12,161,1073.1632843017578,847.6249713897705,1043.9097900390625,861.7531127929688,8.404554,10.0,-1,24.959656
11,161,267.08921813964844,421.41958808898926,237.83572387695312,435.5477294921875,6.0772247,8.0,1,5.783126
8,161,1335.3593292236328,373.65161323547363,1306.1058349609375,387.7797546386719,5.6428437,10.0,-1,16.655876
9,161,1300.7595977783203,1039.5327472686768,1271.506103515625,1053.660888671875,5.0691533,8.0,-1,17.863775
14,161,161.06980895996094,1005.3945026397705,131.81631469726562,1019.5226440429688,4.0463023,12.0,-1,8.668546
258,161,1132.3555450439453,241.65013313293457,1103.10205078125,255.7782745361328,3.968582,12.0,-1,21.707335
139,161,1120.8765411376953,248.005708694458,1091.623046875,262.13385009765625,2.9003165,12.0,-1,12.455475
239,161,1350.6164093017578,1147.9575519561768,1321.3629150390625,1162.085693359375,2.4710984,26.0,-1,2.5143492
17,161,521.7678680419922,492.7938861846924,492.5143737792969,506.9220275878906,1.7529238,12.0,-1,7.969395
0,162,1296.3260040283203,913.2010822296143,1267.282958984375,927.9869995117188,66.192665,10.0,1,28.423985
337,162,1285.9535675048828,281.7268695831299,1256.9105224609375,296.5127868652344,36.278034,20.0,-1,17.663895
1,162,1316.8634796142578,264.1149311065674,1287.8204345703125,278.9008483886719,30.999891,8.0,1,27.836706
4,162,1156.5294952392578,42.58645820617676,1127.4864501953125,57.37237548828125,28.50441,8.0,1,28.45995
7,162,409.9453582763672,370.6742877960205,380.9023132324219,385.460205078125,24.218485,20.0,-1,10.828049
200,162,1644.8849639892578,402.01391792297363,1615.8419189453125,416.7998352050781,21.518875,6.0,1,10.14592
2,162,1427.5976104736328,386.5580768585205,1398.5545654296875,401.343994140625,18.17806,8.0,1,24.559263
3,162,979.6883697509766,468.9247455596924,950.6453247070312,483.7106628417969,15.88139,8.0,1,20.936985
6,162,474.4617156982422,234.02372932434082,445.4186706542969,248.8096466064453,14.584006,16.0,-1,6.238994
9,162,1298.8203887939453,1039.421724319458,1269.77734375,1054.2076416015625,9.188872,8.0,-1,22.559605
10,162,391.17820739746094,73.18626594543457,362.1351623535156,87.97218322753906,8.713303,10.0,-1,25.95403
8,162,1336.8848419189453,375.45532417297363,1307.841796875,390.2412414550781,8.253045,8.0,-1,17.641224
12,162,1071.3052520751953,847.4628009796143,1042.26220703125,862.2487182617188,7.6327577,10.0,-1,23.262531
14,162,161.76695251464844,1005.3945026397705,132.72390747070312,1020.180419921875,6.7338967,14.0,-1,11.750424
11,162,265.92735290527344,421.4032917022705,236.88430786132812,436.189208984375,6.184492,8.0,1,3.4293118
258,162,1133.7409210205078,241.73114204406738,1104.6978759765625,256.5170593261719,3.1821573,10.0,-1,19.379133
139,162,1120.8765411376953,248.134614944458,1091.83349609375,262.9205322265625,3.161539,12.0,-1,14.357863
239,162,1344.7234649658203,1150.8754596710205,1315.680419921875,1165.661376953125,2.7267838,28.0,-1,2.8065648
17,162,524.4406890869141,493.47305488586426,495.39764404296875,508.25897216796875,1.7332597,12.0,-1,7.7618937
0,163,1296.0413360595703,911.928071975708,1266.2308349609375,927.1155395507812,53.289963,10.0,1,27.856245
1,163,1316.2779083251953,264.7850971221924,1286.4674072265625,279.9725646972656,42.772446,8.0,1,27.395254
337,163,1284.5773468017578,280.73205757141113,1254.766845703125,295.9195251464844,36.048573,20.0,-1,18.872902
4,163,1157.8760528564453,43.652997970581055,1128.0655517578125,58.8404655456543,29.37786,8.0,1,28.094496
7,163,407.8003692626953,372.83816719055176,377.9898681640625,388.025634765625,24.346434,22.0,-1,10.590787
2,163,1428.8494415283203,386.8349323272705,1399.0389404296875,402.02239990234375,20.211185,8.0,1,25.414352
3,163,979.2433624267578,469.80053901672363,949.432861328125,484.9880065917969,19.549067,8.0,1,20.862972
200,163,1647.4669952392578,403.4277057647705,1617.656494140625,418.61517333984375,18.630043,6.0,1,7.4569626
10,163,391.16200256347656,76.46667671203613,361.35150146484375,91.65414428710938,11.8648,10.0,-1,27.109411
6,163,473.5594940185547,232.9061450958252,443.7489929199219,248.09361267089844,11.615245,16.0,-1,7.1252384
12,163,1073.5845489501953,847.797945022583,1043.7740478515625,862.9854125976562,8.491227,10.0,-1,21.712923
8,163,1336.1170196533203,374.7741107940674,1306.3065185546875,389.9615783691406,7.670738,8.0,-1,18.720884
11,163,267.7512969970703,420.5244770050049,237.9407958984375,435.7119445800781,7.525974,8.0,1,3.3252115
9,163,1298.8203887939453,1037.2873859405518,1269.0098876953125,1052.474853515625,6.9330125,8.0,-1,24.2406
139,163,1121.5202178955078,247.37835884094238,1091.709716796875,262.5658264160156,4.315064,12.0,-1,12.963989
258,163,1134.6979522705078,240.63865852355957,1104.887451171875,255.8261260986328,3.278411,10.0,-1,21.720333
14,163,165.3896026611328,1005.3945026397705,135.5791015625,1020.5819702148438,3.0105712,14.0,-1,6.3360147
239,163,1344.6070098876953,1149.2783527374268,1314.7965087890625,1164.4658203125,1.7718548,28.0,-1,2.359006
17,163,526.2802581787109,494.6327838897705,496.4697570800781,509.82025146484375,1.5902437,12.0,-1,10.721271
0,164,1296.2239990234375,911.4864978790283,1266.002685546875,926.9769287109375,66.542656,10.0,1,28.207691
3,164,978.26123046875,472.28547859191895,948.0399169921875,487.7759094238281,36.268772,8.0,1,20.75603
1,164,1318.3531494140625,264.83467292785645,1288.1318359375,280.3251037597656,33.31409,8.0,1,27.231255
337,164,1284.1668701171875,279.97459602355957,1253.945556640625,295.46502685546875,30.864433,20.0,-1,18.660072
4,164,1157.2691650390625,42.79677391052246,1127.0478515625,58.28720474243164,26.87414,8.0,1,28.916763
7,164,408.64849853515625,374.9193592071533,378.42718505859375,390.4097900390625,25.269564,22.0,-1,10.139929
2,164,1428.42236328125,387.1709156036377,1398.2010498046875,402.6613464355469,18.314835,8.0,1,25.290424
200,164,1647.7847900390625,402.8181629180908,1617.5634765625,418.30859375,15.435653,6.0,1,8.107946
6,164,476.4613037109375,232.27398872375488,446.239990234375,247.76441955566406,12.554207,16.0,-1,7.1449885
10,164,392.0520324707031,77.71039772033691,361.8307189941406,93.2008285522461,9.791371,10.0,-1,27.760212
9,164,1298.609619140625,1036.6516590118408,1268.3883056640625,1052.14208984375,9.214895,8.0,-1,27.691029
12,164,1075.4600830078125,849.3538074493408,1045.23876953125,864.84423828125,8.635216,10.0,-1,21.173822
11,164,267.7512969970703,420.32725715637207,237.5299835205078,435.81768798828125,7.38179,8.0,1,2.0642953
8,164,1336.8414306640625,375.4304676055908,1306.6201171875,390.9208984375,6.7796464,10.0,-1,18.089766
258,164,1133.548583984375,240.63865852355957,1103.3272705078125,256.12908935546875,4.16084,10.0,-1,23.928505
17,164,523.69873046875,497.6780261993408,493.4774169921875,513.16845703125,2.9709766,10.0,-1,12.136129
139,164,1120.4129638671875,248.68809700012207,1090.191650390625,264.17852783203125,2.7213058,12.0,-1,17.666939
14,164,166.54322814941406,1005.1343860626221,136.32191467285156,1020.6248168945312,2.0833023,14.0,-1,8.096528
239,164,1344.5828857421875,1149.2720203399658,1314.361572265625,1164.762451171875,1.8254038,26.0,-1,1.0387903
0,165,1296.9545593261719,911.4864978790283,1266.3309326171875,927.8449096679688,63.277355,10.0,1,27.660055
1,165,1318.8200378417969,263.7589588165283,1288.1964111328125,280.11737060546875,44.72617,8.0,1,27.995247
4,165,1158.0838317871094,43.89373588562012,1127.460205078125,60.25214767456055,42.94076,8.0,1,29.510464
337,165,1284.6603698730469,279.0280017852783,1254.0367431640625,295.38641357421875,35.70959,20.0,-1,19.858639
3,165,976.7636413574219,473.34138679504395,946.1400146484375,489.6997985839844,22.527617,8.0,1,19.442125
7,165,408.7559814453125,378.1979236602783,378.1323547363281,394.55633544921875,22.20033,22.0,-1,10.409641
2,165,1427.7835388183594,384.9784412384033,1397.159912109375,401.33685302734375,17.161268,8.0,1,25.007004
6,165,476.4613037109375,231.8693561553955,445.8376770019531,248.22776794433594,15.160999,16.0,-1,7.665018
200,165,1647.0859069824219,400.1363697052002,1616.4622802734375,416.4947814941406,12.615613,6.0,1,9.91694
12,165,1074.3020935058594,848.9648303985596,1043.678466796875,865.3232421875,11.090623,10.0,-1,19.815214
10,165,394.4510498046875,78.34933662414551,363.8274230957031,94.70774841308594,10.014611,10.0,-1,27.03631
11,165,268.5785217285156,417.09483528137207,237.95489501953125,433.4532470703125,8.276906,8.0,1,0.29258847
139,165,1118.6326599121094,248.91328620910645,1088.009033203125,265.2716979980469,7.0206122,24.0,-1,26.077318
258,165,1130.7264099121094,240.9498462677002,1100.102783203125,257.3082580566406,6.6031494,10.0,-1,18.144207
8,165,1338.0784606933594,377.72154426574707,1307.454833984375,394.0799560546875,6.511355,8.0,-1,19.265892
9,165,1300.7818298339844,1036.308458328247,1270.158203125,1052.6668701171875,5.7483954,8.0,-1,24.734148
14,165,164.7401885986328,1004.9302845001221,134.11656188964844,1021.2886962890625,2.0005474,14.0,-1,8.935712
17,165,518.8894958496094,502.65318489074707,488.265869140625,519.0115966796875,1.973041,10.0,-1,13.652155
239,165,1340.0894470214844,1152.2414417266846,1309.4658203125,1168.599853515625,1.1510235,26.0,-1,3.079208
0,166,1297.5757751464844,913.823076248169,1266.6190185546875,930.0690307617188,55.07022,10.0,1,27.607313
1,166,1319.6144714355469,263.7589588165283,1288.65771484375,280.0049133300781,50.18031,8.0,1,27.05288
4,166,1158.3498229980469,42.643266677856445,1127.39306640625,58.88922119140625,32.559048,8.0,1,29.029648
337,166,1285.1504821777344,282.18284797668457,1254.1937255859375,298.4288024902344,27.079935,20.0,-1,18.70295
200,166,1647.0859069824219,397.8049793243408,1616.129150390625,414.0509338378906,18.765738,6.0,1,9.613668
3,166,975.8777770996094,473.81257820129395,944.9210205078125,490.05853271484375,18.449339,8.0,1,19.981743
2,166,1430.1853942871094,383.42027473449707,1399.2286376953125,399.6662292480469,17.886345,8.0,1,26.807224
7,166,408.19317626953125,380.7998523712158,377.2364196777344,397.0458068847656,15.50512,24.0,-1,8.532923
6,166,476.1991271972656,231.85307502746582,445.24237060546875,248.09902954101562,11.548488,18.0,-1,8.274852
12,166,1077.3273620605469,847.0207080841064,1046.37060546875,863.2666625976562,11.098045,10.0,-1,17.590473
9,166,1301.1990661621094,1037.8119068145752,1270.2423095703125,1054.057861328125,10.954743,8.0,-1,26.627756
10,166,393.4443054199219,77.98894691467285,362.487548828125,94.23490142822266,9.531178,10.0,-1,26.04444
11,166,267.57591247558594,416.25386238098145,236.61915588378906,432.49981689453125,7.281643,8.0,1,1.1604106
139,166,1118.8025817871094,250.0537281036377,1087.8458251953125,266.2996826171875,7.0750237,10.0,-1,25.663336
8,166,1337.2834167480469,381.41697883605957,1306.32666015625,397.6629333496094,5.381746,8.0,-1,22.79475
258,166,1130.5795593261719,240.29167366027832,1099.622802734375,256.5376281738281,4.4762187,10.0,-1,19.529163
14,166,162.89151000976562,1005.6211109161377,131.93475341796875,1021.8670654296875,2.4596915,14.0,-1,8.838335
17,166,514.6249084472656,504.65730476379395,483.66815185546875,520.9032592773438,1.6272067,10.0,-1,16.00169
239,166,1340.9312438964844,1148.4884204864502,1309.9744873046875,1164.734375,1.0499048,26.0,-1,1.1995217
0,167,1298.8235778808594,914.2594165802002,1267.8360595703125,930.4878540039062,70.83634,10.0,1,28.361588
1,167,1321.1133728027344,263.7589588165283,1290.1258544921875,279.9873962402344,60.546314,8.0,1,26.532724
4,167,1158.5787048339844,40.5725154876709,1127.5911865234375,56.80095291137695,34.65437,8.0,1,29.287434
337,167,1283.5055847167969,283.1693592071533,1252.51806640625,299.3977966308594,24.317764,20.0,-1,19.232002
200,167,1646.9424743652344,397.62629890441895,1615.9549560546875,413.854736328125,23.237436,6.0,1,10.282355
3,167,976.0711364746094,471.76802253723145,945.0836181640625,487.9964599609375,22.712992,8.0,1,21.12504
2,167,1429.4063415527344,382.51497077941895,1398.4188232421875,398.743408203125,18.831696,8.0,1,26.333076
7,167,406.6654357910156,380.1400623321533,375.67791748046875,396.3684997558594,17.933508,24.0,-1,8.62627
12,167,1079.0591735839844,846.657304763794,1048.0716552734375,862.8857421875,12.2031145,10.0,-1,18.723917
6,167,477.2112731933594,233.49859809875488,446.2237548828125,249.72703552246094,11.347309,16.0,-1,7.341235
10,167,392.4187927246094,79.48262977600098,361.4312744140625,95.71106719970703,9.922809,10.0,-1,26.235645
11,167,268.37925720214844,418.6477527618408,237.39173889160156,434.8761901855469,7.600822,12.0,-1,0.5822152
8,167,1334.8626403808594,381.23567390441895,1303.8751220703125,397.464111328125,6.274877,8.0,-1,23.71563
9,167,1302.0579528808594,1037.0585498809814,1271.0704345703125,1053.2869873046875,6.2459254,8.0,-1,26.055868
17,167,519.0085144042969,507.7564868927002,488.02099609375,523.9849243164062,3.4168587,8.0,-1,18.607449
14,167,162.89151000976562,1006.7213916778564,131.90399169921875,1022.9498291015625,3.3903754,14.0,-1,4.401285
139,167,1117.2500915527344,249.3917407989502,1086.2625732421875,265.62017822265625,3.2049131,12.0,-1,16.369932
258,167,1129.9472351074219,240.43464851379395,1098.959716796875,256.6630859375,3.1440656,10.0,-1,18.389143
239,167,1340.5827331542969,1152.253252029419,1309.59521484375,1168.481689453125,1.1625906,28.0,-1,1.5309353
0,168,1300.2767028808594,912.5845737457275,1268.557373046875,928.6590576171875,55.83165,10.0,1,27.709013
4,168,1157.6849060058594,38.44602394104004,1125.965576171875,54.5205078125,45.857086,8.0,1,30.469748
1,168,1321.6153259277344,264.7038059234619,1289.89599609375,280.7782897949219,38.268368,8.0,1,27.08727
200,168,1647.6322937011719,397.4252109527588,1615.9129638671875,413.49969482421875,27.830826,6.0,1,10.370701
337,168,1283.5243835449219,283.06638526916504,1251.8050537109375,299.140869140625,25.241472,20.0,-1,18.51841
3,168,975.4822082519531,472.0952854156494,943.7628784179688,488.1697692871094,24.703192,8.0,1,22.116991
2,168,1428.1192321777344,381.24631690979004,1396.39990234375,397.32080078125,18.739855,8.0,1,26.099606
7,168,406.2174072265625,379.7407627105713,374.4980773925781,395.81524658203125,18.368433,24.0,-1,7.9615846
10,168,394.401611328125,79.48262977600098,362.6822814941406,95.55711364746094,11.934795,10.0,-1,26.64447
6,168,477.4678649902344,232.7009983062744,445.74853515625,248.77548217773438,10.949802,16.0,-1,6.1824365
8,168,1333.4386901855469,378.1838779449463,1301.7193603515625,394.25836181640625,9.873278,8.0,-1,24.24644
12,168,1081.8238220214844,846.7179355621338,1050.1044921875,862.7924194335938,8.989728,10.0,-1,20.035683
9,168,1303.0115661621094,1039.78489112854,1271.292236328125,1055.859375,7.450396,8.0,-1,28.236963
11,168,268.26715087890625,418.86707496643066,236.54782104492188,434.9415588378906,7.1206594,14.0,-1,0.8887007
14,168,161.56675720214844,1008.38938331604,129.84742736816406,1024.4638671875,7.070105,16.0,-1,2.412384
258,168,1129.6718444824219,242.4475803375244,1097.9525146484375,258.5220642089844,3.770076,10.0,-1,23.123837
139,168,1117.2500915527344,249.6189670562744,1085.53076171875,265.6934509277344,3.6966665,12.0,-1,13.956403
239,168,1339.1260681152344,1151.6814975738525,1307.40673828125,1167.7559814453125,2.2490118,28.0,-1,1.3376279
17,168,519.5940856933594,509.2352695465088,487.874755859375,525.3097534179688,1.9139943,8.0,-1,17.457708
0,169,1299.8478546142578,911.4622898101807,1268.4808349609375,927.3709716796875,49.611042,10.0,1,27.64895
1,169,1320.9193878173828,265.8960361480713,1289.5523681640625,281.8047180175781,37.850285,8.0,1,27.153107
4,169,1157.7498321533203,38.44602394104004,1126.3828125,54.354705810546875,36.218647,8.0,1,29.5641
3,169,973.5048980712891,473.6862277984619,942.1378784179688,489.59490966796875,24.741941,8.0,1,20.636654
337,169,1283.9947052001953,284.6866855621338,1252.627685546875,300.5953674316406,24.0861,22.0,-1,19.665363
200,169,1645.0352325439453,399.53940773010254,1613.668212890625,415.4480895996094,17.413422,6.0,1,12.925238
2,169,1428.2514190673828,382.37253761291504,1396.8843994140625,398.2812194824219,15.794562,8.0,1,26.504782
6,169,477.86143493652344,230.58318519592285,446.4944152832031,246.4918670654297,13.47202,16.0,-1,6.6640635
7,169,402.7179412841797,380.25425148010254,371.3509216308594,396.1629333496094,13.008999,26.0,-1,7.3269386
10,169,393.13612365722656,78.5665225982666,361.76910400390625,94.47520446777344,10.585471,8.0,-1,27.421862
9,169,1303.9489288330078,1041.9408054351807,1272.5819091796875,1057.8494873046875,10.209607,8.0,-1,29.08872
12,169,1080.3446807861328,845.9635105133057,1048.9776611328125,861.8721923828125,9.316572,10.0,-1,19.769537
8,169,1333.4518585205078,377.9308567047119,1302.0848388671875,393.83953857421875,8.742057,8.0,-1,25.131243
14,169,159.29544067382812,1014.0777683258057,127.92842102050781,1029.9864501953125,7.0516305,14.0,-1,0.75282395
11,169,268.26715087890625,418.7096652984619,236.90013122558594,434.61834716796875,5.877569,14.0,-1,1.3569584
258,169,1130.1552276611328,242.26694679260254,1098.7882080078125,258.1756286621094,3.2162294,10.0,-1,25.346365
139,169,1118.8649444580078,248.0733127593994,1087.4979248046875,263.98199462890625,2.4520376,12.0,-1,11.803699
17,169,516.9716949462891,507.42103004455566,485.60467529296875,523.3297119140625,2.036637,8.0,-1,17.55478
239,169,1339.6015167236328,1152.8711032867432,1308.2344970703125,1168.77978515625,1.7026138,28.0,-1,3.3441184
0,170,1300.1245880126953,911.1246738433838,1268.9244384765625,927.3585815429688,50.22839,10.0,1,28.028154
1,170,1321.0658721923828,265.8960361480713,1289.86572265625,282.12994384765625,45.436115,8.0,1,27.502207
4,170,1157.3180694580078,38.6920223236084,1126.117919921875,54.92593002319336,40.40101,8.0,1,28.914917
3,170,973.2768707275391,473.69114112854004,942.0767211914062,489.925048828125,25.217506,8.0,1,21.036541
337,170,1283.9947052001953,286.1550693511963,1252.7945556640625,302.38897705078125,25.010149,20.0,-1,19.735344
200,170,1643.7198028564453,397.7412815093994,1612.5196533203125,413.9751892089844,23.566994,6.0,1,11.374444
7,170,398.69749450683594,377.5011692047119,367.4973449707031,393.7350769042969,16.60074,26.0,-1,7.120695
6,170,479.6129913330078,231.7318515777588,448.412841796875,247.96575927734375,14.693881,18.0,-1,7.3927765
2,170,1427.0980987548828,382.35776710510254,1395.89794921875,398.5916748046875,14.423626,8.0,1,26.088041
9,170,1303.1457061767578,1042.049295425415,1271.945556640625,1058.283203125,10.292918,8.0,-1,30.154469
10,170,394.45188903808594,79.4009952545166,363.2517395019531,95.63490295410156,9.217205,10.0,-1,25.734001
12,170,1080.7351837158203,842.89670753479,1049.5350341796875,859.130615234375,8.759149,10.0,-1,18.547342
8,170,1333.7567901611328,377.1998996734619,1302.556640625,393.4338073730469,7.386589,8.0,-1,23.789263
14,170,158.09832763671875,1013.719705581665,126.89817810058594,1029.95361328125,6.085489,14.0,-1,0.3675476
11,170,268.98097229003906,419.31235694885254,237.78082275390625,435.5462646484375,5.887261,12.0,-1,0.5370774
258,170,1130.5329132080078,242.20667457580566,1099.332763671875,258.4405822753906,3.9100301,12.0,-1,24.679869
17,170,514.9277801513672,509.64377784729004,483.7276306152344,525.877685546875,2.0219681,8.0,-1,17.04634
239,170,1340.4292755126953,1153.31125831604,1309.2291259765625,1169.545166015625,2.0202143,24.0,-1,1.1097546
139,170,1116.7552032470703,247.9282627105713,1085.5550537109375,264.16217041015625,1.9162182,12.0,-1,10.194082
0,171,1300.1044464111328,911.1567783355713,1268.0885009765625,927.5955200195312,74.233116,10.0,1,27.78917
4,171,1155.9438018798828,39.42575645446777,1123.9278564453125,55.864498138427734,55.709194,8.0,1,30.002079
1,171,1320.0768585205078,264.8977756500244,1288.0609130859375,281.3365173339844,36.046005,8.0,1,26.232811
3,171,974.0995025634766,473.6031894683838,942.0835571289062,490.04193115234375,33.871685,8.0,1,21.072453
337,171,1284.3163604736328,287.21543312072754,1252.3004150390625,303.6541748046875,32.10449,22.0,-1,19.367254
200,171,1644.0575714111328,395.1432285308838,1612.0416259765625,411.58197021484375,23.168081,6.0,1,12.5226145
2,171,1425.9431915283203,381.22837257385254,1393.92724609375,397.6671142578125,15.6328745,8.0,1,22.648214
7,171,398.60289001464844,377.60776710510254,366.5869445800781,394.0465087890625,14.535407,26.0,-1,7.116622
12,171,1082.5237579345703,841.2483310699463,1050.5078125,857.6870727539062,13.642345,10.0,-1,18.100475
6,171,478.4944305419922,231.89026832580566,446.4784851074219,248.32901000976562,12.835316,16.0,-1,7.232936
10,171,395.4189910888672,79.73404121398926,363.4030456542969,96.17278289794922,11.425445,8.0,-1,29.485004
8,171,1333.7769317626953,375.35938453674316,1301.760986328125,391.7981262207031,9.891066,8.0,-1,23.744404
9,171,1303.4252471923828,1043.7344760894775,1271.4093017578125,1060.1732177734375,8.919652,8.0,-1,29.584045
14,171,157.31880950927734,1013.6876010894775,125.30286407470703,1030.1263427734375,8.866591,14.0,-1,1.3474485
11,171,270.6046600341797,419.17481422424316,238.58871459960938,435.6135559082031,7.438301,14.0,-1,0.7832601
258,171,1129.6419219970703,243.6097812652588,1097.6259765625,260.04852294921875,4.1904974,12.0,-1,20.944965
139,171,1117.6740264892578,249.1559543609619,1085.6580810546875,265.5946960449219,3.1914585,12.0,-1,10.9765835
17,171,511.4269561767578,508.89487648010254,479.4110107421875,525.3336181640625,1.0313969,10.0,-1,14.111306
0,172,1300.958999633789,911.3752765655518,1268.013671875,927.9319458007812,70.52736,10.0,1,28.098412
4,172,1155.0936431884766,39.38886833190918,1122.1483154296875,55.94553756713867,64.34351,8.0,1,29.822876
1,172,1320.1009674072266,263.5039691925049,1287.1556396484375,280.0606384277344,37.969242,8.0,1,26.702797
337,172,1284.811294555664,288.5487689971924,1251.865966796875,305.1054382324219,26.12458,20.0,-1,19.224073
3,172,973.8997955322266,473.4650287628174,940.9544677734375,490.0216979980469,25.567568,8.0,1,17.592346
2,172,1425.917251586914,380.61133003234863,1392.971923828125,397.1679992675781,19.731306,8.0,1,21.571154
200,172,1646.406021118164,395.4732074737549,1613.460693359375,412.0298767089844,19.410372,6.0,1,13.138015
6,172,480.8302764892578,232.49490547180176,447.88494873046875,249.05157470703125,11.893912,16.0,-1,8.06525
7,172,396.1154022216797,376.98477363586426,363.1700744628906,393.54144287109375,11.362441,24.0,-1,7.7184153
10,172,394.42906188964844,77.89351081848145,361.4837341308594,94.45018005371094,10.3246355,10.0,-1,28.499922
9,172,1304.9215240478516,1043.9162311553955,1271.9761962890625,1060.472900390625,8.319865,8.0,-1,30.845905
8,172,1333.511001586914,375.310152053833,1300.565673828125,391.8668212890625,7.794165,8.0,-1,22.170227
11,172,271.6484069824219,419.21170234680176,238.7030792236328,435.76837158203125,7.7891955,14.0,-1,0.29411077
12,172,1082.851821899414,842.2209186553955,1049.906494140625,858.777587890625,7.604969,10.0,-1,19.10234
14,172,157.2121353149414,1013.349946975708,124.26680755615234,1029.9066162109375,6.009396,14.0,-1,1.1551772
258,172,1130.471206665039,243.40576362609863,1097.52587890625,259.9624328613281,4.66508,10.0,-1,20.985048
139,172,1117.649917602539,251.38726997375488,1084.70458984375,267.9439392089844,4.0245996,10.0,-1,17.180578
17,172,510.2120819091797,509.05618476867676,477.2667541503906,525.6128540039062,1.9648781,8.0,-1,14.953358
0,173,1301.3089218139648,911.0705585479736,1268.0767822265625,928.0767211914062,73.859215,10.0,1,28.156895
4,173,1157.2178573608398,37.466901779174805,1123.9857177734375,54.47306442260742,63.61202,8.0,1,31.051489
1,173,1320.2166366577148,263.11206245422363,1286.9844970703125,280.11822509765625,33.471264,8.0,1,26.804981
337,173,1281.7564315795898,287.5803852081299,1248.5242919921875,304.5865478515625,28.602304,24.0,-1,18.607063
200,173,1649.3844833374023,395.0249652862549,1616.15234375,412.0311279296875,25.445105,6.0,1,11.396227
2,173,1427.1291122436523,380.3389301300049,1393.89697265625,397.3450927734375,19.037424,8.0,1,26.04707
6,173,483.52913665771484,232.88580513000488,450.2969970703125,249.8919677734375,17.289194,16.0,-1,7.6999283
7,173,393.6827926635742,376.884126663208,360.4506530761719,393.8902893066406,16.942373,24.0,-1,8.382164
3,173,974.7356185913086,471.63040351867676,941.5034790039062,488.6365661621094,14.075839,8.0,1,20.054459
9,173,1305.0846786499023,1047.0696430206299,1271.8525390625,1064.0758056640625,12.563811,8.0,-1,35.38795
10,173,393.84093475341797,74.75965309143066,360.6087951660156,91.76581573486328,9.980889,10.0,-1,27.081507
8,173,1335.2023544311523,375.71365547180176,1301.97021484375,392.7198181152344,7.8958926,8.0,-1,24.050564
12,173,1081.7098007202148,843.5751361846924,1048.4776611328125,860.581298828125,6.7865195,10.0,-1,19.148165
11,173,271.5327377319336,420.582612991333,238.30059814453125,437.5887756347656,6.1684318,14.0,-1,3.0903149
139,173,1116.6111679077148,251.48791694641113,1083.3790283203125,268.49407958984375,5.3764,10.0,-1,20.505064
258,173,1128.8639755249023,243.75882148742676,1095.6318359375,260.7649841308594,4.0504274,10.0,-1,20.300165
14,173,153.13528442382812,1014.9024066925049,119.90314483642578,1031.9085693359375,2.3553498,14.0,-1,7.38888
17,173,506.7306137084961,510.45068550109863,473.49847412109375,527.4568481445312,1.1444582,10.0,-1,13.064838
239,173,1345.1607284545898,1153.3436908721924,1311.9285888671875,1170.349853515625,0.18806243,12.0,-1,2.0610054
4,174,1157.8088912963867,37.77311134338379,1123.918701171875,56.169960021972656,79.16622,8.0,1,31.257675
0,174,1303.0768356323242,911.1386127471924,1269.1866455078125,929.5354614257812,42.89592,10.0,1,27.76187
337,174,1281.7123336791992,289.41589546203613,1247.8221435546875,307.812744140625,29.565529,22.0,-1,18.55485
1,174,1318.7513961791992,260.9240436553955,1284.8612060546875,279.3208923339844,27.386879,8.0,1,26.170078
3,174,973.931266784668,471.42117500305176,940.0410766601562,489.8180236816406,22.939959,8.0,1,17.42302
2,174,1428.6102828979492,381.9548053741455,1394.7200927734375,400.3516540527344,16.857119,8.0,1,25.120968
200,174,1652.2911911010742,391.5724506378174,1618.4010009765625,409.96929931640625,15.52905,6.0,1,10.321807
7,174,391.5588607788086,374.958101272583,357.6686706542969,393.3549499511719,13.961221,24.0,-1,7.707576
6,174,484.10018157958984,232.32808113098145,450.2099914550781,250.7249298095703,12.473129,16.0,-1,7.803028
10,174,394.4508590698242,72.52213478088379,360.5606689453125,90.91898345947266,9.919306,10.0,-1,28.005032
8,174,1335.7336959838867,378.0670795440674,1301.843505859375,396.46392822265625,9.092648,10.0,-1,22.174084
9,174,1307.2843551635742,1047.0015888214111,1273.3941650390625,1065.3984375,8.995631,8.0,-1,32.057373
12,174,1080.4036178588867,845.0299091339111,1046.513427734375,863.4267578125,8.251737,10.0,-1,17.07889
139,174,1115.4917526245117,251.659273147583,1081.6015625,270.0561218261719,8.136241,24.0,-1,25.064667
11,174,269.44396209716797,419.62402534484863,235.55377197265625,438.0208740234375,6.182646,14.0,-1,2.0323994
258,174,1128.3757858276367,243.99221992492676,1094.485595703125,262.3890686035156,5.348081,10.0,-1,24.396555
14,174,150.549560546875,1015.1871356964111,116.65937042236328,1033.583984375,2.3706033,14.0,-1,6.656186
17,174,506.7747116088867,507.51074409484863,472.884521484375,525.9075927734375,2.1809096,10.0,-1,17.05085
0,175,1301.9509201049805,912.9093647003174,1267.9716796875,931.9382934570312,69.80379,10.0,1,27.250994
4,175,1157.965934753418,36.261518478393555,1123.9866943359375,55.29044723510742,50.926178,8.0,1,30.08074
337,175,1280.759880065918,290.55517768859863,1246.7806396484375,309.5841064453125,35.888714,22.0,-1,19.314198
1,175,1318.594352722168,260.547212600708,1284.6151123046875,279.5761413574219,26.1122,8.0,1,26.357855
2,175,1428.3906173706055,382.4744281768799,1394.411376953125,401.50335693359375,20.556086,8.0,1,23.193316
200,175,1653.3730392456055,390.6185932159424,1619.393798828125,409.64752197265625,16.574652,6.0,1,9.5996065
7,175,389.89180755615234,376.31924629211426,355.9125671386719,395.3481750488281,14.963286,24.0,-1,7.232417
3,175,973.0259323120117,470.0130023956299,939.0466918945312,489.04193115234375,14.589097,8.0,1,15.593843
6,175,484.9619369506836,233.24547004699707,450.9826965332031,252.27439880371094,12.414265,16.0,-1,7.064839
8,175,1333.7917404174805,381.2350482940674,1299.8125,400.26397705078125,12.251046,8.0,-1,31.487017
10,175,396.4507064819336,72.20160865783691,362.4714660644531,91.23053741455078,10.355521,10.0,-1,26.67081
9,175,1306.032341003418,1047.0020771026611,1272.0531005859375,1066.031005859375,10.001212,8.0,-1,28.829456
12,175,1082.060417175293,845.0294208526611,1048.0811767578125,864.058349609375,7.294941,10.0,-1,21.886862
11,175,270.83336639404297,418.8423480987549,236.8541259765625,437.87127685546875,6.494925,8.0,1,1.9140128
258,175,1129.8244552612305,243.03790473937988,1095.84521484375,262.06683349609375,6.327495,10.0,-1,26.736897
139,175,1117.485466003418,253.00262641906738,1083.5062255859375,272.03155517578125,5.701938,10.0,-1,25.982834
14,175,153.5753631591797,1014.3057880401611,119.59612274169922,1033.334716796875,2.9942036,16.0,-1,6.543029
17,175,505.0798873901367,508.69616889953613,471.10064697265625,527.72509765625,2.4526708,8.0,-1,16.548594
0,176,1302.4172744750977,912.2179355621338,1267.8099365234375,931.4603271484375,60.407803,10.0,1,27.532236
4,176,1158.1072158813477,34.78450965881348,1123.4998779296875,54.02690124511719,47.627533,8.0,1,30.78654
1,176,1318.7322158813477,259.96412086486816,1284.1248779296875,279.2065124511719,30.436922,8.0,1,26.533293
337,176,1280.6930313110352,293.18992042541504,1246.085693359375,312.43231201171875,29.213392,22.0,-1,18.914139
3,176,972.0033950805664,470.8290195465088,937.3960571289062,490.0714111328125,16.944366,8.0,1,18.736053
200,176,1654.4089736938477,392.4187412261963,1619.8016357421875,411.6611328125,15.307624,6.0,1,9.57639
10,176,396.4561233520508,70.65715217590332,361.8487854003906,89.89954376220703,12.305268,10.0,-1,25.238132
6,176,484.2654495239258,233.3002109527588,449.6581115722656,252.5426025390625,11.154521,16.0,-1,7.665442
2,176,1428.7170791625977,381.15577125549316,1394.1097412109375,400.3981628417969,10.278981,8.0,1,24.453945
7,176,390.52783966064453,378.2348117828369,355.9205017089844,397.4772033691406,10.240527,26.0,-1,6.5434246
8,176,1330.5566787719727,382.19190406799316,1295.9493408203125,401.4342956542969,8.2209215,8.0,-1,31.600695
9,176,1304.7424697875977,1049.7512607574463,1270.1351318359375,1068.99365234375,7.0509458,8.0,-1,27.044174
12,176,1082.7620010375977,844.6722812652588,1048.1546630859375,863.9146728515625,6.3512673,10.0,-1,22.611057
11,176,270.8279495239258,417.99891090393066,236.22061157226562,437.2413024902344,6.2973638,8.0,1,1.5950129
258,176,1126.8077774047852,245.1071262359619,1092.200439453125,264.3495178222656,4.0773296,12.0,-1,25.37877
14,176,156.79206085205078,1012.0829257965088,122.18472290039062,1031.3253173828125,3.0722349,16.0,-1,6.702479
139,176,1116.8525772094727,252.94788551330566,1082.2452392578125,272.1902770996094,2.9649508,12.0,-1,16.055048
17,176,502.9028091430664,509.6116123199463,468.29547119140625,528.85400390625,1.3454641,8.0,-1,14.650057
0,177,1301.914894104004,911.114953994751,1266.89599609375,930.5280151367188,46.741516,10.0,1,27.396088
4,177,1158.3154067993164,35.97067832946777,1123.2965087890625,55.38373947143555,38.252457,8.0,1,29.590353
1,177,1319.1479263305664,259.18596839904785,1284.1290283203125,278.5990295410156,30.770033,8.0,1,27.82753
337,177,1280.4848403930664,294.3701419830322,1245.4659423828125,313.783203125,24.774256,22.0,-1,20.118288
200,177,1655.206398010254,392.35869789123535,1620.1875,411.7717590332031,22.718903,6.0,1,10.459024
3,177,971.2330703735352,470.9666385650635,936.2141723632812,490.37969970703125,19.6135,8.0,1,14.449538
7,177,391.0563430786133,380.2718753814697,356.0374450683594,399.6849365234375,17.419672,24.0,-1,6.8754168
2,177,1427.5644302368164,379.4427433013916,1392.5455322265625,398.8558044433594,15.117415,8.0,1,24.211422
6,177,486.8528823852539,232.35569190979004,451.833984375,251.7687530517578,13.139236,16.0,-1,6.4496937
9,177,1303.086036682129,1052.2157230377197,1268.067138671875,1071.6287841796875,11.152444,10.0,-1,25.75149
10,177,399.02539825439453,69.19857978820801,364.0065002441406,88.61164093017578,10.41947,10.0,-1,27.194784
8,177,1331.310157775879,381.8304386138916,1296.291259765625,401.2434997558594,7.1441765,8.0,-1,29.117973
12,177,1084.155860900879,844.2688236236572,1049.136962890625,863.681884765625,6.883389,10.0,-1,20.351454
11,177,269.4208450317383,417.4598026275635,234.40194702148438,436.87286376953125,5.8497887,8.0,1,2.597353
139,177,1114.0971450805664,254.2681827545166,1079.0782470703125,273.6812438964844,4.4229193,12.0,-1,15.466399
258,177,1125.7597427368164,245.35787391662598,1090.7408447265625,264.77093505859375,3.2257307,10.0,-1,25.030453
17,177,497.9159927368164,512.9537601470947,462.8970947265625,532.3668212890625,2.611767,8.0,-1,17.575125
14,177,157.79898834228516,1012.1429691314697,122.78009033203125,1031.5560302734375,1.716873,14.0,-1,7.420017
4,178,1159.525535583496,36.089731216430664,1123.996826171875,56.24202346801758,66.03554,8.0,1,30.423294
0,178,1301.3481674194336,910.9959011077881,1265.8194580078125,931.148193359375,64.975426,10.0,1,27.739079
337,178,1278.3904037475586,296.23753929138184,1242.8616943359375,316.38983154296875,31.64134,22.0,-1,19.746286
1,178,1319.268943786621,257.85326194763184,1283.740234375,278.00555419921875,28.293344,8.0,1,29.139225
3,178,970.1137924194336,471.41100120544434,934.5850830078125,491.56329345703125,14.683663,8.0,1,8.4720745
2,178,1426.8615951538086,380.6512966156006,1391.3328857421875,400.8035888671875,14.196991,8.0,1,25.169611
200,178,1657.427391052246,389.4557399749756,1621.898681640625,409.6080322265625,13.047191,6.0,1,12.260591
7,178,389.9938278198242,379.6765956878662,354.4651184082031,399.8288879394531,12.011064,24.0,-1,7.024276
10,178,401.21324920654297,70.33862113952637,365.6845397949219,90.49091339111328,10.20557,10.0,-1,26.273226
6,178,486.79964447021484,229.06778526306152,451.27093505859375,249.22007751464844,9.529401,16.0,-1,7.2462463
9,178,1303.7353744506836,1053.0931911468506,1268.2066650390625,1073.2454833984375,9.179451,10.0,-1,23.686092
12,178,1083.702293395996,843.5526027679443,1048.173583984375,863.7048950195312,8.129473,10.0,-1,22.033607
8,178,1329.248680114746,382.17015647888184,1293.719970703125,402.32244873046875,8.004564,8.0,-1,28.859085
11,178,270.57649993896484,416.3329372406006,235.04779052734375,436.4852294921875,6.3754687,8.0,1,2.027916
14,178,157.50633239746094,1013.6327419281006,121.97762298583984,1033.7850341796875,3.0555837,14.0,-1,9.389428
258,178,1126.1504135131836,245.66432762145996,1090.6217041015625,265.8166198730469,2.7172394,12.0,-1,22.307905
139,178,1114.200584411621,252.74449729919434,1078.671875,272.89678955078125,2.7167137,12.0,-1,14.073344
17,178,497.96923065185547,511.11644554138184,462.4405212402344,531.2687377929688,2.165282,8.0,-1,19.24411
0,179,1299.8230819702148,912.0443019866943,1264.1201171875,932.149169921875,81.23179,10.0,1,27.775137
4,179,1160.8857040405273,35.05728340148926,1125.1827392578125,55.16215133666992,43.623867,8.0,1,29.312716
1,179,1319.6569442749023,259.2428798675537,1283.9539794921875,279.3477478027344,38.104958,8.0,1,27.647394
337,179,1277.0177841186523,297.90025901794434,1241.3148193359375,318.005126953125,26.956015,22.0,-1,19.828703
3,179,970.4325790405273,471.78917503356934,934.7296142578125,491.89404296875,18.822018,8.0,1,6.194568
2,179,1427.6962509155273,380.53172874450684,1391.9932861328125,400.6365966796875,18.747335,8.0,1,26.25923
200,179,1658.3737411499023,389.58031272888184,1622.6707763671875,409.6851806640625,10.487241,6.0,1,13.402208
7,179,385.2396774291992,382.7173366546631,349.5367126464844,402.82220458984375,9.64453,24.0,-1,7.9983025
11,179,271.6376419067383,414.14586448669434,235.93467712402344,434.250732421875,9.00201,8.0,1,5.0156646
10,179,400.57250213623047,71.46462821960449,364.8695373535156,91.56949615478516,8.843336,10.0,-1,24.59132
6,179,484.4082565307617,228.5348720550537,448.7052917480469,248.63973999023438,8.041862,16.0,-1,10.035664
8,179,1328.9298934936523,382.2897243499756,1293.2269287109375,402.39459228515625,7.389087,8.0,-1,26.004982
9,179,1301.0395126342773,1052.6425685882568,1265.3365478515625,1072.7474365234375,7.2985973,8.0,-1,27.353271
12,179,1082.7585067749023,843.9119167327881,1047.0555419921875,864.0167846679688,5.485041,10.0,-1,21.585894
139,179,1116.5209579467773,248.73949241638184,1080.8179931640625,268.8443603515625,3.5548975,12.0,-1,12.13189
258,179,1126.6158065795898,240.13536643981934,1090.912841796875,260.240234375,3.259477,12.0,-1,23.575012
17,179,500.9120101928711,509.50804710388184,465.20904541015625,529.6129150390625,2.177722,8.0,-1,16.976625
14,179,156.6219253540039,1012.3697414398193,120.91896057128906,1032.474609375,2.0695212,16.0,-1,7.795941
0,180,1299.7423706054688,911.0688076019287,1264.28759765625,931.814697265625,66.98925,10.0,1,27.518532
4,180,1159.3170776367188,33.4919376373291,1123.8623046875,54.23782730102539,61.168476,8.0,1,30.948177
337,180,1277.1018676757812,300.5562038421631,1241.6470947265625,321.3020935058594,42.686863,22.0,-1,19.994741
1,180,1317.9688110351562,259.3838405609131,1282.5140380859375,280.1297302246094,35.349674,8.0,1,27.804878
2,180,1429.3117065429688,379.4883632659912,1393.85693359375,400.2342529296875,18.92193,8.0,1,26.933632
3,180,970.5984497070312,469.25609397888184,935.1436767578125,490.0019836425781,16.697084,8.0,1,3.1547227
6,180,481.6478576660156,227.56952476501465,446.1930847167969,248.31541442871094,12.150525,14.0,-1,9.710206
8,180,1329.5435180664062,385.2609157562256,1294.0887451171875,406.0068054199219,10.679474,8.0,-1,23.831095
200,180,1657.1232299804688,389.6344814300537,1621.66845703125,410.38037109375,10.553936,6.0,1,12.93293
7,180,381.9034729003906,385.2255458831787,346.4486999511719,405.971435546875,9.586547,26.0,-1,6.751038
11,180,271.7183532714844,415.1885585784912,236.26358032226562,435.9344482421875,9.537344,8.0,1,6.2742343
12,180,1083.5783081054688,844.7835292816162,1048.12353515625,865.5294189453125,9.16247,10.0,-1,22.578861
10,180,404.78533935546875,69.4121150970459,369.33056640625,90.15800476074219,8.088885,10.0,-1,24.559814
9,180,1300.7780151367188,1054.4402675628662,1265.3232421875,1075.1861572265625,6.673809,8.0,-1,25.177343
258,180,1125.6133422851562,239.35182762145996,1090.1585693359375,260.09771728515625,4.1145315,12.0,-1,27.783966
139,180,1119.1428833007812,247.30480003356934,1083.6881103515625,268.0506896972656,2.8854172,14.0,-1,17.697784
14,180,157.31865692138672,1013.6553554534912,121.86388397216797,1034.4012451171875,2.712925,14.0,-1,8.816155
17,180,497.43798828125,509.45387840270996,461.98321533203125,530.1997680664062,2.3174694,8.0,-1,19.138575
0,181,1299.6594848632812,911.5386257171631,1264.523681640625,932.0569458007812,62.233776,10.0,1,27.493345
4,181,1158.7573852539062,33.66446876525879,1123.62158203125,54.18278884887695,54.784855,8.0,1,30.961761
337,181,1279.0654907226562,301.47145652770996,1243.9296875,321.9897766113281,39.54491,22.0,-1,18.928154
1,181,1316.9829711914062,259.57814598083496,1281.84716796875,280.0964660644531,35.522095,8.0,1,28.330057
3,181,971.9675903320312,467.95155906677246,936.831787109375,488.4698791503906,14.265453,8.0,1,3.9633777
2,181,1427.5034790039062,377.94322776794434,1392.36767578125,398.4615478515625,13.718091,8.0,1,26.14149
10,181,404.883056640625,69.11430168151855,369.74725341796875,89.63262176513672,10.711835,10.0,-1,26.35416
8,181,1329.2138061523438,384.7778835296631,1294.0780029296875,405.29620361328125,10.570937,8.0,-1,30.35262
7,181,380.4614562988281,385.76598167419434,345.3256530761719,406.2843017578125,9.892516,24.0,-1,7.056985
6,181,479.45635986328125,229.67821311950684,444.320556640625,250.196533203125,9.418809,16.0,-1,9.005663
200,181,1657.5874633789062,389.0410976409912,1622.45166015625,409.5594177246094,9.025767,6.0,1,14.729324
12,181,1083.9475708007812,843.8012599945068,1048.811767578125,864.319580078125,7.912143,10.0,-1,18.665926
11,181,272.9106903076172,414.8514003753662,237.77488708496094,435.3697204589844,6.425726,8.0,1,5.199669
9,181,1301.8560180664062,1053.0784816741943,1266.72021484375,1073.5968017578125,6.3090744,10.0,-1,23.355291
258,181,1125.6133422851562,239.35182762145996,1090.4775390625,259.8701477050781,4.906779,12.0,-1,28.969767
14,181,154.06932830810547,1014.1452541351318,118.93352508544922,1034.66357421875,3.3119566,14.0,-1,10.161296
17,181,498.1153869628906,511.7148952484131,462.9795837402344,532.2332153320312,2.908809,8.0,-1,18.98767
0,182,1299.2646255493164,911.8444271087646,1263.974609375,931.68896484375,70.96579,10.0,1,27.527927
4,182,1158.557960510254,32.27845573425293,1123.2679443359375,52.12299346923828,43.603382,8.0,1,30.145794
337,182,1278.3805923461914,299.8162593841553,1243.090576171875,319.6607971191406,34.775974,22.0,-1,19.423336
1,182,1315.0759048461914,259.1980953216553,1279.785888671875,279.0426330566406,32.093098,8.0,1,27.69924
2,182,1427.4614028930664,378.8360958099365,1392.17138671875,398.6806335449219,17.879906,8.0,1,24.163177
3,182,972.3300552368164,467.6457576751709,937.0400390625,487.49029541015625,16.374184,8.0,1,8.7003565
10,182,405.2026138305664,70.20771598815918,369.91259765625,90.05225372314453,12.185158,10.0,-1,25.877111
8,182,1329.6117935180664,383.9903621673584,1294.32177734375,403.83489990234375,11.239207,8.0,-1,32.241592
7,182,380.6810989379883,384.79791831970215,345.3910827636719,404.6424560546875,11.065444,24.0,-1,8.765876
9,182,1303.176612854004,1052.0755062103271,1267.8865966796875,1071.9200439453125,11.045025,10.0,-1,22.508366
6,182,479.55274200439453,232.31215476989746,444.2627258300781,252.1566925048828,9.532582,16.0,-1,7.7986636
12,182,1088.183204650879,842.9061946868896,1052.8931884765625,862.750732421875,7.526488,10.0,-1,19.527447
11,182,272.95276641845703,416.69440269470215,237.66275024414062,436.5389404296875,5.603664,8.0,1,7.976014
139,182,1121.298683166504,248.36993980407715,1086.0086669921875,268.2144775390625,3.7992423,14.0,-1,11.564549
17,182,497.09220123291016,515.0435848236084,461.80218505859375,534.8881225585938,3.4675882,8.0,-1,21.743052
258,182,1125.1740493774414,239.67880821228027,1089.884033203125,259.5233459472656,3.3981848,12.0,-1,28.262821
14,182,152.51632690429688,1017.7738704681396,117.22631072998047,1037.618408203125,2.8903105,14.0,-1,11.306813
0,183,1299.2981185913086,912.3948726654053,1264.0068359375,931.9511108398438,76.208694,10.0,1,28.369974
4,183,1159.2739486694336,31.842737197875977,1123.982666015625,51.39897537231445,57.51257,8.0,1,30.191547
337,183,1275.893211364746,298.98785972595215,1240.6019287109375,318.5440979003906,33.000175,22.0,-1,19.642643
1,183,1313.9038314819336,259.1676082611084,1278.612548828125,278.7238464355469,29.717112,8.0,1,27.082306
3,183,973.5465316772461,469.0922603607178,938.2552490234375,488.64849853515625,17.544558,8.0,1,9.861978
6,183,481.08614349365234,230.89475059509277,445.79486083984375,250.45098876953125,17.156996,16.0,-1,6.000336
2,183,1427.5141830444336,379.557409286499,1392.222900390625,399.1136474609375,16.157953,8.0,1,24.01659
7,183,381.3422164916992,382.6927547454834,346.0509338378906,402.2489929199219,12.211053,24.0,-1,10.008507
10,183,404.6426010131836,68.39008903503418,369.351318359375,87.94632720947266,9.370176,10.0,-1,26.220327
9,183,1302.122459411621,1053.933141708374,1266.8311767578125,1073.4893798828125,8.21372,10.0,-1,24.464817
12,183,1091.0683822631836,841.5948848724365,1055.777099609375,861.151123046875,8.076813,10.0,-1,21.05321
11,183,272.91927337646484,418.68793296813965,237.62799072265625,438.2441711425781,7.369327,8.0,1,6.680505
8,183,1329.026756286621,384.77924156188965,1293.7354736328125,404.3354797363281,7.2127185,8.0,-1,32.801216
14,183,149.90121459960938,1017.9828243255615,114.60993194580078,1037.5390625,5.292482,12.0,-1,15.470702
258,183,1127.7380599975586,239.50974082946777,1092.44677734375,259.06597900390625,4.8482738,12.0,-1,31.19316
17,183,494.05159759521484,515.0740718841553,458.76031494140625,534.6303100585938,1.4381837,8.0,-1,16.969482
0,184,1299.290672302246,910.4776554107666,1263.983642578125,930.6500244140625,63.57577,10.0,1,28.236359
4,184,1161.044822692871,32.0518856048584,1125.73779296875,52.2242546081543,55.066303,8.0,1,30.384247
337,184,1272.9167709350586,301.0237064361572,1237.6097412109375,321.1960754394531,32.331215,22.0,-1,19.409573
1,184,1315.1750717163086,258.9370975494385,1279.8680419921875,279.1094665527344,30.96235,8.0,1,27.849323
2,184,1427.521629333496,379.9995059967041,1392.214599609375,400.171875,15.648888,8.0,1,24.044254
3,184,972.9978866577148,468.4707889556885,937.6908569335938,488.6431579589844,15.619193,8.0,1,13.111785
7,184,381.37117767333984,383.9683475494385,346.06414794921875,404.1407165527344,13.751926,24.0,-1,10.368433
6,184,483.18199920654297,230.38262367248535,447.8749694824219,250.55499267578125,13.673488,16.0,-1,6.9974194
10,184,402.6981735229492,66.77980995178223,367.3911437988281,86.95217895507812,8.043424,10.0,-1,24.23388
14,184,147.1294403076172,1013.7023868560791,111.8224105834961,1033.874755859375,7.82433,10.0,-1,20.513353
9,184,1304.236717224121,1053.7239933013916,1268.9296875,1073.8963623046875,7.4970775,10.0,-1,26.355143
12,184,1091.753807067871,841.1424503326416,1056.44677734375,861.3148193359375,7.162939,10.0,-1,21.269878
11,184,269.9734115600586,418.9454593658447,234.6663818359375,439.1178283691406,7.033588,8.0,1,5.6616693
8,184,1328.1953353881836,385.437707901001,1292.8883056640625,405.6100769042969,6.847872,8.0,-1,32.81219
258,184,1128.608787536621,240.36373329162598,1093.3017578125,260.5361022949219,4.238267,10.0,-1,30.702354
17,184,491.6194381713867,515.8189640045166,456.3124084472656,535.9913330078125,4.192186,6.0,-1,22.297102
0,185,1300.875877380371,908.6257266998291,1265.7977294921875,929.1048583984375,63.08386,10.0,1,28.08114
4,185,1158.1152572631836,31.173009872436523,1123.037109375,51.65214157104492,37.065594,8.0,1,28.980034
1,185,1315.143699645996,258.2154788970947,1280.0655517578125,278.6946105957031,36.84147,8.0,1,27.934437
337,185,1270.5261459350586,305.1021976470947,1235.447998046875,325.5813293457031,30.333902,22.0,-1,19.549608
3,185,972.8246688842773,469.467737197876,937.7465209960938,489.9468688964844,19.577036,8.0,1,12.656136
7,185,382.7068099975586,383.2543888092041,347.628662109375,403.7335205078125,15.184394,24.0,-1,9.212292
6,185,483.6176071166992,231.15743446350098,448.5394592285156,251.63656616210938,14.840027,16.0,-1,8.796454
2,185,1427.7214584350586,379.1502933502197,1392.643310546875,399.6294250488281,14.196429,8.0,1,24.758999
10,185,402.7295455932617,66.03727912902832,367.6513977050781,86.51641082763672,10.86992,10.0,-1,26.369589
9,185,1305.0678939819336,1055.108880996704,1269.98974609375,1075.5880126953125,9.500999,8.0,-1,28.58875
12,185,1089.240379333496,841.2427921295166,1054.1622314453125,861.721923828125,6.72542,10.0,-1,20.841103
11,185,269.6399917602539,419.1783390045166,234.5618438720703,439.657470703125,6.476228,8.0,1,3.6063297
8,185,1329.747947692871,383.827356338501,1294.6697998046875,404.3064880371094,6.0289702,8.0,-1,31.352087
258,185,1129.038475036621,243.05733680725098,1093.9603271484375,263.5364685058594,6.0190716,10.0,-1,32.19073
17,185,491.16649627685547,515.7186222076416,456.0883483886719,536.19775390625,4.2309146,6.0,-1,21.83565
14,185,146.37751007080078,1016.0371036529541,111.29936218261719,1036.5162353515625,3.3312216,10.0,-1,21.1867
0,186,1301.4499740600586,909.0607852935791,1265.94873046875,929.9099731445312,84.004456,10.0,1,28.134869
4,186,1157.4267807006836,30.41663932800293,1121.925537109375,51.26582717895508,59.010544,8.0,1,30.028826
337,186,1273.028709411621,307.0696964263916,1237.5274658203125,327.91888427734375,47.978992,22.0,-1,18.900667
1,186,1313.974754333496,256.4264163970947,1278.4735107421875,277.2756042480469,24.000067,8.0,1,27.094637
7,186,383.3054733276367,383.4115238189697,347.8042297363281,404.2607116699219,19.269056,24.0,-1,9.794607
3,186,973.5504989624023,469.4212284088135,938.0492553710938,490.2704162597656,14.828294,8.0,1,11.448507
6,186,481.7741928100586,232.48467445373535,446.27294921875,253.3338623046875,14.721843,16.0,-1,7.751383
2,186,1428.092918395996,378.6494388580322,1392.5916748046875,399.4986267089844,12.862588,8.0,1,24.472387
12,186,1087.7732162475586,838.2869815826416,1052.27197265625,859.1361694335938,9.227368,10.0,-1,21.407854
10,186,402.2884750366211,66.86536598205566,366.7872314453125,87.71455383300781,7.7403483,10.0,-1,25.228996
9,186,1303.266014099121,1054.2001285552979,1267.7647705078125,1075.04931640625,6.827421,8.0,-1,29.844059
8,186,1329.762840270996,381.28179359436035,1294.2615966796875,402.1309814453125,6.7311254,8.0,-1,29.446476
258,186,1129.023582458496,243.10384559631348,1093.5223388671875,263.9530334472656,5.107302,10.0,-1,31.99262
11,186,270.19042205810547,421.0738162994385,234.68917846679688,441.9230041503906,5.0784664,8.0,1,1.5377839
17,186,493.2954330444336,515.3681583404541,457.794189453125,536.2173461914062,3.6396325,6.0,-1,21.69087
14,186,145.3447723388672,1016.1102848052979,109.8435287475586,1036.95947265625,1.9846338,10.0,-1,24.593504
0,187,1303.6074447631836,908.1959190368652,1267.4552001953125,928.7211303710938,54.81433,10.0,1,28.060766
337,187,1271.1941146850586,309.18261337280273,1235.0418701171875,329.70782470703125,36.80382,22.0,-1,19.167952
4,187,1157.1426010131836,30.404705047607422,1120.9903564453125,50.92991638183594,34.248463,8.0,1,29.308502
1,187,1315.807273864746,255.89031600952148,1279.655029296875,276.41552734375,31.663305,8.0,1,28.451332
3,187,976.0984725952148,469.433162689209,939.9462280273438,489.9583740234375,20.276318,8.0,1,12.243271
2,187,1428.377098083496,378.738582611084,1392.224853515625,399.2637939453125,16.832083,8.0,1,25.12853
6,187,479.87093353271484,232.01450729370117,443.71868896484375,252.5397186279297,15.122536,16.0,-1,6.4513493
7,187,382.74983978271484,384.1939353942871,346.59759521484375,404.7191467285156,10.678063,24.0,-1,8.340896
10,187,404.07042694091797,66.25152969360352,367.9181823730469,86.77674102783203,10.42446,10.0,-1,26.794798
9,187,1300.5305404663086,1051.4462242126465,1264.3782958984375,1071.971435546875,6.595341,8.0,-1,29.281185
11,187,268.00940704345703,423.0845603942871,231.85716247558594,443.6097717285156,6.1728024,8.0,1,2.652502
8,187,1330.283103942871,383.94619369506836,1294.130859375,404.4714050292969,5.9481435,8.0,-1,29.667402
12,187,1089.429832458496,838.2086143493652,1053.277587890625,858.7338256835938,4.305123,10.0,-1,22.373747
258,187,1128.660057067871,245.34014511108398,1092.5078125,265.8653564453125,3.8647625,10.0,-1,20.943045
17,187,493.88460540771484,512.1170616149902,457.73236083984375,532.6422729492188,2.7812312,8.0,-1,18.325806
14,187,142.85338592529297,1017.3544273376465,106.70114135742188,1037.879638671875,2.3203223,10.0,-1,23.234741
0,188,1303.7414474487305,905.8864212036133,1267.548583984375,926.0009155273438,63.68553,10.0,1,28.6165
4,188,1158.1223068237305,31.519718170166016,1121.929443359375,51.634212493896484,49.744877,8.0,1,29.702232
337,188,1268.2194747924805,312.1891860961914,1232.026611328125,332.3036804199219,26.090483,22.0,-1,19.659224
1,188,1314.9977951049805,257.78324127197266,1278.804931640625,277.8977355957031,22.620209,8.0,1,27.16739
7,188,382.61583709716797,384.78543853759766,346.4229736328125,404.8999328613281,18.538439,24.0,-1,8.284927
6,188,475.7816390991211,229.41922760009766,439.5887756347656,249.53372192382812,14.020832,16.0,-1,7.3083134
3,188,975.032829284668,469.00186920166016,938.8399658203125,489.1163635253906,13.196698,8.0,1,13.636639
2,188,1428.1381759643555,377.84098052978516,1391.9453125,397.9554748535156,13.158626,8.0,1,27.013279
10,188,405.5353012084961,65.88030242919922,369.3424377441406,85.99479675292969,9.815989,10.0,-1,28.935167
9,188,1299.746696472168,1049.8303298950195,1263.5538330078125,1069.94482421875,7.9085236,8.0,-1,30.14637
12,188,1089.7722091674805,841.371955871582,1053.579345703125,861.4864501953125,7.3463764,10.0,-1,22.647
11,188,268.5468063354492,423.4557876586914,232.35394287109375,443.5702819824219,5.859549,8.0,1,3.4638574
8,188,1331.897575378418,385.51660919189453,1295.7047119140625,405.631103515625,4.929953,8.0,-1,26.432053
258,188,1130.0920333862305,244.43769073486328,1093.899169921875,264.55218505859375,3.7987728,12.0,-1,27.754908
17,188,494.0696334838867,509.7687454223633,457.87677001953125,529.8832397460938,3.3970945,8.0,-1,18.990858
14,188,140.84772491455078,1019.9519119262695,104.65486145019531,1040.06640625,1.5480298,10.0,-1,22.61932
0,189,1304.1603775024414,904.7017593383789,1267.8841552734375,925.1813354492188,68.25383,10.0,1,28.244854
4,189,1157.9914321899414,31.752422332763672,1121.7152099609375,52.231998443603516,54.96927,8.0,1,30.751318
337,189,1266.6474380493164,314.59159088134766,1230.3712158203125,335.0711669921875,29.893595,22.0,-1,18.390327
1,189,1315.2421646118164,257.65543365478516,1278.9659423828125,278.135009765625,29.799446,8.0,1,26.823809
3,189,974.2170791625977,469.19532012939453,937.9408569335938,489.6748962402344,22.519041,8.0,1,17.768744
10,189,404.26578521728516,65.46363067626953,367.98956298828125,85.94320678710938,13.377957,10.0,-1,28.668098
6,189,475.91251373291016,225.75298309326172,439.63629150390625,246.23255920410156,11.755502,16.0,-1,6.8399305
7,189,383.32218170166016,385.7629165649414,347.04595947265625,406.24249267578125,9.416442,24.0,-1,7.8680263
2,189,1426.973731994629,378.6832046508789,1390.697509765625,399.16278076171875,9.258665,8.0,1,24.083279
12,189,1088.8068618774414,843.2698745727539,1052.5306396484375,863.7494506835938,8.987533,10.0,-1,21.701954
528,189,1659.0866470336914,388.2251663208008,1622.8104248046875,408.7047424316406,7.175238,6.0,1,14.715891
11,189,268.36832427978516,423.5835952758789,232.09210205078125,444.06317138671875,7.097836,8.0,1,5.3014417
9,189,1299.8879165649414,1052.3922500610352,1263.6116943359375,1072.871826171875,6.698454,8.0,-1,26.524761
8,189,1333.798194885254,382.85526275634766,1297.52197265625,403.3348388671875,6.118742,8.0,-1,27.504065
258,189,1129.7031021118164,243.79410552978516,1093.4268798828125,264.273681640625,4.030082,10.0,-1,35.91967
17,189,494.3505325317383,505.6174087524414,458.0743103027344,526.0969848632812,3.7732038,8.0,-1,18.878893
14,189,142.36626434326172,1019.2580947875977,106.09004211425781,1039.7376708984375,2.835652,10.0,-1,21.913132
0,190,1305.940040588379,903.8299331665039,1269.420654296875,924.6729125976562,57.145145,10.0,1,27.551937
4,190,1158.3207778930664,31.58700180053711,1121.8013916015625,52.42998123168945,53.446445,8.0,1,31.006077
337,190,1266.6474380493164,316.32532501220703,1230.1280517578125,337.1683044433594,36.80462,24.0,-1,19.109789
1,190,1316.411476135254,255.45233917236328,1279.89208984375,276.2953186035156,35.83789,8.0,1,29.142387
3,190,972.6841812133789,469.19532012939453,936.164794921875,490.0382995605469,24.335922,8.0,1,18.954971
2,190,1424.4164810180664,379.35306549072266,1387.8970947265625,400.196044921875,17.79738,8.0,1,27.579254
12,190,1090.210792541504,843.1332168579102,1053.69140625,863.9761962890625,16.423483,10.0,-1,20.591658
7,190,382.35245513916016,383.43839263916016,345.83306884765625,404.2813720703125,12.761368,24.0,-1,7.4448557
6,190,475.0792007446289,227.3240737915039,438.559814453125,248.16705322265625,12.295647,14.0,-1,8.20458
10,190,406.1388931274414,63.296852111816406,369.6195068359375,84.13983154296875,11.332213,10.0,-1,30.134516
528,190,1657.8659439086914,391.4394302368164,1621.3465576171875,412.28240966796875,10.451223,6.0,1,12.274407
8,190,1332.5243911743164,382.99613189697266,1296.0050048828125,403.839111328125,10.295772,8.0,-1,29.547455
14,190,144.2593765258789,1019.2291641235352,107.739990234375,1040.0721435546875,8.250916,10.0,-1,20.917997
9,190,1299.588966369629,1053.4136123657227,1263.069580078125,1074.256591796875,8.036366,8.0,-1,28.928795
258,190,1122.468605041504,245.42273712158203,1085.94921875,266.2657165527344,5.6004353,14.0,-1,21.200356
11,190,268.5853042602539,424.4474563598633,232.06591796875,445.2904357910156,5.5002747,8.0,1,3.7646646
17,190,499.85367584228516,505.10074615478516,463.33428955078125,525.9437255859375,3.0310879,8.0,-1,21.171547
0,191,1305.1969985961914,904.4193496704102,1268.1710205078125,926.4591064453125,71.41694,10.0,1,27.839413
4,191,1158.840431213379,32.18900680541992,1121.814453125,54.228763580322266,60.606754,8.0,1,31.113811
337,191,1265.747169494629,319.74796295166016,1228.72119140625,341.7877197265625,29.27642,24.0,-1,19.704067
1,191,1317.363380432129,254.71204376220703,1280.33740234375,276.7518005371094,27.61702,8.0,1,27.812702
12,191,1089.062843322754,841.9435195922852,1052.036865234375,863.9832763671875,22.390257,10.0,-1,26.267208
3,191,972.9430923461914,468.58744049072266,935.9171142578125,490.627197265625,16.674318,8.0,1,20.043245
10,191,408.91556549072266,64.18949890136719,371.88958740234375,86.22925567626953,12.894046,10.0,-1,29.199392
6,191,470.6884536743164,227.3240737915039,433.6624755859375,249.36383056640625,12.396848,16.0,-1,7.081833
2,191,1426.9636001586914,379.65763092041016,1389.9376220703125,401.6973876953125,11.767994,8.0,1,26.825628
8,191,1332.7782974243164,380.05277252197266,1295.7523193359375,402.092529296875,10.900832,8.0,-1,26.871464
528,191,1657.610206604004,388.17813873291016,1620.584228515625,410.2178955078125,9.036408,6.0,1,11.54555
7,191,378.91419219970703,383.78018951416016,341.8882141113281,405.8199462890625,8.537568,26.0,-1,7.494439
9,191,1298.629981994629,1054.3635635375977,1261.60400390625,1076.4033203125,8.518199,8.0,-1,31.645607
11,191,268.5853042602539,423.9229202270508,231.559326171875,445.9626770019531,7.255117,8.0,1,5.7947426
14,191,143.12960052490234,1019.4203262329102,106.10362243652344,1041.4600830078125,6.301653,10.0,-1,20.50971
258,191,1128.1288833618164,241.5712661743164,1091.1029052734375,263.61102294921875,4.8295407,10.0,-1,35.048424
17,191,501.7724075317383,502.0427017211914,464.7464294433594,524.0824584960938,2.6006818,8.0,-1,19.862574
0,192,1306.1955337524414,905.4809646606445,1268.9190673828125,927.3765258789062,51.03568,10.0,1,27.175392
4,192,1157.1445083618164,33.83980941772461,1119.8680419921875,55.73537063598633,46.2402,8.0,1,29.869776
337,192,1263.921485900879,319.41101837158203,1226.64501953125,341.30657958984375,30.523005,24.0,-1,19.707718
1,192,1318.8617935180664,256.95142364501953,1281.5853271484375,278.84698486328125,28.928886,8.0,1,27.930372
3,192,973.7339859008789,468.0675735473633,936.45751953125,489.963134765625,23.023645,8.0,1,18.958824
2,192,1429.0051040649414,379.65763092041016,1391.7286376953125,401.5531921386719,15.380234,8.0,1,26.681686
6,192,470.55091094970703,226.45032501220703,433.2744445800781,248.34588623046875,15.304668,16.0,-1,7.1041336
10,192,409.20972442626953,63.606689453125,371.9332580566406,85.50225067138672,13.342912,10.0,-1,29.656693
9,192,1297.1928482055664,1054.5253372192383,1259.9163818359375,1076.4208984375,11.13099,8.0,-1,32.56627
528,192,1657.610206604004,388.17533111572266,1620.333740234375,410.0708923339844,10.125615,6.0,1,12.375017
7,192,375.95960235595703,383.2989273071289,338.6831359863281,405.1944885253906,9.651991,26.0,-1,10.355196
8,192,1331.0248794555664,381.57083892822266,1293.7484130859375,403.4664001464844,8.108657,8.0,-1,24.542786
12,192,1090.750343322754,840.6624221801758,1053.473876953125,862.5579833984375,8.063289,10.0,-1,24.740398
11,192,271.41963958740234,424.20325469970703,234.14317321777344,446.09881591796875,7.1057982,8.0,1,5.151341
258,192,1121.498146057129,245.48246002197266,1084.2216796875,267.3780212402344,6.855495,14.0,-1,16.928644
17,192,505.2251663208008,500.07044219970703,467.9486999511719,521.9660034179688,5.3345294,6.0,-1,21.274078
14,192,142.11978912353516,1019.5707473754883,104.84332275390625,1041.46630859375,4.8579164,10.0,-1,23.064634
0,193,1305.8029556274414,904.4328689575195,1268.0740966796875,926.0185546875,94.21052,10.0,1,27.83563
4,193,1157.6320571899414,33.669471740722656,1119.9031982421875,55.255157470703125,45.38333,8.0,1,29.600592
1,193,1317.9513931274414,254.77710723876953,1280.2225341796875,276.36279296875,29.9938,8.0,1,28.602123
337,193,1258.415626525879,317.53614044189453,1220.686767578125,339.121826171875,27.352478,24.0,-1,19.48546
528,193,1655.953712463379,388.08414459228516,1618.224853515625,409.6698303222656,18.949633,6.0,1,8.823138
2,193,1429.9069595336914,378.6109085083008,1392.1781005859375,400.19659423828125,17.918015,8.0,1,26.746922
10,193,409.5748977661133,63.92242431640625,371.8460388183594,85.50811004638672,14.739052,10.0,-1,29.57851
3,193,975.9837417602539,469.2034683227539,938.2548828125,490.7891540527344,14.541882,8.0,1,19.536268
9,193,1295.569923400879,1054.449104309082,1257.841064453125,1076.0347900390625,12.510438,8.0,-1,36.436794
8,193,1331.9113540649414,382.5184097290039,1294.1824951171875,404.1040954589844,11.732277,8.0,-1,27.075684
6,193,469.28345489501953,227.58808135986328,431.5545959472656,249.17376708984375,11.435269,16.0,-1,7.440781
7,193,377.7824478149414,386.74207305908203,340.0535888671875,408.3277587890625,8.392511,26.0,-1,7.5106707
12,193,1090.750343322754,841.0663528442383,1053.021484375,862.6520385742188,8.064035,10.0,-1,26.729303
11,193,271.85623931884766,424.20325469970703,234.12738037109375,445.7889404296875,6.3622093,8.0,1,5.016403
17,193,503.72830963134766,500.1873245239258,465.99945068359375,521.7730102539062,4.436604,8.0,-1,20.303225
258,193,1126.6218032836914,244.7677993774414,1088.8929443359375,266.3534851074219,4.4229765,10.0,-1,32.92453
14,193,142.0914077758789,1020.0329666137695,104.362548828125,1041.61865234375,2.1424205,10.0,-1,22.261486
0,194,1307.7638931274414,902.324104309082,1269.472412109375,924.6349487304688,57.66028,10.0,1,27.474127
4,194,1158.310401916504,32.987464904785156,1120.0189208984375,55.298309326171875,41.331635,8.0,1,29.03291
1,194,1320.796241760254,254.69049835205078,1282.5047607421875,277.0013427734375,30.762869,8.0,1,27.305155
337,194,1257.2179946899414,318.61487579345703,1218.926513671875,340.92572021484375,29.275581,22.0,-1,20.902433
2,194,1430.2819595336914,377.9450149536133,1391.990478515625,400.255859375,20.161922,8.0,1,26.291557
3,194,975.8709487915039,470.0304946899414,937.5794677734375,492.3413391113281,13.856147,8.0,1,18.069468
528,194,1655.953712463379,387.41651153564453,1617.6622314453125,409.72735595703125,13.63678,6.0,1,11.756986
6,194,467.60709381103516,222.57791900634766,429.31561279296875,244.88876342773438,11.31731,16.0,-1,7.8845863
10,194,407.8473587036133,64.8594970703125,369.5558776855469,87.17034149169922,9.614513,10.0,-1,24.928541
12,194,1089.8810806274414,840.950569152832,1051.589599609375,863.2614135742188,9.467759,10.0,-1,26.988302
8,194,1334.0177993774414,383.1675796508789,1295.726318359375,405.4784240722656,9.041236,8.0,-1,25.931887
9,194,1296.995216369629,1054.7222366333008,1258.7037353515625,1077.0330810546875,7.7010117,8.0,-1,29.930058
11,194,271.7423629760742,426.0275344848633,233.4508819580078,448.33837890625,6.1186595,8.0,1,3.7737248
7,194,376.2033157348633,386.8575210571289,337.9118347167969,409.1683654785156,5.6855073,26.0,-1,7.5906887
258,194,1127.9338150024414,244.7677993774414,1089.642333984375,267.0786437988281,4.5475984,10.0,-1,31.78508
17,194,502.84693145751953,501.66626739501953,464.5554504394531,523.9771118164062,3.920366,8.0,-1,19.659338
14,194,143.04251098632812,1017.7639846801758,104.75102996826172,1040.0748291015625,2.2046015,10.0,-1,23.459757
0,195,1308.8136978149414,901.0620651245117,1269.996826171875,924.2041015625,75.93293,10.0,1,27.654835
4,195,1160.784767150879,32.987464904785156,1121.9678955078125,56.12950134277344,65.55699,8.0,1,30.60868
1,195,1320.7143325805664,254.95824432373047,1281.8974609375,278.10028076171875,52.992237,8.0,1,28.868338
337,195,1254.1381607055664,318.70308685302734,1215.3212890625,341.8451232910156,34.00566,22.0,-1,20.917356
2,195,1429.411231994629,377.54430389404297,1390.5943603515625,400.68634033203125,17.230307,8.0,1,24.941416
528,195,1654.520362854004,384.58690643310547,1615.7034912109375,407.72894287109375,15.729095,6.0,1,11.572549
3,195,976.0436172485352,471.4854965209961,937.2267456054688,494.6275329589844,14.807334,8.0,1,17.242493
6,195,466.94010162353516,222.43872833251953,428.12322998046875,245.5807647705078,14.628254,16.0,-1,6.7446775
10,195,406.6263198852539,66.25991821289062,367.8094482421875,89.4019546508789,12.586793,10.0,-1,29.095783
9,195,1301.036476135254,1054.8289108276367,1262.2196044921875,1077.970947265625,12.526963,8.0,-1,32.841194
12,195,1089.8810806274414,840.8181686401367,1051.064208984375,863.960205078125,8.629309,10.0,-1,26.198835
7,195,374.45975494384766,385.4275131225586,335.64288330078125,408.5695495605469,7.3348308,26.0,-1,4.798837
11,195,272.83870697021484,426.7802047729492,234.02183532714844,449.9222412109375,7.159235,8.0,1,4.305198
8,195,1335.0517349243164,384.7195358276367,1296.23486328125,407.861572265625,7.1142,8.0,-1,21.943403
14,195,143.41992950439453,1014.6555709838867,104.60305786132812,1037.797607421875,3.9583588,10.0,-1,26.120684
258,195,1126.563331604004,245.5847396850586,1087.7464599609375,268.7267761230469,3.7250519,12.0,-1,26.184868
17,195,505.3254165649414,501.6410446166992,466.508544921875,524.7830810546875,1.8801188,8.0,-1,19.759104
0,196,1310.595069885254,900.7310104370117,1271.8551025390625,924.3267822265625,68.82447,10.0,1,28.080025
4,196,1160.286964416504,33.234039306640625,1121.5469970703125,56.829811096191406,33.588478,8.0,1,29.68049
1,196,1320.7143325805664,254.8778305053711,1281.974365234375,278.4736022949219,30.29876,8.0,1,27.973381
337,196,1252.0405044555664,320.5641098022461,1213.300537109375,344.1598815917969,27.92067,24.0,-1,18.802029
3,196,976.8651504516602,472.23665618896484,938.1251831054688,495.8324279785156,23.796743,8.0,1,15.580788
2,196,1430.8937759399414,376.5556869506836,1392.15380859375,400.1514587402344,23.142477,8.0,1,25.664785
528,196,1654.1723403930664,385.46810150146484,1615.432373046875,409.0638732910156,17.739779,6.0,1,11.081131
6,196,466.29944610595703,221.4307632446289,427.5594787597656,245.0265350341797,15.298322,16.0,-1,6.578825
10,196,408.16654205322266,65.65196990966797,369.42657470703125,89.24774169921875,11.995906,10.0,-1,29.130318
8,196,1336.714454650879,384.5857467651367,1297.9744873046875,408.1815185546875,11.786343,8.0,-1,22.500591
12,196,1087.861671447754,840.8181686401367,1049.1217041015625,864.4139404296875,10.091221,10.0,-1,28.937128
9,196,1300.760353088379,1054.8435592651367,1262.0203857421875,1078.4393310546875,7.9803033,8.0,-1,29.944439
7,196,372.88516998291016,386.67501068115234,334.14520263671875,410.2707824707031,7.712488,26.0,-1,4.2440977
11,196,273.0888900756836,427.47570037841797,234.3489227294922,451.07147216796875,5.2604604,8.0,1,0.9466642
258,196,1128.822853088379,246.07396697998047,1090.0828857421875,269.66973876953125,4.0726557,12.0,-1,28.134237
14,196,143.47662353515625,1013.2507858276367,104.73665618896484,1036.8465576171875,3.4000657,8.0,-1,27.79818
17,196,505.1104202270508,499.0660934448242,466.3704528808594,522.661865234375,2.2444594,8.0,-1,18.747849
0,197,1310.4306411743164,900.1986618041992,1271.957275390625,923.9912719726562,101.36031,10.0,1,27.167429
1,197,1322.5451431274414,254.02144622802734,1284.07177734375,277.8140563964844,59.326874,8.0,1,27.461334
4,197,1160.286964416504,33.65456771850586,1121.8135986328125,57.44717788696289,43.774662,8.0,1,29.694975
337,197,1249.1825942993164,322.0517807006836,1210.709228515625,345.8443908691406,36.366695,24.0,-1,17.873304
2,197,1430.507179260254,376.37535858154297,1392.0338134765625,400.16796875,30.21049,8.0,1,25.561085
3,197,976.5962295532227,472.23665618896484,938.1228637695312,496.0292663574219,26.535492,8.0,1,16.614586
6,197,466.4018325805664,222.64205169677734,427.928466796875,246.43466186523438,18.438416,16.0,-1,7.369365
528,197,1652.8132095336914,384.50353240966797,1614.33984375,408.296142578125,17.736591,6.0,1,12.974206
10,197,407.93106842041016,65.58596801757812,369.45770263671875,89.37857818603516,12.974587,10.0,-1,28.92637
7,197,371.9006118774414,389.70861053466797,333.42724609375,413.501220703125,10.142776,26.0,-1,6.193372
9,197,1301.9765396118164,1056.194938659668,1263.503173828125,1079.987548828125,9.498536,8.0,-1,29.389105
8,197,1337.120460510254,382.2010726928711,1298.6470947265625,405.9936828613281,9.362257,8.0,-1,23.246838
12,197,1089.3173599243164,841.7052536010742,1050.843994140625,865.4978637695312,9.162272,10.0,-1,27.096567
11,197,273.2584762573242,426.7331771850586,234.7851104736328,450.5257873535156,6.6825795,8.0,1,1.2005993
258,197,1130.5400161743164,249.38594818115234,1092.066650390625,273.1785583496094,3.9185762,12.0,-1,27.725086
14,197,146.53965759277344,1015.658073425293,108.06629180908203,1039.45068359375,3.0886936,8.0,-1,26.135973
17,197,504.6874771118164,498.11437225341797,466.214111328125,521.906982421875,2.06279,8.0,-1,16.117836
0,198,1309.4438247680664,899.9882125854492,1270.9815673828125,924.1275024414062,69.20083,10.0,1,27.555574
4,198,1160.286964416504,34.0587158203125,1121.82470703125,58.19800567626953,63.560154,8.0,1,30.57174
1,198,1326.529151916504,255.2301254272461,1288.06689453125,279.3694152832031,39.314224,8.0,1,27.092424
528,198,1652.961036682129,383.5606918334961,1614.498779296875,407.6999816894531,24.37181,6.0,1,9.66863
2,198,1428.775489807129,377.30883026123047,1390.313232421875,401.4481201171875,21.106655,8.0,1,21.619259
337,198,1246.2934341430664,322.79622650146484,1207.8311767578125,346.9355163574219,20.802528,24.0,-1,19.314318
3,198,976.5420303344727,471.6830368041992,938.0797729492188,495.82232666015625,20.685652,8.0,1,17.256441
6,198,466.72290802001953,225.80901336669922,428.2606506347656,249.94830322265625,13.5677,16.0,-1,6.7655506
10,198,407.9772720336914,66.41927337646484,369.5150146484375,90.55856323242188,12.667975,8.0,-1,28.128166
11,198,275.0662155151367,427.8280563354492,236.6039581298828,451.96734619140625,9.189886,8.0,1,0.35410702
12,198,1089.161231994629,841.7052536010742,1050.698974609375,865.8445434570312,9.07824,10.0,-1,31.21584
9,198,1302.054542541504,1056.618034362793,1263.59228515625,1080.75732421875,8.820912,8.0,-1,30.01573
8,198,1336.5783462524414,379.71150970458984,1298.1160888671875,403.8507995605469,8.447467,8.0,-1,21.917429
7,198,371.9424514770508,388.6487045288086,333.4801940917969,412.7879943847656,7.775621,26.0,-1,3.233262
258,198,1130.3727798461914,247.56865692138672,1091.9105224609375,271.70794677734375,3.9899502,12.0,-1,26.940676
14,198,149.0057144165039,1014.029411315918,110.54345703125,1038.168701171875,3.7286694,8.0,-1,27.425945
17,198,503.18448638916016,498.01708221435547,464.72222900390625,522.1563720703125,2.0979173,10.0,-1,14.055501
0,199,1309.485450744629,902.0078659057617,1270.3868408203125,926.0396118164062,67.420616,10.0,1,26.526134
4,199,1160.770118713379,36.114219665527344,1121.6715087890625,60.145965576171875,58.6552,8.0,1,30.87131
1,199,1326.837989807129,256.6475143432617,1287.7393798828125,280.67926025390625,35.912197,8.0,1,27.758661
337,199,1246.2323989868164,326.03209686279297,1207.1337890625,350.0638427734375,33.871296,24.0,-1,19.356188
2,199,1427.176368713379,377.5049362182617,1388.0777587890625,401.53668212890625,26.225372,8.0,1,24.299046
528,199,1654.9726333618164,384.2819137573242,1615.8740234375,408.31365966796875,22.711523,6.0,1,11.0403
3,199,976.4249038696289,469.8203353881836,937.3262939453125,493.8520812988281,19.476187,8.0,1,16.813124
10,199,406.82935333251953,65.66287231445312,367.7307434082031,89.69461822509766,12.001174,10.0,-1,28.550386
6,199,466.01148223876953,224.99678802490234,426.9128723144531,249.02853393554688,11.568194,16.0,-1,6.9025173
12,199,1087.804786682129,841.4161911010742,1048.7061767578125,865.4479370117188,9.059073,10.0,-1,27.71377
11,199,277.0353012084961,427.5895309448242,237.9366912841797,451.62127685546875,8.832128,14.0,-1,2.6576765
7,199,372.3837661743164,390.0481491088867,333.28515625,414.07989501953125,8.569283,26.0,-1,2.5016103
9,199,1300.7953872680664,1056.5759201049805,1261.69677734375,1080.607666015625,8.521855,8.0,-1,28.975307
8,199,1335.777687072754,377.4605026245117,1296.6790771484375,401.49224853515625,4.714163,10.0,-1,18.082067
14,199,151.48224639892578,1014.029411315918,112.38363647460938,1038.0611572265625,4.3286242,8.0,-1,29.764072
258,199,1130.3727798461914,247.97228240966797,1091.274169921875,272.0040283203125,4.32734,12.0,-1,27.971039
17,199,503.81092071533203,495.60155487060547,464.7123107910156,519.63330078125,1.8073047,10.0,-1,14.88049
0,200,1309.485450744629,903.6367416381836,1269.557861328125,927.8798217773438,53.749004,10.0,1,27.336803
4,200,1161.974220275879,37.82202911376953,1122.046630859375,62.06510925292969,51.053608,8.0,1,29.28227
1,200,1328.2101821899414,256.0553207397461,1288.2825927734375,280.29840087890625,37.26365,8.0,1,26.745886
2,200,1426.248390197754,377.6328659057617,1386.32080078125,401.8759460449219,31.491552,8.0,1,23.394602
337,200,1244.7817153930664,328.15804290771484,1204.8541259765625,352.401123046875,29.289068,22.0,-1,19.152075
528,200,1653.866798400879,383.5511703491211,1613.939208984375,407.79425048828125,27.081703,6.0,1,11.810259
6,200,463.9700698852539,228.41767120361328,424.04248046875,252.66075134277344,22.12986,16.0,-1,6.6635704
3,200,978.7640151977539,469.26656341552734,938.83642578125,493.5096435546875,18.094746,8.0,1,15.758258
10,200,407.91907501220703,63.745079040527344,367.9914855957031,87.9881591796875,12.109946,8.0,-1,30.371386
12,200,1084.794776916504,841.4688339233398,1044.8671875,865.7119140625,7.875677,10.0,-1,28.000437
9,200,1298.9606704711914,1054.3120956420898,1259.0330810546875,1078.55517578125,7.8251705,8.0,-1,32.58959
7,200,366.84156036376953,393.67830657958984,326.9139709472656,417.92138671875,7.4380264,26.0,-1,7.6546493
11,200,279.7708206176758,425.6859359741211,239.84323120117188,449.92901611328125,6.893768,14.0,-1,5.204037
14,200,153.45506286621094,1015.9056015014648,113.52747344970703,1040.148681640625,6.8422437,8.0,-1,26.595936
8,200,1335.543556213379,374.8902816772461,1295.615966796875,399.13336181640625,5.388514,8.0,-1,22.226719
258,200,1131.488868713379,247.97228240966797,1091.561279296875,272.2153625488281,3.5007064,12.0,-1,27.966908
17,200,504.5897903442383,494.38179779052734,464.6622009277344,518.6248779296875,2.298044,8.0,-1,15.975179
565,200,1119.814552307129,243.3319320678711,1079.886962890625,267.57501220703125,2.236598,14.0,-1,15.2649355
0,201,1309.1538009643555,902.5151748657227,1269.4105224609375,926.6859130859375,49.272816,10.0,1,27.564056
4,201,1161.634635925293,38.392086029052734,1121.891357421875,62.56282424926758,48.320118,8.0,1,30.315882
1,201,1330.2683029174805,253.78406524658203,1290.5250244140625,277.9548034667969,47.52234,8.0,1,26.586554
3,201,979.985466003418,467.7746047973633,940.2421875,491.9453430175781,29.844198,8.0,1,18.643631
528,201,1653.8806076049805,383.3925247192383,1614.1373291015625,407.5632629394531,26.323057,6.0,1,10.697667
337,201,1244.3784103393555,327.70169830322266,1204.6351318359375,351.8724365234375,19.15604,24.0,-1,18.71239
2,201,1427.735954284668,376.61341094970703,1387.99267578125,400.7841491699219,17.365526,8.0,1,24.904163
10,201,407.5407943725586,66.2421646118164,367.7975158691406,90.41290283203125,12.742726,10.0,-1,29.358084
6,201,463.95626068115234,231.37281036376953,424.2129821777344,255.54354858398438,12.142422,16.0,-1,8.27907
9,201,1299.199333190918,1054.1024551391602,1259.4560546875,1078.273193359375,8.527041,8.0,-1,31.615538
11,201,281.89746856689453,426.7334671020508,242.15419006347656,450.9042053222656,7.8307414,14.0,-1,3.8247633
7,201,366.02684783935547,396.85694122314453,326.2835693359375,421.0276794433594,7.6984572,26.0,-1,5.4107656
12,201,1083.3317794799805,842.1073989868164,1043.5885009765625,866.2781372070312,6.2886815,10.0,-1,29.42713
8,201,1337.643424987793,376.95230865478516,1297.900146484375,401.123046875,5.3379445,8.0,-1,21.17165
258,201,1132.3998947143555,246.38248443603516,1092.6566162109375,270.55322265625,3.8943207,12.0,-1,25.176628
14,201,153.23854064941406,1016.0642471313477,113.4952621459961,1040.2349853515625,3.2169952,10.0,-1,23.759039
565,201,1118.5226974487305,240.26001739501953,1078.7794189453125,264.4307556152344,2.4870336,16.0,-1,21.440105
17,201,505.4020004272461,497.0933609008789,465.6587219238281,521.2640991210938,1.6162411,10.0,-1,14.264824
0,202,1307.2770309448242,901.2997817993164,1268.1209716796875,925.9310913085938,106.87084,10.0,1,26.826254
1,202,1330.8455123901367,253.2846450805664,1291.689453125,277.91595458984375,44.707943,8.0,1,27.222023
4,202,1162.6705856323242,36.969398498535156,1123.5145263671875,61.6007080078125,36.924297,8.0,1,29.418083
337,202,1242.2972946166992,329.1017837524414,1203.1412353515625,353.73309326171875,32.231518,24.0,-1,19.143986
528,202,1654.3356246948242,382.8147659301758,1615.1795654296875,407.4460754394531,18.270683,6.0,1,10.715842
2,202,1427.3927536010742,374.2542495727539,1388.2366943359375,398.88555908203125,17.98001,8.0,1,25.885906
3,202,979.2275314331055,466.71878814697266,940.0714721679688,491.35009765625,16.189531,8.0,1,16.469276
9,202,1298.6381149291992,1051.1385879516602,1259.4820556640625,1075.7698974609375,10.306918,8.0,-1,32.126545
6,202,464.2994613647461,233.15225982666016,425.1434020996094,257.7835693359375,9.896909,16.0,-1,7.944025
11,202,283.4174270629883,426.6941604614258,244.26136779785156,451.3254699707031,9.582794,14.0,-1,7.1929893
10,202,406.9421920776367,66.65805053710938,367.7861328125,91.28936004638672,9.535996,10.0,-1,27.691263
7,202,364.8932418823242,397.3085403442383,325.7371826171875,421.9398498535156,8.277603,26.0,-1,5.8008842
12,202,1085.4242477416992,842.7156753540039,1046.2681884765625,867.3469848632812,8.162664,10.0,-1,29.19853
8,202,1339.9768600463867,378.00504302978516,1300.82080078125,402.6363525390625,6.7541103,8.0,-1,22.361263
258,202,1132.8756637573242,246.42179107666016,1093.7196044921875,271.0531005859375,3.9172888,12.0,-1,27.19431
565,202,1123.3696823120117,240.81501007080078,1084.213623046875,265.4463195800781,2.4431183,18.0,-1,15.8811655
14,202,151.27183532714844,1012.2274551391602,112.11577606201172,1036.8587646484375,2.4015453,10.0,-1,22.061338
17,202,502.4164047241211,498.82266998291016,463.2603454589844,523.4539794921875,2.2064488,10.0,-1,15.601875
0,203,1307.9758682250977,902.7901229858398,1268.0533447265625,927.666259765625,81.059296,10.0,1,26.90184
4,203,1163.7054824829102,36.94513702392578,1123.782958984375,61.82127380371094,47.721455,8.0,1,29.667137
1,203,1328.4568252563477,253.27617645263672,1288.5343017578125,278.1523132324219,44.174057,8.0,1,26.943363
337,203,1241.4112930297852,329.20406341552734,1201.48876953125,354.0802001953125,26.20556,24.0,-1,19.270876
528,203,1653.8878555297852,381.18663787841797,1613.96533203125,406.0627746582031,24.985937,6.0,1,12.1686125
3,203,979.1819229125977,467.17369842529297,939.2593994140625,492.0498352050781,19.755928,8.0,1,16.757927
6,203,464.0132827758789,231.93221282958984,424.09075927734375,256.808349609375,15.356278,16.0,-1,7.49928
10,203,407.51480865478516,66.68804931640625,367.59228515625,91.5641860961914,11.896012,10.0,-1,28.739927
2,203,1424.2331924438477,373.68233489990234,1384.3106689453125,398.5584716796875,11.604336,8.0,1,26.55041
9,203,1297.9796524047852,1051.1470565795898,1258.05712890625,1076.023193359375,9.462804,8.0,-1,32.203564
7,203,364.8964309692383,397.1134262084961,324.9739074707031,421.98956298828125,7.2712727,26.0,-1,5.4893246
11,203,283.4142379760742,423.80220794677734,243.49171447753906,448.6783447265625,6.5003715,14.0,-1,6.700392
12,203,1086.4339981079102,843.3009872436523,1046.511474609375,868.1771240234375,6.249109,8.0,-1,31.13651
8,203,1342.7915420532227,379.5891342163086,1302.8690185546875,404.46527099609375,5.6178174,8.0,-1,26.473625
565,203,1124.8763809204102,240.4775619506836,1084.953857421875,265.35369873046875,5.490337,14.0,-1,15.829088
258,203,1132.9648818969727,243.52410125732422,1093.0423583984375,268.4002380371094,4.551558,12.0,-1,24.108747
14,203,151.25636291503906,1012.3929061889648,111.3338394165039,1037.26904296875,1.8587909,10.0,-1,27.558006
17,203,502.8578872680664,500.8263168334961,462.93536376953125,525.7024536132812,1.6997876,10.0,-1,15.895576
0,204,1306.7760391235352,903.0610580444336,1266.2366943359375,927.8560180664062,79.11407,10.0,1,27.039314
4,204,1165.3332901000977,37.18292236328125,1124.7939453125,61.977882385253906,45.676838,8.0,1,29.199837
1,204,1329.0986709594727,253.14598846435547,1288.559326171875,277.9409484863281,43.064144,8.0,1,27.294786
337,204,1240.5255508422852,327.56441497802734,1199.9862060546875,352.359375,36.26107,24.0,-1,20.090084
528,204,1654.5629043579102,380.6804733276367,1614.0235595703125,405.4754333496094,22.298502,6.0,1,11.020383
3,204,980.5475234985352,468.42269134521484,940.0081787109375,493.2176513671875,19.005537,8.0,1,15.149012
2,204,1422.4253311157227,374.84008026123047,1381.885986328125,399.6350402832031,15.997327,8.0,1,26.49781
6,204,464.82764434814453,231.38158416748047,424.2882995605469,256.1765441894531,14.606381,16.0,-1,7.296885
7,204,363.8235855102539,399.11531829833984,323.28424072265625,423.9102783203125,10.73898,26.0,-1,5.209861
9,204,1296.8371963500977,1051.3251571655273,1256.2978515625,1076.1201171875,8.574077,8.0,-1,29.821281
10,204,407.03275299072266,63.66791534423828,366.493408203125,88.46287536621094,8.126443,10.0,-1,26.97067
11,204,282.7783889770508,423.9323959350586,242.23904418945312,448.72735595703125,7.8511887,14.0,-1,7.2601724
8,204,1340.0066299438477,381.47359466552734,1299.46728515625,406.2685546875,7.673121,8.0,-1,24.8571
565,204,1125.3584365844727,238.92882537841797,1084.819091796875,263.7237854003906,5.564304,14.0,-1,15.2340355
12,204,1087.4758682250977,843.8390731811523,1046.9365234375,868.634033203125,5.457437,10.0,-1,27.316652
258,204,1134.2694473266602,243.25374603271484,1093.7301025390625,268.0487060546875,2.7651138,12.0,-1,22.28094
17,204,500.57242584228516,498.4177474975586,460.0330810546875,523.2127075195312,2.5081763,10.0,-1,17.95382
14,204,151.86193084716797,1011.7494735717773,111.32258605957031,1036.54443359375,2.027765,10.0,-1,27.596827
0,205,1306.613670349121,903.0631084442139,1266.0045166015625,927.9232788085938,87.02892,10.0,1,27.41254
4,205,1166.5349349975586,37.18087196350098,1125.92578125,62.04104232788086,75.74823,8.0,1,30.082998
1,205,1330.4638900756836,251.50109672546387,1289.854736328125,276.36126708984375,43.948795,8.0,1,28.657803
528,205,1652.6272201538086,380.9912700653076,1612.01806640625,405.8514404296875,30.037264,6.0,1,11.048701
337,205,1240.3235092163086,325.7585735321045,1199.71435546875,350.6187438964844,24.681923,22.0,-1,20.679537
2,205,1423.413963317871,375.41000175476074,1382.8048095703125,400.2701721191406,18.035519,8.0,1,25.771812
3,205,981.5984115600586,469.9334087371826,940.9892578125,494.7935791015625,15.923015,8.0,1,16.991844
6,205,464.33235931396484,231.781400680542,423.72320556640625,256.6415710449219,15.7890005,16.0,-1,6.5137634
9,205,1296.772850036621,1051.1812114715576,1256.1636962890625,1076.0413818359375,13.1815605,8.0,-1,30.987402
12,205,1087.115623474121,842.8850078582764,1046.5064697265625,867.7451782226562,10.401724,10.0,-1,27.7999
7,205,361.56636810302734,400.62606620788574,320.95721435546875,425.4862365722656,9.547104,26.0,-1,4.6986465
8,205,1340.6535873413086,382.4227886199951,1300.04443359375,407.282958984375,9.318385,8.0,-1,26.73307
10,205,404.95653533935547,63.05956840515137,364.3473815917969,87.91973876953125,8.689966,10.0,-1,26.968615
11,205,282.84273529052734,423.752836227417,242.23358154296875,448.6130065917969,7.4500847,14.0,-1,5.414347
258,205,1136.396141052246,244.37902641296387,1095.7869873046875,269.23919677734375,3.9090831,22.0,-1,21.078037
17,205,502.5166549682617,500.8998394012451,461.9075012207031,525.760009765625,3.3572438,8.0,-1,18.894848
565,205,1126.680809020996,238.3298625946045,1086.0716552734375,263.1900329589844,2.3233569,14.0,-1,15.5047865
14,205,147.71723175048828,1010.0985698699951,107.10807800292969,1034.958740234375,1.2846376,10.0,-1,23.127337
0,206,1306.5834121704102,902.3016185760498,1265.9154052734375,926.903076171875,63.988827,10.0,1,27.597351
4,206,1166.5968399047852,39.42361259460449,1125.9288330078125,64.02507019042969,58.94365,8.0,1,29.671429
337,206,1240.4574356079102,325.88050651550293,1199.7894287109375,350.4819641113281,48.128674,22.0,-1,20.632065
1,206,1330.8089981079102,252.49409294128418,1290.1409912109375,277.0955505371094,41.67558,8.0,1,27.106827
528,206,1650.5461807250977,380.8515453338623,1609.878173828125,405.4530029296875,33.722652,6.0,1,11.652158
3,206,980.8253555297852,469.85047721862793,940.1573486328125,494.4519348144531,20.58853,8.0,1,18.535711
6,206,465.9627456665039,232.82429313659668,425.29473876953125,257.4257507324219,17.595596,16.0,-1,7.6370983
2,206,1423.9396133422852,376.9431896209717,1383.2716064453125,401.5446472167969,15.411525,8.0,1,26.792751
10,206,400.6547622680664,61.99310111999512,359.98675537109375,86.59455871582031,11.120186,8.0,-1,27.735748
12,206,1087.4847793579102,842.967939376831,1046.8167724609375,867.5693969726562,9.95802,10.0,-1,24.684414
11,206,284.95250701904297,423.3641185760498,244.2845001220703,447.965576171875,9.829532,12.0,-1,3.8393023
8,206,1340.2623672485352,381.01188468933105,1299.5943603515625,405.61334228515625,9.026237,8.0,-1,29.074837
9,206,1294.5655899047852,1052.4323558807373,1253.8975830078125,1077.0338134765625,8.716649,8.0,-1,30.34184
7,206,361.5966262817383,401.1579418182373,320.9286193847656,425.7593994140625,7.6215477,26.0,-1,5.0038843
258,206,1135.9115371704102,244.12537956237793,1095.2435302734375,268.7268371582031,3.9865081,22.0,-1,17.47013
17,206,501.87589263916016,500.8132152557373,461.2078857421875,525.4146728515625,2.8055847,8.0,-1,21.546555
565,206,1126.3985977172852,238.42814445495605,1085.7305908203125,263.02960205078125,2.522592,14.0,-1,15.831526
14,206,148.66266632080078,1008.6583080291748,107.99465942382812,1033.259765625,2.2690217,10.0,-1,22.869259
1,207,1331.1488418579102,252.81843376159668,1290.0478515625,277.9797058105469,71.36572,8.0,1,27.899645
0,207,1307.2024307250977,902.870283126831,1266.1014404296875,928.0315551757812,71.047264,10.0,1,27.288448
4,207,1166.9972305297852,39.23397636413574,1125.896240234375,64.39524841308594,50.26827,8.0,1,30.225086
337,207,1238.8721084594727,327.32523918151855,1197.7711181640625,352.48651123046875,38.187916,24.0,-1,20.351706
528,207,1650.0387344360352,378.9148693084717,1608.937744140625,404.0761413574219,27.316122,6.0,1,10.054918
6,207,465.6260757446289,232.86573600769043,424.52508544921875,258.0270080566406,18.169092,16.0,-1,6.778477
2,207,1425.5391006469727,376.20997428894043,1384.4381103515625,401.3712463378906,17.277645,8.0,1,25.589083
3,207,979.5074234008789,468.62553215026855,938.4064331054688,493.78680419921875,17.071638,8.0,1,16.523252
10,207,401.39102935791016,62.52795219421387,360.2900390625,87.68922424316406,8.565472,8.0,-1,27.505417
9,207,1294.5655899047852,1052.4323558807373,1253.464599609375,1077.5936279296875,8.092021,8.0,-1,29.231382
12,207,1089.3354873657227,844.0705394744873,1048.2344970703125,869.2318115234375,8.005105,10.0,-1,28.270897
11,207,284.8738784790039,422.64689445495605,243.77288818359375,447.80816650390625,7.891277,14.0,-1,2.7252026
8,207,1338.4997940063477,380.7853832244873,1297.3988037109375,405.9466552734375,6.3698635,8.0,-1,27.678013
7,207,361.1979446411133,404.3505687713623,320.0969543457031,429.5118408203125,6.1367517,26.0,-1,4.6640477
565,207,1127.5118789672852,239.26948356628418,1086.410888671875,264.4307556152344,5.7090116,14.0,-1,13.376706
17,207,501.9951858520508,496.83207511901855,460.8941955566406,521.9933471679688,3.0625093,8.0,-1,16.382277
14,207,148.26736450195312,1008.5539379119873,107.16637420654297,1033.7152099609375,1.8570852,10.0,-1,22.830103
0,208,1309.4568252563477,903.2632274627686,1267.9869384765625,928.1934814453125,88.95693,10.0,1,28.223671
4,208,1167.4551162719727,41.29522514343262,1125.9852294921875,66.22547912597656,52.723484,8.0,1,29.635052
337,208,1236.1802139282227,326.5330638885498,1194.7103271484375,351.46331787109375,43.76208,22.0,-1,20.953667
1,208,1331.2274551391602,251.6523265838623,1289.757568359375,276.58258056640625,41.619114,8.0,1,27.959297
528,208,1651.4282608032227,380.0568370819092,1609.9583740234375,404.9870910644531,23.258392,6.0,1,10.420084
3,208,979.3011245727539,468.2745189666748,937.8312377929688,493.20477294921875,17.486208,8.0,1,17.79913
2,208,1429.4776992797852,375.07069206237793,1388.0078125,400.0009460449219,15.53736,8.0,1,25.622143
6,208,465.5153579711914,232.86573600769043,424.04547119140625,257.7959899902344,13.383552,16.0,-1,7.4752064
12,208,1089.8400039672852,842.461591720581,1048.3701171875,867.391845703125,11.281114,10.0,-1,26.31599
10,208,400.2641067504883,64.03061485290527,358.7942199707031,88.96086883544922,9.753443,8.0,-1,26.473347
9,208,1293.3479385375977,1053.2119579315186,1251.8780517578125,1078.1422119140625,9.268137,8.0,-1,28.935612
7,208,360.05960845947266,405.4361400604248,318.5897216796875,430.36639404296875,9.042382,26.0,-1,5.5049114
8,208,1337.6096572875977,381.1122570037842,1296.1397705078125,406.0425109863281,8.993435,8.0,-1,29.657873
11,208,285.74869537353516,422.64332389831543,244.27880859375,447.5735778808594,8.023546,14.0,-1,3.935965
565,208,1127.5118789672852,238.84623527526855,1086.0419921875,263.7764892578125,3.983899,14.0,-1,11.835331
258,208,1135.6738662719727,240.32258415222168,1094.2039794921875,265.2528381347656,3.6084232,12.0,-1,14.590133
14,208,151.24822998046875,1010.328046798706,109.7783432006836,1035.25830078125,2.089064,10.0,-1,21.437824
17,208,500.9240493774414,496.37174797058105,459.45416259765625,521.302001953125,2.07159,8.0,-1,19.315962
0,209,1309.909278869629,903.7254314422607,1267.962890625,929.0840454101562,59.626526,10.0,1,27.873589
4,209,1167.6725845336914,42.92215538024902,1125.7261962890625,68.28076934814453,51.203278,8.0,1,29.613329
1,209,1330.7509536743164,250.665678024292,1288.8045654296875,276.0242919921875,42.101063,8.0,1,27.790953
337,209,1235.882179260254,327.6472454071045,1193.935791015625,353.005859375,34.44969,22.0,-1,20.981115
528,209,1654.0197525024414,378.8782329559326,1612.0733642578125,404.2368469238281,24.63295,6.0,1,9.741047
2,209,1431.6899185180664,374.76574516296387,1389.7435302734375,400.1243591308594,20.956484,8.0,1,26.66026
3,209,978.1985855102539,465.3369731903076,936.252197265625,490.6955871582031,14.171429,8.0,1,16.803064
6,209,463.9581985473633,230.99947929382324,422.0118103027344,256.35809326171875,13.866422,16.0,-1,6.44528
9,209,1297.777931213379,1054.4248332977295,1255.83154296875,1079.783447265625,10.978973,8.0,-1,30.982443
10,209,400.04663848876953,64.38197135925293,358.1002502441406,89.74058532714844,9.507461,10.0,-1,27.656343
8,209,1336.3351821899414,385.9386577606201,1294.3887939453125,411.2972717285156,8.626106,8.0,-1,26.192278
12,209,1093.3898696899414,843.2365398406982,1051.4434814453125,868.5951538085938,8.509139,10.0,-1,28.07949
11,209,286.7793502807617,420.85848808288574,244.8329620361328,446.21710205078125,7.871547,14.0,-1,2.8230069
7,209,358.08557891845703,404.51888847351074,316.1391906738281,429.87750244140625,7.721136,26.0,-1,7.6383157
14,209,152.56722259521484,1012.027982711792,110.62083435058594,1037.3865966796875,4.495659,10.0,-1,19.123455
17,209,497.90052032470703,496.50350761413574,455.9541320800781,521.8621215820312,4.3206797,8.0,-1,20.076603
565,209,1127.002296447754,236.68148612976074,1085.055908203125,262.04010009765625,3.7991858,14.0,-1,13.454526
258,209,1136.853370666504,240.190824508667,1094.906982421875,265.5494384765625,2.7426603,12.0,-1,13.160014
0,210,1308.0461807250977,903.7116069793701,1266.3258056640625,930.3001098632812,63.224354,10.0,1,27.076645
4,210,1165.8797988891602,41.480451583862305,1124.159423828125,68.06895446777344,47.589397,8.0,1,29.280582
528,210,1655.6078262329102,379.31030082702637,1613.887451171875,405.8988037109375,39.601246,6.0,1,10.433611
1,210,1333.3365859985352,250.76580619812012,1291.6162109375,277.35430908203125,37.10731,8.0,1,27.53046
337,210,1232.8829727172852,327.7209758758545,1191.16259765625,354.3094787597656,36.99967,22.0,-1,20.446594
2,210,1432.0058975219727,374.78942680358887,1390.2855224609375,401.3779296875,20.386711,8.0,1,25.391874
3,210,976.4415054321289,461.1613140106201,934.7211303710938,487.74981689453125,19.349525,8.0,1,16.776548
6,210,462.20059967041016,229.41415214538574,420.480224609375,256.0026550292969,14.461528,16.0,-1,7.6237597
7,210,356.39786529541016,404.71664237976074,314.677490234375,431.3051452636719,11.122883,26.0,-1,5.71558
9,210,1297.6619033813477,1055.7297344207764,1255.9415283203125,1082.3182373046875,10.733551,8.0,-1,30.774988
10,210,399.12415313720703,63.597524642944336,357.4037780761719,90.18602752685547,10.110463,8.0,-1,28.613289
12,210,1093.5058975219727,841.6890850067139,1051.7855224609375,868.277587890625,9.991295,10.0,-1,29.414751
8,210,1339.7204971313477,386.8496685028076,1298.0001220703125,413.43817138671875,8.35666,8.0,-1,27.037624
11,210,289.8847885131836,420.87231254577637,248.16441345214844,447.4608154296875,6.5584188,14.0,-1,2.68726
17,210,499.78922271728516,495.6585063934326,458.06884765625,522.2470092773438,4.966897,8.0,-1,21.14804
565,210,1129.5856094360352,235.61337089538574,1087.865234375,262.2018737792969,3.808364,14.0,-1,12.01037
14,210,151.2279510498047,1013.6782207489014,109.50757598876953,1040.2667236328125,3.7438948,10.0,-1,13.054303
258,210,1140.4393692016602,238.6028118133545,1098.718994140625,265.1913146972656,3.2643487,22.0,-1,17.380068
0,211,1309.269645690918,903.0705242156982,1267.5257568359375,930.2357788085938,65.010475,10.0,1,27.592813
1,211,1333.561637878418,250.8674602508545,1291.8177490234375,278.03271484375,57.04658,8.0,1,27.976799
4,211,1165.8044357299805,40.013662338256836,1124.060546875,67.17891693115234,50.49468,8.0,1,27.842466
337,211,1232.0881271362305,328.89904594421387,1190.34423828125,356.0643005371094,35.72777,22.0,-1,20.968071
2,211,1432.6818771362305,375.7581157684326,1390.93798828125,402.9233703613281,21.067902,8.0,1,24.999584
528,211,1654.3439865112305,376.9984722137451,1612.60009765625,404.1637268066406,19.084429,6.0,1,10.761377
3,211,976.9924240112305,459.7326946258545,935.24853515625,486.89794921875,15.333019,8.0,1,14.928868
6,211,462.27596282958984,228.8552532196045,420.5320739746094,256.0205078125,13.228326,16.0,-1,7.0130777
10,211,397.73519134521484,63.49587059020996,355.9913024902344,90.66112518310547,9.601367,10.0,-1,27.818039
7,211,357.40416717529297,406.29443168640137,315.6602783203125,433.4596862792969,8.935025,26.0,-1,5.4660273
12,211,1094.101432800293,840.0949382781982,1052.3575439453125,867.2601928710938,8.051608,10.0,-1,27.945665
9,211,1298.2016525268555,1056.858793258667,1256.457763671875,1084.0240478515625,8.040811,10.0,-1,26.157187
8,211,1342.852409362793,385.67831230163574,1301.1085205078125,412.84356689453125,7.3579345,8.0,-1,23.745298
11,211,289.03804779052734,419.186429977417,247.29415893554688,446.3516845703125,6.8385873,8.0,1,0.28783858
14,211,151.09783935546875,1016.247465133667,109.35395050048828,1043.4127197265625,3.1950767,10.0,-1,15.178978
258,211,1140.237419128418,239.69903373718262,1098.4935302734375,266.8642883300781,3.1657455,12.0,-1,13.633549
565,211,1128.9179611206055,236.70782279968262,1087.174072265625,263.8730773925781,2.1663523,14.0,-1,11.430263
17,211,497.47823333740234,497.38155937194824,455.7343444824219,524.5468139648438,1.9096955,8.0,-1,18.014336
0,212,1309.4870529174805,902.6841259002686,1267.7578125,929.8492431640625,63.62773,10.0,1,27.285059
1,212,1331.9609298706055,250.40211296081543,1290.231689453125,277.5672302246094,45.224674,8.0,1,26.464691
4,212,1166.013786315918,37.10953330993652,1124.2845458984375,64.27465057373047,43.951496,8.0,1,28.8385
337,212,1231.5947189331055,326.9522533416748,1189.865478515625,354.11737060546875,41.11822,22.0,-1,20.943008
2,212,1429.901969909668,376.80912590026855,1388.1727294921875,403.9742431640625,20.094805,8.0,1,25.114996
528,212,1655.418083190918,377.4745922088623,1613.6888427734375,404.63970947265625,19.501307,6.0,1,9.53001
3,212,977.6261520385742,458.21208000183105,935.8969116210938,485.377197265625,14.1722145,8.0,1,13.647164
6,212,460.79552459716797,229.76948356628418,419.0662841796875,256.9346008300781,12.931629,16.0,-1,8.410609
10,212,399.32857513427734,64.37807273864746,357.5993347167969,91.5431900024414,10.279162,10.0,-1,25.79155
7,212,355.86034393310547,407.3661937713623,314.131103515625,434.53131103515625,9.954924,26.0,-1,5.1465993
12,212,1096.3063888549805,839.130292892456,1054.5771484375,866.29541015625,8.269017,10.0,-1,27.281696
8,212,1340.0309982299805,386.41227531433105,1298.3017578125,413.577392578125,8.244073,8.0,-1,26.01685
9,212,1296.0768966674805,1058.5232372283936,1254.34765625,1085.6883544921875,8.166583,10.0,-1,24.526392
11,212,290.5239791870117,419.5728282928467,248.79473876953125,446.7379455566406,7.776233,12.0,-1,0.45213008
17,212,495.6089096069336,494.9988842010498,453.8796691894531,522.1640014648438,4.03769,8.0,-1,18.081024
258,212,1140.0280685424805,238.81080436706543,1098.298828125,265.9759216308594,3.8248065,12.0,-1,15.53812
565,212,1129.857048034668,238.03870964050293,1088.1278076171875,265.2038269042969,2.1554208,14.0,-1,8.162097
14,212,152.66388702392578,1014.538496017456,110.93464660644531,1041.70361328125,2.11432,10.0,-1,18.688667
0,213,1307.0925598144531,902.174222946167,1264.7779541015625,928.0170288085938,63.673084,10.0,1,27.483936
1,213,1332.5151672363281,250.68795585632324,1290.2005615234375,276.53076171875,43.79984,8.0,1,27.278095
4,213,1167.9175109863281,39.00775718688965,1125.6029052734375,64.8505630493164,40.488743,8.0,1,29.571861
337,213,1229.9367980957031,329.335355758667,1187.6221923828125,355.17816162109375,25.94755,22.0,-1,20.980919
2,213,1428.4632873535156,378.70065116882324,1386.148681640625,404.54345703125,23.709269,8.0,1,26.679506
528,213,1654.5025939941406,380.884428024292,1612.18798828125,406.72723388671875,23.70556,6.0,1,9.893196
3,213,978.0164489746094,457.562894821167,935.7018432617188,483.40570068359375,16.6657,8.0,1,14.221072
6,213,460.24908447265625,232.77862358093262,417.9344787597656,258.6214294433594,12.920288,16.0,-1,8.795419
10,213,400.06292724609375,67.53816795349121,357.7483215332031,93.38097381591797,12.536224,8.0,-1,27.69273
8,213,1339.2522277832031,385.50131034851074,1296.9376220703125,411.3441162109375,8.684864,8.0,-1,27.250328
9,213,1296.0990295410156,1058.2373943328857,1253.784423828125,1084.0802001953125,8.452456,8.0,-1,27.138788
12,213,1096.3480529785156,837.7452068328857,1054.033447265625,863.5880126953125,8.097708,10.0,-1,25.336397
7,213,353.8957824707031,405.79797172546387,311.5811767578125,431.6407775878906,6.711588,26.0,-1,5.581188
11,213,290.50184631347656,420.960355758667,248.18724060058594,446.80316162109375,6.2710056,8.0,1,2.3699234
258,213,1141.2103576660156,238.42858695983887,1098.895751953125,264.2713928222656,3.489856,12.0,-1,16.498066
17,213,498.07012939453125,495.724027633667,455.7555236816406,521.5668334960938,2.748871,8.0,-1,19.023657
565,213,1129.3397521972656,236.94833183288574,1087.025146484375,262.7911376953125,2.5358207,14.0,-1,13.259331
14,213,154.74210357666016,1013.8663005828857,112.42749786376953,1039.7091064453125,1.7410606,12.0,-1,16.888083
0,214,1305.2682800292969,902.0414409637451,1263.9869384765625,927.5748901367188,78.64472,10.0,1,27.219519
1,214,1331.0033874511719,252.050443649292,1289.7220458984375,277.5838928222656,45.015354,8.0,1,27.65739
4,214,1166.9765319824219,37.396100997924805,1125.6951904296875,62.92955017089844,37.866184,8.0,1,29.168493
528,214,1655.3504333496094,382.422269821167,1614.069091796875,407.9557189941406,37.09374,6.0,1,9.885097
337,214,1228.8074645996094,328.64587211608887,1187.526123046875,354.1793212890625,33.414703,22.0,-1,20.55867
2,214,1427.3208923339844,378.17346000671387,1386.03955078125,403.7069091796875,25.44784,8.0,1,26.508083
3,214,977.1479187011719,456.56774711608887,935.8665771484375,482.1011962890625,19.30831,8.0,1,16.509996
6,214,461.6614074707031,236.10168266296387,420.38006591796875,261.6351318359375,11.900584,16.0,-1,8.156388
10,214,403.09027099609375,66.02916526794434,361.8089294433594,91.56261444091797,11.048549,8.0,-1,26.031317
9,214,1295.3479919433594,1061.1481914520264,1254.066650390625,1086.681640625,7.7581334,8.0,-1,27.597641
8,214,1341.8520202636719,388.2437114715576,1300.5706787109375,413.77716064453125,7.161915,8.0,-1,22.372356
12,214,1097.0990905761719,837.8779888153076,1055.8177490234375,863.4114379882812,7.161841,10.0,-1,27.861816
7,214,351.530517578125,406.191556930542,310.2491760253906,431.7250061035156,6.794037,26.0,-1,4.688292
11,214,286.65354919433594,420.30502128601074,245.37220764160156,445.8384704589844,5.647186,8.0,1,3.9744403
17,214,499.29498291015625,494.60876274108887,458.0136413574219,520.1422119140625,4.88409,8.0,-1,20.388725
14,214,156.41533660888672,1014.2366924285889,115.13399505615234,1039.7701416015625,4.5368466,12.0,-1,12.239823
258,214,1144.4159851074219,240.28851127624512,1103.1346435546875,265.82196044921875,4.2408357,14.0,-1,18.426258
565,214,1130.2803649902344,236.32931327819824,1088.9990234375,261.8627624511719,1.991312,14.0,-1,15.049928
4,215,1165.0689544677734,36.72196388244629,1124.08154296875,61.97555160522461,68.42014,8.0,1,28.153925
0,215,1305.452865600586,902.5946788787842,1264.4654541015625,927.8482666015625,64.509895,10.0,1,25.969933
1,215,1329.739242553711,250.78190422058105,1288.7518310546875,276.0354919433594,54.455936,8.0,1,27.569738
337,215,1228.433334350586,328.77982902526855,1187.4459228515625,354.0334167480469,33.898197,22.0,-1,20.88084
2,215,1427.335678100586,376.6004467010498,1386.3482666015625,401.8540344238281,26.403341,8.0,1,26.08354
3,215,978.6984100341797,457.2046947479248,937.7109985351562,482.4582824707031,20.6395,8.0,1,15.242813
528,215,1655.519027709961,380.9708080291748,1614.5316162109375,406.2243957519531,16.294127,6.0,1,9.88497
11,215,287.17323303222656,418.58167839050293,246.18582153320312,443.83526611328125,13.786807,8.0,1,7.055339
6,215,459.6551055908203,233.84614372253418,418.6676940917969,259.0997314453125,12.28479,16.0,-1,8.198998
10,215,403.0754852294922,68.80384635925293,362.08807373046875,94.05743408203125,10.358508,10.0,-1,26.108868
12,215,1096.503402709961,836.7625255584717,1055.5159912109375,862.01611328125,9.433526,10.0,-1,27.50646
9,215,1294.7703704833984,1062.6463146209717,1253.782958984375,1087.89990234375,8.098987,8.0,-1,27.602465
8,215,1341.773422241211,388.62199211120605,1300.7860107421875,413.8755798339844,7.685261,8.0,-1,22.535818
14,215,157.05630493164062,1014.8250255584717,116.06889343261719,1040.07861328125,7.272964,10.0,-1,19.521128
7,215,352.16917419433594,406.83265495300293,311.1817626953125,432.08624267578125,6.884457,26.0,-1,3.7126522
258,215,1142.397201538086,240.20472526550293,1101.4097900390625,265.45831298828125,3.4575512,24.0,-1,19.689735
565,215,1130.6563568115234,236.41309928894043,1089.6689453125,261.66668701171875,3.1602275,14.0,-1,7.259916
17,215,499.99461364746094,494.23377799987793,459.0072021484375,519.4873657226562,2.6297216,8.0,-1,19.273127
4,216,1166.0442199707031,37.48141670227051,1124.5994873046875,61.95914077758789,50.34212,8.0,1,27.661089
0,216,1305.6561584472656,903.5660381317139,1264.21142578125,928.0437622070312,49.357056,10.0,1,26.909819
1,216,1329.2818908691406,250.75030326843262,1287.837158203125,275.22802734375,46.932663,8.0,1,28.490297
3,216,979.6083068847656,459.30685234069824,938.16357421875,483.7845764160156,27.618055,8.0,1,13.412736
337,216,1226.8902893066406,331.48592948913574,1185.445556640625,355.9636535644531,25.864557,24.0,-1,19.751587
2,216,1429.3668518066406,377.9060649871826,1387.922119140625,402.3837890625,19.127092,8.0,1,26.330112
7,216,353.14105224609375,406.0515727996826,311.6963195800781,430.529296875,15.267434,26.0,-1,5.7638645
6,216,459.4518127441406,233.82006645202637,418.007080078125,258.29779052734375,14.596244,16.0,-1,7.4658985
528,216,1658.4161682128906,380.67126274108887,1616.971435546875,405.14898681640625,12.189128,6.0,1,8.258022
10,216,402.7820739746094,68.82992362976074,361.33734130859375,93.30764770507812,11.770573,10.0,-1,24.54879
12,216,1095.0954895019531,835.5937480926514,1053.6507568359375,860.0714721679688,10.9843,10.0,-1,30.509779
9,216,1296.0416564941406,1063.3401470184326,1254.596923828125,1087.81787109375,8.73598,10.0,-1,25.869596
8,216,1340.8988342285156,388.0757427215576,1299.4541015625,412.553466796875,8.42652,8.0,-1,24.338417
14,216,153.8643035888672,1013.4107036590576,112.41957092285156,1037.888427734375,6.0319858,12.0,-1,18.554502
11,216,288.03407287597656,420.0387554168701,246.58934020996094,444.5164794921875,4.594042,8.0,1,5.9689775
258,216,1140.1173400878906,240.159086227417,1098.672607421875,264.6368103027344,3.934789,12.0,-1,20.346148
17,216,501.1600036621094,489.92101860046387,459.71527099609375,514.3987426757812,3.3408263,8.0,-1,18.519323
565,216,1129.8496398925781,236.84515190124512,1088.4049072265625,261.3228759765625,3.2455704,14.0,-1,7.1261477
0,217,1307.2934875488281,903.6520824432373,1265.893798828125,927.6087036132812,73.86266,10.0,1,26.519474
4,217,1169.1654357910156,38.276777267456055,1127.7657470703125,62.2333984375,56.151978,8.0,1,29.09256
1,217,1329.3220520019531,250.57526969909668,1287.92236328125,274.5318908691406,50.918736,8.0,1,28.741646
3,217,979.3306579589844,461.9404125213623,937.9309692382812,485.89703369140625,24.092886,8.0,1,12.795729
2,217,1429.9520568847656,378.9636974334717,1388.5523681640625,402.9203186035156,21.610659,8.0,1,23.590424
528,217,1657.8198547363281,380.73280143737793,1616.420166015625,404.6894226074219,17.982994,6.0,1,8.538716
337,217,1225.0899963378906,335.12354850769043,1183.6903076171875,359.0801696777344,17.54148,24.0,-1,17.521816
6,217,459.8836975097656,233.7419261932373,418.4840087890625,257.69854736328125,13.830689,16.0,-1,6.049332
9,217,1297.2042541503906,1062.098798751831,1255.8045654296875,1086.055419921875,10.477896,8.0,-1,28.51455
7,217,352.4607849121094,405.8664073944092,311.06109619140625,429.8230285644531,10.385394,24.0,-1,7.059522
12,217,1093.0683898925781,835.5322093963623,1051.668701171875,859.4888305664062,9.296639,10.0,-1,29.555967
11,217,287.94752502441406,419.88895988464355,246.54783630371094,443.8455810546875,8.687262,8.0,1,4.4984365
10,217,403.6902770996094,68.4340877532959,362.29058837890625,92.39070892333984,8.528917,8.0,-1,25.963995
8,217,1338.3638000488281,389.39906120300293,1296.964111328125,413.3556823730469,6.813307,8.0,-1,24.011864
258,217,1140.0771789550781,239.3784008026123,1098.677490234375,263.33502197265625,3.8445578,12.0,-1,26.649267
565,217,1129.0888977050781,233.83582878112793,1087.689208984375,257.7924499511719,2.4682782,20.0,-1,8.636232
14,217,155.27376556396484,1015.8838329315186,113.87407684326172,1039.8404541015625,2.3723404,12.0,-1,18.093151
17,217,501.7782897949219,492.3947582244873,460.37860107421875,516.3513793945312,1.4241915,8.0,-1,17.797739
4,218,1168.8267517089844,35.91587257385254,1127.93017578125,60.125789642333984,80.540924,8.0,1,29.653257
0,218,1306.5650329589844,903.9330883026123,1265.66845703125,928.1430053710938,63.89137,10.0,1,26.83332
1,218,1328.5271911621094,250.2885570526123,1287.630615234375,274.49847412109375,38.298077,8.0,1,28.506369
337,218,1226.0773620605469,333.8948497772217,1185.1807861328125,358.1047668457031,30.362234,24.0,-1,18.046375
528,218,1655.3401794433594,381.71732902526855,1614.443603515625,405.92724609375,19.622728,6.0,1,8.987206
2,218,1430.5693054199219,377.2629222869873,1389.6727294921875,401.47283935546875,16.058367,8.0,1,24.53492
3,218,979.3981628417969,463.36845207214355,938.5015869140625,487.578369140625,13.685241,8.0,1,10.427509
6,218,458.4305725097656,233.33772087097168,417.53399658203125,257.5476379394531,13.500005,16.0,-1,7.999945
10,218,404.72296142578125,69.51053428649902,363.8263854980469,93.72045135498047,10.153087,10.0,-1,25.829899
7,218,351.3026123046875,408.23658561706543,310.4060363769531,432.4465026855469,8.7209635,24.0,-1,8.074337
12,218,1093.0219421386719,835.6220531463623,1052.1253662109375,859.8319702148438,7.646376,10.0,-1,26.587185
9,218,1297.2507019042969,1063.7092723846436,1256.3541259765625,1087.919189453125,7.0207653,8.0,-1,28.364973
8,218,1336.9931335449219,386.7466564178467,1296.0965576171875,410.9565734863281,6.7265835,8.0,-1,24.795372
11,218,290.3180847167969,417.2660655975342,249.4215087890625,441.4759826660156,6.436952,8.0,1,8.155468
258,218,1140.4779968261719,239.2885570526123,1099.5814208984375,263.49847412109375,4.7291417,12.0,-1,29.281734
565,218,1130.5033874511719,236.35108757019043,1089.6068115234375,260.5610046386719,3.385807,14.0,-1,8.765396
14,218,154.9624252319336,1013.8464794158936,114.06584930419922,1038.056396484375,2.9257746,10.0,-1,17.459679
17,218,502.3634338378906,495.5709056854248,461.46685791015625,519.7808227539062,2.5710642,8.0,-1,20.085135
626,218,1630.2212829589844,174.16833305358887,1589.32470703125,198.3782501220703,0.97400194,16.0,-1,2.649487
0,219,1306.8634796142578,905.0547771453857,1265.7969970703125,929.7137451171875,63.776062,10.0,1,26.4905
4,219,1168.6505889892578,35.58741569519043,1127.5841064453125,60.24638366699219,58.799896,8.0,1,29.006199
1,219,1328.9131622314453,250.28265190124512,1287.8466796875,274.9416198730469,45.4718,8.0,1,28.180246
337,219,1223.5415802001953,331.3494243621826,1182.47509765625,356.0083923339844,32.93303,24.0,-1,18.915157
528,219,1655.7033233642578,381.72323417663574,1614.6368408203125,406.3822021484375,22.115114,6.0,1,8.858832
3,219,980.5276031494141,463.4144878387451,939.4611206054688,488.0734558105469,21.139868,8.0,1,10.299845
2,219,1430.5381622314453,377.88232231140137,1389.4716796875,402.5412902832031,18.58035,8.0,1,24.474476
6,219,457.53892517089844,235.54528617858887,416.4724426269531,260.2042541503906,15.608298,16.0,-1,6.9273176
11,219,289.2253112792969,415.01305961608887,248.15882873535156,439.6720275878906,10.343868,8.0,1,10.536221
10,219,407.82411193847656,69.27577781677246,366.75762939453125,93.93474578857422,10.181917,8.0,-1,26.71434
8,219,1334.9807891845703,383.10372734069824,1293.914306640625,407.7626953125,9.160722,8.0,-1,26.454834
7,219,351.33375549316406,409.30151176452637,310.26727294921875,433.9604797363281,8.914364,24.0,-1,7.1651316
12,219,1093.9579620361328,837.2510051727295,1052.8914794921875,861.9099731445312,8.633664,10.0,-1,28.23758
9,219,1297.6167755126953,1063.2986736297607,1256.55029296875,1087.9576416015625,6.736053,8.0,-1,30.648645
258,219,1140.1769561767578,239.13079643249512,1099.1104736328125,263.7897644042969,3.9752448,12.0,-1,32.273056
14,219,153.48467254638672,1012.8758220672607,112.4181900024414,1037.5347900390625,3.2208366,12.0,-1,16.92978
17,219,499.52622985839844,497.31100273132324,458.4597473144531,521.969970703125,2.2890015,8.0,-1,16.995558
626,219,1631.1520538330078,176.83007621765137,1590.0855712890625,201.48904418945312,0.58698195,12.0,-1,2.901981
0,220,1305.3087921142578,905.0325603485107,1264.250244140625,929.87060546875,56.901443,10.0,1,26.431204
1,220,1328.9590606689453,249.22750663757324,1287.9005126953125,274.0655517578125,51.570156,8.0,1,28.63273
4,220,1170.3993682861328,37.049970626831055,1129.3408203125,61.88801574707031,47.47856,8.0,1,27.93435
337,220,1223.3422393798828,328.5980815887451,1182.28369140625,353.4361267089844,26.428804,24.0,-1,19.161646
3,220,980.7680816650391,463.0993022918701,939.7095336914062,487.9373474121094,20.122774,8.0,1,10.571678
528,220,1658.8185577392578,381.44799613952637,1617.760009765625,406.2860412597656,18.812632,6.0,1,8.280453
2,220,1430.5635528564453,377.85323905944824,1389.5050048828125,402.6912841796875,17.574537,8.0,1,24.62302
10,220,407.2696990966797,72.89249229431152,366.2111511230469,97.73053741455078,13.770206,8.0,-1,27.007957
6,220,459.0259552001953,235.6457805633545,417.9674072265625,260.48382568359375,13.685889,16.0,-1,6.464799
8,220,1334.8511505126953,381.446928024292,1293.7926025390625,406.28497314453125,12.567115,8.0,-1,29.06813
9,220,1296.9441680908203,1063.2986736297607,1255.8856201171875,1088.13671875,10.960125,8.0,-1,32.21433
7,220,347.66542053222656,411.32150077819824,306.60687255859375,436.1595458984375,10.579511,24.0,-1,8.04294
12,220,1093.9579620361328,839.2051067352295,1052.8994140625,864.0431518554688,7.694227,10.0,-1,29.775135
11,220,287.3819580078125,416.39465141296387,246.3234100341797,441.2326965332031,6.294451,8.0,1,6.482343
565,220,1135.5904083251953,235.36395072937012,1094.5318603515625,260.2019958496094,3.9568882,16.0,-1,27.964958
14,220,148.00924682617188,1013.1067790985107,106.95069885253906,1037.94482421875,3.026878,10.0,-1,19.853046
17,220,501.03211975097656,499.1653118133545,459.97357177734375,524.0033569335938,2.8167894,8.0,-1,17.697813
626,220,1631.6730499267578,173.96578788757324,1590.614501953125,198.8038330078125,0.578062,12.0,-1,3.6449647
4,221,1170.8910446166992,36.325551986694336,1130.1026611328125,61.964210510253906,64.7181,8.0,1,28.46985
0,221,1306.7808151245117,904.3460216522217,1265.992431640625,929.9846801757812,62.561993,10.0,1,26.827204
1,221,1327.2908248901367,248.3859691619873,1286.50244140625,274.0246276855469,41.220104,8.0,1,27.304243
337,221,1220.1510543823242,329.44743156433105,1179.3626708984375,355.0860900878906,34.97857,24.0,-1,17.333473
3,221,980.7841720581055,460.14686393737793,939.9957885742188,485.7855224609375,23.138094,8.0,1,9.830505
528,221,1657.1215133666992,382.4985179901123,1616.3331298828125,408.1371765136719,17.915998,6.0,1,6.876437
2,221,1429.4791793823242,377.30689811706543,1388.6907958984375,402.945556640625,17.754086,8.0,1,24.872652
6,221,461.4276351928711,234.0811595916748,420.6392517089844,259.7198181152344,12.780295,16.0,-1,6.078498
8,221,1332.8593063354492,382.36744499206543,1292.0709228515625,408.006103515625,12.020695,8.0,-1,28.995249
10,221,407.42540740966797,74.41993522644043,366.63702392578125,100.05859375,9.130573,10.0,-1,26.203442
9,221,1297.2991256713867,1063.471815109253,1256.5107421875,1089.1104736328125,7.66153,8.0,-1,28.910727
7,221,344.6705551147461,411.38529777526855,303.8821716308594,437.0239562988281,7.4754314,24.0,-1,7.5809984
12,221,1094.7715377807617,839.4187755584717,1053.983154296875,865.0574340820312,7.1929536,10.0,-1,26.92958
11,221,287.3658676147461,417.2028331756592,246.57748413085938,442.84149169921875,5.7441697,8.0,1,7.6826305
14,221,145.62818145751953,1013.0429821014404,104.83979797363281,1038.681640625,4.84607,10.0,-1,20.758081
565,221,1137.5568161010742,234.2916088104248,1096.7684326171875,259.9302673339844,3.705164,12.0,-1,28.91623
17,221,502.75301361083984,498.4108409881592,461.9646301269531,524.0494995117188,3.3424637,8.0,-1,17.373085
626,221,1631.2415084838867,177.75611686706543,1590.453125,203.394775390625,0.433067,12.0,-1,2.5266232
4,222,1173.3237533569336,36.13218307495117,1131.988525390625,62.14534378051758,71.06951,8.0,1,29.197136
0,222,1305.786033630371,903.9919662475586,1264.4508056640625,930.005126953125,50.252445,10.0,1,26.323515
1,222,1327.8178939819336,247.53572845458984,1286.482666015625,273.54888916015625,37.73318,8.0,1,25.875195
337,222,1218.9973373413086,329.16161346435547,1177.662109375,355.1747741699219,28.276299,24.0,-1,16.470171
2,222,1427.723289489746,375.8649215698242,1386.3880615234375,401.8780822753906,20.445353,8.0,1,24.320751
3,222,980.6848373413086,457.7868881225586,939.349609375,483.800048828125,13.352025,8.0,1,8.225733
528,222,1658.1714096069336,386.88863372802734,1616.836181640625,412.90179443359375,12.442718,6.0,1,8.890377
6,222,460.93709564208984,235.47591400146484,419.60186767578125,261.48907470703125,12.109897,16.0,-1,7.783455
12,222,1097.4126205444336,841.3919296264648,1056.077392578125,867.4050903320312,9.97364,10.0,-1,26.138336
9,222,1299.0634994506836,1060.1079330444336,1257.728271484375,1086.12109375,9.92841,8.0,-1,32.54508
7,222,346.58824920654297,411.5786666870117,305.2530212402344,437.5918273925781,8.723292,26.0,-1,6.422591
10,222,409.60253143310547,75.18801879882812,368.2673034667969,101.20117950439453,8.680099,8.0,-1,25.34197
11,222,289.4282455444336,415.8031539916992,248.093017578125,441.8163146972656,7.7511673,8.0,1,10.067423
8,222,1331.0193099975586,384.02254486083984,1289.68408203125,410.03570556640625,7.6345634,8.0,-1,29.023453
14,222,143.53649139404297,1014.3075180053711,102.20126342773438,1040.3206787109375,4.71819,10.0,-1,21.539509
258,222,1138.619773864746,233.89134979248047,1097.2845458984375,259.9045104980469,4.074587,10.0,-1,31.999886
565,222,1132.0903549194336,232.08251190185547,1090.755126953125,258.0956726074219,3.6675951,16.0,-1,16.884508
17,222,502.4857711791992,499.89363861083984,461.1505432128906,525.9067993164062,3.230335,8.0,-1,19.81081
626,222,1631.3408432006836,180.67252349853516,1590.005615234375,206.68568420410156,0.50713897,14.0,-1,4.015977
4,223,1173.6605224609375,36.19378852844238,1131.9853515625,62.052734375,76.60171,8.0,1,29.173517
0,223,1303.8133544921875,903.3663349151611,1262.13818359375,929.2252807617188,59.286198,10.0,1,26.973475
1,223,1327.8292236328125,247.70852851867676,1286.154052734375,273.5674743652344,38.41201,8.0,1,26.564823
337,223,1215.9271240234375,326.82617378234863,1174.251953125,352.68511962890625,21.207655,26.0,-1,18.404202
6,223,457.7162780761719,238.000093460083,416.0411071777344,263.8590393066406,19.80691,16.0,-1,7.7039366
3,223,981.5714111328125,457.94836616516113,939.896240234375,483.80731201171875,19.566862,8.0,1,11.372309
9,223,1297.7069091796875,1060.0463275909424,1256.03173828125,1085.9052734375,16.102732,8.0,-1,31.644093
528,223,1658.1322021484375,389.57095527648926,1616.45703125,415.4299011230469,15.468685,6.0,1,5.2818203
2,223,1428.493408203125,375.54263496398926,1386.8182373046875,401.4015808105469,12.433625,8.0,1,21.100962
10,223,409.61676025390625,74.41087532043457,367.94158935546875,100.26982116699219,11.039372,10.0,-1,24.397478
12,223,1097.6357421875,841.7545185089111,1055.9605712890625,867.6134643554688,10.846858,10.0,-1,26.075644
7,223,341.8051452636719,411.0964984893799,300.1299743652344,436.9554443359375,6.9384675,26.0,-1,7.3849745
11,223,287.573486328125,414.38281440734863,245.8983154296875,440.24176025390625,6.665245,8.0,1,9.021685
8,223,1333.0494384765625,382.8102741241455,1291.374267578125,408.6692199707031,6.0176396,8.0,-1,26.191067
565,223,1134.67578125,233.823091506958,1093.0006103515625,259.6820373535156,4.893911,16.0,-1,28.440708
17,223,502.6053771972656,498.74365425109863,460.9302062988281,524.6026000976562,2.802038,8.0,-1,21.661415
14,223,143.52516174316406,1015.3124408721924,101.84999084472656,1041.17138671875,2.4270718,10.0,-1,18.89533
626,223,1627.556640625,182.011812210083,1585.8814697265625,207.87075805664062,0.40002605,12.0,-1,4.490938
4,224,1173.6287841796875,37.265092849731445,1131.8841552734375,64.31236267089844,72.543236,8.0,1,28.346794
1,224,1327.8974609375,248.709077835083,1286.15283203125,275.75634765625,46.779022,8.0,1,26.575218
0,224,1304.9033203125,903.5920124053955,1263.15869140625,930.6392822265625,46.77519,10.0,1,26.70876
337,224,1214.204833984375,324.5083637237549,1172.460205078125,351.5556335449219,20.788858,26.0,-1,16.611101
2,224,1431.06640625,373.62426948547363,1389.32177734375,400.6715393066406,18.505173,8.0,1,25.02506
528,224,1658.3951416015625,390.6322956085205,1616.6505126953125,417.6795654296875,16.478851,6.0,1,5.7942967
6,224,458.3218994140625,238.42642402648926,416.5772705078125,265.47369384765625,14.556302,16.0,-1,8.764349
3,224,980.9191284179688,456.49035835266113,939.1744995117188,483.5376281738281,13.840552,8.0,1,10.094241
9,224,1297.7481689453125,1061.2873249053955,1256.0035400390625,1088.3345947265625,10.34157,8.0,-1,33.198204
10,224,408.431884765625,72.56051063537598,366.687255859375,99.60778045654297,10.332887,10.0,-1,24.69142
12,224,1097.83154296875,837.6040363311768,1056.0869140625,864.6513061523438,9.682664,10.0,-1,24.848347
7,224,339.57086181640625,412.103120803833,297.82623291015625,439.150390625,6.5597243,26.0,-1,5.806326
11,224,287.48602294921875,412.0536823272705,245.74139404296875,439.1009521484375,6.394001,8.0,1,11.21075
8,224,1333.0811767578125,382.5729694366455,1291.3365478515625,409.6202392578125,6.2452354,8.0,-1,23.029488
565,224,1131.9644775390625,232.66458320617676,1090.2198486328125,259.71185302734375,4.8184543,14.0,-1,25.170588
17,224,503.5946044921875,498.51797676086426,461.8499755859375,525.5652465820312,2.2550905,8.0,-1,19.419538
14,224,140.23336791992188,1016.4872760772705,98.48873901367188,1043.5345458984375,1.0953363,10.0,-1,19.853088
626,224,1626.0860595703125,184.07266426086426,1584.3414306640625,211.11993408203125,0.67210364,12.0,-1,4.2350082
4,225,1173.6014099121094,37.5132999420166,1132.0191650390625,65.24029541015625,49.153214,8.0,1,28.835611
0,225,1306.8068542480469,905.5280704498291,1265.224609375,933.2550659179688,42.107754,10.0,1,26.82705
1,225,1327.1137390136719,248.02803993225098,1285.531494140625,275.7550354003906,26.874056,8.0,1,28.023672
2,225,1432.2425231933594,371.7386112213135,1390.6602783203125,399.4656066894531,25.783607,8.0,1,21.770266
337,225,1211.6143493652344,324.1661319732666,1170.0321044921875,351.89312744140625,19.997313,26.0,-1,16.78127
528,225,1657.5989685058594,390.38408851623535,1616.0167236328125,418.111083984375,17.047005,6.0,1,8.501239
3,225,980.1372985839844,457.792444229126,938.5550537109375,485.5194396972656,16.481188,8.0,1,9.799781
6,225,461.0693054199219,236.06704139709473,419.487060546875,263.7940368652344,15.446151,16.0,-1,7.8874545
12,225,1099.4335632324219,834.8463687896729,1057.851318359375,862.5733642578125,12.949856,10.0,-1,25.596386
9,225,1297.3296813964844,1064.1476383209229,1255.7474365234375,1091.8746337890625,10.9396515,8.0,-1,28.99516
10,225,408.2657165527344,72.08133888244629,366.6834716796875,99.80833435058594,10.275064,10.0,-1,26.43553
7,225,339.5982360839844,413.5151615142822,298.0159912109375,441.2421569824219,6.398172,26.0,-1,3.698256
11,225,287.3145294189453,409.8255252838135,245.73228454589844,437.5525207519531,6.2969003,8.0,1,10.473229
8,225,1333.7131042480469,383.8033695220947,1292.130859375,411.5303649902344,5.066812,8.0,-1,22.36062
565,225,1133.9712829589844,236.51821327209473,1092.3890380859375,264.2452087402344,4.021207,10.0,-1,31.068205
17,225,507.64764404296875,497.99798011779785,466.0653991699219,525.7249755859375,2.49965,8.0,-1,21.340254
14,225,141.57660675048828,1018.0814762115479,99.9943618774414,1045.8084716796875,2.3260233,10.0,-1,20.484207
626,225,1622.2358093261719,187.3570957183838,1580.653564453125,215.08409118652344,0.80959797,14.0,-1,3.8177536
0,226,1306.2842979431152,906.098611831665,1264.1253662109375,934.0099487304688,68.31677,10.0,1,26.28804
4,226,1175.3365440368652,38.17669868469238,1133.1776123046875,66.0880355834961,46.820034,8.0,1,28.516438
1,226,1324.5275840759277,247.95542335510254,1282.36865234375,275.86676025390625,40.52878,8.0,1,26.413427
2,226,1432.5416221618652,372.5950412750244,1390.3826904296875,400.5063781738281,26.123642,8.0,1,24.66374
337,226,1208.9260215759277,324.75428199768066,1166.76708984375,352.6656188964844,18.302515,24.0,-1,17.986736
528,226,1657.1144981384277,391.86875343322754,1614.95556640625,419.78009033203125,16.699278,6.0,1,6.0911098
3,226,979.8808555603027,458.30140113830566,937.721923828125,486.2127380371094,12.848771,8.0,1,6.2394724
6,226,463.50405502319336,236.0001621246338,421.3451232910156,263.9114990234375,11.865045,16.0,-1,6.7065144
9,226,1296.2707481384277,1065.9715976715088,1254.11181640625,1093.8829345703125,11.524288,8.0,-1,33.304005
10,226,408.62145614624023,71.42472267150879,366.4625244140625,99.3360595703125,10.35978,10.0,-1,24.50722
12,226,1100.8848838806152,833.7532749176025,1058.7259521484375,861.6646118164062,8.808124,10.0,-1,23.185616
11,226,286.6980094909668,408.29758644104004,244.53907775878906,436.20892333984375,7.888539,8.0,1,10.001624
565,226,1128.0769004821777,235.00635719299316,1085.91796875,262.9176940917969,6.285923,14.0,-1,18.318022
7,226,337.6604881286621,412.50779151916504,295.5015563964844,440.41912841796875,5.2147117,24.0,-1,7.2629895
8,226,1334.3770713806152,382.57334327697754,1292.2181396484375,410.48468017578125,4.2760653,8.0,-1,20.276423
17,226,509.62990951538086,498.0648593902588,467.4709777832031,525.9761962890625,3.0682452,8.0,-1,21.806261
14,226,141.83304977416992,1017.0336093902588,99.67411804199219,1044.9449462890625,1.7332091,10.0,-1,19.23552
626,226,1624.9659385681152,192.60279273986816,1582.8070068359375,220.51412963867188,0.53944486,12.0,-1,3.3198056
4,227,1174.1556510925293,38.239187240600586,1131.8677978515625,66.61767578125,61.790295,8.0,1,29.217918
0,227,1304.7744255065918,905.6122951507568,1262.486572265625,933.9907836914062,55.53911,10.0,1,26.59099
1,227,1321.6651725769043,246.26964378356934,1279.3773193359375,274.64813232421875,22.32827,8.0,1,26.194658
337,227,1210.6331901550293,326.6520595550537,1168.3453369140625,355.0305480957031,22.07392,26.0,-1,16.541702
2,227,1432.0617790222168,373.19701194763184,1389.77392578125,401.57550048828125,21.696527,8.0,1,24.265238
528,227,1657.5597038269043,391.6090908050537,1615.2718505859375,419.9875793457031,14.617962,6.0,1,8.4214325
6,227,463.5070915222168,236.19554710388184,421.21923828125,264.57403564453125,12.644516,16.0,-1,6.2096243
3,227,979.323558807373,454.7721767425537,937.0357055664062,483.1506652832031,12.46507,8.0,1,3.3244753
10,227,410.4047660827637,71.1688060760498,368.1169128417969,99.54729461669922,10.181283,8.0,-1,26.657503
9,227,1295.9449577331543,1066.9200954437256,1253.6571044921875,1095.298583984375,8.408648,8.0,-1,32.030666
565,227,1128.7165641784668,234.8595790863037,1086.4287109375,263.2380676269531,7.0685406,14.0,-1,21.979254
12,227,1101.0498161315918,831.4560451507568,1058.761962890625,859.8345336914062,7.0256157,10.0,-1,21.946058
11,227,287.12377548217773,410.02077293395996,244.83592224121094,438.3992614746094,6.8067164,8.0,1,7.254442
7,227,337.2264518737793,413.85643577575684,294.9385986328125,442.23492431640625,6.308415,26.0,-1,7.54236
8,227,1334.3740348815918,383.09779930114746,1292.086181640625,411.4762878417969,4.4883404,10.0,-1,18.186016
17,227,508.2433891296387,498.0023708343506,465.9555358886719,526.380859375,4.300716,8.0,-1,20.312977
14,227,144.4117088317871,1018.5848903656006,102.12385559082031,1046.96337890625,2.1745963,10.0,-1,20.68148
626,227,1625.3794059753418,190.7382869720459,1583.091552734375,219.1167755126953,0.97186875,14.0,-1,2.7504034
4,228,1173.183391571045,37.95136833190918,1130.322998046875,66.6114730834961,44.890656,8.0,1,28.050364
0,228,1304.1356620788574,904.6036891937256,1261.2752685546875,933.2637939453125,42.99325,10.0,1,26.830746
1,228,1321.31840133667,244.1217555999756,1278.4580078125,272.7818603515625,29.936811,8.0,1,26.39778
337,228,1208.99076461792,329.20827293395996,1166.13037109375,357.8683776855469,28.978958,26.0,-1,16.995598
2,228,1433.31693649292,371.63332176208496,1390.45654296875,400.2934265136719,20.044733,8.0,1,24.076729
528,228,1656.807415008545,393.6178798675537,1613.947021484375,422.2779846191406,18.11883,6.0,1,9.59235
6,228,463.5833549499512,236.37706565856934,420.72296142578125,265.03717041015625,13.009383,16.0,-1,7.7929974
3,228,980.4773979187012,454.2688808441162,937.6170043945312,482.9289855957031,12.050061,8.0,1,0.14918187
9,228,1296.71244430542,1066.900930404663,1253.85205078125,1095.56103515625,10.117967,8.0,-1,31.47917
565,228,1129.1835136413574,235.9623622894287,1086.3231201171875,264.6224670410156,7.603379,14.0,-1,21.603981
11,228,286.8698844909668,411.2254238128662,244.00949096679688,439.8855285644531,7.4443307,8.0,1,8.9954815
10,228,408.8437309265137,68.65270805358887,365.98333740234375,97.31281280517578,7.171379,10.0,-1,22.712908
12,228,1101.3107109069824,827.6245021820068,1058.4503173828125,856.2846069335938,6.09173,10.0,-1,24.140184
8,228,1335.1984062194824,379.0468349456787,1292.3380126953125,407.7069396972656,4.627929,8.0,-1,18.640688
7,228,334.0559196472168,413.87560081481934,291.1955261230469,442.53570556640625,4.325668,28.0,-1,10.572868
17,228,510.7491569519043,499.4167995452881,467.8887634277344,528.076904296875,3.5487318,8.0,-1,16.485615
14,228,145.96535110473633,1020.8149929046631,103.1049575805664,1049.47509765625,2.6968048,10.0,-1,21.423615
626,228,1625.3031425476074,193.9381923675537,1582.4427490234375,222.59829711914062,0.41984496,16.0,-1,2.6502984
0,229,1303.9252815246582,907.1572093963623,1260.52294921875,935.6543579101562,54.244125,10.0,1,26.53153
4,229,1172.2092170715332,37.9357967376709,1128.806884765625,66.43294525146484,37.52915,8.0,1,28.32353
1,229,1321.4116096496582,244.51551628112793,1278.00927734375,273.0126647949219,31.261423,8.0,1,27.511877
337,229,1207.7374153137207,329.1294994354248,1164.3350830078125,357.62664794921875,23.949286,26.0,-1,16.941109
528,229,1659.1585578918457,395.77445793151855,1615.7562255859375,424.2716064453125,20.061728,6.0,1,7.5952144
2,229,1433.2503547668457,372.2353343963623,1389.8480224609375,400.73248291015625,19.894995,8.0,1,24.29345
3,229,981.1373176574707,452.3566417694092,937.7349853515625,480.8537902832031,15.061463,14.0,-1,1.3752663
6,229,462.5225410461426,236.09147453308105,419.1202087402344,264.588623046875,12.873136,16.0,-1,5.9091015
10,229,407.9516487121582,67.91033744812012,364.54931640625,96.40748596191406,10.581725,10.0,-1,27.206982
9,229,1297.1371955871582,1064.1011180877686,1253.73486328125,1092.5982666015625,8.413945,8.0,-1,31.250334
12,229,1103.6215705871582,828.0414867401123,1060.21923828125,856.5386352539062,6.775093,10.0,-1,25.038528
8,229,1337.3934211730957,377.3649730682373,1293.9910888671875,405.86212158203125,6.6421623,8.0,-1,21.78071
565,229,1128.6673469543457,235.01911735534668,1085.2650146484375,263.5162658691406,6.3696713,14.0,-1,19.102905
7,229,336.1078987121582,418.4831371307373,292.70556640625,446.98028564453125,5.777414,26.0,-1,4.919982
11,229,286.936466217041,410.79606437683105,243.5341339111328,439.293212890625,5.4413056,8.0,1,10.614693
17,229,510.5749397277832,506.72611808776855,467.172607421875,535.2232666015625,2.3381042,10.0,-1,14.195397
14,229,143.84975814819336,1022.3267040252686,100.44742584228516,1050.8238525390625,1.8655676,10.0,-1,23.117088
626,229,1628.9540901184082,193.953763961792,1585.5517578125,222.45091247558594,0.58108324,12.0,-1,2.2450671
0,230,1304.3772468566895,908.3836650848389,1260.5694580078125,936.5064697265625,52.308598,10.0,1,26.976158
4,230,1171.790699005127,36.28543663024902,1127.98291015625,64.40824127197266,51.911915,8.0,1,29.18928
1,230,1321.2930183410645,245.96319389343262,1277.4852294921875,274.08599853515625,38.391083,8.0,1,27.161118
337,230,1206.4651374816895,330.6766948699951,1162.6573486328125,358.79949951171875,26.94744,24.0,-1,18.072742
2,230,1435.2979011535645,371.3230266571045,1391.4901123046875,399.4458312988281,21.877144,8.0,1,23.899635
528,230,1660.591236114502,396.2233257293701,1616.783447265625,424.34613037109375,14.730292,6.0,1,7.356109
3,230,980.6087532043457,449.49328422546387,936.8009643554688,477.6160888671875,13.137848,14.0,-1,1.3900765
6,230,460.7984199523926,236.465482711792,416.9906311035156,264.5882873535156,12.00808,16.0,-1,7.63976
10,230,411.5064888000488,66.95095634460449,367.6986999511719,95.07376098632812,10.317514,10.0,-1,26.613413
12,230,1104.868091583252,827.9071636199951,1061.060302734375,856.0299682617188,8.222831,10.0,-1,22.371843
9,230,1297.031909942627,1063.1304912567139,1253.22412109375,1091.2532958984375,7.0766406,8.0,-1,31.209389
7,230,331.44072341918945,419.6710796356201,287.6329345703125,447.79388427734375,6.898571,26.0,-1,7.467753
565,230,1128.952320098877,236.07235527038574,1085.14453125,264.1951599121094,5.5419097,14.0,-1,17.968285
11,230,288.400089263916,410.5586223602295,244.59230041503906,438.6814270019531,5.4723725,8.0,1,9.456078
8,230,1337.9766120910645,377.4992961883545,1294.1688232421875,405.6221008300781,5.169911,8.0,-1,21.571407
14,230,142.1886329650879,1019.8741436004639,98.38084411621094,1047.9969482421875,4.1245522,10.0,-1,23.401283
17,230,510.68022537231445,510.6619243621826,466.8724365234375,538.7847290039062,2.408913,10.0,-1,12.622257
626,230,1622.103199005127,191.689115524292,1578.29541015625,219.81192016601562,0.53633803,14.0,-1,1.6843063
0,231,1306.6427268981934,907.4127941131592,1261.8729248046875,936.0690307617188,60.00943,10.0,1,27.614954
4,231,1170.5764427185059,37.28275108337402,1125.806640625,65.9389877319336,47.07092,8.0,1,29.085081
1,231,1323.4833030700684,245.32841300964355,1278.7135009765625,273.9846496582031,44.672348,8.0,1,27.793673
337,231,1206.2781028747559,330.64665031433105,1161.50830078125,359.3028869628906,33.422585,24.0,-1,17.734512
528,231,1660.6900901794434,395.5264720916748,1615.9202880859375,424.1827087402344,24.434423,6.0,1,9.416985
6,231,460.03161239624023,237.6829662322998,415.2618103027344,266.3392028808594,16.115046,16.0,-1,8.153452
2,231,1438.2020530700684,371.06056022644043,1393.4322509765625,399.716796875,16.108835,8.0,1,23.790367
3,231,982.5518455505371,448.2886486053467,937.7820434570312,476.94488525390625,13.641967,14.0,-1,3.8326018
10,231,414.2853660583496,64.72682762145996,369.51556396484375,93.38306427001953,12.261863,8.0,-1,28.181374
9,231,1296.8230247497559,1063.160535812378,1252.05322265625,1091.8167724609375,9.151919,8.0,-1,28.226507
12,231,1106.9004173278809,830.7674694061279,1062.130615234375,859.4237060546875,7.4874,10.0,-1,24.90438
8,231,1341.1209983825684,377.68388175964355,1296.3511962890625,406.3401184082031,6.7650795,8.0,-1,18.688875
11,231,290.7630424499512,409.10111808776855,245.9932403564453,437.7573547363281,6.7490907,8.0,1,11.366193
7,231,330.8409080505371,420.84489250183105,286.07110595703125,449.5011291503906,6.1294937,28.0,-1,5.234643
565,231,1128.7741966247559,237.35169792175293,1084.00439453125,266.0079345703125,5.9694963,14.0,-1,13.234226
14,231,142.08977890014648,1019.7646617889404,97.31997680664062,1048.4208984375,5.1339602,10.0,-1,25.180992
17,231,510.25832748413086,513.5327281951904,465.488525390625,542.18896484375,2.1468513,10.0,-1,15.622002
626,231,1621.8296165466309,191.90742301940918,1577.059814453125,220.56365966796875,0.6055489,14.0,-1,2.8538475
4,232,1172.5023918151855,37.59370231628418,1127.5665283203125,66.25910949707031,55.694946,8.0,1,29.2734
1,232,1322.8800773620605,243.12353324890137,1277.9442138671875,271.7889404296875,43.170086,8.0,1,28.263077
0,232,1309.821849822998,906.7567119598389,1264.885986328125,935.422119140625,39.01374,10.0,1,26.061066
337,232,1203.373851776123,333.6892681121826,1158.43798828125,362.35467529296875,28.221788,24.0,-1,17.201828
528,232,1660.8747062683105,395.36059379577637,1615.9388427734375,424.0260009765625,24.22573,6.0,1,8.869768
2,232,1439.6474113464355,369.2233257293701,1394.7115478515625,397.88873291015625,19.053812,8.0,1,24.613527
3,232,980.8634147644043,447.86181449890137,935.9275512695312,476.5272216796875,17.943754,14.0,-1,7.7254796
6,232,458.21967697143555,240.864164352417,413.2838134765625,269.5295715332031,15.816921,16.0,-1,7.638833
10,232,414.7728080749512,63.36114311218262,369.8369445800781,92.02655029296875,14.552611,8.0,-1,29.54509
7,232,324.2980766296387,422.813383102417,279.3622131347656,451.4787902832031,7.520782,26.0,-1,6.7123575
11,232,289.25385665893555,407.33849906921387,244.3179931640625,436.00390625,7.389012,8.0,1,10.2022705
9,232,1293.5499992370605,1062.5639629364014,1248.6141357421875,1091.2293701171875,6.5751877,8.0,-1,27.379053
12,232,1107.540355682373,830.1937236785889,1062.6044921875,858.859130859375,5.429131,10.0,-1,25.727493
8,232,1343.192699432373,377.849760055542,1298.2568359375,406.5151672363281,5.226342,10.0,-1,19.654915
565,232,1128.3810539245605,240.05319023132324,1083.4451904296875,268.7185974121094,5.1480083,14.0,-1,10.411362
14,232,144.03053665161133,1020.3642559051514,99.09467315673828,1049.0296630859375,3.9815826,10.0,-1,27.74955
17,232,510.2675590515137,514.9421367645264,465.3316955566406,543.6075439453125,2.6441429,10.0,-1,15.913761
626,232,1621.820384979248,193.26800346374512,1576.884521484375,221.93341064453125,0.6921938,12.0,-1,4.073258
1,233,1323.3771057128906,241.21867179870605,1278.075439453125,270.0711364746094,50.79161,8.0,1,27.191938
4,233,1173.3710021972656,38.87953758239746,1128.0693359375,67.73200225830078,48.416714,8.0,1,28.089739
0,233,1312.1671447753906,906.2723522186279,1266.865478515625,935.1248168945312,38.717342,10.0,1,26.305786
337,233,1202.5049133300781,336.87135124206543,1157.2032470703125,365.72381591796875,27.283836,24.0,-1,18.34549
528,233,1659.2408752441406,395.0462474822998,1613.939208984375,423.8987121582031,25.924734,6.0,1,8.102292
3,233,981.1044616699219,449.0644359588623,935.8027954101562,477.9169006347656,24.406649,14.0,-1,8.078375
2,233,1439.5945129394531,369.64369010925293,1394.2928466796875,398.49615478515625,18.904957,8.0,1,24.62342
6,233,459.4115905761719,241.17851066589355,414.10992431640625,270.0309753417969,17.559267,16.0,-1,7.6346693
7,233,321.5132751464844,423.74503898620605,276.21160888671875,452.5975036621094,8.469357,24.0,-1,6.866282
10,233,416.34442138671875,61.824819564819336,371.0427551269531,90.67728424072266,8.185155,10.0,-1,29.285004
9,233,1290.1617736816406,1063.3695812225342,1244.860107421875,1092.2220458984375,7.065211,8.0,-1,27.321955
8,233,1345.0494689941406,381.18949699401855,1299.747802734375,410.0419616699219,6.84713,10.0,-1,19.034883
12,233,1107.4492492675781,828.0824108123779,1062.1475830078125,856.9348754882812,6.5363374,10.0,-1,24.755177
11,233,289.896484375,406.6949291229248,244.59481811523438,435.5473937988281,5.160355,8.0,1,10.601238
565,233,1126.2502746582031,239.33720207214355,1080.9486083984375,268.1896667480469,5.1426854,14.0,-1,8.26123
14,233,144.08343505859375,1018.4437999725342,98.78176879882812,1047.2962646484375,3.0411375,10.0,-1,26.414871
17,233,510.00042724609375,516.2060070037842,464.6987609863281,545.0584716796875,1.7425979,12.0,-1,13.625544
626,233,1620.2478332519531,191.03373527526855,1574.9461669921875,219.88619995117188,0.86751515,12.0,-1,3.6628351
4,234,1173.3930969238281,38.7552547454834,1128.18212890625,68.07230377197266,69.76502,8.0,1,28.493683
1,234,1323.3550109863281,242.53106498718262,1278.14404296875,271.8481140136719,60.43446,8.0,1,27.420258
0,234,1313.2048645019531,906.9800701141357,1267.993896484375,936.297119140625,48.266308,10.0,1,26.590912
337,234,1201.5570373535156,337.5989360809326,1156.3460693359375,366.9159851074219,31.78624,24.0,-1,19.497486
2,234,1437.9663391113281,369.767972946167,1392.75537109375,399.08502197265625,22.897377,8.0,1,23.838947
528,234,1659.3840637207031,395.69518852233887,1614.173095703125,425.0122375488281,20.74619,6.0,1,6.6439805
6,234,459.91766357421875,240.49511528015137,414.7066955566406,269.8121643066406,16.457169,16.0,-1,7.8010397
3,234,981.6361389160156,448.3784465789795,936.4251708984375,477.69549560546875,14.92025,14.0,-1,10.094254
9,234,1289.1665344238281,1060.7160320281982,1243.95556640625,1090.0330810546875,14.231532,8.0,-1,31.345621
10,234,417.1359558105469,58.717947006225586,371.92498779296875,88.03499603271484,13.99764,10.0,-1,29.112377
7,234,321.01837158203125,422.0977153778076,275.8074035644531,451.4147644042969,10.144557,28.0,-1,6.2058487
12,234,1108.4873352050781,824.929594039917,1063.2763671875,854.2466430664062,8.485165,10.0,-1,26.578934
565,234,1123.3740539550781,237.50143241882324,1078.1630859375,266.8184814453125,7.3142657,12.0,-1,7.4641957
8,234,1346.4599914550781,381.735990524292,1301.2490234375,411.05303955078125,7.2330284,10.0,-1,17.385508
11,234,289.8024139404297,407.51025199890137,244.59144592285156,436.8273010253906,3.6582403,8.0,1,9.967458
17,234,511.88909912109375,517.2083415985107,466.6781311035156,546.525390625,2.595626,10.0,-1,12.581378
14,234,143.8807373046875,1017.2135906219482,98.66976928710938,1046.5306396484375,2.374899,10.0,-1,24.268614
626,234,1619.3585510253906,194.24000358581543,1574.1475830078125,223.5570526123047,0.80259585,12.0,-1,5.1329827
0,235,1311.8652038574219,906.3951816558838,1266.57470703125,935.7948608398438,46.30745,10.0,1,25.935627
4,235,1171.1781921386719,40.37594795227051,1125.8876953125,69.77562713623047,42.74721,8.0,1,28.602531
1,235,1324.8438415527344,241.52268409729004,1279.5533447265625,270.92236328125,34.839428,8.0,1,27.92909
337,235,1199.6883239746094,340.21848487854004,1154.3978271484375,369.6181640625,31.155739,24.0,-1,17.54771
528,235,1659.4867858886719,394.01600074768066,1614.1962890625,423.4156799316406,23.223207,6.0,1,6.2739053
2,235,1437.8986511230469,368.0144748687744,1392.608154296875,397.4141540527344,21.18289,8.0,1,25.144718
6,235,459.4420471191406,237.66626930236816,414.15155029296875,267.0659484863281,15.824005,16.0,-1,7.247309
7,235,318.5362854003906,422.3083896636963,273.24578857421875,451.70806884765625,15.67636,24.0,-1,4.3618946
10,235,417.22222900390625,58.507272720336914,371.9317321777344,87.90695190429688,14.218236,10.0,-1,28.558096
3,235,982.0245056152344,448.6146640777588,936.7340087890625,478.01434326171875,12.03164,14.0,-1,9.797275
9,235,1289.0539245605469,1062.7059116363525,1243.763427734375,1092.1055908203125,8.584725,8.0,-1,29.679657
12,235,1107.5556335449219,822.01877784729,1062.26513671875,851.41845703125,8.162728,10.0,-1,27.10131
8,235,1346.5276794433594,384.7755832672119,1301.2371826171875,414.1752624511719,7.856568,10.0,-1,17.187517
565,235,1122.6683044433594,235.51270484924316,1077.3778076171875,264.9123840332031,3.8975914,12.0,-1,9.618121
11,235,290.8558807373047,403.4157199859619,245.5653839111328,432.8153991699219,3.2784731,8.0,1,11.152548
17,235,513.5155029296875,521.9858798980713,468.2250061035156,551.3855590820312,1.8324529,12.0,-1,10.836837
14,235,144.80413055419922,1018.14670753479,99.51363372802734,1047.54638671875,1.8066001,10.0,-1,26.454016
626,235,1620.6316833496094,197.10076332092285,1575.3411865234375,226.5004425048828,0.72158486,12.0,-1,3.3078635
1,236,1325.9237823486328,240.5076389312744,1280.2373046875,270.040771484375,61.827747,8.0,1,27.7339
4,236,1168.1179962158203,40.50663948059082,1122.4315185546875,70.0397720336914,61.029232,8.0,1,28.79123
0,236,1311.5890655517578,906.5166721343994,1265.902587890625,936.0498046875,54.222195,10.0,1,25.51338
337,236,1199.8404083251953,342.49500465393066,1154.1539306640625,372.02813720703125,25.378809,24.0,-1,20.242996
2,236,1439.9506378173828,368.1179904937744,1394.26416015625,397.651123046875,24.276587,8.0,1,24.870459
528,236,1659.5647735595703,395.39829444885254,1613.8782958984375,424.9314270019531,21.409163,6.0,1,9.338236
6,236,459.34193420410156,236.88428688049316,413.65545654296875,266.41741943359375,19.401167,16.0,-1,5.6634884
3,236,983.3018341064453,448.2837619781494,937.6153564453125,477.81689453125,15.504322,14.0,-1,10.768326
10,236,417.1133270263672,60.24014472961426,371.4268493652344,89.77327728271484,12.299806,10.0,-1,28.137089
7,236,318.4788360595703,424.4049472808838,272.7923583984375,453.9380798339844,9.446415,24.0,-1,3.3668823
8,236,1345.7716827392578,384.5005588531494,1300.085205078125,414.03369140625,9.237807,10.0,-1,15.839136
9,236,1288.4892120361328,1064.5003147125244,1242.802734375,1094.033447265625,8.543748,8.0,-1,34.52848
12,236,1107.3329620361328,821.0663547515869,1061.646484375,850.5994873046875,6.630211,10.0,-1,28.263062
565,236,1124.0106964111328,234.48768043518066,1078.32421875,264.02081298828125,4.262582,12.0,-1,20.200188
11,236,290.913330078125,402.57126808166504,245.2268524169922,432.1044006347656,2.5523112,8.0,1,5.974452
14,236,145.9473419189453,1017.9110813140869,100.2608642578125,1047.4442138671875,2.0745187,10.0,-1,22.408274
17,236,516.2986907958984,523.8095188140869,470.6122131347656,553.3426513671875,1.7938751,10.0,-1,10.737169
626,236,1618.5844268798828,196.99724769592285,1572.89794921875,226.53038024902344,0.8912911,12.0,-1,3.6338882
1,237,1328.366683959961,239.22970008850098,1282.0887451171875,268.74462890625,45.06612,8.0,1,27.156107
337,237,1201.024154663086,341.9970645904541,1154.7462158203125,371.5119934082031,41.27045,22.0,-1,20.416145
0,237,1311.498764038086,908.2176761627197,1265.2208251953125,937.7326049804688,35.82152,10.0,1,24.444897
4,237,1167.712387084961,39.19316291809082,1121.4344482421875,68.70809173583984,33.403385,8.0,1,29.002209
2,237,1441.400131225586,367.3075199127197,1395.1221923828125,396.82244873046875,25.866613,8.0,1,25.098179
6,237,458.2647247314453,238.36623573303223,411.9867858886719,267.88116455078125,22.243254,16.0,-1,7.990343
528,237,1658.482162475586,394.4121036529541,1612.2042236328125,423.9270324707031,19.175241,6.0,1,8.835463
3,237,983.7128753662109,448.26604652404785,937.4349365234375,477.7809753417969,16.543304,14.0,-1,9.188332
10,237,417.20362854003906,61.62864875793457,370.9256896972656,91.1435775756836,9.70843,10.0,-1,27.049145
7,237,319.23497009277344,426.4031620025635,272.95703125,455.9180908203125,9.649458,26.0,-1,4.5098004
9,237,1288.0015716552734,1064.765100479126,1241.7236328125,1094.280029296875,9.307412,8.0,-1,32.75694
12,237,1106.1585540771484,822.7625980377197,1059.880615234375,852.2775268554688,7.6565785,10.0,-1,28.374348
11,237,288.13111877441406,404.76494789123535,241.85317993164062,434.2798767089844,5.7495427,8.0,1,5.622667
8,237,1347.7664642333984,386.1319828033447,1301.488525390625,415.64691162109375,4.9329066,10.0,-1,14.665174
565,237,1127.183090209961,234.29854774475098,1080.9051513671875,263.8134765625,4.599791,12.0,-1,21.50917
14,237,146.04059600830078,1017.9287967681885,99.76265716552734,1047.4437255859375,3.6615305,10.0,-1,16.558035
17,237,513.4186553955078,523.1589603424072,467.1407165527344,552.6738891601562,1.3359524,12.0,-1,11.267333
626,237,1617.339096069336,196.5243320465088,1571.0611572265625,226.0392608642578,0.70502585,16.0,-1,3.53816
4,238,1166.8223724365234,39.85147285461426,1120.1666259765625,69.89720916748047,52.88261,8.0,1,28.107307
1,238,1329.6988372802734,235.90198707580566,1283.0430908203125,265.9477233886719,36.090904,8.0,1,26.490623
0,238,1311.609603881836,906.7908725738525,1264.953857421875,936.8366088867188,32.01885,10.0,1,20.81797
337,238,1198.6114349365234,342.13572120666504,1151.9556884765625,372.18145751953125,27.035349,22.0,-1,20.53535
2,238,1441.9927825927734,364.0458164215088,1395.3370361328125,394.091552734375,22.862463,8.0,1,26.360775
528,238,1659.9041595458984,395.0345859527588,1613.2484130859375,425.080322265625,17.331507,6.0,1,7.8770647
10,238,418.8816375732422,61.897783279418945,372.22589111328125,91.94351959228516,15.559769,10.0,-1,29.255417
3,238,983.9996795654297,446.74973487854004,937.3439331054688,476.79547119140625,13.899387,14.0,-1,11.411837
6,238,454.89491271972656,238.78379249572754,408.2391662597656,268.82952880859375,13.352013,16.0,-1,7.2701225
7,238,319.0334930419922,426.72937965393066,272.37774658203125,456.7751159667969,9.200019,26.0,-1,4.9129786
9,238,1286.616683959961,1066.1614170074463,1239.9609375,1096.2071533203125,8.840602,8.0,-1,34.013023
12,238,1105.7391204833984,822.72190284729,1059.0833740234375,852.7676391601562,7.184797,10.0,-1,27.731514
11,238,287.3177490234375,404.3173007965088,240.66200256347656,434.363037109375,6.8976893,8.0,1,3.6245089
565,238,1129.108139038086,231.69223976135254,1082.452392578125,261.73797607421875,6.655403,10.0,-1,24.501358
8,238,1349.796615600586,386.1726779937744,1303.140869140625,416.2184143066406,6.1492577,10.0,-1,14.877447
14,238,144.61139678955078,1014.3667392730713,97.95565032958984,1044.4124755859375,3.2502394,12.0,-1,15.729556
17,238,514.1305694580078,522.2550449371338,467.4748229980469,552.30078125,2.1128225,12.0,-1,9.773993
626,238,1617.228256225586,201.30576515197754,1570.572509765625,231.35150146484375,0.9462454,12.0,-1,4.837086
4,239,1166.3052368164062,38.33427619934082,1119.4498291015625,68.32221221923828,53.95538,8.0,1,30.237267
1,239,1330.9251098632812,234.1358127593994,1284.0697021484375,264.1237487792969,44.222733,8.0,1,27.410189
337,239,1196.2482299804688,341.76011085510254,1149.392822265625,371.748046875,43.109333,22.0,-1,20.638535
0,239,1313.0016479492188,908.4271640777588,1266.146240234375,938.4151000976562,28.972174,10.0,1,21.28521
2,239,1442.1329956054688,364.82691383361816,1395.277587890625,394.8148498535156,28.42822,8.0,1,25.807016
528,239,1658.5541381835938,392.4930820465088,1611.69873046875,422.48101806640625,23.394655,6.0,1,10.104329
6,239,453.39111328125,238.11631202697754,406.53570556640625,268.104248046875,14.328883,16.0,-1,6.5107555
12,239,1104.8803100585938,821.7297763824463,1058.02490234375,851.7177124023438,12.289307,8.0,-1,29.66413
9,239,1288.5720825195312,1064.090311050415,1241.7166748046875,1094.0782470703125,11.905021,8.0,-1,32.229424
3,239,987.3944091796875,447.12534523010254,940.5390014648438,477.11328125,10.948951,14.0,-1,9.883109
10,239,417.6607971191406,62.27579689025879,370.8053894042969,92.26373291015625,10.695876,10.0,-1,28.65659
7,239,318.8932800292969,427.15784645080566,272.0378723144531,457.1457824707031,6.8683343,26.0,-1,4.878226
8,239,1352.0899047851562,386.8582248687744,1305.2344970703125,416.8461608886719,4.3210173,10.0,-1,13.888918
11,239,287.62693786621094,405.22861671447754,240.7715301513672,435.216552734375,4.244174,8.0,1,3.2865086
565,239,1131.1712036132812,233.0060214996338,1084.3157958984375,262.99395751953125,3.447795,12.0,-1,19.096567
14,239,143.18252563476562,1012.13254737854,96.32711791992188,1042.1204833984375,3.4296763,10.0,-1,18.31888
17,239,510.61578369140625,524.8960361480713,463.7603759765625,554.8839721679688,1.273673,12.0,-1,8.436085
626,239,1621.4863891601562,200.64754676818848,1574.6309814453125,230.63548278808594,0.9919482,10.0,-1,5.4788156
4,240,1166.9076538085938,36.04335975646973,1119.891845703125,66.01004028320312,69.71872,8.0,1,30.297182
1,240,1330.9053344726562,234.00051307678223,1283.8895263671875,263.9671936035156,49.171207,8.0,1,27.617613
337,240,1195.5667114257812,341.393030166626,1148.5509033203125,371.3597106933594,34.207203,22.0,-1,21.154488
2,240,1441.5150756835938,365.0838565826416,1394.499267578125,395.050537109375,33.322414,8.0,1,25.242373
528,240,1658.7743530273438,391.7791385650635,1611.758544921875,421.7458190917969,31.764223,6.0,1,9.390951
0,240,1313.0214233398438,910.0422916412354,1266.005615234375,940.0089721679688,30.47505,10.0,1,19.07911
6,240,451.01031494140625,238.23354530334473,403.9945068359375,268.2002258300781,18.015337,16.0,-1,6.462883
3,240,988.3599243164062,449.88677406311035,941.3441162109375,479.85345458984375,16.277258,14.0,-1,12.220354
10,240,417.0828857421875,62.1585636138916,370.06707763671875,92.125244140625,14.692883,10.0,-1,29.489025
12,240,1102.5530395507812,821.0244693756104,1055.5372314453125,850.9911499023438,12.53605,10.0,-1,25.784899
7,240,315.01300048828125,427.33147621154785,267.9971923828125,457.29815673828125,7.708168,28.0,-1,5.4701185
565,240,1130.8916625976562,233.94085121154785,1083.8758544921875,263.90753173828125,6.719082,12.0,-1,20.325665
9,240,1289.9092407226562,1066.2288761138916,1242.8934326171875,1096.195556640625,5.5351257,8.0,-1,26.612589
14,240,144.3052215576172,1010.4796085357666,97.28941345214844,1040.4462890625,5.4078712,10.0,-1,20.312656
8,240,1353.4236450195312,386.3971195220947,1306.4078369140625,416.3638000488281,5.0073385,10.0,-1,15.165331
11,240,291.0526428222656,405.9780521392822,244.03683471679688,435.9447326660156,2.2622054,8.0,1,7.01017
17,240,508.6190490722656,528.0142154693604,461.6032409667969,557.9808959960938,2.0529284,10.0,-1,9.260499
626,240,1624.1475219726562,200.0801181793213,1577.1317138671875,230.0467987060547,0.80308396,12.0,-1,6.246649
4,241,1169.039810180664,35.48020362854004,1121.63720703125,66.14295959472656,57.679142,8.0,1,29.45419
1,241,1332.0294342041016,233.69915199279785,1284.6268310546875,264.3619079589844,29.001387,8.0,1,26.308779
0,241,1314.096206665039,910.9431400299072,1266.693603515625,941.6058959960938,24.40225,10.0,1,19.261387
528,241,1660.027603149414,391.74578285217285,1612.625,422.4085388183594,21.202467,6.0,1,9.290267
3,241,989.9015045166016,449.816614151001,942.4989013671875,480.4793701171875,21.140251,14.0,-1,12.051427
337,241,1195.5609283447266,340.65679359436035,1148.1583251953125,371.3195495605469,19.643137,24.0,-1,19.023367
2,241,1440.340347290039,365.1172122955322,1392.937744140625,395.77996826171875,17.450575,8.0,1,24.662088
6,241,451.4225311279297,239.89718055725098,404.0199279785156,270.5599365234375,17.35413,16.0,-1,6.1257744
12,241,1106.185562133789,819.4104251861572,1058.782958984375,850.0731811523438,13.887347,10.0,-1,25.057617
10,241,417.0886688232422,59.22542762756348,369.6860656738281,89.88818359375,12.28751,10.0,-1,29.141396
9,241,1289.5975494384766,1069.143274307251,1242.1949462890625,1099.8060302734375,7.731039,8.0,-1,32.688057
7,241,312.6571807861328,430.2898807525635,265.25457763671875,460.95263671875,6.411324,28.0,-1,4.9550376
14,241,140.87600708007812,1007.5454959869385,93.47340393066406,1038.208251953125,4.817638,12.0,-1,17.65907
8,241,1352.786392211914,387.19646644592285,1305.3837890625,417.8592224121094,4.455837,10.0,-1,15.345411
565,241,1131.1808013916016,234.9952335357666,1083.7781982421875,265.6579895019531,3.6460588,12.0,-1,21.849167
11,241,290.35206604003906,407.2305850982666,242.949462890625,437.8933410644531,2.9831312,8.0,1,2.165431
17,241,507.2627716064453,525.8594608306885,459.86016845703125,556.522216796875,1.700296,12.0,-1,9.037962
626,241,1623.9747467041016,201.16008949279785,1576.5721435546875,231.82284545898438,0.9715481,12.0,-1,4.9509196
4,242,1169.2779235839844,34.69691276550293,1122.2139892578125,65.4053726196289,44.352337,8.0,1,28.136322
1,242,1330.6156921386719,234.56207847595215,1283.5517578125,265.2705383300781,29.904696,8.0,1,26.94337
2,242,1436.9605407714844,363.9757137298584,1389.8966064453125,394.6841735839844,28.751818,8.0,1,26.098436
0,242,1314.0707702636719,912.9626216888428,1267.0068359375,943.6710815429688,27.276278,10.0,1,15.924587
337,242,1192.6526794433594,340.692419052124,1145.5887451171875,371.40087890625,22.840212,24.0,-1,18.829544
528,242,1658.4195251464844,392.82770347595215,1611.3555908203125,423.5361633300781,19.907827,6.0,1,9.866319
3,242,991.6665344238281,449.2596492767334,944.6026000976562,479.9681091308594,18.771149,14.0,-1,8.80748
12,242,1106.2906188964844,822.9284420013428,1059.2266845703125,853.6369018554688,16.73682,10.0,-1,24.760382
6,242,451.4479675292969,242.20624351501465,404.384033203125,272.9147033691406,15.358144,16.0,-1,7.4071326
10,242,415.43914794921875,59.189802169799805,368.3752136230469,89.89826202392578,13.514514,10.0,-1,28.060862
9,242,1290.6436462402344,1069.0419063568115,1243.5797119140625,1099.7503662109375,11.17947,8.0,-1,35.581287
8,242,1352.9100036621094,387.32416343688965,1305.8460693359375,418.0326232910156,5.4452877,10.0,-1,15.9819975
7,242,307.9293518066406,430.04291343688965,260.86541748046875,460.7513732910156,5.239636,28.0,-1,2.0662165
11,242,290.45533752441406,404.9299373626709,243.3914031982422,435.6383972167969,3.947916,8.0,1,3.8149452
14,242,137.6344223022461,1010.0704708099365,90.57048797607422,1040.7789306640625,3.402071,12.0,-1,17.627995
565,242,1129.1381530761719,235.39053916931152,1082.07421875,266.0989990234375,3.3965313,14.0,-1,24.190788
17,242,509.5898742675781,524.264196395874,462.52593994140625,554.97265625,1.3223265,10.0,-1,10.243607
626,242,1624.5273132324219,198.9263973236084,1577.46337890625,229.63485717773438,0.65398514,12.0,-1,5.5042925
1,243,1330.6063537597656,232.4700222015381,1283.756591796875,263.52593994140625,38.76807,8.0,1,26.94927
4,243,1167.5926818847656,33.876569747924805,1120.742919921875,64.93248748779297,38.508625,8.0,1,29.421482
337,243,1191.5243225097656,340.2892665863037,1144.674560546875,371.3451843261719,30.717653,24.0,-1,18.580524
0,243,1314.7507629394531,912.4287624359131,1267.9010009765625,943.4846801757812,26.514711,10.0,1,16.525864
2,243,1435.9693908691406,365.9841823577881,1389.11962890625,397.04010009765625,24.749489,8.0,1,24.809359
528,243,1658.4288635253906,395.2427272796631,1611.5791015625,426.29864501953125,23.84823,6.0,1,10.534351
12,243,1105.1896057128906,822.8740139007568,1058.33984375,853.929931640625,18.779829,10.0,-1,26.797125
3,243,992.5257263183594,450.0508327484131,945.6759643554688,481.10675048828125,18.20632,14.0,-1,6.51192
6,243,447.7020263671875,241.3764247894287,400.8522644042969,272.4323425292969,15.876731,16.0,-1,5.8178716
10,243,418.93048095703125,61.20626640319824,372.0807189941406,92.2621841430664,11.984734,10.0,-1,28.725529
9,243,1288.9013977050781,1066.8868312835693,1242.0516357421875,1097.9427490234375,11.701625,8.0,-1,33.597027
7,243,308.1360168457031,434.1337490081787,261.2862548828125,465.1896667480469,8.533999,28.0,-1,5.1470585
8,243,1353.4455871582031,384.0699062347412,1306.5958251953125,415.1258239746094,5.310972,10.0,-1,15.787422
565,243,1130.5921936035156,237.28001976013184,1083.742431640625,268.3359375,4.3956084,14.0,-1,21.141502
14,243,136.3636016845703,1011.0147609710693,89.51383972167969,1042.0706787109375,3.233575,12.0,-1,15.534166
11,243,293.22662353515625,404.98436546325684,246.37686157226562,436.040283203125,3.1334057,8.0,1,5.1844664
17,243,513.2728271484375,523.0991115570068,466.4230651855469,554.155029296875,1.684529,10.0,-1,11.548357
626,243,1621.0646057128906,199.25845909118652,1574.21484375,230.3143768310547,1.2441106,12.0,-1,6.1821494
4,244,1167.1496276855469,33.876970291137695,1120.1812744140625,64.28009033203125,48.936264,8.0,1,30.479725
1,244,1333.5906677246094,232.2723560333252,1286.622314453125,262.67547607421875,28.946436,8.0,1,25.661331
2,244,1438.7410583496094,366.3503589630127,1391.772705078125,396.75347900390625,25.541006,8.0,1,24.484161
12,244,1107.3257751464844,821.3632984161377,1060.357421875,851.7664184570312,22.162382,10.0,-1,26.92572
0,244,1315.4987487792969,912.5905323028564,1268.5303955078125,942.99365234375,21.917963,10.0,1,13.432822
528,244,1658.2900085449219,396.04417610168457,1611.3216552734375,426.4472961425781,20.5348,6.0,1,10.96139
337,244,1192.8780212402344,338.6687488555908,1145.90966796875,369.0718688964844,20.299562,24.0,-1,18.744968
6,244,446.6429443359375,241.65709114074707,399.6745910644531,272.0602111816406,17.48041,16.0,-1,6.550553
3,244,989.5279846191406,449.72944831848145,942.5596313476562,480.132568359375,12.3566475,14.0,-1,4.5611887
10,244,418.89544677734375,63.069108963012695,371.9270935058594,93.47222900390625,11.721547,8.0,-1,29.479168
7,244,308.1710510253906,431.5263843536377,261.20269775390625,461.92950439453125,7.3907447,26.0,-1,4.111764
9,244,1291.9660339355469,1066.8864307403564,1244.9976806640625,1097.28955078125,6.729956,8.0,-1,33.0324
8,244,1352.8207702636719,384.65257453918457,1305.8524169921875,415.0556945800781,5.3532023,10.0,-1,17.144777
565,244,1128.5750427246094,236.77708625793457,1081.606689453125,267.1802062988281,3.3661706,14.0,-1,26.734222
11,244,294.7535858154297,403.96702766418457,247.7852325439453,434.3701477050781,2.8684149,8.0,1,5.7834883
17,244,514.6153564453125,528.1333179473877,467.6470031738281,558.5364379882812,2.1568344,10.0,-1,10.892866
14,244,134.5865707397461,1011.1120166778564,87.61821746826172,1041.51513671875,2.057313,12.0,-1,12.891174
626,244,1619.0328063964844,198.17532539367676,1572.064453125,228.5784454345703,1.2836374,12.0,-1,4.8392015
4,245,1167.2385559082031,33.48277473449707,1120.1334228515625,63.977142333984375,70.17165,8.0,1,29.279612
2,245,1437.1090393066406,367.9057788848877,1390.00390625,398.400146484375,40.65442,8.0,1,24.903667
1,245,1332.7749328613281,231.6612720489502,1285.6697998046875,262.1556396484375,27.548208,8.0,1,27.365692
337,245,1189.3843078613281,338.94297981262207,1142.2791748046875,369.4373474121094,25.401297,24.0,-1,19.93058
0,245,1315.4098205566406,913.6181812286377,1268.3046875,944.112548828125,23.280878,10.0,1,9.7885475
528,245,1656.1346740722656,396.94856452941895,1609.029541015625,427.44293212890625,19.025602,6.0,1,10.731594
6,245,447.5416259765625,242.24217414855957,400.4364929199219,272.7365417480469,16.311934,16.0,-1,6.705398
12,245,1108.4414367675781,818.9333057403564,1061.3363037109375,849.4276733398438,14.28175,10.0,-1,25.199894
3,245,987.9827575683594,448.9546070098877,940.8776245117188,479.448974609375,11.627185,14.0,-1,2.9901378
10,245,420.1961975097656,62.88498878479004,373.091064453125,93.37935638427734,11.178178,10.0,-1,28.923683
9,245,1293.2304992675781,1066.7435474395752,1246.1253662109375,1097.2379150390625,8.772275,8.0,-1,32.593357
7,245,308.699951171875,433.63166999816895,261.5948181152344,464.12603759765625,8.298043,26.0,-1,5.0258846
8,245,1352.2534484863281,384.21714973449707,1305.1483154296875,414.7115173339844,4.2463384,10.0,-1,16.728346
565,245,1126.7872619628906,238.7165699005127,1079.68212890625,269.2109375,3.0163736,14.0,-1,30.238684
11,245,297.0613555908203,405.0854663848877,249.9562225341797,435.579833984375,3.0072358,8.0,1,5.681549
14,245,134.38672637939453,1011.2548999786377,87.2815933227539,1041.749267578125,2.1798792,14.0,-1,11.876552
17,245,514.9839782714844,527.2616748809814,467.87884521484375,557.7560424804688,2.1362643,10.0,-1,10.345686
626,245,1619.3365783691406,195.8451099395752,1572.2314453125,226.3394775390625,0.99626714,12.0,-1,6.1108713
1,246,1331.9120483398438,232.95076179504395,1283.965576171875,264.06353759765625,40.548508,8.0,1,26.669731
2,246,1435.7603149414062,369.92027473449707,1387.8138427734375,401.0330505371094,40.03376,8.0,1,24.952307
4,246,1170.3538208007812,32.12141990661621,1122.4073486328125,63.234195709228516,36.056374,8.0,1,28.441935
337,246,1188.6215209960938,339.1260242462158,1140.675048828125,370.2388000488281,32.611736,22.0,-1,21.013456
12,246,1109.8817749023438,816.683183670044,1061.935302734375,847.7959594726562,23.088755,10.0,-1,26.584656
528,246,1653.8320922851562,396.37706184387207,1605.8856201171875,427.4898376464844,22.935286,6.0,1,7.8136764
0,246,1314.6469116210938,913.5927906036377,1266.700439453125,944.70556640625,18.104437,10.0,1,9.983119
6,246,446.2767028808594,243.06172370910645,398.3302307128906,274.17449951171875,17.49707,16.0,-1,6.648776
3,246,987.9342651367188,448.4877185821533,939.98779296875,479.6004943847656,14.034446,14.0,-1,3.6141832
10,246,422.4204406738281,63.60766792297363,374.4739685058594,94.72044372558594,9.418875,10.0,-1,25.745363
9,246,1293.2789916992188,1066.7689380645752,1245.33251953125,1097.8817138671875,9.135203,8.0,-1,34.19965
8,246,1353.8341674804688,385.1353931427002,1305.8876953125,416.2481689453125,4.2314506,8.0,-1,17.970192
11,246,298.2243347167969,403.6199207305908,250.27786254882812,434.7326965332031,4.1851306,8.0,1,5.2945843
7,246,308.148193359375,435.3613452911377,260.20172119140625,466.47412109375,4.090673,28.0,-1,1.8964922
565,246,1125.9181518554688,235.1119556427002,1077.9716796875,266.2247314453125,3.5504296,12.0,-1,33.528
14,246,136.14490509033203,1013.9011402130127,88.19843292236328,1045.013916015625,1.703492,14.0,-1,12.576695
17,246,518.6630859375,525.5138111114502,470.71661376953125,556.6265869140625,1.6597434,12.0,-1,10.059914
626,246,1619.6812133789062,194.8641529083252,1571.7347412109375,225.9769287109375,0.9736118,12.0,-1,6.6104755
4,247,1173.5145874023438,33.22679328918457,1125.6151123046875,64.34414672851562,41.359776,8.0,1,29.915802
1,247,1332.6615600585938,235.0704517364502,1284.7620849609375,266.18780517578125,35.80235,8.0,1,27.34821
2,247,1433.2119750976562,370.80549812316895,1385.3125,401.9228515625,28.92098,8.0,1,26.03272
0,247,1313.9838256835938,913.1643238067627,1266.0843505859375,944.2816772460938,22.320154,10.0,1,11.916216
337,247,1189.1218872070312,339.1260242462158,1141.222412109375,370.2433776855469,21.511415,22.0,-1,19.548412
12,247,1109.8817749023438,814.7406787872314,1061.9822998046875,845.8580322265625,20.936901,10.0,-1,24.02452
528,247,1651.3247680664062,395.9598560333252,1603.42529296875,427.07720947265625,17.18125,6.0,1,9.721247
6,247,446.0586242675781,244.99998664855957,398.1591491699219,276.1173400878906,16.397692,16.0,-1,8.880375
3,247,988.3892822265625,448.34007453918457,940.4898071289062,479.4574279785156,14.8336935,14.0,-1,6.790996
10,247,423.2195739746094,63.324357986450195,375.3200988769531,94.44171142578125,10.7571945,8.0,-1,27.72566
9,247,1292.1801147460938,1067.210039138794,1244.2806396484375,1098.327392578125,10.000068,8.0,-1,35.271347
8,247,1354.0415649414062,385.2709217071533,1306.14208984375,416.3882751464844,5.3088117,10.0,-1,16.36324
7,247,305.7952880859375,436.22932624816895,257.89581298828125,467.3466796875,4.9022593,26.0,-1,2.4059196
11,247,299.2678985595703,402.45063972473145,251.36842346191406,433.5679931640625,3.9568503,8.0,1,3.7186975
14,247,133.36786651611328,1013.280351638794,85.46839141845703,1044.397705078125,1.8444341,14.0,-1,12.827711
17,247,517.7384948730469,527.283037185669,469.8390197753906,558.400390625,1.2699703,12.0,-1,9.590564
626,247,1622.3761596679688,194.67173957824707,1574.4766845703125,225.78909301757812,0.9807083,12.0,-1,5.176415
4,248,1172.4880905151367,33.03017234802246,1124.187744140625,63.817630767822266,64.34267,8.0,1,27.88586
2,248,1432.9043502807617,370.8276844024658,1384.60400390625,401.6151428222656,30.491049,8.0,1,26.119453
337,248,1188.1172409057617,339.0756092071533,1139.81689453125,369.8630676269531,29.534563,24.0,-1,21.191158
1,248,1333.5458297729492,234.88594245910645,1285.2454833984375,265.67340087890625,26.560099,8.0,1,27.127277
0,248,1312.6774215698242,913.6261157989502,1264.3770751953125,944.41357421875,23.639204,10.0,1,16.052727
3,248,990.0879440307617,448.02632331848145,941.78759765625,478.81378173828125,18.58537,14.0,-1,7.9727497
528,248,1651.0681686401367,397.9539966583252,1602.767822265625,428.741455078125,17.867708,6.0,1,8.189044
12,248,1108.8356246948242,814.7406787872314,1060.5352783203125,845.5281372070312,12.801343,10.0,-1,27.073132
8,248,1354.1973190307617,383.2087879180908,1305.89697265625,413.9962463378906,11.042709,8.0,-1,18.659872
6,248,447.7962875366211,243.06437873840332,399.4959411621094,273.8518371582031,10.920491,16.0,-1,8.981967
9,248,1296.5355758666992,1068.7147388458252,1248.2352294921875,1099.502197265625,9.75287,8.0,-1,33.33808
10,248,423.1668930053711,61.67514228820801,374.8665466308594,92.46260070800781,9.078254,10.0,-1,27.416489
7,248,304.8788070678711,434.9331226348877,256.5784606933594,465.7205810546875,6.1632657,28.0,-1,1.4545225
565,248,1127.2725143432617,234.74809455871582,1078.97216796875,265.5355529785156,3.5772398,14.0,-1,31.042774
11,248,299.8554916381836,402.5057849884033,251.55514526367188,433.2932434082031,3.044968,8.0,1,3.3369002
17,248,518.696159362793,529.8683032989502,470.39581298828125,560.65576171875,2.1237025,12.0,-1,10.4726095
14,248,133.36786651611328,1013.3595142364502,85.06752014160156,1044.14697265625,2.0965152,14.0,-1,9.068415
626,248,1623.9529342651367,196.66302680969238,1575.652587890625,227.4504852294922,1.3126605,12.0,-1,6.19542
4,249,1174.4946823120117,29.57273292541504,1125.864990234375,60.227989196777344,56.863327,8.0,1,29.623178
1,249,1332.6812057495117,231.97062873840332,1284.051513671875,262.6258850097656,37.1723,8.0,1,26.869076
2,249,1432.8397750854492,370.2101001739502,1384.2100830078125,400.8653564453125,33.463676,8.0,1,26.357964
337,249,1188.3544235229492,340.61741828918457,1139.7247314453125,371.2726745605469,26.673782,24.0,-1,18.804056
0,249,1310.5745162963867,914.3175830841064,1261.94482421875,944.9728393554688,20.403395,10.0,1,15.555854
528,249,1651.8696823120117,396.4186267852783,1603.239990234375,427.0738830566406,16.977533,6.0,1,10.399094
3,249,988.911247253418,449.90559577941895,940.2815551757812,480.56085205078125,16.864408,14.0,-1,7.1588974
10,249,425.8957748413086,61.03196144104004,377.2660827636719,91.68721771240234,13.840411,10.0,-1,28.007046
6,249,448.66234588623047,243.33540534973145,400.03265380859375,273.99066162109375,13.185655,14.0,-1,10.83736
9,249,1296.6001510620117,1067.2867603302002,1247.970458984375,1097.9420166015625,11.486712,8.0,-1,31.263803
8,249,1352.5906295776367,383.27232551574707,1303.9609375,413.9275817871094,11.17025,10.0,-1,20.460056
12,249,1105.7405319213867,814.3486499786377,1057.11083984375,845.00390625,10.812172,10.0,-1,24.157192
11,249,300.63040924072266,403.4186267852783,252.00071716308594,434.0738830566406,5.0262847,8.0,1,3.5327263
7,249,303.02767181396484,437.8033618927002,254.39797973632812,468.4586181640625,5.0176187,28.0,-1,2.1026049
565,249,1129.2181930541992,234.34251594543457,1080.5885009765625,264.9977722167969,3.677469,14.0,-1,31.92345
14,249,130.13157653808594,1013.6588306427002,81.50188446044922,1044.3140869140625,1.9280773,14.0,-1,12.135257
626,249,1622.2743453979492,197.7128620147705,1573.6446533203125,228.3681182861328,1.8322057,10.0,-1,7.4554567
17,249,521.8855514526367,529.804765701294,473.255859375,560.4600219726562,1.1847874,12.0,-1,9.501736
2,250,1432.8525924682617,369.97349739074707,1384.1375732421875,399.9856262207031,51.51996,8.0,1,26.895697
4,250,1174.4998092651367,30.314882278442383,1125.7847900390625,60.32701110839844,40.159634,8.0,1,29.218134
1,250,1330.7543258666992,232.35493659973145,1282.039306640625,262.3670654296875,38.444805,8.0,1,28.198036
528,250,1652.4672164916992,397.79930305480957,1603.752197265625,427.8114318847656,27.20221,6.0,1,8.450296
0,250,1309.2094039916992,914.2971363067627,1260.494384765625,944.3092651367188,23.47367,10.0,1,14.021204
337,250,1186.8855514526367,339.7688465118408,1138.1705322265625,369.7809753417969,21.524872,24.0,-1,18.98595
3,250,990.9871139526367,449.5608081817627,942.2720947265625,479.57293701171875,14.425738,14.0,-1,10.590159
12,250,1103.3210983276367,814.0397510528564,1054.6060791015625,844.0518798828125,11.820878,8.0,-1,26.357615
6,250,450.0280990600586,242.72493171691895,401.3130798339844,272.737060546875,10.741128,16.0,-1,9.175793
10,250,426.3696517944336,62.58793067932129,377.6546325683594,92.60005950927734,10.213425,10.0,-1,27.905344
9,250,1296.5950241088867,1066.4333057403564,1247.8800048828125,1096.4454345703125,9.694777,8.0,-1,32.79501
8,250,1353.4797897338867,382.05626106262207,1304.7647705078125,412.0683898925781,7.796987,8.0,-1,22.574093
11,250,300.1149673461914,402.17064094543457,251.3999481201172,432.1827697753906,7.50428,8.0,1,1.2967873
7,250,301.8302688598633,441.0751209259033,253.11524963378906,471.0872497558594,5.189317,28.0,-1,2.3234875
565,250,1131.1794967651367,235.66655158996582,1082.4644775390625,265.6786804199219,5.002561,14.0,-1,31.591805
14,250,132.8285369873047,1015.535966873169,84.11351776123047,1045.548095703125,1.99918,14.0,-1,10.342983
17,250,519.2235641479492,529.8252124786377,470.508544921875,559.8373413085938,1.104961,12.0,-1,9.659721
626,250,1620.8552780151367,198.60672187805176,1572.1402587890625,228.6188507080078,0.5778044,10.0,-1,6.408249
1,251,1330.9731979370117,233.7972240447998,1281.84521484375,264.1012878417969,44.944126,8.0,1,28.72616
4,251,1177.5071334838867,30.398305892944336,1128.379150390625,60.702369689941406,30.620277,8.0,1,28.957886
2,251,1433.5818405151367,370.7324047088623,1384.453857421875,401.0364685058594,30.224234,8.0,1,26.465601
0,251,1309.4104537963867,914.5744762420654,1260.282470703125,944.8785400390625,24.575243,10.0,1,16.490488
337,251,1188.5398483276367,340.68324089050293,1139.411865234375,370.9873046875,20.014883,26.0,-1,16.683613
528,251,1651.9906539916992,397.27149772644043,1602.8626708984375,427.5755615234375,17.813324,6.0,1,8.649826
3,251,992.9359664916992,449.1463451385498,943.8079833984375,479.4504089355469,15.927423,14.0,-1,10.3618555
10,251,424.82640838623047,62.504507064819336,375.69842529296875,92.8085708618164,14.963981,10.0,-1,27.371168
6,251,449.1479721069336,241.94315910339355,400.0199890136719,272.2472229003906,11.650691,14.0,-1,11.553651
9,251,1296.2942428588867,1069.503797531128,1247.166259765625,1099.807861328125,8.889906,8.0,-1,34.192398
11,251,299.9139175415039,401.6492748260498,250.7859344482422,431.9533386230469,7.986052,14.0,-1,0.9118459
8,251,1351.4518356323242,380.2729320526123,1302.3238525390625,410.5769958496094,7.5268416,8.0,-1,18.890442
12,251,1100.8589401245117,815.2616100311279,1051.73095703125,845.565673828125,7.053251,10.0,-1,25.087664
7,251,300.47876739501953,445.11576652526855,251.3507843017578,475.4198303222656,4.987392,28.0,-1,1.7835644
565,251,1133.3218307495117,234.64933586120605,1084.19384765625,264.9533996582031,4.856759,16.0,-1,24.362076
14,251,132.46629333496094,1014.7988414764404,83.33831024169922,1045.1029052734375,2.5820625,14.0,-1,8.622699
17,251,521.7474594116211,529.6669445037842,472.6194763183594,559.9710083007812,1.150515,12.0,-1,7.8212934
626,251,1621.4464645385742,200.66509819030762,1572.3184814453125,230.9691619873047,1.0512263,10.0,-1,7.0271993
4,252,1177.214199066162,33.99511909484863,1128.0535888671875,63.96327590942383,70.23055,8.0,1,28.970585
1,252,1331.215419769287,235.58247184753418,1282.0548095703125,265.5506286621094,43.187725,8.0,1,26.997772
2,252,1435.138027191162,371.08231925964355,1385.9774169921875,401.05047607421875,25.59358,8.0,1,27.788116
0,252,1308.058437347412,914.7422313690186,1258.8978271484375,944.7103881835938,23.367447,10.0,1,16.009958
528,252,1652.324794769287,397.0669689178467,1603.1641845703125,427.0351257324219,22.934471,6.0,1,8.678843
337,252,1189.487636566162,341.5556163787842,1140.3270263671875,371.5237731933594,19.077982,24.0,-1,16.834736
3,252,992.3123435974121,447.57255363464355,943.1517333984375,477.54071044921875,13.087237,14.0,-1,10.143893
6,252,447.10024642944336,243.8534984588623,397.93963623046875,273.8216552734375,11.131775,14.0,-1,13.125862
10,252,424.36767196655273,59.68747520446777,375.2070617675781,89.65563201904297,10.50018,10.0,-1,26.932392
11,252,299.38752365112305,401.4815196990967,250.22691345214844,431.4496765136719,9.859002,14.0,-1,0.80007565
12,252,1099.2380027770996,817.1792430877686,1050.077392578125,847.1473999023438,8.660822,10.0,-1,26.799097
9,252,1297.1520652770996,1066.5784740447998,1247.991455078125,1096.546630859375,8.5492525,8.0,-1,33.674416
8,252,1351.595058441162,380.0512523651123,1302.4344482421875,410.0194091796875,6.287329,10.0,-1,17.147745
7,252,297.1113090515137,444.43360710144043,247.95069885253906,474.4017639160156,5.857159,28.0,-1,0.16502357
565,252,1135.562587738037,235.34110832214355,1086.4019775390625,265.30926513671875,4.6434693,16.0,-1,24.092297
14,252,132.56794357299805,1012.8520336151123,83.40733337402344,1042.8201904296875,2.1673648,14.0,-1,7.0593896
17,252,523.3735008239746,527.843183517456,474.212890625,557.8113403320312,1.3613864,12.0,-1,8.64624
626,252,1621.344814300537,200.96729850769043,1572.1842041015625,230.93545532226562,1.3608328,10.0,-1,6.831967
4,253,1177.3613548278809,34.65994834899902,1127.988037109375,64.9353256225586,50.006832,8.0,1,29.346247
1,253,1333.3521995544434,234.7265453338623,1283.9788818359375,265.0019226074219,43.34396,8.0,1,28.18555
2,253,1435.4931907653809,371.24162101745605,1386.119873046875,401.5169982910156,25.63371,8.0,1,28.306198
528,253,1653.3092308044434,397.2706127166748,1603.9359130859375,427.5459899902344,24.755373,6.0,1,7.6441584
0,253,1309.5711936950684,915.0639781951904,1260.1978759765625,945.33935546875,23.770891,10.0,1,15.202488
337,253,1188.1736106872559,342.62342643737793,1138.80029296875,372.8988037109375,17.486387,24.0,-1,17.186903
9,253,1297.3258323669434,1065.7807750701904,1247.9525146484375,1096.05615234375,11.678866,8.0,-1,34.579277
3,253,991.4177513122559,447.46110343933105,942.04443359375,477.7364807128906,10.950863,14.0,-1,10.917513
10,253,425.863094329834,55.8004207611084,376.4897766113281,86.07579803466797,10.674797,10.0,-1,27.885202
11,253,299.0888328552246,400.03199577331543,249.71551513671875,430.307373046875,10.111077,8.0,1,3.0827324
12,253,1099.0908470153809,814.2785778045654,1049.717529296875,844.553955078125,8.426713,10.0,-1,26.928007
6,253,447.740047454834,249.59858512878418,398.3667297363281,279.87396240234375,7.21304,14.0,-1,14.282104
8,253,1350.9562034606934,377.6518383026123,1301.5828857421875,407.9272155761719,6.854399,10.0,-1,19.357193
565,253,1134.3103294372559,237.34290885925293,1084.93701171875,267.6182861328125,5.1395726,16.0,-1,24.888287
7,253,296.1397819519043,444.54505729675293,246.76646423339844,474.8204345703125,3.8361046,28.0,-1,0.93810236
14,253,133.47968673706055,1011.9926891326904,84.10636901855469,1042.26806640625,3.1057022,14.0,-1,3.6922598
17,253,522.686336517334,526.0163707733154,473.3130187988281,556.291748046875,1.1128951,12.0,-1,7.939627
626,253,1618.9822044372559,201.19671440124512,1569.60888671875,231.4720916748047,0.9612045,10.0,-1,7.0437546
1,254,1334.3485679626465,235.48683738708496,1284.037841796875,266.10150146484375,51.70834,8.0,1,28.436714
4,254,1177.9808921813965,35.51220512390137,1127.670166015625,66.12686920166016,41.907845,8.0,1,29.767164
2,254,1434.762996673584,373.46401023864746,1384.4522705078125,404.07867431640625,19.250278,8.0,1,28.863605
528,254,1653.6420249938965,397.68568992614746,1603.331298828125,428.30035400390625,19.101357,6.0,1,9.248559
0,254,1310.7247886657715,917.094747543335,1260.4140625,947.7094116210938,17.26071,10.0,1,12.268561
337,254,1188.8790855407715,343.45641136169434,1138.568359375,374.0710754394531,14.874894,24.0,-1,16.156063
3,254,990.5423545837402,446.61351585388184,940.2316284179688,477.2281799316406,11.587914,14.0,-1,11.025555
9,254,1299.693904876709,1063.4135341644287,1249.3831787109375,1094.0281982421875,10.409171,8.0,-1,32.74653
10,254,425.863094329834,55.8004207611084,375.5523681640625,86.41508483886719,8.583264,10.0,-1,25.099306
8,254,1350.043270111084,379.51564598083496,1299.7325439453125,410.13031005859375,8.292208,10.0,-1,19.325466
11,254,296.8389701843262,398.0481777191162,246.5282440185547,428.662841796875,6.069624,8.0,1,4.1510997
12,254,1101.1459312438965,813.3956508636475,1050.835205078125,844.0103149414062,5.929259,10.0,-1,23.145254
6,254,447.2765769958496,249.18822288513184,396.9658508300781,279.8028869628906,5.5001025,14.0,-1,13.860497
565,254,1130.0919761657715,235.34474754333496,1079.78125,265.95941162109375,3.544071,16.0,-1,30.901096
14,254,133.25968551635742,1009.6189785003662,82.94895935058594,1040.233642578125,2.3826485,14.0,-1,9.522486
17,254,521.1353416442871,526.0500087738037,470.8246154785156,556.6646728515625,1.1495878,12.0,-1,8.625783
626,254,1620.118465423584,200.33139610290527,1569.8077392578125,230.94606018066406,1.0246067,10.0,-1,5.894171
4,255,1178.710994720459,34.96378135681152,1128.26416015625,66.06871032714844,64.05578,8.0,1,29.482735
1,255,1334.3485679626465,235.8309841156006,1283.9017333984375,266.9359130859375,42.704636,8.0,1,27.912415
2,255,1435.749568939209,373.9938259124756,1385.302734375,405.0987548828125,23.59781,8.0,1,28.345991
0,255,1312.6222496032715,917.5456447601318,1262.1754150390625,948.6505737304688,23.575686,10.0,1,12.333284
337,255,1187.4547691345215,343.57982444763184,1137.0079345703125,374.68475341796875,21.900312,26.0,-1,17.0191
528,255,1653.448543548584,397.4247341156006,1603.001708984375,428.5296630859375,18.17298,6.0,1,8.665475
3,255,990.030330657959,446.61351585388184,939.58349609375,477.71844482421875,13.904965,14.0,-1,12.204807
12,255,1102.243709564209,812.1517848968506,1051.796875,843.2567138671875,10.2757435,10.0,-1,25.425709
10,255,420.9717674255371,56.62177085876465,370.5249328613281,87.72669982910156,9.538436,10.0,-1,25.506126
6,255,446.63769149780273,247.77675437927246,396.19085693359375,278.8816833496094,9.065173,14.0,-1,13.408107
9,255,1300.5697593688965,1062.609182357788,1250.1229248046875,1093.714111328125,8.826969,8.0,-1,28.895868
11,255,296.37340927124023,396.4279384613037,245.92657470703125,427.5328674316406,7.3956294,8.0,1,6.081807
7,255,293.7907524108887,443.0265407562256,243.3439178466797,474.1314697265625,5.909248,28.0,-1,1.428763
565,255,1131.938777923584,236.98412132263184,1081.491943359375,268.08905029296875,5.860453,14.0,-1,31.354586
8,255,1349.4327964782715,379.8691005706787,1298.9859619140625,410.9740295410156,5.1973863,8.0,-1,21.20436
14,255,133.50934982299805,1010.5945339202881,83.06251525878906,1041.699462890625,2.7116556,14.0,-1,9.18799
17,255,522.1144676208496,525.7394924163818,471.6676330566406,556.8444213867188,1.79379,12.0,-1,9.341377
626,255,1619.3292808532715,199.9632167816162,1568.8824462890625,231.06814575195312,0.47213486,20.0,-1,4.715367
4,256,1178.0435752868652,35.89859580993652,1127.8916015625,67.77627563476562,62.012913,8.0,1,29.190317
1,256,1333.1828575134277,235.2602596282959,1283.0308837890625,267.137939453125,33.770138,8.0,1,27.937351
2,256,1435.7354698181152,372.5616817474365,1385.58349609375,404.4393615722656,23.287231,8.0,1,29.823631
0,256,1312.6363487243652,915.2607479095459,1262.484375,947.138427734375,21.335358,10.0,1,6.452504
337,256,1186.0301475524902,345.34161949157715,1135.878173828125,377.21929931640625,21.258844,26.0,-1,14.106274
3,256,990.1810874938965,444.7820796966553,940.0291137695312,476.6597595214844,20.087238,14.0,-1,9.987374
528,256,1655.5230674743652,395.420446395874,1605.37109375,427.2981262207031,17.13918,6.0,1,10.648974
9,256,1300.1787071228027,1064.137945175171,1250.0267333984375,1096.015625,15.14779,8.0,-1,29.62928
12,256,1102.7060508728027,811.2127742767334,1052.5540771484375,843.0904541015625,10.33468,10.0,-1,23.382986
10,256,421.76708602905273,51.86672019958496,371.6151123046875,83.74440002441406,9.996596,10.0,-1,27.940731
565,256,1129.9737510681152,237.04584312438965,1079.82177734375,268.92352294921875,8.388863,14.0,-1,35.75396
6,256,445.74889755249023,250.45737266540527,395.596923828125,282.3350524902344,7.3813996,14.0,-1,11.292337
8,256,1349.7110557556152,379.8073787689209,1299.55908203125,411.68505859375,6.353771,8.0,-1,27.084225
11,256,298.36709213256836,393.5133113861084,248.21511840820312,425.3909912109375,6.2490172,8.0,1,2.5424876
7,256,294.3669090270996,443.2956600189209,244.21493530273438,475.17333984375,4.71464,28.0,-1,0.9943181
14,256,135.87810134887695,1011.9754695892334,85.72612762451172,1043.8531494140625,1.7246717,14.0,-1,9.599751
17,256,518.9183921813965,526.0421810150146,468.76641845703125,557.9198608398438,1.6980203,12.0,-1,9.166361
626,256,1619.1049766540527,204.3638973236084,1568.9530029296875,236.2415771484375,1.1389395,12.0,-1,6.227163
1,257,1332.5932502746582,235.53171348571777,1281.8629150390625,268.1297607421875,52.369656,8.0,1,28.84376
4,257,1177.6686897277832,35.366621017456055,1126.9383544921875,67.96466827392578,46.792465,8.0,1,28.759018
2,257,1435.8544807434082,373.83856773376465,1385.1241455078125,406.4366149902344,23.276123,8.0,1,28.82935
528,257,1657.6850471496582,395.85114097595215,1606.9547119140625,428.4491882324219,22.5101,6.0,1,9.641187
0,257,1314.2208137512207,915.254919052124,1263.490478515625,947.8529663085938,19.71295,10.0,1,7.94141
337,257,1182.1855354309082,345.347448348999,1131.4552001953125,377.94549560546875,14.01506,26.0,-1,17.241253
10,257,421.1714668273926,51.62043571472168,370.4411315917969,84.2184829711914,12.685051,10.0,-1,28.246567
3,257,990.2206916809082,443.5807247161865,939.4903564453125,476.17877197265625,12.221091,14.0,-1,10.718196
9,257,1302.3254280090332,1065.4649410247803,1251.5950927734375,1098.06298828125,9.805297,8.0,-1,28.668304
12,257,1100.2477912902832,810.3752193450928,1049.5174560546875,842.9732666015625,9.194652,10.0,-1,23.875835
8,257,1350.6867561340332,378.0781002044678,1299.9564208984375,410.6761474609375,9.153388,8.0,-1,31.54755
565,257,1132.1348762512207,237.0540828704834,1081.404541015625,269.6521301269531,8.393672,14.0,-1,37.56979
6,257,444.57463455200195,249.68326377868652,393.84429931640625,282.28131103515625,7.846518,14.0,-1,10.500299
11,257,298.32748794555664,390.939489364624,247.59715270996094,423.53753662109375,6.469547,8.0,1,5.7122526
7,257,296.4068794250488,445.9007625579834,245.67654418945312,478.4988098144531,4.76952,10.0,1,0.37720275
17,257,519.0302314758301,527.3117427825928,468.2998962402344,559.9097900390625,1.5588878,10.0,-1,13.869424
14,257,135.83300399780273,1010.3519039154053,85.10266876220703,1042.949951171875,1.5433397,14.0,-1,11.228409
626,257,1615.0833625793457,205.79196739196777,1564.35302734375,238.3900146484375,0.38928068,12.0,-1,5.4370914
1,258,1330.4595222473145,234.52570152282715,1280.0850830078125,268.24847412109375,59.731937,8.0,1,29.147865
4,258,1178.101734161377,33.235403060913086,1127.727294921875,66.95817565917969,42.881413,8.0,1,29.247303
2,258,1434.079517364502,374.00653648376465,1383.705078125,407.72930908203125,28.476366,8.0,1,29.141544
3,258,988.6414680480957,444.4579830169678,938.2670288085938,478.1807556152344,23.453566,14.0,-1,11.071219
528,258,1657.830249786377,395.73358726501465,1607.455810546875,429.45635986328125,17.735624,6.0,1,10.032154
8,258,1350.5227546691895,378.2807674407959,1300.1483154296875,412.0035400390625,15.466041,8.0,-1,28.555231
0,258,1314.372486114502,915.2410945892334,1263.998046875,948.9638671875,14.256447,10.0,1,9.059345
337,258,1180.895679473877,342.4766902923584,1130.521240234375,376.199462890625,13.952896,28.0,-1,13.488974
10,258,423.0923652648926,50.42962455749512,372.7179260253906,84.15239715576172,10.844632,10.0,-1,28.70743
565,258,1132.8306159973145,237.06790733337402,1082.4561767578125,270.7906799316406,10.827256,16.0,-1,38.866707
9,258,1302.4282722473145,1062.435064315796,1252.0538330078125,1096.1578369140625,10.228763,8.0,-1,25.951807
12,258,1102.374683380127,810.6264705657959,1052.000244140625,844.3492431640625,7.383421,10.0,-1,23.200266
6,258,441.7405891418457,245.95169639587402,391.36614990234375,279.6744689941406,6.8311653,14.0,-1,13.724877
11,258,297.142765045166,390.55182456970215,246.76832580566406,424.27459716796875,4.4651976,8.0,1,5.1825294
7,258,296.3040351867676,448.628210067749,245.92959594726562,482.3509826660156,3.4714515,28.0,-1,0.9121882
14,258,136.68581008911133,1012.7908992767334,86.31137084960938,1046.513671875,2.069886,14.0,-1,9.217168
17,258,519.2820625305176,528.2635555267334,468.9076232910156,561.986328125,1.5920148,10.0,-1,12.90349
626,258,1608.6140632629395,207.63060569763184,1558.2396240234375,241.35337829589844,0.81597185,12.0,-1,8.32378
1,259,1329.8745613098145,234.51102256774902,1279.8719482421875,268.03460693359375,63.541378,8.0,1,29.137728
4,259,1177.8540534973145,32.91341209411621,1127.8514404296875,66.43699645996094,56.102802,8.0,1,29.41783
2,259,1434.3271980285645,372.6984615325928,1384.3245849609375,406.2220458984375,31.143646,8.0,1,29.145376
0,259,1312.454517364502,914.6595821380615,1262.451904296875,948.1831665039062,25.875612,10.0,1,12.241477
528,259,1658.7312507629395,395.6755123138428,1608.7286376953125,429.1990966796875,21.031706,6.0,1,10.17839
12,259,1101.794116973877,808.6263790130615,1051.79150390625,842.1499633789062,17.078974,10.0,-1,28.495304
3,259,988.157398223877,444.4726619720459,938.15478515625,477.9962463378906,14.860847,14.0,-1,10.835024
337,259,1176.743824005127,343.7228145599365,1126.7412109375,377.24639892578125,12.703534,26.0,-1,14.91622
10,259,420.08525466918945,52.35238456726074,370.0826416015625,85.87596893310547,12.277875,10.0,-1,29.606209
565,259,1134.725269317627,240.62363243103027,1084.72265625,274.147216796875,11.123645,14.0,-1,40.660847
6,259,440.4549446105957,244.63382530212402,390.45233154296875,278.15740966796875,11.047709,14.0,-1,10.571919
9,259,1303.8208503723145,1062.6952877044678,1253.8182373046875,1096.2188720703125,9.117372,8.0,-1,30.61277
8,259,1351.8494148254395,380.18744468688965,1301.8468017578125,413.7110290527344,8.885886,8.0,-1,31.163656
11,259,301.5849494934082,391.932897567749,251.58233642578125,425.45648193359375,6.807321,8.0,1,7.678941
7,259,296.77170181274414,452.1510372161865,246.7690887451172,485.67462158203125,5.1108565,28.0,-1,1.9616117
17,259,519.9351692199707,525.7699947357178,469.93255615234375,559.2935791015625,1.9482566,10.0,-1,13.692951
14,259,132.81525802612305,1012.7548580169678,82.8126449584961,1046.2784423828125,1.8166103,14.0,-1,10.119934
626,259,1610.0745124816895,209.5049343109131,1560.0718994140625,243.0285186767578,1.1623757,10.0,-1,8.544678
4,260,1180.2571182250977,32.841325759887695,1129.7943115234375,66.4632339477539,49.465927,8.0,1,29.78547
1,260,1329.5408096313477,234.58310890197754,1279.0780029296875,268.20501708984375,31.945127,8.0,1,28.836758
2,260,1434.3700332641602,373.4226779937744,1383.9072265625,407.0445861816406,27.85143,8.0,1,28.937704
0,260,1310.9949111938477,915.48948097229,1260.5321044921875,949.1113891601562,20.930285,10.0,1,13.118786
12,260,1102.1302871704102,810.1717929840088,1051.66748046875,843.793701171875,17.772627,10.0,-1,25.497162
337,260,1174.3559951782227,343.4185276031494,1123.8931884765625,377.0404357910156,16.917501,26.0,-1,15.552924
3,260,990.7714614868164,443.17798805236816,940.3086547851562,476.7998962402344,16.287664,14.0,-1,11.218139
528,260,1658.1310195922852,396.3122959136963,1607.668212890625,429.9342041015625,15.569427,6.0,1,12.731001
9,260,1304.4315567016602,1066.3450107574463,1253.96875,1099.9669189453125,11.370784,8.0,-1,28.956203
6,260,439.7214126586914,244.4748935699463,389.25860595703125,278.0968017578125,10.99969,16.0,-1,9.282976
10,260,422.6081314086914,50.30538368225098,372.14532470703125,83.92729187011719,10.473554,10.0,-1,27.38828
565,260,1138.4775772094727,239.1880283355713,1088.0147705078125,272.8099365234375,9.090333,14.0,-1,46.157173
8,260,1352.7157363891602,379.9485263824463,1302.2529296875,413.5704345703125,7.9327674,8.0,-1,31.894875
11,260,300.5112533569336,392.1732578277588,250.04844665527344,425.795166015625,5.7150364,8.0,1,5.7281294
17,260,520.5963516235352,526.7642612457275,470.133544921875,560.3861694335938,2.8337002,10.0,-1,16.535814
7,260,294.3625717163086,452.79847145080566,243.89976501464844,486.4203796386719,2.7946756,28.0,-1,1.5059369
14,260,132.77242279052734,1010.1960849761963,82.30961608886719,1043.8179931640625,1.8051962,14.0,-1,8.572228
626,260,1608.2901992797852,207.55095863342285,1557.827392578125,241.17286682128906,0.63514143,10.0,-1,8.478771
1,261,1330.375587463379,234.2740879058838,1279.969970703125,267.7727966308594,62.48978,8.0,1,28.65728
4,261,1180.182472229004,34.558359146118164,1129.77685546875,68.05706787109375,58.98854,8.0,1,30.137089
528,261,1658.6772232055664,393.6963596343994,1608.2716064453125,427.195068359375,26.32808,6.0,1,9.839147
2,261,1434.0373306274414,374.73252296447754,1383.6317138671875,408.2312316894531,25.66272,8.0,1,28.95981
3,261,992.5499649047852,442.38413429260254,942.1443481445312,475.8828430175781,22.304522,14.0,-1,12.762987
0,261,1310.487403869629,915.4281711578369,1260.081787109375,948.9268798828125,20.050537,10.0,1,13.73749
337,261,1175.1122817993164,347.9674777984619,1124.7066650390625,381.4661865234375,12.9600935,28.0,-1,13.670387
12,261,1104.1474380493164,810.3476657867432,1053.7418212890625,843.8463745117188,12.83594,10.0,-1,23.625679
10,261,424.05228424072266,50.901506423950195,373.64666748046875,84.40021514892578,12.489078,10.0,-1,27.644976
6,261,436.75049591064453,246.3671360015869,386.3448791503906,279.8658447265625,12.314403,16.0,-1,7.0411263
8,261,1354.2958755493164,378.30103492736816,1303.8902587890625,411.79974365234375,11.98186,8.0,-1,34.870827
9,261,1304.506202697754,1066.303171157837,1254.1005859375,1099.8018798828125,8.983775,8.0,-1,28.585854
565,261,1138.375099182129,239.22986793518066,1087.969482421875,272.72857666015625,8.870982,14.0,-1,51.56206
11,261,300.2548294067383,391.26600074768066,249.84921264648438,424.76470947265625,5.227448,8.0,1,5.416416
7,261,294.97618865966797,452.55005836486816,244.57057189941406,486.04876708984375,4.015236,28.0,-1,0.49249685
17,261,519.4458084106445,530.4148044586182,469.0401916503906,563.9135131835938,3.0168273,8.0,-1,17.436357
14,261,132.14321899414062,1008.3029270172119,81.73760223388672,1041.8016357421875,2.6684034,14.0,-1,7.779102
626,261,1606.695167541504,208.37998390197754,1556.28955078125,241.87869262695312,1.4807962,8.0,-1,8.744394
4,262,1182.3781661987305,34.274526596069336,1131.4473876953125,68.54424285888672,40.03811,8.0,1,29.398354
1,262,1331.6877365112305,234.55792045593262,1280.7569580078125,268.82763671875,36.079884,8.0,1,27.805397
2,262,1434.8820724487305,373.7639446258545,1383.9512939453125,408.0336608886719,30.07921,8.0,1,29.064346
528,262,1660.890251159668,395.0847759246826,1609.95947265625,429.3544921875,29.163574,6.0,1,9.569567
0,262,1310.044548034668,911.7567729949951,1259.11376953125,946.0264892578125,19.428116,10.0,1,11.46419
12,262,1103.031364440918,809.7227764129639,1052.1005859375,843.9924926757812,16.113142,10.0,-1,26.243067
6,262,436.58580780029297,247.0876750946045,385.655029296875,281.3573913574219,13.671399,16.0,-1,6.9906054
3,262,993.878288269043,440.94174003601074,942.947509765625,475.2114562988281,13.644395,14.0,-1,13.631205
8,262,1356.608268737793,377.37411308288574,1305.677490234375,411.6438293457031,9.921851,8.0,-1,33.737022
337,262,1175.276969909668,350.13171195983887,1124.34619140625,384.40142822265625,9.807498,28.0,-1,13.70977
10,262,423.3256149291992,54.0170955657959,372.39483642578125,88.28681182861328,8.890422,10.0,-1,27.07643
9,262,1308.417839050293,1063.9686870574951,1257.487060546875,1098.2384033203125,8.817401,8.0,-1,30.045067
565,262,1136.5825119018555,237.99117851257324,1085.6517333984375,272.2608947753906,6.823456,16.0,-1,45.75978
11,262,299.7548141479492,390.33813285827637,248.82403564453125,424.60784912109375,6.0387197,8.0,1,2.2442908
7,262,293.65804290771484,454.0381145477295,242.72726440429688,488.3078308105469,3.4217417,28.0,-1,1.6807562
14,262,133.17437744140625,1009.0573101043701,82.24359893798828,1043.3270263671875,1.8070922,14.0,-1,7.764917
17,262,518.2476119995117,531.2650127410889,467.31683349609375,565.5347290039062,1.5727202,8.0,-1,17.485577
626,262,1605.747917175293,208.73341178894043,1554.817138671875,243.0031280517578,1.2119313,10.0,-1,9.49842
1,263,1332.468406677246,235.27955436706543,1282.0899658203125,269.7213439941406,54.25967,8.0,1,27.535885
4,263,1184.3200912475586,35.21490287780762,1133.941650390625,69.65669250488281,49.99605,8.0,1,29.830063
528,263,1658.665184020996,396.3719005584717,1608.2867431640625,430.8136901855469,21.658018,6.0,1,9.403378
12,263,1106.2238998413086,809.5079174041748,1055.845458984375,843.94970703125,19.20934,10.0,-1,29.92776
2,263,1434.707176208496,372.84632682800293,1384.3287353515625,407.2881164550781,16.981117,8.0,1,27.31572
0,263,1310.6804428100586,911.9020824432373,1260.302001953125,946.3438720703125,16.591135,10.0,1,7.7389402
3,263,994.0531845092773,440.79643058776855,943.6747436523438,475.23822021484375,14.113365,14.0,-1,12.113614
6,263,435.03707122802734,247.6495189666748,384.65863037109375,282.09130859375,13.203262,16.0,-1,8.013486
337,263,1171.8840560913086,348.7991466522217,1121.505615234375,383.2409362792969,12.174938,28.0,-1,14.361231
10,263,422.2347946166992,53.04378318786621,371.8563537597656,87.4855728149414,11.105882,10.0,-1,27.39276
8,263,1356.386863708496,375.6215648651123,1306.0084228515625,410.0633544921875,10.522952,8.0,-1,36.32576
565,263,1135.943748474121,237.75797843933105,1085.5653076171875,272.19976806640625,9.249577,16.0,-1,38.479843
9,263,1309.9572982788086,1063.6514720916748,1259.578857421875,1098.09326171875,8.325939,8.0,-1,31.331186
11,263,300.30504608154297,390.56730461120605,249.92660522460938,425.00909423828125,5.799825,8.0,1,3.3459046
7,263,291.81017303466797,455.4654064178467,241.43173217773438,489.9071960449219,5.0309215,28.0,-1,1.1918358
14,263,133.4150390625,1010.2973461151123,83.0365982055664,1044.7391357421875,2.398609,16.0,-1,4.5162263
17,263,519.1367721557617,535.0539379119873,468.7583312988281,569.4957275390625,2.281584,8.0,-1,18.052374
626,263,1602.3801498413086,204.59217643737793,1552.001708984375,239.03396606445312,1.2093486,10.0,-1,8.8016
1,264,1334.5063705444336,234.78181266784668,1283.920654296875,268.6869201660156,51.834263,8.0,1,28.170877
4,264,1186.298728942871,33.152639389038086,1135.7130126953125,67.05774688720703,37.566193,8.0,1,29.543837
528,264,1658.501609802246,396.18327140808105,1607.9158935546875,430.08837890625,23.851534,6.0,1,9.955772
2,264,1436.6125717163086,372.04871940612793,1386.02685546875,405.9538269042969,22.447655,8.0,1,27.925083
0,264,1311.8076400756836,913.401777267456,1261.221923828125,947.306884765625,20.030756,10.0,1,10.003692
3,264,992.5450057983398,442.28175163269043,941.9592895507812,476.1868591308594,19.037405,14.0,-1,11.147711
6,264,433.26973724365234,246.31941032409668,382.68402099609375,280.2245178222656,16.274794,16.0,-1,8.957889
12,264,1106.2182846069336,809.8451976776123,1055.632568359375,843.7503051757812,15.161861,10.0,-1,27.215244
337,264,1170.3308334350586,349.6462230682373,1119.7451171875,383.55133056640625,12.770181,28.0,-1,12.528246
10,264,422.1788558959961,52.09681510925293,371.5931396484375,86.00192260742188,11.353004,10.0,-1,28.279198
9,264,1311.112693786621,1063.8047313690186,1260.5269775390625,1097.7098388671875,8.951169,8.0,-1,29.00186
11,264,303.25696563720703,393.7007884979248,252.67124938964844,427.60589599609375,7.5477033,8.0,1,2.1802201
8,264,1356.0217514038086,378.8976573944092,1305.43603515625,412.8027648925781,5.656222,8.0,-1,29.459177
565,264,1136.473289489746,237.6047191619873,1085.8875732421875,271.50982666015625,5.6453576,16.0,-1,38.80649
7,264,291.81578826904297,453.8137950897217,241.23007202148438,487.7189025878906,4.59322,10.0,1,0.36336148
17,264,520.2564926147461,534.0123119354248,469.6707763671875,567.9174194335938,3.9357383,8.0,-1,21.575645
14,264,132.52176666259766,1011.7742137908936,81.93605041503906,1045.6793212890625,2.7827253,14.0,-1,7.667448
626,264,1601.016014099121,205.30096244812012,1550.4302978515625,239.20606994628906,1.0653433,8.0,-1,10.11207
4,265,1186.6297225952148,33.99035453796387,1135.64501953125,68.10366821289062,51.37669,8.0,1,29.190725
1,265,1332.8930282592773,234.408109664917,1281.9083251953125,268.52142333984375,46.6851,8.0,1,28.146252
2,265,1436.6337509155273,371.0405559539795,1385.6490478515625,405.15386962890625,27.92401,8.0,1,27.65475
528,265,1658.4804306030273,395.03158378601074,1607.4957275390625,429.1448974609375,22.55129,6.0,1,8.835817
12,265,1105.5066757202148,813.8061199188232,1054.52197265625,847.91943359375,17.143826,10.0,-1,29.69372
6,265,432.47969818115234,246.82470512390137,381.4949951171875,280.9380187988281,13.513358,16.0,-1,5.043871
337,265,1166.3992538452148,350.312406539917,1115.41455078125,384.42572021484375,13.054631,28.0,-1,15.991944
0,265,1312.3593368530273,915.851713180542,1261.3746337890625,949.9650268554688,12.843101,10.0,1,8.112993
3,265,990.2447738647461,445.112699508667,939.2600708007812,479.22601318359375,12.723542,14.0,-1,12.540811
10,265,421.2927780151367,51.62941551208496,370.3080749511719,85.74272918701172,10.447316,10.0,-1,27.606699
9,265,1311.9439315795898,1061.4917888641357,1260.959228515625,1095.6051025390625,7.754173,8.0,-1,31.276398
8,265,1353.6145858764648,381.1845989227295,1302.6298828125,415.29791259765625,7.4152355,8.0,-1,33.194027
565,265,1134.2995223999023,239.37191581726074,1083.3148193359375,273.4852294921875,7.2027164,16.0,-1,27.638142
17,265,522.8695297241211,531.6968669891357,471.88482666015625,565.8101806640625,3.8824785,8.0,-1,20.316355
11,265,304.30374908447266,392.709379196167,253.3190460205078,426.82269287109375,3.7987137,8.0,1,1.6339364
14,265,134.62308502197266,1012.1479167938232,83.63838195800781,1046.26123046875,3.7056112,14.0,-1,2.8484173
7,265,294.22444915771484,451.5975933074951,243.23974609375,485.7109069824219,2.9106019,10.0,1,0.5818062
626,265,1602.0210800170898,204.73823356628418,1551.036376953125,238.85154724121094,1.0840214,8.0,-1,10.354327
4,266,1187.4516525268555,33.575368881225586,1136.1700439453125,68.0508041381836,58.898975,8.0,1,28.821428
1,266,1333.2341232299805,235.24041557312012,1281.9525146484375,269.7158508300781,52.761368,8.0,1,28.454796
2,266,1435.6674728393555,369.7214641571045,1384.3858642578125,404.1968994140625,26.641403,8.0,1,27.507374
528,266,1657.1664962768555,396.46533012390137,1605.8848876953125,430.9407653808594,23.806696,6.0,1,8.083714
6,266,428.9077377319336,248.09771537780762,377.6261291503906,282.5731506347656,20.619562,16.0,-1,6.9747796
12,266,1107.185905456543,815.0176067352295,1055.904296875,849.4930419921875,16.443674,8.0,-1,29.443684
3,266,989.5454025268555,444.69848442077637,938.2637939453125,479.1739196777344,15.833659,14.0,-1,8.744372
337,266,1168.5458908081055,353.59704399108887,1117.2642822265625,388.0724792480469,15.241784,28.0,-1,14.492749
9,266,1313.2651290893555,1059.7309856414795,1261.9835205078125,1094.2064208984375,13.380395,8.0,-1,33.23107
0,266,1312.630241394043,915.6497478485107,1261.3486328125,950.1251831054688,10.305741,10.0,1,6.002138
10,266,421.0218734741211,52.92360496520996,369.7402648925781,87.39904022216797,10.232733,10.0,-1,28.301794
565,266,1133.672721862793,241.47616386413574,1082.39111328125,275.95159912109375,9.766227,14.0,-1,32.936146
8,266,1351.0756759643555,381.29611015319824,1299.7940673828125,415.77154541015625,8.3256645,8.0,-1,33.134308
11,266,305.0696334838867,391.0093364715576,253.78802490234375,425.4847717285156,6.1821136,12.0,-1,1.7614218
14,266,134.28087615966797,1012.0364055633545,82.999267578125,1046.5118408203125,3.2930346,14.0,-1,3.2145414
17,266,521.5029525756836,530.0224285125732,470.2213439941406,564.4978637695312,3.2054338,8.0,-1,21.797073
7,266,295.68250274658203,454.12447929382324,244.40089416503906,488.59991455078125,3.1585667,28.0,-1,0.5597432
626,266,1602.578239440918,204.56300163269043,1551.296630859375,239.03843688964844,1.1425204,8.0,-1,10.417829
4,267,1188.8096199035645,30.907011032104492,1137.522216796875,65.88760375976562,45.21765,8.0,1,29.44339
1,267,1332.839038848877,233.25314140319824,1281.5516357421875,268.2337341308594,35.58099,8.0,1,27.895601
2,267,1436.7554206848145,366.51180839538574,1385.468017578125,401.4924011230469,25.35234,8.0,1,28.003708
6,267,429.2831611633301,251.11788749694824,377.9957580566406,286.0984802246094,17.006191,16.0,-1,6.96239
0,267,1310.767017364502,915.0891704559326,1259.4796142578125,950.0697631835938,14.350364,10.0,1,3.7890973
3,267,987.952075958252,442.5916118621826,936.6646728515625,477.57220458984375,13.803828,14.0,-1,6.4645076
10,267,422.93278884887695,50.90423393249512,371.6453857421875,85.88482666015625,13.1156225,10.0,-1,29.410694
528,267,1658.8384284973145,396.7205181121826,1607.551025390625,431.70111083984375,12.319229,6.0,1,10.762209
337,267,1169.819995880127,354.934720993042,1118.5325927734375,389.9153137207031,9.839748,26.0,-1,14.743862
8,267,1351.2012214660645,381.952299118042,1299.913818359375,416.9328918457031,8.351363,8.0,-1,36.08874
9,267,1311.4695320129395,1060.9542217254639,1260.18212890625,1095.934814453125,8.10244,8.0,-1,29.11612
11,267,302.59880447387695,391.00497245788574,251.3114013671875,425.9855651855469,7.3587894,14.0,-1,1.9366121
565,267,1131.8999519348145,241.48052787780762,1080.612548828125,276.46112060546875,6.580112,14.0,-1,31.201279
12,267,1105.624439239502,813.9813823699951,1054.3370361328125,848.9619750976562,5.658457,10.0,-1,26.210522
14,267,134.27697372436523,1014.8580303192139,82.98957061767578,1049.838623046875,4.2616143,16.0,-1,3.1895616
7,267,295.68640518188477,455.7678813934326,244.3990020751953,490.74847412109375,3.693881,28.0,-1,2.4337683
17,267,525.234302520752,529.3119487762451,473.9468994140625,564.2925415039062,1.7893071,8.0,-1,18.43921
626,267,1602.247241973877,204.81231498718262,1550.9598388671875,239.79290771484375,1.701046,6.0,-1,12.164169
4,268,1189.101749420166,29.392972946166992,1137.6292724609375,64.21875,49.16821,8.0,1,29.33087
1,268,1333.7652015686035,232.91509819030762,1282.292724609375,267.7408752441406,34.596878,8.0,1,28.044296
2,268,1435.851749420166,365.72714042663574,1384.3792724609375,400.55291748046875,25.839327,8.0,1,26.379683
528,268,1660.098575592041,395.22518730163574,1608.6260986328125,430.05096435546875,19.548347,6.0,1,10.324989
0,268,1312.0215492248535,916.8068523406982,1260.549072265625,951.6326293945312,16.00099,10.0,1,2.873853
337,268,1168.4883460998535,356.6411418914795,1117.015869140625,391.4669189453125,14.787914,26.0,-1,14.7082
6,268,429.4014320373535,252.82140922546387,377.928955078125,287.6471862792969,14.070141,16.0,-1,8.210747
12,268,1103.576847076416,809.5635051727295,1052.1043701171875,844.3892822265625,12.226147,8.0,-1,28.496204
3,268,988.4278602600098,443.7459087371826,936.9553833007812,478.5716857910156,11.147006,14.0,-1,3.6581578
565,268,1129.608097076416,240.15768241882324,1078.1356201171875,274.98345947265625,10.493276,14.0,-1,28.068491
9,268,1310.4468421936035,1061.3215618133545,1258.974365234375,1096.1473388671875,8.932252,8.0,-1,32.225742
10,268,424.0889320373535,50.45876884460449,372.616455078125,85.2845458984375,8.530358,10.0,-1,27.067879
8,268,1351.082950592041,381.09615898132324,1299.6104736328125,415.92193603515625,7.981439,8.0,-1,35.97329
11,268,302.76884841918945,390.8214702606201,251.29637145996094,425.6472473144531,5.6941566,14.0,-1,1.3493329
14,268,131.86454391479492,1018.9304485321045,80.3920669555664,1053.7562255859375,4.2653947,14.0,-1,4.5485883
7,268,292.49731826782227,456.844633102417,241.02484130859375,491.67041015625,4.0984645,10.0,1,0.44325364
17,268,527.7625770568848,529.4954509735107,476.29010009765625,564.3212280273438,3.1209476,8.0,-1,19.916285
626,268,1600.7295570373535,205.98438835144043,1549.257080078125,240.81016540527344,0.9245569,8.0,-1,8.46569
4,269,1190.099521636963,28.779504776000977,1138.116455078125,63.89646530151367,58.26779,8.0,1,27.445028
1,269,1333.969150543213,232.94581413269043,1281.986083984375,268.0627746582031,50.73831,8.0,1,29.069534
2,269,1438.1138038635254,369.11344718933105,1386.1307373046875,404.23040771484375,38.312504,8.0,1,26.833366
528,269,1658.355625152588,397.2739086151123,1606.37255859375,432.390869140625,17.882267,6.0,1,10.839705
0,269,1312.127109527588,917.0209789276123,1260.14404296875,952.137939453125,16.076097,10.0,1,3.179673
3,269,988.3222999572754,444.5204601287842,936.3392333984375,479.6374206542969,15.475963,14.0,-1,4.4666524
6,269,428.05041885375977,255.48441886901855,376.0673522949219,290.60137939453125,13.814076,16.0,-1,9.503986
337,269,1167.886386871338,357.81178092956543,1115.9033203125,392.9287414550781,11.695167,26.0,-1,16.516973
10,269,425.2999610900879,48.62347221374512,373.31689453125,83.74043273925781,10.929173,10.0,-1,26.892921
12,269,1102.830966949463,808.8217601776123,1050.847900390625,843.938720703125,9.758719,8.0,-1,29.48774
9,269,1311.468662261963,1060.6110668182373,1259.485595703125,1095.72802734375,8.103908,8.0,-1,31.186066
11,269,302.41545486450195,390.7907543182373,250.43238830566406,425.90771484375,7.551785,14.0,-1,1.1956124
8,269,1352.108066558838,379.3713207244873,1300.125,414.48828125,6.7482934,8.0,-1,33.435226
565,269,1131.0989112854004,239.2684154510498,1079.1158447265625,274.3853759765625,6.513952,16.0,-1,32.857018
14,269,132.55373764038086,1015.9703197479248,80.57067108154297,1051.0872802734375,4.2563214,14.0,-1,5.5449204
7,269,287.524112701416,458.3374767303467,235.54104614257812,493.4544372558594,3.8581078,28.0,-1,1.5547736
17,269,527.5047645568848,533.0549144744873,475.5216979980469,568.171875,3.4685905,8.0,-1,18.885098
626,269,1597.967441558838,204.80189323425293,1545.984375,239.91885375976562,2.4024792,8.0,-1,11.299205
4,270,1192.241382598877,26.590463638305664,1139.865966796875,62.21015930175781,63.039715,8.0,1,30.038538
1,270,1332.6592292785645,228.72234535217285,1280.2838134765625,264.342041015625,36.128998,8.0,1,27.722647
2,270,1437.964527130127,368.7291507720947,1385.589111328125,404.3488464355469,29.667746,8.0,1,27.81447
528,270,1658.071460723877,397.235559463501,1605.696044921875,432.8552551269531,22.244596,6.0,1,8.712558
3,270,989.869312286377,444.6834964752197,937.493896484375,480.3031921386719,12.964435,14.0,-1,3.5396433
6,270,430.3655586242676,256.4095096588135,377.9901428222656,292.0292053222656,12.680088,16.0,-1,6.4655576
0,270,1312.4497566223145,915.5717716217041,1260.0743408203125,951.1914672851562,12.284133,10.0,1,3.9794521
10,270,427.29277420043945,48.661821365356445,374.9173583984375,84.2815170288086,11.46058,10.0,-1,27.894356
337,270,1167.587085723877,358.029016494751,1115.211669921875,393.6487121582031,11.331149,26.0,-1,15.401125
9,270,1311.805103302002,1056.6199283599854,1259.4296875,1092.2396240234375,9.632182,8.0,-1,30.410511
12,270,1102.412525177002,807.7711124420166,1050.037109375,843.3908081054688,8.063663,10.0,-1,30.72467
8,270,1349.111499786377,381.36370277404785,1296.736083984375,416.9833984375,6.4557724,8.0,-1,32.873844
11,270,302.4842872619629,391.667688369751,250.10887145996094,427.2873840332031,5.9046555,14.0,-1,0.99780726
565,270,1134.3950691223145,239.91835975646973,1082.0196533203125,275.5380554199219,4.806849,14.0,-1,27.947533
7,270,284.42412185668945,459.5816593170166,232.0487060546875,495.20135498046875,2.6434083,28.0,-1,2.107505
14,270,131.47387313842773,1011.9365787506104,79.09845733642578,1047.5562744140625,2.6149206,12.0,-1,10.766168
17,270,528.3391609191895,535.2216739654541,475.9637451171875,570.8413696289062,2.2051697,8.0,-1,19.994396
626,270,1597.898609161377,203.6659336090088,1545.523193359375,239.28562927246094,0.626233,8.0,-1,9.774139
4,271,1193.9331550598145,26.93020248413086,1141.7972412109375,62.58281326293945,44.52063,8.0,1,29.459848
2,271,1438.499927520752,368.38941192626953,1386.364013671875,404.0420227050781,36.92644,8.0,1,26.8059
1,271,1332.9167976379395,228.08792877197266,1280.7808837890625,263.74053955078125,26.570768,8.0,1,27.383125
528,271,1656.241626739502,394.9668655395508,1604.105712890625,430.6194763183594,19.301943,6.0,1,8.525826
3,271,990.234546661377,444.1420669555664,938.0986328125,479.794677734375,14.82925,14.0,-1,0.7976314
0,271,1312.9155769348145,915.1250381469727,1260.7796630859375,950.7776489257812,13.838296,10.0,1,4.3937206
337,271,1167.503833770752,360.04248809814453,1115.367919921875,395.6950988769531,13.432641,26.0,-1,14.385415
10,271,426.2159004211426,51.207275390625,374.0799865722656,86.8598861694336,11.726705,10.0,-1,27.746187
6,271,426.74321365356445,254.11780548095703,374.6072998046875,289.7704162597656,9.178138,16.0,-1,9.088455
9,271,1310.6541023254395,1058.3871841430664,1258.5181884765625,1094.039794921875,8.970653,8.0,-1,29.95074
12,271,1102.5715827941895,809.6867446899414,1050.4356689453125,845.33935546875,7.0241456,10.0,-1,29.264585
11,271,302.6207466125488,392.1569290161133,250.48483276367188,427.8095397949219,6.9703584,8.0,1,1.3141955
8,271,1346.700366973877,384.36942291259766,1294.564453125,420.02203369140625,6.3375955,8.0,-1,36.1344
565,271,1134.356616973877,239.25785064697266,1082.220703125,274.91046142578125,3.401275,18.0,-1,36.20143
797,271,1135.728687286377,249.59363555908203,1083.5927734375,285.2462463378906,2.45661,20.0,-1,36.000015
7,271,282.51201248168945,459.0188980102539,230.3760986328125,494.6715087890625,2.197225,10.0,1,0.21843496
17,271,524.2788887023926,536.2283706665039,472.1429748535156,571.8809814453125,1.8783464,10.0,-1,15.227554
14,271,132.71470260620117,1011.4161148071289,80.57878875732422,1047.0687255859375,1.7356545,14.0,-1,9.68464
626,271,1597.9370613098145,204.46631622314453,1545.8011474609375,240.11892700195312,1.7046148,8.0,-1,11.577813
4,272,1192.4726448059082,27.818965911865234,1140.11376953125,63.740726470947266,54.528156,8.0,1,27.736496
1,272,1332.2147102355957,225.0141830444336,1279.8558349609375,260.9359436035156,32.33346,8.0,1,28.209389
2,272,1438.8320198059082,369.1553268432617,1386.47314453125,405.07708740234375,31.493721,8.0,1,25.467968
528,272,1656.2224006652832,396.8405075073242,1603.863525390625,432.76226806640625,27.791914,6.0,1,10.905136
3,272,989.0701789855957,444.1140670776367,936.7113037109375,480.03582763671875,16.720778,8.0,1,0.56714225
337,272,1166.9492073059082,360.0704879760742,1114.59033203125,395.99224853515625,12.809583,28.0,-1,14.084034
6,272,424.9601631164551,250.70580291748047,372.6012878417969,286.6275634765625,12.188222,16.0,-1,7.819714
0,272,1313.9072151184082,914.592155456543,1261.54833984375,950.513916015625,11.657969,10.0,1,5.3476624
10,272,426.2351264953613,52.32750701904297,373.8762512207031,88.249267578125,11.373825,10.0,-1,27.894444
8,272,1348.3665657043457,384.1238021850586,1296.0076904296875,420.0455627441406,7.7124915,8.0,-1,34.725304
9,272,1311.4518928527832,1056.507194519043,1259.093017578125,1092.428955078125,7.0265713,8.0,-1,29.959951
12,272,1104.2814826965332,811.9043502807617,1051.922607421875,847.8261108398438,6.2376485,10.0,-1,29.136549
11,272,304.1343421936035,389.8285446166992,251.7754669189453,425.75030517578125,5.8596725,8.0,1,1.9471364
797,272,1133.2629280090332,245.03154754638672,1080.904052734375,280.95330810546875,5.0709596,14.0,-1,26.046017
7,272,282.01706314086914,459.93880462646484,229.65818786621094,495.8605651855469,3.0287971,28.0,-1,0.6318694
17,272,524.592700958252,537.698600769043,472.23382568359375,573.620361328125,2.1519606,10.0,-1,15.839871
14,272,131.49921798706055,1010.5283126831055,79.14034271240234,1046.4500732421875,1.7855988,12.0,-1,11.29762
626,272,1599.3902473449707,206.07158660888672,1547.0313720703125,241.99334716796875,1.291587,8.0,-1,11.065892
1,273,1330.9492683410645,222.99173736572266,1278.0516357421875,260.0811767578125,62.735764,8.0,1,28.20193
4,273,1192.389331817627,25.062923431396484,1139.49169921875,62.15236282348633,55.703915,8.0,1,29.511406
2,273,1439.4705085754395,369.28797149658203,1386.5728759765625,406.3774108886719,33.245117,8.0,1,27.16887
528,273,1655.724292755127,398.27591705322266,1602.82666015625,435.3653564453125,26.9088,6.0,1,7.8724165
3,273,988.0178718566895,444.80435943603516,935.1202392578125,481.893798828125,19.527561,8.0,1,0.5805713
0,273,1314.581958770752,913.2857437133789,1261.684326171875,950.3751831054688,16.493965,10.0,1,9.092407
337,273,1165.456958770752,360.6376419067383,1112.559326171875,397.7270812988281,13.723221,28.0,-1,12.310108
6,273,425.3592414855957,251.68399810791016,372.46160888671875,288.7734375,13.025196,16.0,-1,8.23871
10,273,428.4360237121582,50.687965393066406,375.53839111328125,87.77740478515625,9.858745,10.0,-1,23.273726
9,273,1311.0168952941895,1052.7552871704102,1258.1192626953125,1089.8447265625,9.062108,8.0,-1,30.07832
8,273,1348.453540802002,380.5840835571289,1295.555908203125,417.67352294921875,7.9721446,8.0,-1,35.814903
797,273,1133.1848640441895,243.28736114501953,1080.2872314453125,280.3768005371094,7.068325,14.0,-1,32.636906
11,273,305.4737739562988,390.2477798461914,252.57614135742188,427.33721923828125,6.2669635,14.0,-1,0.9529519
12,273,1104.0459480285645,814.7068862915039,1051.1483154296875,851.7963256835938,5.66786,10.0,-1,31.959476
7,273,280.49609756469727,460.65100860595703,227.5984649658203,497.7404479980469,3.436115,28.0,-1,4.158416
17,273,526.6758613586426,538.1402359008789,473.7782287597656,575.2296752929688,3.0875854,10.0,-1,18.07326
14,273,132.5330467224121,1010.3956680297852,79.63541412353516,1047.485107421875,2.1871874,12.0,-1,15.298606
626,273,1599.4683113098145,204.79239654541016,1546.5706787109375,241.8818359375,0.9915963,8.0,-1,8.553847
4,274,1191.4127235412598,25.304668426513672,1137.8702392578125,62.32368850708008,64.18141,8.0,1,29.514713
1,274,1330.6776161193848,222.98442840576172,1277.1351318359375,260.0034484863281,42.644768,8.0,1,28.783005
2,274,1439.5778846740723,371.8758773803711,1386.035400390625,408.8948974609375,42.271576,8.0,1,27.973867
528,274,1655.4821815490723,400.4964828491211,1601.939697265625,437.5155029296875,32.07299,6.0,1,7.9907675
0,274,1317.7403602600098,912.8780746459961,1264.1978759765625,949.8970947265625,25.373909,10.0,1,12.127171
3,274,988.9956092834473,443.62133026123047,935.453125,480.6403503417969,14.170826,8.0,1,0.1959886
337,274,1163.9608192443848,362.9608383178711,1110.4183349609375,399.9798583984375,13.016727,28.0,-1,12.227764
6,274,421.95273208618164,253.90670013427734,368.4102478027344,290.92572021484375,11.555611,16.0,-1,8.999797
10,274,428.3286476135254,48.417320251464844,374.7861633300781,85.43634033203125,8.123826,10.0,-1,24.956034
12,274,1103.6644325256348,817.7350082397461,1050.1219482421875,854.7540283203125,7.353333,10.0,-1,30.388721
797,274,1135.1091346740723,243.29467010498047,1081.566650390625,280.3136901855469,7.251723,14.0,-1,39.485493
8,274,1347.3430213928223,379.7493209838867,1293.800537109375,416.7683410644531,7.0114803,8.0,-1,32.42397
9,274,1312.0070838928223,1053.4411849975586,1258.464599609375,1090.460205078125,6.174658,8.0,-1,30.415506
11,274,305.758975982666,390.35482025146484,252.21649169921875,427.37384033203125,5.618273,14.0,-1,1.8911188
7,274,283.25053787231445,458.50118255615234,229.7080535888672,495.52020263671875,3.871526,28.0,-1,1.0152646
17,274,527.3883094787598,538.1261825561523,473.8458251953125,575.1452026367188,3.0854301,8.0,-1,18.650698
14,274,131.65303421020508,1008.6689682006836,78.11054992675781,1045.68798828125,1.9735161,12.0,-1,15.295927
626,274,1600.7528114318848,203.1261978149414,1547.2103271484375,240.1452178955078,0.81453115,8.0,-1,9.3038
1,275,1331.3875160217285,223.01038360595703,1277.9666748046875,260.1130676269531,51.201344,8.0,1,28.907524
4,275,1191.3521156311035,23.996055603027344,1137.9312744140625,61.09873962402344,40.835762,8.0,1,28.55304
2,275,1438.9475746154785,371.8499221801758,1385.5267333984375,408.9526062011719,24.970253,8.0,1,28.503672
0,275,1319.790958404541,912.3937149047852,1266.3701171875,949.4963989257812,23.134407,10.0,1,9.106587
3,275,989.6528358459473,443.0223159790039,936.2319946289062,480.125,18.51127,14.0,-1,3.0743032
337,275,1160.6892738342285,362.28833770751953,1107.2684326171875,399.3910217285156,15.7405205,28.0,-1,12.426176
528,275,1658.3145179748535,399.72074127197266,1604.8936767578125,436.82342529296875,15.3733,6.0,1,8.555627
6,275,420.12292861938477,256.81055450439453,366.70208740234375,293.9132385253906,11.055889,16.0,-1,10.981538
9,275,1315.1411781311035,1056.135841369629,1261.7203369140625,1093.238525390625,7.3012977,8.0,-1,29.282228
8,275,1343.500675201416,379.3328628540039,1290.079833984375,416.435546875,7.18111,8.0,-1,34.09714
10,275,427.84949111938477,49.70562744140625,374.42864990234375,86.80831146240234,7.095857,10.0,-1,24.709215
11,275,303.9216194152832,390.7046890258789,250.5007781982422,427.807373046875,6.4310765,14.0,-1,4.470186
797,275,1135.1697425842285,241.96326446533203,1081.7489013671875,279.0659484863281,6.1856475,14.0,-1,36.37295
12,275,1102.321475982666,819.7593154907227,1048.900634765625,856.8619995117188,6.0506916,8.0,-1,30.404913
811,275,1675.493595123291,131.96686553955078,1622.07275390625,169.06954956054688,4.9120336,10.0,-1,15.151691
7,275,281.59729385375977,458.8837661743164,228.17645263671875,495.9864501953125,4.8949485,28.0,-1,1.1861162
17,275,532.3585243225098,541.2565689086914,478.93768310546875,578.3592529296875,1.9538327,8.0,-1,18.253819
14,275,132.2209129333496,1007.4788589477539,78.8000717163086,1044.58154296875,1.5933766,12.0,-1,16.728695
626,275,1602.3674964904785,204.62456512451172,1548.9466552734375,241.7272491455078,1.0667329,8.0,-1,10.573685
4,276,1191.268253326416,21.611106872558594,1138.0306396484375,59.08744812011719,42.935486,8.0,1,27.850891
1,276,1331.3875160217285,223.64237213134766,1278.14990234375,261.11871337890625,35.853962,8.0,1,27.174114
2,276,1439.4092445373535,372.76163482666016,1386.171630859375,410.23797607421875,35.215572,8.0,1,28.879646
528,276,1661.0803871154785,398.2227249145508,1607.8427734375,435.6990661621094,24.80465,6.0,1,9.61978
6,276,421.38537979125977,258.57971954345703,368.14776611328125,296.0560607910156,16.796375,16.0,-1,7.6284494
337,276,1161.225040435791,362.21988677978516,1107.9874267578125,399.69622802734375,16.758148,28.0,-1,10.693985
0,276,1319.331241607666,913.2909317016602,1266.0936279296875,950.7672729492188,15.061957,10.0,1,8.284276
3,276,991.180118560791,444.68225860595703,937.9425048828125,482.1585998535156,13.040708,14.0,-1,3.917941
811,276,1673.2505531311035,133.4815902709961,1620.012939453125,170.9579315185547,11.94147,10.0,-1,16.15348
8,276,1343.270450592041,379.00074005126953,1290.0328369140625,416.4770812988281,9.065205,8.0,-1,32.56531
11,276,303.0179634094238,390.1503677368164,249.7803497314453,427.626708984375,8.679381,14.0,-1,2.6287575
12,276,1099.814640045166,819.9997329711914,1046.5770263671875,857.47607421875,8.144397,8.0,-1,32.61268
9,276,1319.1179847717285,1054.241310119629,1265.88037109375,1091.7176513671875,7.8553233,8.0,-1,27.528456
797,276,1134.459659576416,241.96326446533203,1081.2220458984375,279.4396057128906,7.5628915,14.0,-1,38.148243
10,276,427.4936866760254,48.591033935546875,374.2560729980469,86.06737518310547,6.9271398,10.0,-1,26.07645
17,276,531.167911529541,542.7338638305664,477.9302978515625,580.210205078125,4.2022243,8.0,-1,19.670975
7,276,281.6960334777832,456.0409927368164,228.4584197998047,493.517333984375,2.5255907,28.0,-1,0.101061165
14,276,134.75162887573242,1010.6822280883789,81.5140151977539,1048.1585693359375,1.2884009,12.0,-1,18.753511
626,276,1604.1343421936035,202.6184310913086,1550.896728515625,240.0947723388672,0.58618546,8.0,-1,10.148815
4,277,1193.0486488342285,20.943565368652344,1139.9195556640625,58.19224548339844,61.488754,8.0,1,28.686283
1,277,1332.168643951416,222.97016143798828,1279.03955078125,260.2188415527344,28.742872,8.0,1,27.415913
2,277,1440.1965980529785,374.2532730102539,1387.0675048828125,411.501953125,21.508875,8.0,1,27.910486
528,277,1659.294376373291,397.29639434814453,1606.165283203125,434.5450744628906,17.635838,6.0,1,10.176991
0,277,1318.646183013916,911.5492935180664,1265.51708984375,948.7979736328125,14.934012,10.0,1,9.072541
811,277,1670.987491607666,134.57457733154297,1617.8583984375,171.82325744628906,13.039456,10.0,-1,15.257302
337,277,1162.482852935791,362.9421157836914,1109.353759765625,400.1907958984375,11.263061,28.0,-1,9.05838
9,277,1319.1179847717285,1052.674171447754,1265.9888916015625,1089.9228515625,10.734935,8.0,-1,32.770603
6,277,421.664005279541,260.07373809814453,368.534912109375,297.3224182128906,9.990776,16.0,-1,7.634098
10,277,428.308048248291,48.603416442871094,375.178955078125,85.85209655761719,9.940893,10.0,-1,27.253914
3,277,992.5640907287598,443.3040237426758,939.4349975585938,480.5527038574219,9.9353895,14.0,-1,1.2472973
8,277,1344.304386138916,379.00074005126953,1291.17529296875,416.2494201660156,9.164479,8.0,-1,35.741875
11,277,301.9743995666504,389.71314239501953,248.84530639648438,426.9618225097656,5.728845,14.0,-1,2.109368
797,277,1133.408878326416,245.33975982666016,1080.27978515625,282.58843994140625,5.456925,14.0,-1,32.65975
12,277,1098.4717445373535,820.5660781860352,1045.3426513671875,857.8147583007812,5.2838154,10.0,-1,33.20777
7,277,280.8602180480957,455.1781997680664,227.7311248779297,492.4268798828125,2.7833557,10.0,1,1.0554669
17,277,530.661563873291,543.6537857055664,477.532470703125,580.9024658203125,1.7915392,8.0,-1,16.039156
626,277,1607.3738441467285,200.5784683227539,1554.2447509765625,237.8271484375,1.1191207,8.0,-1,11.790134
14,277,132.81095504760742,1013.4775161743164,79.6818618774414,1050.7261962890625,1.0797827,12.0,-1,18.830564
4,278,1191.9499244689941,20.239383697509766,1139.390869140625,57.02798080444336,28.36576,8.0,1,27.939001
1,278,1333.1254615783691,223.50312042236328,1280.56640625,260.2917175292969,27.267778,8.0,1,27.015915
2,278,1442.0352516174316,374.23868560791016,1389.4761962890625,411.02728271484375,22.18724,8.0,1,27.586597
528,278,1658.7054176330566,397.02530670166016,1606.1463623046875,433.81390380859375,21.966331,6.0,1,7.832816
6,278,422.0852699279785,261.56824493408203,369.5262145996094,298.3568420410156,16.622086,16.0,-1,6.837492
0,278,1318.5660133361816,911.5492935180664,1266.0069580078125,948.337890625,14.551845,10.0,1,9.016022
337,278,1163.4346656799316,362.3288040161133,1110.8756103515625,399.1174011230469,11.172265,28.0,-1,9.257015
3,278,992.6722145080566,444.2154312133789,940.1131591796875,481.0040283203125,10.241375,14.0,-1,3.867546
9,278,1322.2500953674316,1053.329689025879,1269.6910400390625,1090.1182861328125,9.781356,8.0,-1,33.719837
811,278,1670.1868629455566,133.61986541748047,1617.6278076171875,170.40846252441406,9.413169,10.0,-1,15.505196
10,278,427.04294204711914,50.662574768066406,374.48388671875,87.451171875,9.23483,10.0,-1,27.82368
8,278,1344.6376686096191,379.7640151977539,1292.07861328125,416.5526123046875,9.215933,8.0,-1,34.676067
797,278,1131.9502906799316,243.92838287353516,1079.3912353515625,280.71697998046875,7.904738,14.0,-1,33.102024
12,278,1097.1921119689941,820.4195938110352,1044.633056640625,857.2081909179688,7.5957074,10.0,-1,30.255676
11,278,301.9743995666504,390.35929107666016,249.41534423828125,427.14788818359375,4.9316387,14.0,-1,4.396456
7,278,277.94116592407227,459.82022857666016,225.38211059570312,496.60882568359375,2.9320948,28.0,-1,0.827644
17,278,530.5994911193848,540.7369155883789,478.0404357910156,577.5255126953125,1.9867646,8.0,-1,16.600592
14,278,134.02943801879883,1014.3576431274414,81.47038269042969,1051.146240234375,0.9652781,12.0,-1,18.926758
626,278,1607.3748512268066,196.47510528564453,1554.8157958984375,233.26370239257812,0.8999981,8.0,-1,11.39284
1,279,1333.9886207580566,221.2986831665039,1281.816650390625,258.3206787109375,39.13094,8.0,1,28.626255
4,279,1191.9499244689941,19.628856658935547,1139.7779541015625,56.65085220336914,37.003193,8.0,1,28.322916
2,279,1442.1840553283691,373.0948257446289,1390.0120849609375,410.1168212890625,35.25837,8.0,1,28.535772
528,279,1660.1241188049316,394.9087905883789,1607.9521484375,431.9307861328125,29.162703,6.0,1,8.989137
0,279,1318.3046607971191,909.2200698852539,1266.1326904296875,946.2420654296875,15.038606,10.0,1,6.2057056
811,279,1666.5480690002441,134.41788482666016,1614.3760986328125,171.43988037109375,13.490159,10.0,-1,12.443515
337,279,1161.4769020080566,361.52368927001953,1109.304931640625,398.5456848144531,12.971676,28.0,-1,9.501549
3,279,992.4105567932129,443.7861099243164,940.2385864257812,480.80810546875,12.732217,14.0,-1,2.566693
6,279,422.215274810791,264.8381118774414,370.0433044433594,301.860107421875,12.490444,16.0,-1,8.778077
12,279,1099.3732643127441,820.6570816040039,1047.2012939453125,857.6790771484375,8.426153,10.0,-1,29.236197
11,279,302.3374671936035,392.79993438720703,250.16549682617188,429.8219299316406,7.6190104,14.0,-1,1.6447256
10,279,425.05322647094727,48.743011474609375,372.8812561035156,85.76500701904297,7.394034,10.0,-1,26.02035
8,279,1344.9773902893066,381.80579376220703,1292.805419921875,418.8277893066406,7.1029243,8.0,-1,33.266853
9,279,1318.9480934143066,1053.329689025879,1266.776123046875,1090.3516845703125,6.828356,8.0,-1,29.138435
797,279,1130.0818824768066,242.9728775024414,1077.909912109375,279.994873046875,5.9700875,14.0,-1,28.765833
17,279,531.9426612854004,541.1526870727539,479.77069091796875,578.1746826171875,4.6814027,8.0,-1,19.725962
7,279,278.6288642883301,464.00757598876953,226.45689392089844,501.0295715332031,3.3599775,28.0,-1,0.2571401
626,279,1602.5038795471191,196.92658233642578,1550.3319091796875,233.94857788085938,1.7059325,8.0,-1,10.287529
14,279,132.24077224731445,1015.5112075805664,80.06880187988281,1052.533203125,1.3626746,12.0,-1,17.624466
4,280,1192.8009986877441,20.598312377929688,1139.899169921875,56.92023468017578,37.404747,8.0,1,28.706343
2,280,1440.9401588439941,373.7288284301758,1388.038330078125,410.0507507324219,30.77395,8.0,1,28.502506
1,280,1333.8661842346191,220.29337310791016,1280.96435546875,256.61529541015625,29.102966,8.0,1,26.201088
528,280,1658.3811988830566,393.98026275634766,1605.4793701171875,430.30218505859375,16.968203,6.0,1,8.888291
811,280,1664.8781471252441,135.25052642822266,1611.976318359375,171.57244873046875,16.381578,10.0,-1,13.384779
6,280,422.970890045166,267.6834487915039,370.0690612792969,304.00537109375,16.11167,16.0,-1,7.8830657
0,280,1317.2395973205566,908.6575088500977,1264.3377685546875,944.9794311523438,14.231438,10.0,1,2.7651663
3,280,992.6407203674316,442.56754302978516,939.7388916015625,478.88946533203125,13.892578,14.0,-1,3.7248497
337,280,1159.3627662658691,360.91199493408203,1106.4609375,397.2339172363281,11.058164,28.0,-1,7.938935
12,280,1100.6750221252441,819.3075942993164,1047.773193359375,855.6295166015625,10.924485,8.0,-1,30.883423
8,280,1344.9773902893066,382.0723648071289,1292.0755615234375,418.394287109375,9.499267,8.0,-1,35.433365
10,280,425.2363929748535,49.81901550292969,372.3345642089844,86.14093780517578,9.438492,10.0,-1,26.093796
9,280,1316.7786598205566,1051.803810119629,1263.8768310546875,1088.125732421875,9.325421,8.0,-1,28.326784
11,280,303.3283882141113,393.0665054321289,250.4265594482422,429.388427734375,6.2231097,14.0,-1,2.049622
797,280,1129.0035133361816,242.48917388916016,1076.1016845703125,278.81109619140625,5.3591137,14.0,-1,26.832836
14,280,133.14422988891602,1014.6012954711914,80.24240112304688,1050.9232177734375,4.5053406,12.0,-1,15.589742
17,280,535.250431060791,541.8691177368164,482.3486022949219,578.1910400390625,3.7724392,8.0,-1,20.48607
7,280,276.21774673461914,468.7719497680664,223.31591796875,505.0938720703125,3.7473018,28.0,-1,1.02646
626,280,1603.1022682189941,196.92658233642578,1550.200439453125,233.24850463867188,1.1696745,8.0,-1,12.660723
4,281,1192.0320777893066,21.508995056152344,1139.0242919921875,58.11073303222656,46.52254,8.0,1,28.328402
1,281,1333.0942115783691,222.45050811767578,1280.08642578125,259.05224609375,44.836163,8.0,1,25.885557
2,281,1441.4510231018066,375.09000396728516,1388.4432373046875,411.6917419433594,26.76473,8.0,1,27.95073
528,281,1658.3543434143066,394.0248489379883,1605.3465576171875,430.6265869140625,20.404058,6.0,1,7.3348093
0,281,1317.2395973205566,907.4621658325195,1264.2318115234375,944.0639038085938,20.222878,10.0,1,4.800245
6,281,422.32959365844727,269.18762969970703,369.3218078613281,305.78936767578125,14.316063,16.0,-1,6.0839915
3,281,994.1567726135254,442.56754302978516,941.1489868164062,479.1692810058594,13.649601,14.0,-1,3.466146
811,281,1665.6314430236816,134.83943939208984,1612.6236572265625,171.44117736816406,12.523608,10.0,-1,13.679247
337,281,1155.4372291564941,359.99637603759766,1102.429443359375,396.5981140136719,9.471018,28.0,-1,7.6905727
12,281,1101.1979713439941,821.1049880981445,1048.190185546875,857.7067260742188,9.415362,10.0,-1,30.863401
10,281,425.89328384399414,50.45745086669922,372.885498046875,87.05918884277344,9.408435,10.0,-1,25.279882
9,281,1318.4640846252441,1049.4219436645508,1265.456298828125,1086.023681640625,8.666492,8.0,-1,32.1346
11,281,303.23788833618164,391.9154739379883,250.2301025390625,428.5172119140625,8.55009,12.0,-1,0.5076312
8,281,1344.0895729064941,381.62015533447266,1291.081787109375,418.2218933105469,7.3012547,8.0,-1,34.650623
797,281,1129.5951881408691,241.85050201416016,1076.58740234375,278.4522399902344,6.0451045,14.0,-1,25.862202
14,281,132.4781379699707,1015.2517776489258,79.47035217285156,1051.853515625,5.8505244,12.0,-1,14.383788
7,281,276.8360786437988,467.2516555786133,223.8282928466797,503.8533935546875,3.0315313,10.0,1,0.065185726
17,281,530.9560585021973,542.2715530395508,477.9482727050781,578.873291015625,2.1316211,8.0,-1,17.812008
626,281,1603.3317604064941,195.06206512451172,1550.323974609375,231.66380310058594,1.1749483,8.0,-1,11.788487
4,282,1192.0320777893066,22.26031494140625,1138.9228515625,58.743064880371094,34.953026,8.0,1,27.934816
1,282,1334.2626686096191,221.88700103759766,1281.1534423828125,258.3697509765625,32.105145,8.0,1,27.169498
2,282,1442.7826881408691,375.09000396728516,1389.6734619140625,411.57275390625,29.869766,8.0,1,28.2445
528,282,1659.1786842346191,393.0138931274414,1606.0694580078125,429.49664306640625,29.20038,6.0,1,6.4422226
0,282,1317.4893531799316,909.3348770141602,1264.380126953125,945.817626953125,19.419603,10.0,1,5.6750817
3,282,993.7681007385254,443.42285919189453,940.6588745117188,479.9056091308594,16.013035,14.0,-1,1.6521454
6,282,420.87692642211914,267.7922134399414,367.7677001953125,304.27496337890625,13.881916,16.0,-1,6.7341027
811,282,1663.7520484924316,134.43477630615234,1610.642822265625,170.9175262451172,11.368632,10.0,-1,13.687205
10,282,426.984073638916,50.72880554199219,373.8748474121094,87.21155548095703,10.480973,10.0,-1,27.855064
337,282,1153.5198707580566,361.8900833129883,1100.41064453125,398.3728332519531,9.579904,28.0,-1,5.67157
12,282,1103.4822731018066,819.5808486938477,1050.373046875,856.0635986328125,8.285221,10.0,-1,28.181986
11,282,303.0132637023926,392.1880874633789,249.90403747558594,428.67083740234375,8.051089,14.0,-1,2.3728385
9,282,1319.3753395080566,1047.8429336547852,1266.26611328125,1084.32568359375,7.278086,8.0,-1,30.082243
8,282,1344.0481910705566,383.4862747192383,1290.93896484375,419.9690246582031,6.0932674,8.0,-1,34.00889
797,282,1129.7643775939941,242.26374053955078,1076.6551513671875,278.7464904785156,5.3480873,14.0,-1,26.898602
17,282,533.3667030334473,540.1708145141602,480.2574768066406,576.653564453125,2.757327,8.0,-1,18.139603
14,282,131.05673599243164,1013.9983291625977,77.947509765625,1050.4810791015625,2.655452,12.0,-1,12.432697
7,282,274.06096267700195,467.62525177001953,220.9517364501953,504.1080017089844,2.4675624,28.0,-1,1.7225404
626,282,1601.5805397033691,195.00450897216797,1548.4713134765625,231.4872589111328,1.0468248,6.0,-1,12.629104
1,283,1332.5911293029785,223.05121612548828,1280.1097412109375,259.86529541015625,50.867508,8.0,1,25.284657
4,283,1189.3042640686035,25.067073822021484,1136.8228759765625,61.88115310668945,46.945614,8.0,1,28.041645
2,283,1442.5335121154785,375.89356231689453,1390.0521240234375,412.7076416015625,27.443232,8.0,1,28.053177
528,283,1660.136661529541,392.91785430908203,1607.6552734375,429.73193359375,22.144638,6.0,1,10.044593
811,283,1660.669376373291,133.07845306396484,1608.18798828125,169.8925323486328,17.808098,10.0,-1,14.143156
0,283,1318.8552894592285,910.1074295043945,1266.3739013671875,946.9215087890625,14.4529085,10.0,1,4.5073786
3,283,994.2733192443848,443.42285919189453,941.7919311523438,480.2369384765625,13.679131,14.0,-1,3.7533526
10,283,428.0577735900879,49.272605895996094,375.5763854980469,86.08668518066406,11.913154,10.0,-1,28.00076
337,283,1153.212100982666,362.8924331665039,1100.730712890625,399.7065124511719,11.020793,28.0,-1,7.399211
6,283,420.87692642211914,268.17151641845703,368.3955383300781,304.985595703125,10.39701,16.0,-1,6.81043
8,283,1346.794376373291,382.9354019165039,1294.31298828125,419.7494812011719,10.018579,8.0,-1,33.26341
12,283,1106.421817779541,818.8620681762695,1053.9404296875,855.6761474609375,9.201255,10.0,-1,29.524832
11,283,301.3134956359863,392.2352066040039,248.8321075439453,429.0492858886719,8.048152,14.0,-1,3.7617483
9,283,1319.9627113342285,1049.966438293457,1267.4813232421875,1086.780517578125,7.068924,8.0,-1,27.543749
797,283,1129.6350746154785,241.94840240478516,1077.1536865234375,278.7624816894531,5.0762568,14.0,-1,28.450655
14,283,128.22892379760742,1018.8960037231445,75.7475357055664,1055.7100830078125,4.682395,12.0,-1,13.991411
7,283,274.7487678527832,467.02783966064453,222.2673797607422,503.8419189453125,3.9104192,28.0,-1,1.1354622
17,283,535.4419593811035,537.4827346801758,482.9605712890625,574.2968139648438,2.0971973,10.0,-1,16.13695
626,283,1598.874698638916,191.64789581298828,1546.393310546875,228.46197509765625,1.1078271,6.0,-1,11.678653
4,284,1190.136417388916,26.874725341796875,1137.6663818359375,64.02765655517578,39.00998,8.0,1,28.88878
1,284,1332.502628326416,223.52269744873047,1280.0325927734375,260.6756286621094,36.629,8.0,1,26.930614
2,284,1442.5335121154785,378.27632904052734,1390.0634765625,415.42926025390625,25.68936,8.0,1,27.427866
528,284,1662.136661529541,392.78121185302734,1609.6666259765625,429.93414306640625,24.722473,6.0,1,9.662249
811,284,1658.6074867248535,133.07845306396484,1606.137451171875,170.23138427734375,15.085255,10.0,-1,14.212728
3,284,993.9868202209473,441.6598434448242,941.5167846679688,478.8127746582031,13.832184,14.0,-1,4.002261
0,284,1318.508731842041,909.1006088256836,1266.0386962890625,946.2535400390625,12.764439,10.0,1,1.3805821
10,284,428.7375831604004,47.171485900878906,376.2675476074219,84.32441711425781,12.244328,10.0,-1,27.559538
6,284,422.359561920166,268.6688766479492,369.8895263671875,305.8218078613281,11.05219,16.0,-1,8.195367
337,284,1150.994815826416,360.75106048583984,1098.5247802734375,397.90399169921875,9.47604,28.0,-1,8.679714
8,284,1348.8140296936035,382.73461151123047,1296.343994140625,419.8875427246094,9.218831,8.0,-1,33.633327
12,284,1106.4995765686035,816.4204330444336,1054.029541015625,853.5733642578125,8.094284,10.0,-1,31.580017
9,284,1318.2193031311035,1050.743797302246,1265.749267578125,1087.896728515625,7.5976987,10.0,-1,23.04294
11,284,301.5751075744629,390.72701263427734,249.10507202148438,427.87994384765625,6.0178065,14.0,-1,2.0834541
797,284,1130.5635414123535,243.80220794677734,1078.093505859375,280.95513916015625,5.2558417,14.0,-1,22.559755
7,284,271.8057441711426,468.55049896240234,219.33570861816406,505.70343017578125,5.1545696,28.0,-1,0.04629031
14,284,128.08510208129883,1020.6097640991211,75.61506652832031,1057.7626953125,2.8161404,14.0,-1,10.820312
17,284,536.3903846740723,535.6263656616211,483.92034912109375,572.779296875,2.3026292,8.0,-1,16.860308
626,284,1596.788516998291,192.95624542236328,1544.3184814453125,230.1091766357422,1.6482595,8.0,-1,11.438038
1,285,1330.853214263916,225.08919525146484,1278.1920166015625,261.8858642578125,47.643543,8.0,1,26.81245
4,285,1188.622257232666,26.929054260253906,1135.9610595703125,63.72572326660156,47.05518,8.0,1,29.323603
2,285,1442.3870277404785,376.38936614990234,1389.725830078125,413.18603515625,27.633049,8.0,1,28.178213
528,285,1663.6738929748535,393.90306854248047,1611.0126953125,430.6997375488281,18.07867,6.0,1,8.330168
3,285,991.2419471740723,442.97911834716797,938.5807495117188,479.7757873535156,17.88639,14.0,-1,5.1274595
0,285,1318.8782386779785,909.1006088256836,1266.217041015625,945.8972778320312,17.17983,10.0,1,3.481932
811,285,1658.5906410217285,133.08153533935547,1605.929443359375,169.87820434570312,15.590896,10.0,-1,14.117186
10,285,429.43600845336914,46.79131317138672,376.7748107910156,83.58798217773438,10.326386,10.0,-1,28.306541
6,285,420.887882232666,268.3252182006836,368.2266845703125,305.12188720703125,9.166624,16.0,-1,8.6795845
9,285,1320.3123207092285,1048.9209823608398,1267.651123046875,1085.7176513671875,7.662246,10.0,-1,18.943644
337,285,1149.803897857666,363.49642181396484,1097.1427001953125,400.2930908203125,7.6237655,28.0,-1,5.2879167
8,285,1350.9849281311035,383.32064056396484,1298.32373046875,420.1173095703125,7.487044,8.0,-1,31.404846
11,285,302.8971748352051,390.6982650756836,250.23597717285156,427.49493408203125,5.675096,14.0,-1,5.784446
797,285,1130.5635414123535,243.6236801147461,1077.90234375,280.42034912109375,5.297748,14.0,-1,21.129774
12,285,1110.069766998291,816.3994369506836,1057.4085693359375,853.1961059570312,5.2874103,10.0,-1,29.687502
7,285,271.48215103149414,472.3905258178711,218.82095336914062,509.18719482421875,4.1968327,10.0,1,0.441217
14,285,129.99973678588867,1018.4103622436523,77.33853912353516,1055.20703125,2.9073722,12.0,-1,12.093526
17,285,536.658634185791,535.4989242553711,483.9974365234375,572.2955932617188,2.380571,8.0,-1,16.068165
626,285,1594.2495765686035,194.6287612915039,1541.58837890625,231.42543029785156,1.0723559,8.0,-1,11.08522
4,286,1188.4207191467285,27.53850555419922,1136.15673828125,64.62478637695312,42.76564,8.0,1,28.46496
1,286,1331.6909828186035,223.88475799560547,1279.427001953125,260.9710388183594,29.365507,8.0,1,27.362062
2,286,1443.454532623291,377.2448043823242,1391.1905517578125,414.3310852050781,25.706757,8.0,1,27.269901
3,286,992.2476844787598,444.8877182006836,939.9837036132812,481.9739990234375,17.685995,14.0,-1,7.0996795
0,286,1318.8782386779785,909.1006088256836,1266.6142578125,946.1868896484375,16.712896,10.0,1,2.5121503
528,286,1664.547794342041,393.18355560302734,1612.2838134765625,430.26983642578125,16.328943,6.0,1,8.3614025
6,286,419.41073989868164,268.32640838623047,367.1467590332031,305.4126892089844,11.694889,16.0,-1,8.285546
811,286,1657.893985748291,131.46918487548828,1605.6300048828125,168.5554656982422,10.934876,10.0,-1,13.568093
10,286,430.14389419555664,47.983558654785156,377.8799133300781,85.06983947753906,9.867188,10.0,-1,28.413738
337,286,1146.145938873291,364.80516815185547,1093.8819580078125,401.8914489746094,9.627081,28.0,-1,3.9052646
11,286,303.192813873291,389.55696868896484,250.9288330078125,426.64324951171875,8.590335,14.0,-1,3.0012326
8,286,1350.092227935791,382.9713363647461,1297.8282470703125,420.0576171875,7.4111285,8.0,-1,34.070812
797,286,1129.8811683654785,241.43584442138672,1077.6171875,278.5221252441406,5.7571206,14.0,-1,26.608042
9,286,1319.1448402404785,1049.4807357788086,1266.880859375,1086.5670166015625,4.933906,12.0,-1,16.149755
12,286,1112.6043128967285,814.6843490600586,1060.34033203125,851.7706298828125,4.9228396,10.0,-1,30.582993
14,286,130.29420852661133,1017.0499496459961,78.03022766113281,1054.13623046875,3.641578,12.0,-1,13.045856
7,286,267.39909744262695,472.72664642333984,215.13511657714844,509.81292724609375,3.309921,10.0,1,0.46462518
17,286,537.8641395568848,536.4698104858398,485.60015869140625,573.5560913085938,2.263412,8.0,-1,18.214584
626,286,1590.352725982666,194.18804168701172,1538.0887451171875,231.27432250976562,1.0553167,6.0,-1,11.4658785
4,287,1188.522891998291,27.53850555419922,1136.080322265625,63.82345199584961,47.46184,8.0,1,28.368649
1,287,1332.340030670166,223.83694076538086,1279.8974609375,260.12188720703125,42.16112,8.0,1,28.027416
2,287,1445.022647857666,377.80468368530273,1392.580078125,414.0896301269531,31.404213,8.0,1,26.823591
528,287,1664.4597816467285,395.2646141052246,1612.0172119140625,431.549560546875,23.343649,6.0,1,8.248344
0,287,1318.4382972717285,909.6971092224121,1265.9957275390625,945.9820556640625,16.606546,6.0,-1,4.7078495
3,287,993.0112342834473,445.76086044311523,940.5686645507812,482.0458068847656,15.069503,14.0,-1,5.116422
811,287,1658.014591217041,131.64794540405273,1605.572021484375,167.93289184570312,13.8487425,10.0,-1,14.019409
10,287,430.4847755432129,47.73421096801758,378.0422058105469,84.01915740966797,12.372276,10.0,-1,28.718704
337,287,1146.145938873291,362.79836654663086,1093.703369140625,399.08331298828125,10.429105,28.0,-1,1.3245864
6,287,418.34006118774414,269.53820419311523,365.8974914550781,305.8231506347656,10.394141,16.0,-1,9.058319
9,287,1318.140567779541,1047.8454246520996,1265.697998046875,1084.13037109375,6.881651,12.0,-1,15.618534
12,287,1115.2122230529785,813.1458396911621,1062.7696533203125,849.4307861328125,6.8079014,10.0,-1,28.844488
11,287,303.33737564086914,389.43532943725586,250.89480590820312,425.72027587890625,6.0798154,14.0,-1,3.038941
8,287,1349.442081451416,380.9996910095215,1296.99951171875,417.2846374511719,5.192491,8.0,-1,33.032063
797,287,1128.3389320373535,237.97869491577148,1075.8963623046875,274.2636413574219,4.756673,14.0,-1,28.034256
7,287,266.306827545166,474.1993064880371,213.8642578125,510.4842529296875,2.7726967,10.0,1,0.2452819
17,287,537.6892738342285,536.1376609802246,485.2467041015625,572.422607421875,2.268758,8.0,-1,18.3676
14,287,130.2224006652832,1020.3805809020996,77.77983093261719,1056.66552734375,2.2267938,12.0,-1,13.735112
626,287,1590.6907386779785,195.6087303161621,1538.2481689453125,231.8936767578125,1.5769318,6.0,-1,11.655906
4,288,1186.5887489318848,25.2413330078125,1134.070556640625,62.094058990478516,66.69932,8.0,1,29.599297
1,288,1330.3298377990723,221.06606674194336,1277.8116455078125,257.9187927246094,47.574463,8.0,1,28.526749
2,288,1446.6449012756348,377.80468368530273,1394.126708984375,414.65740966796875,37.046764,8.0,1,26.536858
3,288,993.4636878967285,446.852840423584,940.9454956054688,483.70556640625,16.42719,14.0,-1,7.578537
528,288,1666.4846229553223,394.4724998474121,1613.9664306640625,431.3252258300781,15.05137,6.0,1,7.9812474
337,288,1146.4229774475098,363.44472885131836,1093.90478515625,400.2974548339844,12.985566,28.0,-1,3.496077
0,288,1316.6816444396973,909.4403648376465,1264.1634521484375,946.2930908203125,12.006778,16.0,-1,11.058336
811,288,1655.5781288146973,132.07195663452148,1603.0599365234375,168.9246826171875,10.783278,10.0,-1,14.407893
10,288,430.60327529907227,48.409915924072266,378.0850830078125,85.26264190673828,10.357109,10.0,-1,28.188784
6,288,417.8721046447754,267.8622398376465,365.3539123535156,304.7149658203125,10.08044,14.0,-1,10.547386
12,288,1115.8758583068848,810.396541595459,1063.357666015625,847.249267578125,8.631445,8.0,-1,29.355291
11,288,303.33737564086914,385.4148826599121,250.81918334960938,422.2676086425781,6.9372993,14.0,-1,2.3131204
8,288,1349.4075965881348,380.77505111694336,1296.889404296875,417.6277770996094,6.716518,8.0,-1,30.622408
9,288,1316.1687049865723,1047.2575035095215,1263.6505126953125,1084.1102294921875,6.2443566,12.0,-1,16.849844
797,288,1128.5134315490723,239.27294540405273,1075.9952392578125,276.12567138671875,3.968337,14.0,-1,24.414068
17,288,538.3132667541504,537.4628257751465,485.7950744628906,574.3155517578125,3.3340824,8.0,-1,18.067677
7,288,264.77511978149414,475.34435653686523,212.25692749023438,512.1970825195312,2.1242983,10.0,1,0.1097582
14,288,131.79767990112305,1022.0595054626465,79.27948760986328,1058.9122314453125,1.4573411,12.0,-1,15.257215
626,288,1588.7088661193848,196.29168319702148,1536.190673828125,233.1444091796875,1.1658939,8.0,-1,9.729474
4,289,1185.0396766662598,27.359874725341797,1132.5655517578125,64.11329650878906,42.472507,8.0,1,28.407768
1,289,1330.3298377990723,220.64837265014648,1277.855712890625,257.40179443359375,42.293205,8.0,1,28.271088
2,289,1448.8197059631348,377.4752769470215,1396.3455810546875,414.22869873046875,40.690254,8.0,1,26.308958
528,289,1668.2927284240723,395.2517967224121,1615.818603515625,432.0052185058594,16.76051,6.0,1,7.1864114
811,289,1654.3830604553223,131.5382957458496,1601.908935546875,168.29171752929688,14.528403,10.0,-1,15.050321
3,289,993.1272621154785,447.707088470459,940.6531372070312,484.46051025390625,12.620555,14.0,-1,2.3189006
337,289,1144.9915809631348,366.09289169311523,1092.5174560546875,402.8463134765625,12.1838875,28.0,-1,4.6054068
10,289,430.2684669494629,50.430721282958984,377.7943420410156,87.18414306640625,10.487127,10.0,-1,28.733307
0,289,1316.6518592834473,909.4403648376465,1264.177734375,946.1937866210938,10.305602,6.0,-1,9.084944
11,289,303.4263496398926,385.36416244506836,250.9522247314453,422.1175842285156,7.87929,14.0,-1,1.8327281
12,289,1116.2961463928223,809.2765464782715,1063.822021484375,846.0299682617188,7.479784,8.0,-1,31.109837
8,289,1348.6545448303223,379.07998275756836,1296.180419921875,415.8334045410156,6.8797755,8.0,-1,31.500006
6,289,419.4175148010254,267.885799407959,366.9433898925781,304.63922119140625,6.6598396,14.0,-1,10.265157
9,289,1314.9047889709473,1046.4840049743652,1262.4306640625,1083.2374267578125,6.0674844,10.0,-1,16.938297
797,289,1130.0380897521973,236.45861434936523,1077.56396484375,273.2120361328125,3.9364488,12.0,-1,32.470337
7,289,260.95769119262695,478.93188095092773,208.4835662841797,515.685302734375,3.1791763,28.0,-1,1.1081868
17,289,543.9505653381348,539.1193809509277,491.4764404296875,575.872802734375,2.5639796,8.0,-1,16.01965
626,289,1590.2705116271973,201.23156356811523,1537.79638671875,237.9849853515625,1.6856917,8.0,-1,10.003404
14,289,133.1451301574707,1017.9117393493652,80.67100524902344,1054.6651611328125,1.5767328,10.0,-1,17.053932
4,290,1184.2900428771973,27.359874725341797,1131.96630859375,64.10159301757812,65.15957,8.0,1,29.309603
1,290,1330.3298377990723,219.71174240112305,1278.006103515625,256.4534606933594,54.693527,8.0,1,28.052788
2,290,1450.4382362365723,379.0120964050293,1398.114501953125,415.7538146972656,27.461916,8.0,1,25.736553
528,290,1669.0091590881348,395.32697677612305,1616.6854248046875,432.0686950683594,14.134109,6.0,1,6.346129
337,290,1143.9837684631348,367.17695236206055,1091.6600341796875,403.9186706542969,13.28548,28.0,-1,5.1991568
8,290,1348.3313026428223,377.0970268249512,1296.007568359375,413.8387451171875,12.843928,8.0,-1,30.171616
10,290,429.0752296447754,51.38112258911133,376.7514953613281,88.12284088134766,12.352219,10.0,-1,29.250109
811,290,1653.5314979553223,132.2933464050293,1601.207763671875,169.03506469726562,10.636169,10.0,-1,13.611746
12,290,1116.9083290100098,809.5174980163574,1064.5845947265625,846.2592163085938,9.380451,8.0,-1,28.49581
3,290,993.330997467041,446.0850028991699,941.0072631835938,482.82672119140625,9.314335,14.0,-1,0.26503944
0,290,1314.7321815490723,910.8675956726074,1262.408447265625,947.6093139648438,9.226629,16.0,-1,10.226721
9,290,1318.0334510803223,1045.4344291687012,1265.709716796875,1082.1761474609375,7.793726,12.0,-1,17.224892
6,290,418.10947036743164,265.4410209655762,365.7857360839844,302.1827392578125,6.742286,14.0,-1,15.146018
11,290,304.0152168273926,383.8891716003418,251.6914825439453,420.6308898925781,6.6050277,14.0,-1,2.8973103
797,290,1130.3181190490723,234.52219772338867,1077.994384765625,271.263916015625,5.1156583,14.0,-1,30.84795
7,290,258.9356880187988,478.9089775085449,206.61195373535156,515.6506958007812,2.3023508,28.0,-1,0.19614422
14,290,130.30036544799805,1018.1030082702637,77.97663116455078,1054.8447265625,1.8765877,10.0,-1,14.850135
17,290,544.6936683654785,539.9517021179199,492.36993408203125,576.6934204101562,1.5579079,8.0,-1,15.383913
626,290,1590.3790321350098,199.9964714050293,1538.0552978515625,236.73818969726562,0.8814616,8.0,-1,9.894518
4,291,1182.0391883850098,27.088985443115234,1129.9105224609375,64.05882263183594,64.95216,8.0,1,29.622478
1,291,1330.8273963928223,217.57903671264648,1278.69873046875,254.5488739013672,31.402863,8.0,1,27.052235
2,291,1450.5738563537598,379.7198600769043,1398.4451904296875,416.689697265625,20.344584,8.0,1,26.964008
3,291,991.9353675842285,445.0129203796387,939.8067016601562,481.9827575683594,15.34456,14.0,-1,1.1326394
811,291,1653.5314979553223,133.1090202331543,1601.40283203125,170.078857421875,14.163545,10.0,-1,15.105875
337,291,1140.5327186584473,367.4400749206543,1088.404052734375,404.409912109375,11.126239,28.0,-1,5.437131
10,291,430.066104888916,51.14921188354492,377.93743896484375,88.11904907226562,11.109844,10.0,-1,29.985111
528,291,1671.5668983459473,396.35017013549805,1619.438232421875,433.32000732421875,10.289109,6.0,1,5.3106356
8,291,1346.0300331115723,374.9503288269043,1293.9013671875,411.920166015625,8.854526,8.0,-1,31.388826
12,291,1116.3317909240723,810.7060050964355,1064.203125,847.6758422851562,8.029736,8.0,-1,31.344454
0,291,1314.3403358459473,911.2690544128418,1262.211669921875,948.2388916015625,8.005897,16.0,-1,6.9488606
11,291,302.636905670166,383.98456954956055,250.50823974609375,420.95440673828125,6.8216796,14.0,-1,6.0591497
6,291,416.2121925354004,265.4410209655762,364.0835266113281,302.4108581542969,6.667503,12.0,-1,14.448581
9,291,1319.6478309631348,1044.2827262878418,1267.5191650390625,1081.2525634765625,5.581461,12.0,-1,15.616335
797,291,1129.9018592834473,234.79291915893555,1077.773193359375,271.76275634765625,4.200468,14.0,-1,29.567633
14,291,132.0057029724121,1018.5340690612793,79.87703704833984,1055.50390625,3.6899395,12.0,-1,15.273825
17,291,545.4334144592285,538.554759979248,493.30474853515625,575.5245971679688,1.7825545,10.0,-1,13.93772
7,291,262.1474800109863,478.63264083862305,210.01881408691406,515.6024780273438,1.6398168,10.0,1,0.53036594
626,291,1590.9448280334473,199.59443283081055,1538.816162109375,236.56427001953125,0.6861282,8.0,-1,9.6182575
1,292,1332.7797889709473,215.0680046081543,1279.8294677734375,252.31924438476562,47.967022,8.0,1,28.61734
4,292,1182.5001258850098,27.088985443115234,1129.5498046875,64.34022521972656,43.244003,8.0,1,29.575346
2,292,1448.7115516662598,378.36909103393555,1395.76123046875,415.6203308105469,21.055384,8.0,1,26.573856
10,292,430.8254737854004,48.528202056884766,377.8751525878906,85.7794418334961,17.11072,10.0,-1,29.780304
3,292,990.579776763916,443.2114372253418,937.6294555664062,480.4626770019531,16.937239,8.0,1,1.2430563
811,292,1653.1265907287598,133.0338249206543,1600.17626953125,170.28506469726562,15.422179,10.0,-1,14.555308
337,292,1138.2325477600098,367.5953788757324,1085.2822265625,404.84661865234375,11.476989,28.0,-1,5.8315864
0,292,1313.4149208068848,911.3184013366699,1260.464599609375,948.5696411132812,10.090001,6.0,-1,10.705595
11,292,302.80339431762695,382.9296989440918,249.8530731201172,420.1809387207031,9.928586,14.0,-1,7.0056906
12,292,1116.5896034240723,807.9083671569824,1063.6392822265625,845.1596069335938,9.791146,10.0,-1,29.666595
528,292,1673.9179725646973,395.0664176940918,1620.9676513671875,432.3176574707031,8.898284,6.0,1,6.9936037
9,292,1321.2373085021973,1042.9550590515137,1268.2869873046875,1080.206298828125,7.0946465,12.0,-1,12.999856
6,292,412.9453468322754,265.6656608581543,359.9950256347656,302.9169006347656,6.854309,14.0,-1,13.859989
797,292,1131.0477333068848,235.21531295776367,1078.097412109375,272.466552734375,6.152615,14.0,-1,30.764183
8,292,1345.4548377990723,375.5663261413574,1292.5045166015625,412.81756591796875,6.0284934,8.0,-1,30.902073
14,292,130.0786018371582,1018.9395561218262,77.12828063964844,1056.1907958984375,3.346795,12.0,-1,12.417883
7,292,260.08261489868164,481.7729301452637,207.13229370117188,519.024169921875,2.4036295,28.0,-1,0.9725994
17,292,547.7973976135254,538.6290092468262,494.8470764160156,575.8802490234375,2.0933964,12.0,-1,10.847436
626,292,1590.9448280334473,202.5058708190918,1537.9945068359375,239.75711059570312,1.7726296,8.0,-1,10.289408
1,293,1331.8706398010254,215.42583847045898,1278.1453857421875,253.4107208251953,45.043186,8.0,1,26.759533
4,293,1182.0393409729004,27.153888702392578,1128.3140869140625,65.1387710571289,30.468842,8.0,1,28.318611
2,293,1449.8865089416504,377.4028129577637,1396.1612548828125,415.3876953125,24.792532,8.0,1,25.860203
528,293,1673.6514015197754,396.3183403015137,1619.9261474609375,434.30322265625,17.00683,6.0,1,5.4224353
811,293,1650.5630226135254,131.55031967163086,1596.8377685546875,169.5352020263672,11.640302,10.0,-1,13.907617
3,293,990.2240943908691,441.6601982116699,936.4988403320312,479.64508056640625,11.620389,14.0,-1,3.54417
10,293,433.2842140197754,49.829036712646484,379.5589599609375,87.81391906738281,10.51417,10.0,-1,28.099434
337,293,1138.261386871338,368.6910514831543,1084.5361328125,406.6759338378906,9.402507,28.0,-1,2.7865949
12,293,1118.2483253479004,805.4506645202637,1064.5230712890625,843.435546875,8.459658,8.0,-1,29.210249
8,293,1345.0415382385254,373.7258110046387,1291.3162841796875,411.710693359375,8.232837,8.0,-1,32.07867
0,293,1315.7742042541504,912.7095146179199,1262.0489501953125,950.6943969726562,7.9827332,6.0,-1,5.8141932
6,293,412.9453468322754,267.1462516784668,359.2200927734375,305.1311340332031,7.884578,14.0,-1,11.785148
9,293,1323.6675148010254,1043.7636528015137,1269.9422607421875,1081.74853515625,6.2595444,12.0,-1,15.141743
11,293,307.30681228637695,381.7685966491699,253.58155822753906,419.75347900390625,6.238028,14.0,-1,7.5630856
797,293,1130.127841949463,234.20151901245117,1076.402587890625,272.1864013671875,4.6275706,16.0,-1,31.52025
7,293,259.1673927307129,481.7729301452637,205.442138671875,519.7578125,4.2976255,10.0,1,0.14325207
14,293,129.8501091003418,1017.5532035827637,76.1248550415039,1055.5380859375,4.127131,12.0,-1,9.584182
17,293,549.7595863342285,542.1100273132324,496.0343322753906,580.0949096679688,2.1005752,12.0,-1,8.939894
626,293,1593.7856788635254,200.08268356323242,1540.0604248046875,238.06756591796875,1.8351406,6.0,-1,10.912997
1,294,1329.843906402588,216.17950057983398,1275.91748046875,254.2744903564453,53.5706,8.0,1,27.277735
4,294,1180.3149757385254,29.88387680053711,1126.3885498046875,67.97886657714844,44.676575,8.0,1,28.335732
2,294,1449.8865089416504,378.0432548522949,1395.9600830078125,416.13824462890625,34.666504,8.0,1,26.512457
3,294,989.8655738830566,439.0971488952637,935.9391479492188,477.192138671875,14.405239,14.0,-1,7.7719073
12,294,1121.9936866760254,801.7824516296387,1068.0672607421875,839.87744140625,14.259834,8.0,-1,25.449997
811,294,1649.426670074463,131.01467514038086,1595.500244140625,169.1096649169922,12.390053,10.0,-1,13.856567
528,294,1675.8542823791504,396.3293876647949,1621.9278564453125,434.42437744140625,11.787602,6.0,1,8.129917
10,294,432.96347427368164,49.7413444519043,379.03704833984375,87.83633422851562,10.885117,10.0,-1,27.75579
0,294,1317.852451324463,914.4811210632324,1263.926025390625,952.5761108398438,10.420082,6.0,-1,1.8262327
8,294,1345.651279449463,372.5442314147949,1291.724853515625,410.63922119140625,9.37796,8.0,-1,33.25845
6,294,411.43420791625977,266.98078536987305,357.5077819824219,305.0757751464844,8.595641,14.0,-1,10.929383
337,294,1138.562656402588,374.8034782409668,1084.63623046875,412.8984680175781,8.193948,28.0,-1,6.538068
11,294,305.52109146118164,382.0364799499512,251.59466552734375,420.1314697265625,6.538709,14.0,-1,8.189892
9,294,1320.7864112854004,1045.0820121765137,1266.8599853515625,1083.177001953125,4.891858,10.0,-1,15.314242
797,294,1130.2546730041504,232.74103927612305,1076.3282470703125,270.8360290527344,4.1686306,18.0,-1,35.518444
14,294,130.5789909362793,1015.5561332702637,76.6525650024414,1053.651123046875,3.3557227,14.0,-1,5.7074723
7,294,255.0320167541504,482.6238822937012,201.1055908203125,520.7188720703125,2.7836192,28.0,-1,0.3969459
17,294,550.8618202209473,542.1100273132324,496.9353942871094,580.2050170898438,1.8882976,12.0,-1,9.098307
626,294,1595.7615089416504,198.39336776733398,1541.8350830078125,236.4883575439453,1.1753589,8.0,-1,9.787403
1,295,1327.953769683838,216.07218551635742,1274.061767578125,254.08590698242188,67.58587,8.0,1,27.157923
4,295,1180.9482765197754,29.609943389892578,1127.0562744140625,67.62366485595703,38.094524,8.0,1,27.840408
2,295,1450.354404449463,378.0432548522949,1396.46240234375,416.0569763183594,36.21203,8.0,1,26.084583
3,295,989.8655738830566,439.8408317565918,935.9735717773438,477.85455322265625,14.559872,14.0,-1,11.467659
10,295,433.7458839416504,50.2943229675293,379.8538818359375,88.30804443359375,12.8950815,10.0,-1,28.277056
0,295,1318.241367340088,912.8009757995605,1264.349365234375,950.814697265625,12.872833,10.0,1,1.8264359
12,295,1120.5156593322754,801.6652946472168,1066.6236572265625,839.6790161132812,12.872613,10.0,-1,26.38607
811,295,1650.514316558838,129.35036849975586,1596.622314453125,167.3640899658203,12.141904,10.0,-1,14.39404
337,295,1138.3147315979004,374.0657768249512,1084.4227294921875,412.0794982910156,9.846616,28.0,-1,5.513492
528,295,1674.781650543213,397.76630783081055,1620.8896484375,435.780029296875,9.352952,6.0,1,5.4158072
11,295,304.4507026672363,382.6847953796387,250.55870056152344,420.6985168457031,7.8677115,14.0,-1,9.245306
8,295,1345.969882965088,375.4346733093262,1292.077880859375,413.4483947753906,7.401485,8.0,-1,31.103703
9,295,1322.149326324463,1043.3978996276855,1268.25732421875,1081.41162109375,7.0028763,12.0,-1,15.994049
6,295,410.1697425842285,268.1424369812012,356.2777404785156,306.1561584472656,6.0975127,14.0,-1,11.481432
797,295,1129.507480621338,233.6583366394043,1075.615478515625,271.67205810546875,3.743084,14.0,-1,34.379852
14,295,128.94980239868164,1016.847972869873,75.05780029296875,1054.8616943359375,2.6016774,14.0,-1,4.048978
7,295,254.45708084106445,481.4389762878418,200.56507873535156,519.4526977539062,2.3414948,12.0,1,0.4068994
17,295,550.8668556213379,541.3007926940918,496.974853515625,579.3145141601562,1.4587716,10.0,-1,9.95781
626,295,1597.7224464416504,199.60094833374023,1543.8304443359375,237.6146697998047,1.3571092,8.0,-1,8.947649
4,296,1181.0347023010254,27.644329071044922,1126.9732666015625,66.01998901367188,41.190903,8.0,1,29.15103
1,296,1328.4368019104004,216.2179832458496,1274.3753662109375,254.59364318847656,35.225628,8.0,1,27.064024
2,296,1451.2881202697754,379.6232109069824,1397.2266845703125,417.9988708496094,25.129278,8.0,1,26.973207
528,296,1674.075107574463,397.6008415222168,1620.013671875,435.97650146484375,19.014406,6.0,1,5.8039083
811,296,1651.847568511963,127.6441764831543,1597.7861328125,166.01983642578125,18.601366,10.0,-1,14.920036
0,296,1318.130283355713,913.3689079284668,1264.06884765625,951.7445678710938,17.92364,10.0,1,3.0371375
3,296,989.7926979064941,439.5269889831543,935.7312622070312,477.90264892578125,13.978935,14.0,-1,11.556126
12,296,1120.306552886963,800.959789276123,1066.2451171875,839.33544921875,12.12732,10.0,-1,28.736761
337,296,1136.9426612854004,377.0153923034668,1082.8812255859375,415.39105224609375,10.747253,28.0,-1,7.2110586
10,296,434.02002334594727,53.032108306884766,379.9585876464844,91.40776824951172,9.305238,10.0,-1,28.283815
8,296,1346.449375152588,377.2147331237793,1292.387939453125,415.59039306640625,7.5191474,8.0,-1,35.001656
11,296,304.5213508605957,382.1230888366699,250.4599151611328,420.4987487792969,6.823488,14.0,-1,7.716391
9,296,1325.383701324463,1043.3978996276855,1271.322265625,1081.7735595703125,6.753582,10.0,-1,17.912195
6,296,411.31311416625977,270.33027267456055,357.2516784667969,308.7059326171875,5.099835,14.0,-1,12.711196
14,296,127.88782119750977,1016.3283195495605,73.82638549804688,1054.7039794921875,3.8879175,14.0,-1,6.8065886
797,296,1128.403720855713,234.84565353393555,1074.34228515625,273.2213134765625,3.8776014,18.0,-1,34.53965
7,296,251.20068740844727,482.97590255737305,197.13925170898438,521.3515625,1.7822362,28.0,-1,1.5356808
626,296,1597.7224464416504,197.6681785583496,1543.6610107421875,236.04383850097656,1.6872745,6.0,-1,11.303311
17,296,550.6791725158691,539.2717399597168,496.61773681640625,577.6473999023438,1.2463944,12.0,-1,10.205749
4,297,1181.3730812072754,26.457195281982422,1127.26025390625,65.76220703125,39.608494,8.0,1,28.355127
1,297,1328.4368019104004,216.66398239135742,1274.323974609375,255.968994140625,38.379322,8.0,1,27.425688
2,297,1451.4624366760254,379.3404655456543,1397.349609375,418.6454772949219,31.769714,8.0,1,26.902094
3,297,988.3503150939941,438.5943717956543,934.2374877929688,477.8993835449219,22.181374,14.0,-1,10.656837
811,297,1653.4607276916504,127.69991683959961,1599.347900390625,167.0049285888672,13.694061,10.0,-1,12.846778
12,297,1121.914218902588,800.7304496765137,1067.8013916015625,840.0354614257812,12.575238,10.0,-1,26.982883
0,297,1319.8064308166504,911.7424125671387,1265.693603515625,951.0474243164062,11.901086,10.0,1,4.9120994
10,297,433.36316299438477,50.85007858276367,379.2503356933594,90.15509033203125,10.346273,8.0,-1,28.922577
11,297,302.19772720336914,384.0049858093262,248.08489990234375,423.30999755859375,9.288133,14.0,-1,8.5204735
6,297,411.697940826416,271.2952995300293,357.5851135253906,310.6003112792969,8.031241,14.0,-1,12.524281
337,297,1130.731113433838,373.41852951049805,1076.6182861328125,412.7235412597656,7.588198,28.0,-1,8.3738365
528,297,1676.3076515197754,397.8774528503418,1622.19482421875,437.1824645996094,7.4932313,6.0,1,6.508395
797,297,1126.2329444885254,234.51996994018555,1072.1201171875,273.8249816894531,7.436152,14.0,-1,30.985224
9,297,1325.0222511291504,1044.950481414795,1270.909423828125,1084.2554931640625,6.4779553,10.0,-1,16.410786
8,297,1347.7495460510254,377.2147331237793,1293.63671875,416.5197448730469,5.2811027,8.0,-1,33.55468
14,297,127.82146835327148,1016.9525566101074,73.7086410522461,1056.257568359375,3.5573876,14.0,-1,6.058493
7,297,244.17006301879883,482.4805717468262,190.05723571777344,521.7855834960938,2.962455,28.0,-1,0.27681977
17,297,552.277774810791,540.8055229187012,498.1649475097656,580.1105346679688,1.3720461,10.0,-1,10.516074
626,297,1595.718173980713,197.9905662536621,1541.6053466796875,237.2955780029297,0.9853143,8.0,-1,10.712266
4,298,1180.5146827697754,27.965686798095703,1125.810791015625,67.34296417236328,40.523483,8.0,1,28.37379
1,298,1329.665195465088,214.80959701538086,1274.9613037109375,254.18687438964844,35.882565,8.0,1,26.594398
2,298,1451.755283355713,379.2507438659668,1397.0513916015625,418.6280212402344,24.810875,8.0,1,26.474554
3,298,989.6138038635254,438.6109733581543,934.909912109375,477.9882507324219,18.582012,14.0,-1,10.075633
0,298,1321.1609230041504,914.9714775085449,1266.45703125,954.3487548828125,14.209128,10.0,1,7.128797
12,298,1124.554843902588,800.7138481140137,1069.8509521484375,840.0911254882812,13.707867,10.0,-1,26.263153
10,298,434.39966201782227,50.42292404174805,379.6957702636719,89.80020141601562,10.437464,10.0,-1,27.807013
811,298,1653.167881011963,127.29084396362305,1598.4639892578125,166.66812133789062,10.049565,10.0,-1,12.992791
337,298,1129.864414215088,373.4378776550293,1075.1605224609375,412.8151550292969,9.156988,28.0,-1,5.6193585
797,298,1124.085117340088,233.01658248901367,1069.3812255859375,272.39385986328125,6.20207,14.0,-1,28.72247
11,298,303.8517646789551,383.95441818237305,249.1478729248047,423.3316955566406,6.0264726,14.0,-1,8.131811
9,298,1324.449131011963,1045.9989433288574,1269.7452392578125,1085.376220703125,5.4252095,12.0,-1,17.07632
8,298,1346.9905128479004,376.0334281921387,1292.28662109375,415.41070556640625,5.3987384,8.0,-1,32.953617
6,298,411.2837257385254,270.32685470581055,356.579833984375,309.7041320800781,4.6109014,12.0,-1,13.867151
14,298,129.94694900512695,1017.2956962585449,75.24305725097656,1056.6729736328125,3.5446274,14.0,-1,9.704081
7,298,242.74800491333008,482.9046440124512,188.0441131591797,522.2819213867188,2.0273035,12.0,1,0.66689736
17,298,550.4786720275879,541.3759574890137,495.7747802734375,580.7532348632812,1.8307592,10.0,-1,13.013292
626,298,1596.478672027588,199.19425582885742,1541.7747802734375,238.571533203125,1.729939,6.0,-1,12.025265
4,299,1180.705478668213,26.137737274169922,1125.8502197265625,65.23062133789062,35.78872,8.0,1,28.95093
1,299,1331.549472808838,212.79885482788086,1276.6942138671875,251.89173889160156,31.247797,8.0,1,25.426815
2,299,1451.0242042541504,379.77912521362305,1396.1689453125,418.87200927734375,30.603348,8.0,1,25.78234
0,299,1320.1374855041504,914.8265495300293,1265.2822265625,953.91943359375,21.567757,10.0,1,9.234147
811,299,1652.9770851135254,127.12043380737305,1598.121826171875,166.21331787109375,18.92222,10.0,-1,13.353505
12,299,1124.849765777588,800.8587760925293,1069.9945068359375,839.95166015625,16.521145,10.0,-1,26.344217
10,299,433.486515045166,48.90079879760742,378.6312561035156,87.99368286132812,11.460038,10.0,-1,28.059673
337,299,1127.3699073791504,376.2451591491699,1072.5146484375,415.3380432128906,11.1512375,28.0,-1,8.310475
3,299,988.8893775939941,441.73456954956055,934.0341186523438,480.82745361328125,10.793156,14.0,-1,13.89209
9,299,1324.787754058838,1043.1269645690918,1269.9324951171875,1082.2198486328125,8.027116,10.0,-1,19.134825
11,299,306.090763092041,385.47626876831055,251.23550415039062,424.56915283203125,7.1769104,14.0,-1,8.074081
8,299,1346.5303077697754,375.34272384643555,1291.675048828125,414.43560791015625,6.841763,8.0,-1,34.458553
797,299,1124.424472808838,233.59208297729492,1069.5692138671875,272.6849670410156,5.3716125,14.0,-1,31.617464
6,299,413.76913833618164,273.2446708679199,358.91387939453125,312.3375549316406,4.1170382,14.0,-1,15.445892
7,299,240.66928482055664,485.75068283081055,185.81402587890625,524.8435668945312,2.8577487,10.0,1,0.6511996
14,299,128.91594314575195,1014.4033317565918,74.06068420410156,1053.4962158203125,2.1190045,12.0,-1,11.840695
17,299,551.8088417053223,539.191967010498,496.9535827636719,578.2848510742188,1.5589741,10.0,-1,10.327078
626,299,1598.040195465088,202.0013084411621,1543.1849365234375,241.0941925048828,1.0442426,6.0,-1,12.550348
4,300,1181.55513381958,25.51522445678711,1126.194580078125,63.91621398925781,50.340305,8.0,1,28.447563
2,300,1451.6411933898926,381.50202560424805,1396.2806396484375,419.90301513671875,32.620865,8.0,1,26.825146
1,300,1331.2617988586426,213.91201400756836,1275.9012451171875,252.31300354003906,31.49243,8.0,1,25.920187
3,300,986.7685127258301,443.0512809753418,931.407958984375,481.4522705078125,22.08082,14.0,-1,13.709299
0,300,1321.18257522583,915.4135246276855,1265.822021484375,953.8145141601562,18.278507,10.0,1,8.730299
12,300,1124.0144844055176,799.7345085144043,1068.6539306640625,838.135498046875,12.7582855,10.0,-1,24.67696
811,300,1649.9788398742676,126.57128524780273,1594.6182861328125,164.97227478027344,11.869057,10.0,-1,12.400661
8,300,1345.149616241455,377.4807548522949,1289.7890625,415.8817443847656,10.75907,8.0,-1,29.827105
10,300,433.7741889953613,47.28684616088867,378.41363525390625,85.68783569335938,10.110159,10.0,-1,28.35813
337,300,1125.310749053955,375.7883415222168,1069.9501953125,414.1893310546875,10.055187,28.0,-1,9.893696
11,300,308.1508369445801,385.35273361206055,252.790283203125,423.75372314453125,8.371837,14.0,-1,9.804306
9,300,1325.446491241455,1043.2504997253418,1270.0859375,1081.6514892578125,8.294421,10.0,-1,18.500628
6,300,414.9051399230957,276.4443473815918,359.5445861816406,314.8453369140625,6.2334347,12.0,-1,16.216179
797,300,1126.488971710205,235.2686882019043,1071.12841796875,273.669677734375,6.1075807,14.0,-1,30.7217
7,300,238.61906814575195,485.53791427612305,183.25851440429688,523.9389038085938,3.1316564,10.0,1,1.4528123
17,300,551.1791572570801,536.7794914245605,495.818603515625,575.1804809570312,1.7145272,10.0,-1,10.672212
14,300,126.30293655395508,1010.0639762878418,70.9423828125,1048.4649658203125,1.3762131,14.0,-1,11.549596
626,300,1599.0323066711426,207.20804977416992,1543.6717529296875,245.60903930664062,1.3494428,6.0,-1,11.717408
4,301,1184.785572052002,25.398948669433594,1128.3662109375,64.03305053710938,52.2794,8.0,1,28.765882
1,301,1330.722827911377,216.52764129638672,1274.303466796875,255.1617431640625,29.170967,8.0,1,24.10079
2,301,1450.499195098877,382.4854049682617,1394.079833984375,421.1195068359375,28.315077,8.0,1,26.013393
811,301,1650.5408210754395,127.04866790771484,1594.1214599609375,165.68276977539062,18.644667,10.0,-1,13.1848
3,301,987.431079864502,442.10948944091797,931.01171875,480.74359130859375,18.042933,14.0,-1,14.347986
0,301,1323.3804206848145,916.3118209838867,1266.9610595703125,954.9459228515625,16.46145,10.0,1,10.013646
12,301,1124.4434089660645,802.614128112793,1068.0240478515625,841.2482299804688,11.167344,10.0,-1,23.53035
10,301,433.34526443481445,47.40312194824219,376.9259033203125,86.03722381591797,10.475492,10.0,-1,28.968946
11,301,309.1265449523926,387.06798553466797,252.70718383789062,425.70208740234375,9.824944,14.0,-1,9.424938
337,301,1122.6235847473145,374.15084075927734,1066.2042236328125,412.7849426269531,8.602605,28.0,-1,7.4467735
9,301,1326.661304473877,1041.1335983276367,1270.241943359375,1079.7677001953125,7.5390186,10.0,-1,20.772533
6,301,415.69462966918945,274.9089584350586,359.2752685546875,313.5430603027344,4.4184656,12.0,-1,17.285713
8,301,1344.0427742004395,379.03804779052734,1287.6234130859375,417.6721496582031,4.0518494,8.0,-1,28.37081
797,301,1126.933521270752,232.14351654052734,1070.51416015625,270.7776184082031,2.953725,14.0,-1,33.8497
7,301,234.83266067504883,485.35704803466797,178.41329956054688,523.9911499023438,2.1638434,28.0,-1,0.22352251
17,301,549.3144721984863,536.075309753418,492.8951110839844,574.7094116210938,2.1298096,10.0,-1,10.822048
14,301,124.42937088012695,1008.4170455932617,68.010009765625,1047.0511474609375,1.8099862,14.0,-1,12.633077
626,301,1598.1199226379395,211.25031280517578,1541.7005615234375,249.88441467285156,1.2406508,8.0,-1,11.528979
4,302,1184.8561897277832,24.681697845458984,1128.0418701171875,63.494754791259766,49.55812,8.0,1,28.455015
1,302,1330.6522102355957,215.14058685302734,1273.837890625,253.95364379882812,40.32028,8.0,1,25.62862
2,302,1449.1503791809082,382.63948822021484,1392.3360595703125,421.4525451660156,29.192617,8.0,1,26.117414
0,302,1324.5215950012207,917.6593551635742,1267.707275390625,956.472412109375,16.56478,10.0,1,10.734336
811,302,1651.0848274230957,127.27208709716797,1594.2705078125,166.08514404296875,16.089165,10.0,-1,14.418118
3,302,987.9302253723145,442.53710174560547,931.1159057617188,481.35015869140625,14.86087,14.0,-1,13.381408
10,302,436.4960517883301,49.29041290283203,379.6817321777344,88.10346984863281,12.359395,10.0,-1,29.035791
337,302,1118.9356575012207,373.2124557495117,1062.121337890625,412.0255126953125,9.331261,28.0,-1,5.749843
12,302,1123.7260627746582,801.1047897338867,1066.9117431640625,839.9178466796875,9.199257,8.0,-1,26.014936
9,302,1327.6890754699707,1039.2549362182617,1270.874755859375,1078.0679931640625,7.272104,10.0,-1,17.124304
11,302,311.55212783813477,384.6162338256836,254.73780822753906,423.4292907714844,7.2008877,14.0,-1,8.318419
6,302,416.3464546203613,274.75487518310547,359.5321350097656,313.56793212890625,5.1841855,12.0,-1,18.467506
8,302,1342.9069709777832,378.4612045288086,1286.0926513671875,417.2742614746094,5.0170755,8.0,-1,25.374128
797,302,1125.3077278137207,234.9200668334961,1068.493408203125,273.7331237792969,3.9679463,16.0,-1,37.20465
7,302,230.8210334777832,489.60826873779297,174.0067138671875,528.4213256835938,2.7973583,28.0,-1,3.6397989
14,302,123.43720626831055,1007.3456344604492,66.62288665771484,1046.15869140625,2.4542224,12.0,-1,13.33479
17,302,549.152271270752,536.902702331543,492.33795166015625,575.7157592773438,1.4100351,10.0,-1,13.12362
626,302,1598.6998176574707,214.52649688720703,1541.885498046875,253.3395538330078,1.159445,8.0,-1,9.336425
1,303,1331.930591583252,214.1336555480957,1275.9901123046875,252.76239013671875,42.276596,8.0,1,25.38174
4,303,1184.9231452941895,25.110904693603516,1128.982666015625,63.73963928222656,36.973293,8.0,1,28.486002
2,303,1447.819263458252,383.43022537231445,1391.8787841796875,422.0589599609375,30.029459,8.0,1,27.677414
3,303,985.8159065246582,441.39152908325195,929.8754272460938,480.020263671875,25.792152,14.0,-1,11.698759
0,303,1325.590747833252,917.745288848877,1269.6502685546875,956.3740234375,18.189646,10.0,1,9.333778
811,303,1649.8662605285645,125.64973831176758,1593.92578125,164.27847290039062,14.193404,10.0,-1,14.458625
10,303,434.1796455383301,49.2044792175293,378.2391662597656,87.83321380615234,10.624031,10.0,-1,28.669827
12,303,1123.659107208252,800.1174201965332,1067.7186279296875,838.7461547851562,10.153669,8.0,-1,30.544077
9,303,1325.9597663879395,1043.335376739502,1270.019287109375,1081.964111328125,9.969823,12.0,-1,11.645303
8,303,1341.0383796691895,379.46220779418945,1285.097900390625,418.0909423828125,9.260955,10.0,-1,22.918428
337,303,1117.8645515441895,373.3806037902832,1061.924072265625,412.00933837890625,7.7966676,28.0,-1,3.2090058
11,303,312.0347480773926,383.6978950500488,256.0942687988281,422.3266296386719,6.936004,14.0,-1,6.291118
6,303,418.9981575012207,275.94206619262695,363.05767822265625,314.57080078125,5.914554,12.0,-1,18.479113
797,303,1123.468433380127,236.36589431762695,1067.5279541015625,274.99462890625,5.249441,14.0,-1,44.60052
14,303,124.32095718383789,1005.3540534973145,68.38047790527344,1043.9827880859375,4.7365603,14.0,-1,5.4244733
7,303,233.45029067993164,488.74614334106445,177.5098114013672,527.3748779296875,3.4673808,28.0,-1,0.29942185
17,303,549.629322052002,535.612964630127,493.6888427734375,574.24169921875,1.5949894,10.0,-1,12.041855
626,303,1601.8757820129395,218.00423049926758,1545.935302734375,256.6329650878906,1.0592874,8.0,-1,9.244862
1,304,1333.6369667053223,215.0105323791504,1277.3873291015625,253.75030517578125,40.34273,8.0,1,26.43993
4,304,1184.6001014709473,22.34326171875,1128.3504638671875,61.08303451538086,37.235775,8.0,1,27.945234
2,304,1448.3544960021973,385.22836685180664,1392.1048583984375,423.9681396484375,30.07061,8.0,1,27.89182
3,304,984.1582679748535,441.31250381469727,927.9086303710938,480.0522766113281,19.789822,14.0,-1,9.022812
0,304,1325.7847938537598,914.9254493713379,1269.53515625,953.6652221679688,13.672477,10.0,1,7.8333416
10,304,434.12976455688477,45.955448150634766,377.880126953125,84.69522094726562,12.642549,10.0,-1,28.746805
811,304,1646.5961952209473,123.87947463989258,1590.3465576171875,162.61924743652344,10.048444,10.0,-1,14.359343
337,304,1114.9104042053223,374.18967056274414,1058.6607666015625,412.929443359375,9.989408,28.0,-1,2.7250736
12,304,1123.3793983459473,801.2057228088379,1067.1297607421875,839.9454956054688,8.841024,10.0,-1,32.164864
797,304,1123.5183143615723,235.08887100219727,1067.2686767578125,273.8286437988281,8.096841,16.0,-1,52.69728
6,304,420.67929458618164,275.9724769592285,364.4296569824219,314.7122497558594,7.4569716,12.0,-1,17.852406
8,304,1339.3818397521973,380.74020767211914,1283.1322021484375,419.47998046875,6.8825016,8.0,-1,28.937813
11,304,316.26803970336914,385.5487403869629,260.0184020996094,424.28851318359375,6.7268596,14.0,-1,6.3976054
9,304,1327.5703163146973,1044.6196022033691,1271.3206787109375,1083.359375,5.56815,12.0,-1,10.530388
14,304,124.06240463256836,1007.0744361877441,67.8127670288086,1045.814208984375,2.7827797,14.0,-1,8.32792
17,304,553.638126373291,534.7926979064941,497.38848876953125,573.532470703125,2.1612842,10.0,-1,13.541376
7,304,229.44484329223633,488.7157325744629,173.19520568847656,527.4555053710938,1.9533964,28.0,-1,1.4564233
626,304,1602.6090126037598,216.73747634887695,1546.359375,255.4772491455078,0.58821064,8.0,-1,8.241194
4,305,1184.7017555236816,22.568790435791016,1128.432373046875,61.701839447021484,40.97198,8.0,1,28.29096
1,305,1331.6966285705566,217.85694122314453,1275.42724609375,256.989990234375,35.60352,8.0,1,27.01951
2,305,1451.1480445861816,383.02115631103516,1394.878662109375,422.1542053222656,25.673927,8.0,1,26.982573
811,305,1644.3096656799316,120.95291900634766,1588.040283203125,160.08596801757812,19.95202,10.0,-1,15.472061
0,305,1326.3178443908691,913.6925735473633,1270.0484619140625,952.8256225585938,18.664991,10.0,1,9.263913
3,305,984.0566139221191,441.61978912353516,927.7872314453125,480.7528381347656,12.249383,14.0,-1,8.592604
10,305,434.9806251525879,45.87811279296875,378.71124267578125,85.01116180419922,9.918159,10.0,-1,25.472734
337,305,1110.2991676330566,373.7362747192383,1054.02978515625,412.86932373046875,9.196684,28.0,-1,4.1365614
9,305,1328.0779762268066,1044.5307693481445,1271.80859375,1083.663818359375,8.272086,12.0,-1,11.642254
8,305,1337.0495338439941,380.81754302978516,1280.7801513671875,419.9505920410156,8.036438,8.0,-1,30.572514
797,305,1122.2488746643066,236.49835968017578,1065.9794921875,275.63140869140625,7.862931,14.0,-1,44.63981
11,305,317.68429946899414,386.85095977783203,261.4149169921875,425.9840087890625,6.4821906,14.0,-1,7.0211225
12,305,1123.9683570861816,803.1677322387695,1067.698974609375,842.30078125,6.060098,10.0,-1,33.331944
6,305,419.720157623291,274.76795196533203,363.4507751464844,313.9010009765625,4.6534452,12.0,-1,18.840178
17,305,552.3709144592285,532.8215408325195,496.1015319824219,571.95458984375,2.6310952,10.0,-1,13.055022
7,305,230.2965431213379,485.82288360595703,174.02716064453125,524.9559326171875,2.5251956,12.0,1,0.42135158
14,305,126.49787521362305,1008.1645584106445,70.2284927368164,1047.297607421875,1.6443907,12.0,-1,12.201689
626,305,1596.8528785705566,221.70819854736328,1540.58349609375,260.84124755859375,1.1246017,10.0,-1,8.013601
4,306,1185.9030494689941,22.772071838378906,1129.7783203125,62.001712799072266,63.09528,8.0,1,29.743706
1,306,1332.7532691955566,220.7832374572754,1276.6285400390625,260.01287841796875,47.78036,8.0,1,25.060112
2,306,1451.8929176330566,381.16492080688477,1395.7681884765625,420.3945617675781,25.325676,8.0,1,27.481447
3,306,983.5916481018066,442.13550186157227,927.4669189453125,481.3651428222656,16.274511,14.0,-1,10.834177
0,306,1326.0976295471191,913.4892921447754,1269.972900390625,952.7189331054688,13.900269,10.0,1,6.303617
10,306,435.81381607055664,46.36697006225586,379.6890869140625,85.59661102294922,13.8164835,10.0,-1,29.204393
811,306,1643.3863258361816,120.55897903442383,1587.2615966796875,159.7886199951172,12.147098,10.0,-1,15.360235
8,306,1337.9185523986816,380.5004005432129,1281.7938232421875,419.73004150390625,10.055177,8.0,-1,37.406883
12,306,1124.5877418518066,802.8785743713379,1068.4630126953125,842.1082153320312,7.899611,10.0,-1,33.690166
11,306,320.22482681274414,388.1213722229004,264.10009765625,427.35101318359375,6.172329,14.0,-1,8.712028
337,306,1110.3735084533691,375.9568519592285,1054.248779296875,415.1864929199219,5.5338626,28.0,-1,2.8387656
797,306,1122.1745338439941,234.98462295532227,1066.0498046875,274.2142639160156,5.3000855,14.0,-1,35.33697
9,306,1325.0782203674316,1044.1027565002441,1268.9534912109375,1083.3323974609375,5.2488694,12.0,-1,13.520316
6,306,416.6616859436035,274.3493995666504,360.5369567871094,313.57904052734375,4.9164004,12.0,-1,19.252
7,306,229.5347023010254,487.5187110900879,173.40997314453125,526.7483520507812,2.5451581,28.0,-1,0.03355214
17,306,551.1140480041504,537.4256935119629,494.98931884765625,576.6553344726562,1.5168515,10.0,-1,11.148535
14,306,126.64059829711914,1006.5203590393066,70.515869140625,1045.75,1.3562244,12.0,-1,14.053876
626,306,1594.5220680236816,226.27368545532227,1538.3973388671875,265.5033264160156,0.8286226,10.0,-1,8.238882
1,307,1332.368091583252,222.6221046447754,1276.5137939453125,261.9284362792969,36.07059,8.0,1,24.995806
4,307,1187.430835723877,23.526016235351562,1131.5765380859375,62.83234786987305,31.051653,8.0,1,28.791037
2,307,1453.887866973877,380.87598037719727,1398.0335693359375,420.18231201171875,26.637373,8.0,1,27.58078
0,307,1326.3564949035645,913.365421295166,1270.502197265625,952.6717529296875,20.120958,10.0,1,9.499957
3,307,983.0555305480957,440.7053871154785,927.2012329101562,480.01171875,14.7624855,14.0,-1,10.408072
811,307,1641.5366706848145,120.30691909790039,1585.682373046875,159.61325073242188,12.607513,10.0,-1,14.700875
10,307,435.8147163391113,46.17409133911133,379.9604187011719,85.48042297363281,11.955106,10.0,-1,28.510284
8,307,1339.6113777160645,380.4324378967285,1283.757080078125,419.73876953125,10.307107,8.0,-1,35.720135
337,307,1111.7351570129395,376.50961685180664,1055.880859375,415.8159484863281,7.634937,28.0,-1,1.1123781
11,307,319.0764350891113,386.63806533813477,263.2221374511719,425.94439697265625,7.631823,14.0,-1,7.462242
797,307,1121.7805671691895,236.76349258422852,1065.92626953125,276.06982421875,7.093954,14.0,-1,36.96668
6,307,417.6599311828613,276.8443946838379,361.8056335449219,316.1507263183594,6.4664836,10.0,-1,22.755564
12,307,1125.203540802002,803.061222076416,1069.3492431640625,842.3675537109375,6.257913,10.0,-1,32.673958
9,307,1325.077320098877,1043.989200592041,1269.2230224609375,1083.2955322265625,5.1157703,12.0,-1,11.028622
14,307,130.04748153686523,1004.4546546936035,74.19318389892578,1043.760986328125,2.2297752,14.0,-1,11.217945
7,307,224.6570930480957,489.62707901000977,168.80279541015625,528.9334106445312,2.1801708,28.0,-1,1.2487541
17,307,550.0782356262207,537.4936561584473,494.22393798828125,576.7999877929688,1.7098776,12.0,-1,13.691426
626,307,1592.5664558410645,230.81488418579102,1536.712158203125,270.1212158203125,1.1001152,10.0,-1,7.00652
1,308,1333.7751960754395,224.29241943359375,1277.974609375,263.8211364746094,60.612186,8.0,1,26.425667
4,308,1187.685718536377,24.236248016357422,1131.8851318359375,63.76496505737305,52.73787,8.0,1,28.986725
2,308,1454.869068145752,381.84429931640625,1399.0684814453125,421.3730163574219,20.237028,8.0,1,26.981054
0,308,1328.2136726379395,914.2988586425781,1272.4130859375,953.8275756835938,17.983706,10.0,1,10.731082
811,308,1639.8955574035645,119.80632019042969,1584.094970703125,159.3350372314453,16.607958,10.0,-1,14.858719
3,308,983.0250129699707,440.4367370605469,927.2244262695312,479.9654541015625,13.699188,14.0,-1,13.460877
10,308,436.9995307922363,46.25218963623047,381.1989440917969,85.7809066772461,10.012799,10.0,-1,28.1055
337,308,1109.3926277160645,373.5098571777344,1053.592041015625,413.03857421875,9.257307,28.0,-1,0.64325726
9,308,1323.836597442627,1046.5430603027344,1268.0360107421875,1086.07177734375,8.806708,14.0,-1,9.299726
6,308,415.8243598937988,276.09466552734375,360.0237731933594,315.6233825683594,8.136164,10.0,-1,23.772596
797,308,1121.8110847473145,235.58847045898438,1066.010498046875,275.1171875,8.13105,14.0,-1,41.332924
8,308,1338.7832527160645,378.7884521484375,1282.982666015625,418.3171691894531,7.490089,8.0,-1,32.908
11,308,317.8844184875488,387.4349060058594,262.0838317871094,426.963623046875,5.8944817,14.0,-1,8.115864
12,308,1123.4255867004395,806.6867370605469,1067.625,846.2154541015625,5.830376,10.0,-1,33.810684
14,308,131.57815170288086,1003.5398864746094,75.7775650024414,1043.068603515625,4.694262,14.0,-1,6.994441
17,308,549.3721809387207,537.8553161621094,493.57159423828125,577.384033203125,1.9118274,10.0,-1,10.970026
7,308,225.7819709777832,488.6518859863281,169.98138427734375,528.1806030273438,1.6846911,10.0,1,0.17622048
626,308,1593.2092781066895,230.73678588867188,1537.40869140625,270.2655029296875,0.5924307,10.0,-1,5.954723
1,309,1333.824405670166,225.44815063476562,1277.7366943359375,264.5722961425781,41.565174,8.0,1,26.221235
4,309,1185.8850746154785,24.146102905273438,1129.79736328125,63.27024841308594,31.754736,8.0,1,29.28714
2,309,1453.587100982666,380.31195068359375,1397.4993896484375,419.43609619140625,23.179869,8.0,1,27.249895
0,309,1330.199893951416,915.2145385742188,1274.1121826171875,954.3386840820312,21.367044,10.0,1,11.84044
3,309,980.031436920166,439.9685974121094,923.9437255859375,479.0927429199219,16.946512,14.0,-1,15.661439
811,309,1639.920352935791,120.68852233886719,1583.8326416015625,159.8126678466797,16.819826,10.0,-1,14.584376
8,309,1342.164493560791,378.8540344238281,1286.0767822265625,417.9781799316406,12.07091,8.0,-1,30.612545
6,309,417.1983070373535,274.3894348144531,361.110595703125,313.5135803222656,9.0810795,10.0,-1,23.661222
10,309,436.97473526000977,43.05314636230469,380.88702392578125,82.17729187011719,8.231288,8.0,-1,27.75074
12,309,1122.183780670166,806.0927734375,1066.0960693359375,845.2169189453125,7.559395,10.0,-1,26.495684
337,309,1105.9695472717285,375.060791015625,1049.8818359375,414.1849365234375,7.366314,28.0,-1,1.900986
11,309,319.37439346313477,390.4848937988281,263.28668212890625,429.6090393066406,6.9317265,14.0,-1,7.5603824
9,309,1322.014347076416,1047.8939208984375,1265.9266357421875,1087.01806640625,6.4283404,14.0,-1,7.117405
797,309,1122.8457679748535,237.1431884765625,1066.758056640625,276.267333984375,4.784546,14.0,-1,41.10632
14,309,132.16220474243164,1001.2879638671875,76.07449340820312,1040.412109375,4.393567,14.0,-1,5.806479
17,309,546.848331451416,536.8475341796875,490.7606201171875,575.9716796875,1.3697176,10.0,-1,13.070525
7,309,225.96565628051758,488.5863037109375,169.87794494628906,527.71044921875,1.116978,12.0,1,0.07635224
626,309,1592.3760414123535,231.31143188476562,1536.288330078125,270.4355773925781,0.7334407,12.0,-1,4.318809
4,310,1185.289249420166,24.45474624633789,1128.2481689453125,63.527835845947266,40.31202,8.0,1,28.077559
1,310,1334.035343170166,225.34884643554688,1276.9942626953125,264.42193603515625,32.80975,8.0,1,25.308266
0,310,1331.0015296936035,916.9327697753906,1273.96044921875,956.005859375,21.818298,10.0,1,14.281235
2,310,1453.514347076416,378.88043212890625,1396.4732666015625,417.9535217285156,19.200233,8.0,1,26.794113
3,310,979.6941566467285,438.9407043457031,922.653076171875,478.0137939453125,17.590557,14.0,-1,14.840815
811,310,1641.008731842041,123.51171875,1583.9676513671875,162.58480834960938,12.459222,10.0,-1,13.535469
797,310,1122.683780670166,237.937744140625,1065.6427001953125,277.0108337402344,8.370969,16.0,-1,41.5659
6,310,417.466495513916,273.1324462890625,360.4254150390625,312.2055358886719,7.5691504,10.0,-1,24.19458
10,310,438.1851234436035,43.74110412597656,381.14404296875,82.81419372558594,7.2867603,10.0,-1,26.698816
8,310,1344.561466217041,380.20941162109375,1287.5203857421875,419.2825012207031,7.126919,8.0,-1,31.422512
11,310,317.7488136291504,390.5001220703125,260.7077331542969,429.5732116699219,7.0832305,14.0,-1,4.2016716
337,310,1106.0423011779785,376.8249206542969,1049.001220703125,415.89801025390625,6.9278584,28.0,-1,0.68156296
9,310,1320.7031898498535,1049.3797912597656,1263.662109375,1088.452880859375,6.7499957,14.0,-1,7.62045
12,310,1124.7432289123535,804.2261047363281,1067.7021484375,843.2991943359375,6.1745796,10.0,-1,27.870214
14,310,134.76396560668945,1001.2727355957031,77.72288513183594,1040.3458251953125,5.4056516,14.0,-1,5.8527355
7,310,225.46783828735352,488.5415344238281,168.4267578125,527.6146240234375,2.029092,12.0,1,0.1904633
17,310,544.335636138916,534.4339904785156,487.2945556640625,573.507080078125,1.4002334,8.0,-1,15.065539
626,310,1590.6765785217285,231.12289428710938,1533.635498046875,270.19598388671875,0.49362227,10.0,-1,4.094769
1,311,1332.7234382629395,224.36566162109375,1275.8070068359375,263.59735107421875,38.228867,8.0,1,25.330254
4,311,1184.670093536377,24.96558380126953,1127.753662109375,64.19727325439453,38.156673,8.0,1,29.591055
0,311,1331.304615020752,917.1000366210938,1274.38818359375,956.3317260742188,24.39618,10.0,1,16.366192
2,311,1454.340991973877,378.06390380859375,1397.424560546875,417.29559326171875,22.63135,8.0,1,26.688164
3,311,980.6812629699707,437.0634765625,923.7648315429688,476.295166015625,17.386793,14.0,-1,14.770059
811,311,1641.0659675598145,122.35403442382812,1584.1495361328125,161.58572387695312,16.856749,10.0,-1,13.482723
10,311,440.6784248352051,42.32450866699219,383.7619934082031,81.55619812011719,11.420177,10.0,-1,24.741518
797,311,1123.2869148254395,239.77996826171875,1066.3704833984375,279.01165771484375,9.08898,14.0,-1,44.507885
12,311,1125.1970710754395,806.7162475585938,1068.2806396484375,845.9479370117188,7.923467,10.0,-1,20.087654
11,311,319.52458572387695,390.35113525390625,262.608154296875,429.58282470703125,7.6623073,14.0,-1,5.935717
8,311,1343.3188972473145,379.290771484375,1286.4024658203125,418.5224609375,6.7582803,8.0,-1,29.979847
6,311,417.4092597961426,273.41827392578125,360.4928283691406,312.64996337890625,5.959509,12.0,-1,21.179428
9,311,1315.806079864502,1051.228759765625,1258.8896484375,1090.46044921875,5.1639085,14.0,-1,4.318266
337,311,1102.947925567627,376.9739074707031,1046.031494140625,416.2055969238281,4.2357507,28.0,-1,1.0444772
14,311,133.00115585327148,1003.2491455078125,76.08472442626953,1042.4808349609375,3.6575024,14.0,-1,5.4872837
7,311,225.8295783996582,488.1407470703125,168.91314697265625,527.3724365234375,2.3573415,10.0,1,1.1836302
17,311,541.3546333312988,528.972412109375,484.4382019042969,568.2041015625,1.9927906,8.0,-1,18.465208
626,311,1589.653491973877,231.2777099609375,1532.737060546875,270.5093994140625,0.58640563,12.0,-1,3.339935
1,312,1332.7938117980957,221.89413452148438,1275.644287109375,261.5287170410156,39.992393,8.0,1,25.588184
4,312,1183.0213508605957,23.42861557006836,1125.871826171875,63.06319808959961,38.536266,8.0,1,29.70676
0,312,1330.9662971496582,918.2449340820312,1273.8167724609375,957.8795166015625,24.096766,10.0,1,17.100368
2,312,1454.8980598449707,378.81512451171875,1397.74853515625,418.44970703125,22.29576,8.0,1,27.38364
3,312,981.1950569152832,437.8241882324219,924.0455322265625,477.4587707519531,13.871314,14.0,-1,15.370398
811,312,1641.8830451965332,121.29789733886719,1584.7335205078125,160.93247985839844,12.238248,10.0,-1,13.294809
8,312,1343.0215950012207,376.3675842285156,1285.8720703125,416.0021667480469,10.856456,8.0,-1,31.56055
12,312,1125.0892219543457,805.7613525390625,1067.939697265625,845.3959350585938,9.709466,10.0,-1,18.221373
10,312,441.38554763793945,40.17683410644531,384.23602294921875,79.81141662597656,9.511272,10.0,-1,26.878035
6,312,417.74321365356445,272.8238830566406,360.59368896484375,312.4584655761719,6.86834,12.0,-1,20.282057
9,312,1316.4653205871582,1051.5979614257812,1259.3157958984375,1091.2325439453125,6.4947457,16.0,-1,1.852263
337,312,1102.8775520324707,377.98297119140625,1045.72802734375,417.6175537109375,6.3766227,28.0,-1,0.25007117
11,312,321.3118476867676,389.31451416015625,264.1623229980469,428.9490966796875,5.810408,14.0,-1,6.897553
797,312,1123.5738410949707,240.21524047851562,1066.42431640625,279.8498229980469,5.6513333,16.0,-1,42.608646
17,312,541.115161895752,531.188232421875,483.96563720703125,570.8228149414062,4.9914746,10.0,-1,14.046558
14,312,132.27016067504883,1002.8799438476562,75.12063598632812,1042.5145263671875,2.775219,16.0,-1,6.8915715
7,312,225.69890213012695,489.01220703125,168.54937744140625,528.6467895507812,1.5769318,28.0,-1,0.31180602
938,312,1129.5989875793457,249.3829345703125,1072.449462890625,289.01751708984375,1.4703971,12.0,1,12.921826
626,312,1586.7192268371582,231.93038940429688,1529.5697021484375,271.5649719238281,0.6479082,12.0,-1,3.4534633
4,313,1183.0930061340332,24.192237854003906,1125.81298828125,64.11225128173828,56.485035,8.0,1,30.014013
1,313,1333.2601203918457,220.50521850585938,1275.9801025390625,260.42523193359375,45.69305,8.0,1,25.714918
0,313,1333.1068000793457,918.2547912597656,1275.8267822265625,958.1748046875,24.346762,10.0,1,15.927278
811,313,1641.7997932434082,120.50697326660156,1584.519775390625,160.42698669433594,18.381105,10.0,-1,13.540135
3,313,980.4080696105957,438.52618408203125,923.1280517578125,478.4461975097656,15.919502,14.0,-1,14.791466
2,313,1456.2747688293457,379.4981689453125,1398.9947509765625,419.4181823730469,15.609052,8.0,1,26.83787
12,313,1126.8745002746582,802.3846740722656,1069.594482421875,842.3046875,10.165588,10.0,-1,18.776518
9,313,1314.5040168762207,1051.1334533691406,1257.2239990234375,1091.053466796875,8.725645,16.0,-1,1.7217468
945,313,1679.3018684387207,399.1571350097656,1622.0218505859375,439.0771484375,8.464022,6.0,1,7.1044245
10,313,443.47990798950195,39.619842529296875,386.19989013671875,79.53985595703125,8.133815,10.0,-1,25.933548
11,313,321.1636848449707,389.3034973144531,263.8836669921875,429.2235107421875,7.724987,14.0,-1,6.8843284
8,313,1345.1215705871582,375.1921081542969,1287.841552734375,415.11212158203125,6.9574866,8.0,-1,30.51489
337,313,1101.6237678527832,380.1796875,1044.34375,420.0997009277344,6.251529,28.0,-1,1.0665574
6,313,417.57243728637695,273.79217529296875,360.29241943359375,313.7121887207031,5.973118,12.0,-1,19.987167
946,313,1119.5632209777832,245.52169799804688,1062.283203125,285.44171142578125,4.0836234,22.0,-1,26.73502
797,313,1123.9582405090332,238.99276733398438,1066.67822265625,278.91278076171875,3.0075824,16.0,-1,27.415874
14,313,131.13148880004883,1005.2949523925781,73.85147094726562,1045.2149658203125,2.090184,16.0,-1,11.349463
7,313,224.90466690063477,489.2644958496094,167.62464904785156,529.1845092773438,1.8543397,12.0,1,0.16287947
17,313,537.209400177002,533.5699157714844,479.92938232421875,573.4899291992188,1.2048458,8.0,-1,15.815281
938,313,1131.5552864074707,248.30377197265625,1074.2752685546875,288.2237854003906,1.037548,16.0,1,13.0093155
626,313,1586.7192268371582,231.93038940429688,1529.439208984375,271.85040283203125,0.9233935,12.0,-1,3.4024158
4,314,1183.5059700012207,24.196170806884766,1126.046142578125,63.83108901977539,64.45065,8.0,1,27.664982
1,314,1333.8181037902832,221.03231811523438,1276.3582763671875,260.667236328125,40.698406,8.0,1,23.122965
0,314,1333.6746711730957,916.8976745605469,1276.21484375,956.5325927734375,27.272917,10.0,1,16.506504
2,314,1456.8481330871582,377.4649658203125,1399.3883056640625,417.0998840332031,18.848097,8.0,1,27.071106
3,314,979.212574005127,437.96624755859375,921.7527465820312,477.6011657714844,13.59953,14.0,-1,16.452692
811,314,1640.6039924621582,122.43022155761719,1583.1441650390625,162.0651397705078,13.462808,10.0,-1,13.072391
12,314,1126.3738899230957,802.3535461425781,1068.9140625,841.9884643554688,10.590737,10.0,-1,18.029465
945,314,1678.9944953918457,398.47662353515625,1621.53466796875,438.1115417480469,10.3557205,6.0,1,7.080797
10,314,445.3836860656738,40.416664123535156,387.9238586425781,80.05158233642578,8.110085,8.0,-1,26.993267
11,314,322.9178047180176,389.1106262207031,265.4579772949219,428.74554443359375,7.743858,14.0,-1,8.680851
337,314,1098.3602180480957,381.0665588378906,1040.900390625,420.70147705078125,7.4220996,28.0,-1,0.42770004
9,314,1315.2402229309082,1050.3356628417969,1257.7803955078125,1089.9705810546875,6.466108,14.0,-1,3.750223
6,314,415.6341438293457,273.7095031738281,358.17431640625,313.34442138671875,6.3643336,10.0,-1,22.059345
8,314,1345.6226692199707,372.34906005859375,1288.162841796875,411.9839782714844,5.8047814,8.0,-1,27.554628
14,314,135.46665573120117,1005.8909606933594,78.00682830810547,1045.52587890625,2.9416754,12.0,-1,10.388884
946,314,1117.7086067199707,245.52169799804688,1060.248779296875,285.1566162109375,2.6619298,14.0,-1,19.859035
17,314,533.1971015930176,533.9819030761719,475.7372741699219,573.6168212890625,2.650993,8.0,-1,18.64657
797,314,1123.9582405090332,234.2359619140625,1066.4984130859375,273.8708801269531,2.6486218,22.0,-1,2.4692843
7,314,220.7836036682129,491.2118225097656,163.3237762451172,530.8467407226562,2.078031,12.0,1,0.6499913
938,314,1129.1978645324707,248.51583862304688,1071.738037109375,288.1507568359375,1.0787224,8.0,1,12.326539
626,314,1588.2123908996582,236.534912109375,1530.7525634765625,276.1698303222656,0.7911368,16.0,-1,3.3835344
4,315,1183.5059700012207,24.381515502929688,1125.7584228515625,64.05574035644531,46.53714,8.0,1,29.894722
1,315,1334.2447395324707,218.45980834960938,1276.4971923828125,258.134033203125,45.715076,8.0,1,23.514652
0,315,1334.1074104309082,917.5005187988281,1276.35986328125,957.1747436523438,28.27845,10.0,1,16.593077
2,315,1457.2386360168457,376.71588134765625,1399.4910888671875,416.3901062011719,24.130037,8.0,1,27.023094
3,315,976.2285652160645,437.9456787109375,918.4810180664062,477.6199035644531,16.523642,16.0,-1,16.839602
945,315,1677.8316535949707,397.3433837890625,1620.0841064453125,437.0176086425781,14.209592,6.0,1,7.0162816
811,315,1641.1008186340332,123.24159240722656,1583.353271484375,162.9158172607422,13.784092,10.0,-1,11.634083
8,315,1345.7574348449707,371.9861145019531,1288.0098876953125,411.66033935546875,9.261931,8.0,-1,26.360998
10,315,447.1510810852051,40.594993591308594,389.4035339355469,80.26921844482422,8.313177,8.0,-1,26.5569
11,315,322.9305610656738,389.01287841796875,265.1830139160156,428.6871032714844,8.312615,14.0,-1,8.131251
6,315,413.6417427062988,271.9947509765625,355.8941955566406,311.6689758300781,7.111073,10.0,-1,23.777191
12,315,1128.2765998840332,802.3535461425781,1070.529052734375,842.0277709960938,7.080103,10.0,-1,21.259956
337,315,1095.1414680480957,382.62457275390625,1037.3939208984375,422.2987976074219,5.76889,28.0,-1,0.19073772
9,315,1313.9337043762207,1051.1200866699219,1256.1861572265625,1090.7943115234375,5.281157,14.0,-1,4.894188
17,315,532.1414985656738,537.0648498535156,474.3939514160156,576.7390747070312,3.431695,8.0,-1,19.381594
14,315,135.96126174926758,1002.4900817871094,78.21371459960938,1042.164306640625,3.3039415,14.0,-1,10.997593
7,315,217.00346755981445,493.5946350097656,159.25592041015625,533.2688598632812,2.30739,10.0,1,0.48926485
946,315,1116.0610237121582,245.37228393554688,1058.3134765625,285.0465087890625,2.2176192,10.0,-1,20.132397
797,315,1121.9438362121582,235.87417602539062,1064.1962890625,275.54840087890625,2.0518434,14.0,-1,2.204483
938,315,1128.3638801574707,247.59994506835938,1070.6163330078125,287.274169921875,0.979094,8.0,1,11.305489
626,315,1588.4913215637207,239.75631713867188,1530.7437744140625,279.4305419921875,0.6519204,12.0,-1,3.1300273
1,316,1335.537281036377,217.88137817382812,1277.3001708984375,257.8805847167969,46.393024,8.0,1,25.40599
4,316,1186.014820098877,25.650848388671875,1127.7777099609375,65.65005493164062,36.426197,8.0,1,29.8039
2,316,1457.883960723877,375.6694641113281,1399.6468505859375,415.6686706542969,22.048464,8.0,1,26.972246
945,316,1676.025806427002,397.3448486328125,1617.7886962890625,437.34405517578125,20.190428,6.0,1,7.2649965
3,316,973.347827911377,437.9442138671875,915.1107177734375,477.94342041015625,16.368776,14.0,-1,18.397192
811,316,1640.491626739502,123.35984802246094,1582.2545166015625,163.3590545654297,16.368774,10.0,-1,11.40555
0,316,1334.5676765441895,916.6986694335938,1276.33056640625,956.6978759765625,16.34052,10.0,1,17.048676
6,316,411.9812812805176,270.5274353027344,353.7441711425781,310.5266418457031,10.323326,10.0,-1,27.553587
10,316,447.7369270324707,41.63093566894531,389.49981689453125,81.63014221191406,9.886172,10.0,-1,25.570734
12,316,1129.5532722473145,802.12939453125,1071.316162109375,842.1286010742188,8.3052025,10.0,-1,24.357048
11,316,324.17668533325195,392.1142883300781,265.9395751953125,432.1134948730469,6.6924186,14.0,-1,10.469989
8,316,1343.4185066223145,373.2220153808594,1285.181396484375,413.2212219238281,6.4177165,8.0,-1,26.07325
9,316,1313.6069831848145,1052.5728149414062,1255.369873046875,1092.572021484375,6.3659196,14.0,-1,6.1197915
337,316,1092.3076667785645,384.9910583496094,1034.070556640625,424.9902648925781,5.97492,28.0,-1,1.7081438
14,316,136.8704490661621,999.9242553710938,78.63333892822266,1039.9234619140625,3.8264456,14.0,-1,9.325617
7,316,215.52449417114258,492.1739501953125,157.28738403320312,532.1731567382812,2.4579833,12.0,1,1.3064344
17,316,532.9759407043457,535.1771240234375,474.73883056640625,575.1763305664062,2.3490484,10.0,-1,17.16811
946,316,1116.3877449035645,243.74612426757812,1058.150634765625,283.7453308105469,2.100136,12.0,-1,14.527297
938,316,1125.267505645752,249.88787841796875,1067.0303955078125,289.8870849609375,0.86701137,10.0,1,13.557501
626,316,1584.329029083252,239.93179321289062,1526.0919189453125,279.9309997558594,0.6885924,16.0,-1,2.0284312
4,317,1186.9273719787598,24.09564971923828,1127.939697265625,64.37632751464844,55.170513,8.0,1,30.09223
1,317,1337.1436805725098,217.99419403076172,1278.156005859375,258.2748718261719,41.30917,8.0,1,25.562359
811,317,1640.9292030334473,123.45247650146484,1581.9415283203125,163.733154296875,24.143242,10.0,-1,13.928236
0,317,1335.9688758850098,917.1778793334961,1276.981201171875,957.4585571289062,22.589838,10.0,1,16.89788
2,317,1458.7546424865723,376.03450775146484,1399.7669677734375,416.315185546875,22.515356,8.0,1,27.718515
3,317,973.7000160217285,439.32030487060547,914.7123413085938,479.6009826660156,17.506838,14.0,-1,17.128605
945,317,1675.0266151428223,397.2522201538086,1616.0389404296875,437.53289794921875,17.458822,6.0,1,6.50381
11,317,325.238712310791,392.90990447998047,266.25103759765625,433.1905822753906,10.906883,14.0,-1,12.59202
6,317,411.629093170166,269.6117172241211,352.64141845703125,309.89239501953125,8.88749,10.0,-1,25.862774
12,317,1131.0459022521973,800.9018783569336,1072.0582275390625,841.1825561523438,7.583369,10.0,-1,29.191126
337,317,1088.6656532287598,384.80211639404297,1029.677978515625,425.0827941894531,7.161331,28.0,-1,2.974605
10,317,447.1490821838379,40.126983642578125,388.1614074707031,80.40766143798828,6.7950006,10.0,-1,23.835184
8,317,1343.9316444396973,373.46129608154297,1284.9439697265625,413.7419738769531,6.1101894,8.0,-1,26.771013
9,317,1312.5604286193848,1050.5636825561523,1253.57275390625,1090.8443603515625,5.0465655,12.0,-1,10.412524
17,317,531.4367713928223,535.2864608764648,472.4490966796875,575.567138671875,3.4341948,8.0,-1,18.0546
7,317,214.06621170043945,494.5332260131836,155.0785369873047,534.8139038085938,3.134138,12.0,1,0.9040275
14,317,136.19738388061523,997.4728622436523,77.20970916748047,1037.7535400390625,2.0514102,14.0,-1,12.526157
946,317,1113.6734657287598,244.45226287841797,1054.685791015625,284.7329406738281,1.6030532,10.0,-1,21.69837
797,317,1121.1973915100098,235.22884368896484,1062.209716796875,275.509521484375,1.4129304,14.0,-1,1.576141
938,317,1126.1666297912598,249.48778533935547,1067.178955078125,289.7684631347656,0.9908891,12.0,1,10.527438
626,317,1582.3326454162598,239.76470184326172,1523.344970703125,280.0453796386719,0.6932271,12.0,-1,1.3755404
4,318,1187.2545204162598,23.445068359375,1127.9166259765625,64.39737701416016,45.47223,8.0,1,29.70687
1,318,1337.8044471740723,219.08565521240234,1278.466552734375,260.0379638671875,40.409153,8.0,1,23.15892
0,318,1335.5805702209473,916.4524154663086,1276.24267578125,957.4047241210938,28.060938,10.0,1,17.018858
2,318,1458.7546424865723,375.46309661865234,1399.416748046875,416.4154052734375,23.59047,8.0,1,27.060478
945,318,1672.2381629943848,396.42720794677734,1612.9002685546875,437.3795166015625,15.696347,6.0,1,9.12665
811,318,1641.8377723693848,124.6624984741211,1582.4998779296875,165.61480712890625,14.595588,10.0,-1,10.224499
3,318,974.352725982666,438.71581268310547,915.0148315429688,479.6681213378906,11.85694,14.0,-1,14.707573
11,318,326.15146255493164,393.59386444091797,266.8135681152344,434.5461730957031,9.964393,14.0,-1,13.12685
6,318,413.76306533813477,265.8892135620117,354.4251708984375,306.8415222167969,9.158777,10.0,-1,25.866169
10,318,442.53146743774414,41.234336853027344,383.1935729980469,82.1866455078125,7.630155,8.0,-1,26.234697
12,318,1128.0247840881348,799.3545761108398,1068.6868896484375,840.306884765625,7.43556,10.0,-1,28.70307
337,318,1088.8658485412598,384.81359100341797,1029.5279541015625,425.7658996582031,6.4895477,28.0,-1,1.6288142
9,318,1311.4820594787598,1051.3553085327148,1252.1441650390625,1092.3076171875,6.278482,12.0,-1,13.128611
8,318,1344.4970741271973,370.1435775756836,1285.1591796875,411.09588623046875,6.054816,8.0,-1,26.002209
7,318,211.42383193969727,495.84603118896484,152.0859375,536.79833984375,2.7870333,12.0,1,1.2261201
17,318,533.6237831115723,537.0718002319336,474.285888671875,578.0241088867188,2.715823,8.0,-1,18.632149
797,318,1120.7417030334473,235.7772445678711,1061.40380859375,276.72955322265625,2.4551752,6.0,1,5.160351
14,318,134.51565170288086,997.4728622436523,75.1777572631836,1038.4251708984375,1.9182886,12.0,-1,10.762159
946,318,1109.4299354553223,243.94603729248047,1050.092041015625,284.8983459472656,1.8354077,10.0,-1,22.7817
938,318,1120.7127723693848,250.61003875732422,1061.3748779296875,291.5623474121094,1.0197508,10.0,1,10.750288
626,318,1583.6189002990723,239.5625228881836,1524.281005859375,280.51483154296875,0.2615306,14.0,-1,1.0586947
1,319,1337.5754432678223,219.08565521240234,1278.201416015625,260.04315185546875,65.25609,8.0,1,24.425478
4,319,1187.4289588928223,22.25159454345703,1128.054931640625,63.20909118652344,38.366833,8.0,1,29.221506
0,319,1335.5991249084473,915.0118637084961,1276.22509765625,955.9693603515625,28.517733,10.0,1,19.08885
945,319,1673.2225379943848,398.5637435913086,1613.8485107421875,439.521240234375,21.199049,6.0,1,8.929278
2,319,1459.7857704162598,374.4014205932617,1400.4117431640625,415.3589172363281,20.666182,8.0,1,26.340992
3,319,973.3879432678223,437.01390838623047,914.013916015625,477.9714050292969,16.762968,14.0,-1,13.951766
811,319,1641.6895790100098,126.0643081665039,1582.3155517578125,167.0218048095703,13.09159,10.0,-1,10.446093
11,319,323.77573013305664,393.5160446166992,264.4017028808594,434.4735412597656,9.762802,14.0,-1,13.27936
337,319,1086.4611854553223,387.19454193115234,1027.087158203125,428.15203857421875,8.793063,28.0,-1,1.4176047
10,319,442.28158950805664,40.084266662597656,382.9075622558594,81.04176330566406,7.4745994,10.0,-1,26.610989
6,319,412.08151626586914,263.71605682373047,352.7074890136719,304.6735534667969,7.3467026,10.0,-1,23.90662
9,319,1310.9948768615723,1051.082176208496,1251.620849609375,1092.0396728515625,7.0494905,12.0,-1,13.057304
12,319,1129.1445350646973,798.8353500366211,1069.7705078125,839.7928466796875,6.6715603,10.0,-1,28.253017
8,319,1350.8371620178223,370.8769760131836,1291.463134765625,411.83447265625,4.669275,8.0,-1,26.87807
14,319,135.2343635559082,998.7210922241211,75.86033630371094,1039.6785888671875,4.646584,14.0,-1,10.067246
17,319,536.3083839416504,540.9283676147461,476.9343566894531,581.8858642578125,3.6874597,8.0,-1,18.065636
7,319,209.54814529418945,498.8769760131836,150.1741180419922,539.83447265625,2.1596167,10.0,1,1.3449874
946,319,1112.9591102600098,240.6753158569336,1053.5850830078125,281.6328125,2.154336,12.0,-1,22.934204
797,319,1119.7980995178223,236.6417465209961,1060.424072265625,277.5992431640625,1.8624974,12.0,-1,2.6187544
938,319,1120.7127723693848,251.23445892333984,1061.3387451171875,292.19195556640625,0.96178436,10.0,1,8.0144615
626,319,1583.8360633850098,244.7599105834961,1524.4620361328125,285.7174072265625,0.70369124,14.0,-1,1.2028775
4,320,1187.6027870178223,21.170799255371094,1128.021728515625,62.41357421875,56.324276,8.0,1,29.549068
0,320,1336.0153846740723,914.1596908569336,1276.434326171875,955.4024658203125,36.833424,10.0,1,19.538694
1,320,1337.3198280334473,216.65691375732422,1277.73876953125,257.8996887207031,35.901226,8.0,1,24.01575
811,320,1641.6895790100098,128.4189224243164,1582.1085205078125,169.6616973876953,21.632883,10.0,-1,11.29867
945,320,1671.6848182678223,397.81920623779297,1612.103759765625,439.0619812011719,19.209503,6.0,1,6.689459
2,320,1463.3879432678223,373.93871307373047,1403.806884765625,415.1814880371094,18.963705,8.0,1,27.261967
3,320,973.5906410217285,434.7466049194336,914.0095825195312,475.9893798828125,16.456055,14.0,-1,15.739148
11,320,323.6846046447754,394.5194625854492,264.1035461425781,435.7622375488281,12.408096,14.0,-1,13.799419
12,320,1126.6245155334473,798.9117660522461,1067.04345703125,840.154541015625,8.572943,10.0,-1,27.501774
337,320,1084.9914588928223,390.07030487060547,1025.410400390625,431.3130798339844,8.335118,28.0,-1,4.571227
10,320,442.4365577697754,41.42737579345703,382.8554992675781,82.67015075683594,8.117827,10.0,-1,26.977852
8,320,1351.7338905334473,368.99376678466797,1292.15283203125,410.2365417480469,6.196325,8.0,-1,32.35101
6,320,413.61911392211914,264.49681854248047,354.0380554199219,305.7395935058594,5.0680575,10.0,-1,21.591684
797,320,1122.2058143615723,236.34770965576172,1062.624755859375,277.5904846191406,4.402568,12.0,-1,0.45999756
9,320,1312.4209022521973,1050.4057846069336,1252.83984375,1091.6485595703125,4.374614,12.0,-1,10.353403
14,320,134.76191329956055,998.7210922241211,75.18085479736328,1039.9638671875,2.6760314,14.0,-1,8.894067
17,320,538.1879005432129,541.1415023803711,478.6068420410156,582.38427734375,2.0134194,8.0,-1,17.691078
946,320,1110.3798866271973,241.7274398803711,1050.798828125,282.97021484375,1.7959118,10.0,-1,22.953688
7,320,207.08430862426758,498.6688461303711,147.5032501220703,539.91162109375,1.319129,12.0,1,0.962907
938,320,1119.0577430725098,251.33690643310547,1059.4766845703125,292.5796813964844,0.91408056,10.0,1,6.4779572
626,320,1582.9775428771973,244.76692962646484,1523.396484375,286.00970458984375,0.3433942,14.0,-1,1.5527359
4,321,1189.3128089904785,19.765701293945312,1130.0357666015625,60.92424774169922,43.643368,8.0,1,28.694273
1,321,1334.818058013916,215.5280990600586,1275.541015625,256.6866455078125,40.68683,8.0,1,26.237972
0,321,1337.084903717041,912.4006576538086,1277.807861328125,953.5592041015625,32.827385,10.0,1,21.246529
3,321,971.3618202209473,434.50875091552734,912.0847778320312,475.66729736328125,21.207525,14.0,-1,15.420122
2,321,1464.1309242248535,373.5074996948242,1404.8538818359375,414.6660461425781,18.171267,8.0,1,26.635885
945,321,1670.819766998291,396.0290756225586,1611.542724609375,437.1876220703125,17.0444,6.0,1,8.675548
811,321,1641.809513092041,128.9875259399414,1582.532470703125,170.1460723876953,16.644905,10.0,-1,11.602703
11,321,323.6846046447754,395.5276412963867,264.4075622558594,436.6861877441406,13.563693,14.0,-1,13.728257
337,321,1085.876407623291,388.4286422729492,1026.599365234375,429.5871887207031,9.293768,28.0,-1,0.9934801
8,321,1350.9688148498535,366.60457611083984,1291.6917724609375,407.76312255859375,9.049956,8.0,-1,35.197315
6,321,415.154483795166,265.29979705810547,355.87744140625,306.4583435058594,8.681002,10.0,-1,24.494888
10,321,442.667423248291,42.03954315185547,383.390380859375,83.19808959960938,8.099912,10.0,-1,24.787775
12,321,1127.027286529541,800.1175765991211,1067.750244140625,841.276123046875,6.177317,10.0,-1,27.31198
9,321,1309.477970123291,1052.7961654663086,1250.200927734375,1093.9547119140625,4.7239842,12.0,-1,10.57294
14,321,135.18330764770508,996.0432357788086,75.90626525878906,1037.2017822265625,4.0150266,14.0,-1,5.699318
7,321,205.8017921447754,500.48934173583984,146.52474975585938,541.6478881835938,2.9412222,10.0,1,0.9318751
797,321,1118.3435707092285,236.39836883544922,1059.0665283203125,277.5569152832031,2.575558,14.0,-1,0.33747232
17,321,538.834415435791,544.2361068725586,479.557373046875,585.3946533203125,2.2802455,8.0,-1,17.584251
946,321,1107.4441566467285,241.7274398803711,1048.1671142578125,282.885986328125,1.9826064,10.0,-1,22.044176
938,321,1116.4434242248535,251.10750579833984,1057.1663818359375,292.26605224609375,0.9913586,10.0,1,7.1971183
626,321,1581.9133949279785,250.83342742919922,1522.6363525390625,291.9919738769531,0.4832143,16.0,-1,1.9717624
4,322,1191.2278022766113,19.098934173583984,1131.798095703125,59.990474700927734,58.04367,8.0,1,29.776476
1,322,1335.4431343078613,216.47152709960938,1276.013427734375,257.3630676269531,40.738586,8.0,1,25.556662
0,322,1339.1506538391113,911.8910522460938,1279.720947265625,952.7825927734375,39.359257,10.0,1,21.478563
945,322,1669.0703315734863,394.88018798828125,1609.640625,435.771728515625,24.17579,6.0,1,9.372215
3,322,970.2502632141113,433.05609130859375,910.820556640625,473.9476318359375,23.835524,14.0,-1,15.19753
2,322,1463.3075141906738,373.16693115234375,1403.8778076171875,414.0584716796875,22.985664,8.0,1,27.132145
811,322,1643.1308784484863,129.1171875,1583.701171875,170.00872802734375,14.992314,10.0,-1,12.349396
10,322,442.5696907043457,41.204978942871094,383.1399841308594,82.09651947021484,12.019784,8.0,-1,26.92119
337,322,1084.7450141906738,390.58203125,1025.3153076171875,431.47357177734375,9.259445,28.0,-1,2.447556
8,322,1349.6783638000488,369.2276916503906,1290.2486572265625,410.1192321777344,8.859162,8.0,-1,32.746593
11,322,324.8011054992676,394.7801818847656,265.37139892578125,435.6717224121094,8.352598,14.0,-1,11.510795
6,322,416.4962043762207,266.4591369628906,357.0664978027344,307.3506774902344,6.6307006,10.0,-1,23.997396
12,322,1128.9716987609863,798.8294677734375,1069.5419921875,839.7210083007812,6.510279,10.0,-1,26.493147
14,322,136.00232315063477,997.0466918945312,76.57261657714844,1037.938232421875,6.3317447,14.0,-1,5.675077
9,322,1310.0702095031738,1050.8560180664062,1250.6405029296875,1091.74755859375,5.8513145,14.0,-1,7.9332685
17,322,535.390308380127,546.5682373046875,475.9606018066406,587.4597778320312,2.567391,8.0,-1,16.084463
946,322,1105.9560737609863,242.66445922851562,1046.5263671875,283.5559997558594,2.4496253,10.0,-1,20.500223
797,322,1117.4511909484863,236.26870727539062,1058.021484375,277.1602478027344,2.0892038,8.0,1,4.062573
7,322,204.7630958557129,503.30950927734375,145.33338928222656,544.2010498046875,1.974648,10.0,1,0.7137572
626,322,1582.0111274719238,253.19219970703125,1522.5814208984375,294.083740234375,0.40925035,16.0,-1,1.8094795
4,323,1190.967456817627,16.85948944091797,1131.7064208984375,58.11370086669922,44.039967,8.0,1,29.499678
0,323,1337.735767364502,912.6873168945312,1278.4747314453125,953.9415283203125,38.790897,10.0,1,19.040268
1,323,1336.629810333252,215.60159301757812,1277.3687744140625,256.8558044433594,30.581411,8.0,1,27.737083
945,323,1669.363208770752,394.2181091308594,1610.1021728515625,435.4723205566406,29.90407,6.0,1,7.461292
2,323,1463.778247833252,371.38482666015625,1404.5172119140625,412.6390380859375,20.271261,8.0,1,26.900568
3,323,970.1641731262207,431.9542236328125,910.9031372070312,473.20843505859375,17.162727,14.0,-1,16.512627
811,323,1641.375659942627,129.117919921875,1582.1146240234375,170.37213134765625,13.486122,10.0,-1,11.776179
8,323,1348.8828620910645,370.94342041015625,1289.621826171875,412.1976318359375,10.51276,8.0,-1,35.648052
11,323,325.8646125793457,393.0461730957031,266.60357666015625,434.3003845214844,9.857189,14.0,-1,8.945322
10,323,445.8137092590332,40.18871307373047,386.55267333984375,81.44292449951172,7.6176047,10.0,-1,23.696014
6,323,417.4228401184082,266.1042785644531,358.16180419921875,307.3584899902344,7.186323,10.0,-1,22.26507
337,323,1083.4695320129395,390.94232177734375,1024.20849609375,432.196533203125,6.4647083,28.0,-1,0.18727648
9,323,1309.048267364502,1050.8552856445312,1249.7872314453125,1092.1094970703125,5.762158,14.0,-1,7.5621767
12,323,1129.5562019348145,800.779052734375,1070.295166015625,842.0332641601562,5.4325657,10.0,-1,23.502384
14,323,135.2360954284668,998.4241333007812,75.97505950927734,1039.6783447265625,3.0104854,14.0,-1,5.260434
946,323,1106.042163848877,243.03091430664062,1046.7811279296875,284.2851257324219,2.5512297,10.0,-1,20.2412
17,323,536.7953071594238,548.6544799804688,477.5342712402344,589.90869140625,2.227234,10.0,-1,17.126753
797,323,1115.716236114502,238.66937255859375,1056.4552001953125,279.923583984375,1.7527019,12.0,-1,3.5207756
7,323,201.51863479614258,504.37640380859375,142.25759887695312,545.630615234375,1.7315506,12.0,1,0.31727237
938,323,1114.747974395752,251.42800903320312,1055.4869384765625,292.6822204589844,0.935209,10.0,1,10.651509
626,323,1582.2566413879395,250.45947265625,1522.99560546875,291.71368408203125,0.43486,16.0,-1,1.398309
4,324,1190.278980255127,18.402591705322266,1130.03125,59.77853775024414,53.689747,8.0,1,27.54168
0,324,1340.326831817627,912.4314270019531,1280.0791015625,953.807373046875,31.57292,10.0,1,18.926476
1,324,1337.4158210754395,215.60159301757812,1277.1680908203125,256.9775390625,30.719835,8.0,1,27.100815
945,324,1672.1086921691895,392.17645263671875,1611.8609619140625,433.5523986816406,23.827673,6.0,1,6.2979965
3,324,970.1641731262207,431.2452087402344,909.9164428710938,472.62115478515625,20.70574,14.0,-1,15.9203005
811,324,1644.298999786377,130.22216796875,1584.05126953125,171.59811401367188,19.261238,10.0,-1,12.875873
2,324,1466.362476348877,370.3067932128906,1406.11474609375,411.6827392578125,17.9448,8.0,1,27.677183
8,324,1348.1475105285645,373.23236083984375,1287.8997802734375,414.6083068847656,10.550872,8.0,-1,32.109695
10,324,449.0394172668457,36.73052215576172,388.79168701171875,78.1064682006836,9.745772,10.0,-1,26.282389
11,324,325.7081489562988,392.3861999511719,265.4604187011719,433.76214599609375,9.172521,14.0,-1,8.39195
337,324,1083.0620002746582,390.0906677246094,1022.8142700195312,431.46661376953125,7.287939,28.0,-1,0.43792224
12,324,1134.243091583252,801.0765686035156,1073.995361328125,842.4525146484375,7.2741485,10.0,-1,17.07462
6,324,420.5112190246582,265.07916259765625,360.26348876953125,306.4551086425781,6.7841287,10.0,-1,23.946447
9,324,1308.7844734191895,1050.5552062988281,1248.5367431640625,1091.93115234375,6.4152436,14.0,-1,9.20142
14,324,136.36789321899414,998.7673645019531,76.12016296386719,1040.143310546875,3.4289143,14.0,-1,4.74341
17,324,536.567310333252,550.4031677246094,476.319580078125,591.7791137695312,2.9301367,8.0,-1,16.362879
946,324,1104.876636505127,243.41232299804688,1044.62890625,284.78826904296875,2.6013734,10.0,-1,28.20118
797,324,1116.3843269348145,239.90731811523438,1056.1365966796875,281.28326416015625,1.9942416,12.0,-1,6.2751484
7,324,198.2846565246582,508.1473693847656,138.03692626953125,549.5233154296875,1.0008663,12.0,1,0.44985157
938,324,1112.712574005127,252.9984130859375,1052.46484375,294.3743591308594,0.9479821,10.0,1,11.419236
626,324,1580.1274909973145,247.6015625,1519.8797607421875,288.9775085449219,0.5895296,16.0,-1,1.4695656
4,325,1188.224048614502,19.230365753173828,1127.82958984375,60.39799880981445,48.120087,8.0,1,29.755844
1,325,1336.6284675598145,215.06170654296875,1276.2340087890625,256.2293395996094,45.17876,8.0,1,26.073269
0,325,1340.326831817627,911.5021057128906,1279.932373046875,952.6697387695312,28.164984,10.0,1,20.238625
2,325,1467.144214630127,370.0783386230469,1406.749755859375,411.2459716796875,18.201416,8.0,1,26.239391
945,325,1673.045581817627,392.91351318359375,1612.651123046875,434.0811462402344,15.105443,6.0,1,9.343817
811,325,1644.384937286377,129.34959411621094,1583.990478515625,170.51722717285156,13.173912,10.0,-1,11.999937
3,325,971.0403938293457,433.7085266113281,910.6459350585938,474.87615966796875,12.840527,14.0,-1,15.941921
8,325,1348.4202156066895,373.99267578125,1288.0257568359375,415.1603088378906,8.404282,8.0,-1,32.63363
11,325,326.8897285461426,392.6042175292969,266.4952697753906,433.7718505859375,8.386751,14.0,-1,7.6328053
10,325,451.2492561340332,35.629783630371094,390.85479736328125,76.79741668701172,7.708994,10.0,-1,26.131756
12,325,1132.7700691223145,800.2662658691406,1072.3756103515625,841.4338989257812,7.080175,12.0,-1,16.432959
337,325,1079.041675567627,391.57257080078125,1018.647216796875,432.7402038574219,6.7046256,28.0,-1,1.0109185
9,325,1310.661060333252,1052.6318054199219,1250.2666015625,1093.7994384765625,6.59788,12.0,-1,9.732343
6,325,418.0936470031738,265.07916259765625,357.6991882324219,306.2467956542969,6.431002,12.0,-1,20.802544
14,325,136.54413986206055,998.5634460449219,76.1496810913086,1039.7310791015625,6.3686523,14.0,-1,0.23524858
797,325,1115.496997833252,240.74581909179688,1055.1025390625,281.9134521484375,2.917773,12.0,-1,10.787474
17,325,536.990894317627,555.0862731933594,476.596435546875,596.25390625,2.755882,8.0,-1,20.470592
946,325,1103.5176277160645,243.24929809570312,1043.1231689453125,284.41693115234375,2.444598,10.0,-1,29.778687
7,325,194.89178848266602,507.8224792480469,134.49732971191406,548.9901123046875,1.5023507,12.0,1,2.1039352
938,325,1111.7954597473145,253.99871826171875,1051.4010009765625,295.1663513183594,1.2768068,12.0,1,9.642306
626,325,1577.662036895752,246.70877075195312,1517.267578125,287.87640380859375,0.7505072,14.0,-1,1.1386572
1,326,1336.538013458252,214.3769073486328,1275.6834716796875,255.5328826904297,39.939415,8.0,1,26.407177
4,326,1186.785572052002,17.876972198486328,1125.9310302734375,59.0329475402832,36.91489,8.0,1,29.1091
0,326,1340.326831817627,912.1286926269531,1279.4722900390625,953.28466796875,32.89039,10.0,1,19.596107
945,326,1672.5432624816895,396.07281494140625,1611.688720703125,437.2287902832031,25.387335,6.0,1,8.54625
2,326,1469.0317878723145,368.6785583496094,1408.17724609375,409.83453369140625,24.932299,8.0,1,26.171879
3,326,971.3533210754395,435.0198059082031,910.498779296875,476.17578125,16.027605,14.0,-1,16.170128
811,326,1644.3521003723145,126.26316833496094,1583.49755859375,167.4191436767578,11.521526,10.0,-1,11.92563
10,326,453.1443061828613,37.11259460449219,392.2897644042969,78.26856994628906,9.521398,10.0,-1,26.299797
11,326,327.3594856262207,394.6104431152344,266.50494384765625,435.76641845703125,8.398982,14.0,-1,7.903188
12,326,1134.1895027160645,800.2662658691406,1073.3349609375,841.4222412109375,7.8699536,10.0,-1,18.03808
8,326,1349.625904083252,369.284423828125,1288.7713623046875,410.4403991699219,7.2913017,8.0,-1,27.53451
337,326,1074.5683479309082,393.8498229980469,1013.7138061523438,435.00579833984375,7.1841736,28.0,-1,2.496873
6,326,418.2382392883301,264.3987731933594,357.3836975097656,305.55474853515625,5.609403,12.0,-1,20.07648
9,326,1311.448902130127,1056.2040100097656,1250.5943603515625,1097.3599853515625,5.437569,12.0,-1,11.4701805
14,326,134.27154922485352,999.3960266113281,73.41700744628906,1040.552001953125,4.04057,14.0,-1,1.20637
946,326,1104.248462677002,243.78640747070312,1043.3939208984375,284.9423828125,2.3121614,10.0,-1,23.910877
17,326,535.3538703918457,552.2556457519531,474.49932861328125,593.41162109375,2.2708619,8.0,-1,18.322546
797,326,1115.1284675598145,239.79214477539062,1054.27392578125,280.9481201171875,1.6937212,12.0,-1,1.9810693
938,326,1112.812183380127,253.84848022460938,1051.9576416015625,295.00445556640625,1.2317141,10.0,1,10.081325
7,326,193.27685928344727,510.2991638183594,132.4223175048828,551.4551391601562,1.000686,12.0,1,0.95438117
626,326,1574.403247833252,246.51519775390625,1513.5487060546875,287.6711730957031,0.58236706,14.0,-1,1.5457053
4,327,1185.5957527160645,18.74787139892578,1124.7349853515625,60.048072814941406,45.009396,8.0,1,29.261375
0,327,1339.107837677002,911.8056335449219,1278.2470703125,953.1058349609375,42.7016,10.0,1,20.111202
1,327,1338.119800567627,213.76812744140625,1277.259033203125,255.06832885742188,29.083654,8.0,1,25.377394
945,327,1672.609302520752,398.6881103515625,1611.74853515625,439.9883117675781,27.762787,6.0,1,8.448078
2,327,1468.124927520752,366.9580993652344,1407.26416015625,408.25830078125,20.631006,8.0,1,26.433
3,327,970.4991340637207,435.0198059082031,909.6383666992188,476.32000732421875,18.730177,14.0,-1,17.64631
811,327,1643.1956062316895,124.05462646484375,1582.3348388671875,165.35482788085938,16.611704,10.0,-1,11.787486
10,327,454.4516487121582,38.92466735839844,393.59088134765625,80.22486877441406,10.739503,8.0,-1,27.337858
12,327,1134.1895027160645,804.4338684082031,1073.3287353515625,845.7340698242188,9.283994,12.0,-1,17.799698
337,327,1073.7462043762207,397.0154113769531,1012.8854370117188,438.31561279296875,8.000804,28.0,-1,0.00065016747
9,327,1313.3208503723145,1057.2041931152344,1252.4600830078125,1098.50439453125,7.49036,12.0,-1,14.4894495
8,327,1348.734058380127,366.8731994628906,1287.873291015625,408.17340087890625,7.28886,8.0,-1,30.24407
11,327,328.28813552856445,394.4555358886719,267.4273681640625,435.7557373046875,6.3767886,14.0,-1,3.5984478
6,327,416.67387771606445,265.2621765136719,355.8131103515625,306.5623779296875,5.379371,12.0,-1,20.773766
14,327,130.48749923706055,999.5834655761719,69.6267318725586,1040.8836669921875,2.7376988,14.0,-1,5.2774
17,327,538.1396064758301,552.2533264160156,477.2788391113281,593.5535278320312,2.1748168,8.0,-1,18.282387
946,327,1105.4658699035645,242.5042724609375,1044.6051025390625,283.8044738769531,2.093458,10.0,-1,21.119148
797,327,1116.8254890441895,239.437255859375,1055.9647216796875,280.7374572753906,1.2791207,12.0,-1,0.028651118
7,327,190.6218147277832,513.0886535644531,129.76104736328125,554.3888549804688,1.0303199,12.0,1,0.11941528
938,327,1113.004322052002,252.9276123046875,1052.1435546875,294.2278137207031,0.7613351,10.0,1,6.3568993
626,327,1576.439624786377,247.57803344726562,1515.578857421875,288.87823486328125,0.7114548,14.0,-1,3.1806185
1,328,1340.5466194152832,212.43719482421875,1279.940673828125,253.8727569580078,50.178043,8.0,1,24.942799
0,328,1339.1859016418457,910.0590057373047,1278.5799560546875,951.4945678710938,39.078106,10.0,1,19.433868
4,328,1185.1867561340332,20.180065155029297,1124.580810546875,61.61562728881836,37.521786,8.0,1,27.954615
2,328,1464.6545295715332,366.36607360839844,1404.048583984375,407.8016357421875,21.686499,8.0,1,26.82648
945,328,1671.8426399230957,400.93287658691406,1611.2366943359375,442.3684387207031,18.756433,6.0,1,10.888388
811,328,1644.6898078918457,124.04801940917969,1584.0838623046875,165.48358154296875,17.041279,10.0,-1,11.484416
3,328,970.421070098877,435.6121368408203,909.8151245117188,477.0476989746094,17.013968,14.0,-1,16.52821
10,328,452.6005439758301,36.915283203125,391.9945983886719,78.35084533691406,10.1467905,10.0,-1,24.774595
337,328,1070.8659553527832,399.80494689941406,1010.260009765625,441.2405090332031,9.844444,28.0,-1,0.7251396
8,328,1344.0296516418457,366.23963928222656,1283.4237060546875,407.6752014160156,9.4427185,8.0,-1,31.58924
11,328,329.9683723449707,394.64686584472656,269.3624267578125,436.0824279785156,8.656745,12.0,-1,1.9292142
9,328,1312.1819953918457,1056.099838256836,1251.5760498046875,1097.535400390625,6.522062,12.0,-1,15.329548
12,328,1134.2989387512207,804.4404754638672,1073.6929931640625,845.8760375976562,5.863669,12.0,-1,20.866875
6,328,416.2992134094238,264.48634338378906,355.6932678222656,305.9219055175781,4.957384,12.0,-1,20.534014
946,328,1105.2155647277832,241.78636169433594,1044.609619140625,283.221923828125,2.696659,10.0,-1,24.126553
14,328,131.1123161315918,999.9511566162109,70.5063705444336,1041.38671875,2.2870893,14.0,-1,5.93264
17,328,542.278003692627,554.3332977294922,481.67205810546875,595.7688598632812,1.718094,8.0,-1,15.944223
7,328,192.73711013793945,514.2554779052734,132.13116455078125,555.6910400390625,1.072334,10.0,1,0.41992858
938,328,1113.8416633605957,250.02479553222656,1053.2357177734375,291.4603576660156,0.9875629,10.0,1,8.7531
626,328,1576.5472297668457,247.8054656982422,1515.9412841796875,289.24102783203125,0.7375906,10.0,-1,6.4489403
1,329,1342.4830207824707,214.57540893554688,1282.2864990234375,255.75291442871094,41.854954,8.0,1,22.10687
0,329,1339.9881477355957,908.7787322998047,1279.7916259765625,949.9562377929688,36.019947,10.0,1,19.141764
4,329,1184.6006965637207,19.467971801757812,1124.4041748046875,60.645477294921875,33.34115,8.0,1,28.739435
811,329,1642.2872200012207,124.67347717285156,1582.0906982421875,165.85098266601562,25.405218,10.0,-1,12.040797
945,329,1670.1780891418457,406.55503845214844,1609.9815673828125,447.7325439453125,24.852983,6.0,1,9.441608
2,329,1465.4760627746582,364.95494079589844,1405.279541015625,406.1324462890625,22.394156,8.0,1,25.914661
3,329,969.5234870910645,435.9325714111328,909.3269653320312,477.1100769042969,11.62447,14.0,-1,13.971829
10,329,454.2674140930176,33.75774383544922,394.0708923339844,74.93524932861328,8.15248,8.0,-1,27.0022
9,329,1312.3867073059082,1052.897933959961,1252.190185546875,1094.075439453125,7.202657,12.0,-1,12.558023
8,329,1346.0579719543457,364.67149353027344,1285.8614501953125,405.8489990234375,6.8601356,8.0,-1,28.579615
11,329,328.8250617980957,394.6857147216797,268.6285400390625,435.86322021484375,6.83205,14.0,-1,1.6002773
12,329,1134.3557014465332,805.5034027099609,1074.1591796875,846.680908203125,6.4317126,12.0,-1,20.373684
337,329,1070.1235237121582,400.1515350341797,1009.927001953125,441.32904052734375,5.7076116,28.0,-1,2.021315
6,329,418.5210762023926,263.8684844970703,358.3245544433594,305.0459899902344,4.724645,10.0,-1,20.19663
17,329,543.7442207336426,555.2216033935547,483.5476989746094,596.3991088867188,3.1533258,8.0,-1,17.925226
797,329,1115.3508186340332,236.9900360107422,1055.154296875,278.16754150390625,2.9860275,12.0,-1,15.0341835
946,329,1106.0467414855957,241.21482849121094,1045.8502197265625,282.392333984375,2.5462341,12.0,-1,26.958334
14,329,130.38130569458008,997.5823822021484,70.18478393554688,1038.7598876953125,1.7852558,14.0,-1,6.1662903
7,329,188.80694961547852,514.9563446044922,128.6104278564453,556.1338500976562,1.6480689,12.0,1,0.023520231
626,329,1575.2315559387207,249.3024139404297,1515.0350341796875,290.47991943359375,1.1258479,12.0,-1,5.601137
938,329,1113.7849006652832,249.98594665527344,1053.58837890625,291.1634521484375,0.8453254,10.0,1,7.636944
4,330,1184.6006965637207,18.732986450195312,1123.6123046875,60.113983154296875,59.30393,8.0,1,29.812475
1,330,1343.4438362121582,214.7423553466797,1282.4554443359375,256.12335205078125,48.20764,8.0,1,23.766289
0,330,1341.0268440246582,908.5019378662109,1280.0384521484375,949.8829345703125,33.5882,10.0,1,17.892372
945,330,1670.8177375793457,406.1808319091797,1609.829345703125,447.56182861328125,27.760096,6.0,1,7.3640738
2,330,1467.1332893371582,363.74473571777344,1406.1448974609375,405.125732421875,24.783876,8.0,1,24.973192
811,330,1641.5408821105957,126.47248840332031,1580.552490234375,167.85348510742188,18.418299,10.0,-1,10.681989
3,330,970.7707405090332,436.54627990722656,909.7823486328125,477.9272766113281,16.859636,14.0,-1,15.269009
10,330,455.0275459289551,35.40125274658203,394.0391540527344,76.7822494506836,8.791524,10.0,-1,24.098555
9,330,1311.6628303527832,1052.897933959961,1250.6744384765625,1094.2789306640625,8.741618,12.0,-1,14.200121
11,330,328.87614822387695,397.09120178222656,267.88775634765625,438.4721984863281,7.4002132,14.0,-1,2.4417086
8,330,1349.3188362121582,364.4055938720703,1288.3304443359375,405.7865905761719,7.1994643,8.0,-1,25.943626
337,330,1064.6766242980957,402.1798858642578,1003.688232421875,443.5608825683594,7.0324235,28.0,-1,4.571262
6,330,418.1808967590332,265.3652801513672,357.1925048828125,306.74627685546875,6.383566,10.0,-1,22.239285
12,330,1135.0175666809082,804.7817230224609,1074.0291748046875,846.1627197265625,5.7755265,14.0,-1,11.862205
14,330,128.43828964233398,997.4579925537109,67.44989776611328,1038.8389892578125,5.6567307,16.0,-1,1.5972972
17,330,542.2691841125488,556.9333953857422,481.2807922363281,598.3143920898438,3.4934542,8.0,-1,18.704546
797,330,1114.2678108215332,236.2733612060547,1053.2794189453125,277.65435791015625,2.4956665,14.0,-1,13.204079
7,330,189.27228164672852,521.0595550537109,128.2838897705078,562.4405517578125,2.3245928,28.0,-1,3.716105
946,330,1105.3688850402832,241.3675994873047,1044.3804931640625,282.74859619140625,2.2946188,12.0,-1,25.197824
938,330,1113.4654426574707,249.80784606933594,1052.47705078125,291.1888427734375,1.0506772,10.0,1,8.594943
626,330,1573.2465705871582,247.6460418701172,1512.2581787109375,289.02703857421875,0.628963,12.0,-1,5.582717
1,331,1343.6452407836914,214.88800048828125,1282.2022705078125,256.0391540527344,52.531704,8.0,1,25.653122
4,331,1185.459571838379,18.530895233154297,1124.0166015625,59.68204879760742,44.38452,8.0,1,28.764696
0,331,1340.9860610961914,909.2875671386719,1279.5430908203125,950.438720703125,29.862236,10.0,1,18.612473
2,331,1465.741310119629,363.1522216796875,1404.29833984375,404.3033752441406,27.74067,8.0,1,25.045462
3,331,971.6589126586914,437.1664733886719,910.2159423828125,478.317626953125,20.03254,14.0,-1,15.027956
945,331,1669.607765197754,406.8847961425781,1608.164794921875,448.03594970703125,16.450727,6.0,1,8.407648
811,331,1639.6122817993164,128.1585235595703,1578.1693115234375,169.30967712402344,15.073001,10.0,-1,9.4448395
10,331,457.39505767822266,36.98667907714844,395.95208740234375,78.13783264160156,10.945762,8.0,-1,27.462072
337,331,1063.0729751586914,402.03424072265625,1001.6300048828125,443.1853942871094,9.802462,28.0,-1,3.5661104
14,331,128.47907257080078,996.6424255371094,67.03610229492188,1037.7935791015625,6.9605813,14.0,-1,0.8242079
8,331,1350.517921447754,365.9400329589844,1289.074951171875,407.0911865234375,6.6136355,8.0,-1,29.107304
11,331,329.82276153564453,396.3266296386719,268.3797912597656,437.477783203125,6.5721455,14.0,-1,2.5800362
6,331,416.3520278930664,265.1239929199219,354.9090576171875,306.275146484375,6.159102,10.0,-1,22.526018
9,331,1312.879005432129,1054.1611022949219,1251.43603515625,1095.312255859375,5.7915235,10.0,-1,16.312767
12,331,1131.6066665649414,805.5108337402344,1070.1636962890625,846.6619873046875,5.263128,14.0,-1,9.341026
17,331,541.2849197387695,559.0586853027344,479.8419494628906,600.2098388671875,2.7897398,8.0,-1,20.174221
7,331,189.89409637451172,518.9200744628906,128.4511260986328,560.0712280273438,2.6485662,28.0,-1,0.022173673
797,331,1113.133888244629,235.68765258789062,1051.69091796875,276.83880615234375,2.4485042,14.0,-1,23.022205
938,331,1114.6269302368164,249.0855712890625,1053.1839599609375,290.2367248535156,1.7743293,10.0,1,8.9967165
626,331,1571.662208557129,245.29608154296875,1510.21923828125,286.4472351074219,0.7881689,12.0,-1,5.7456684
1,332,1345.0534133911133,214.56016540527344,1282.979248046875,255.95828247070312,40.33077,8.0,1,25.792463
0,332,1340.7885208129883,909.3391265869141,1278.71435546875,950.7372436523438,33.282406,10.0,1,19.75847
2,332,1466.2774124145508,362.8531036376953,1404.2032470703125,404.251220703125,29.386118,8.0,1,25.913408
4,332,1185.5711135864258,19.621112823486328,1123.4969482421875,61.019229888916016,28.007887,8.0,1,28.542055
945,332,1670.7705764770508,409.99476623535156,1608.6964111328125,451.39288330078125,23.283926,6.0,1,6.9842587
3,332,972.731086730957,437.1149139404297,910.6569213867188,478.5130310058594,14.163434,14.0,-1,16.892818
811,332,1636.5379104614258,127.51118469238281,1574.4637451171875,168.9093017578125,12.381778,10.0,-1,9.447109
10,332,457.60449981689453,36.407981872558594,395.53033447265625,77.80609893798828,11.202361,8.0,-1,26.927921
337,332,1063.5424270629883,403.5813446044922,1001.46826171875,444.9794616699219,8.769147,28.0,-1,0.7894511
11,332,329.71121978759766,398.4351043701172,267.6370544433594,439.8332214355469,8.656685,14.0,-1,2.9752216
8,332,1350.3207473754883,362.61244201660156,1288.24658203125,404.01055908203125,8.45235,8.0,-1,25.119596
6,332,415.3943862915039,265.7603302001953,353.3202209472656,307.158447265625,7.603796,10.0,-1,22.1358
9,332,1315.1890335083008,1053.3217315673828,1253.1148681640625,1094.7198486328125,5.1905417,12.0,-1,13.986663
12,332,1130.5156936645508,803.5687408447266,1068.4415283203125,844.9668579101562,5.0896544,12.0,-1,11.135387
14,332,128.9480743408203,997.7755889892578,66.87390899658203,1039.1737060546875,4.3014207,16.0,-1,2.0727477
17,332,541.1670303344727,556.9859771728516,479.0928649902344,598.3840942382812,3.0215406,8.0,-1,19.346333
946,332,1102.9323196411133,243.41578674316406,1040.858154296875,284.81390380859375,2.0625727,12.0,-1,25.803394
797,332,1112.4153518676758,235.09165954589844,1050.3411865234375,276.4897766113281,1.9873571,14.0,-1,9.797473
7,332,188.5966796875,519.7606353759766,126.52251434326172,561.1587524414062,1.4418993,10.0,1,0.6456984
938,332,1114.4163284301758,249.3875274658203,1052.3421630859375,290.78564453125,0.9913433,10.0,1,8.9373665
626,332,1575.3577346801758,248.15611267089844,1513.2835693359375,289.5542297363281,0.5381172,24.0,-1,5.2244067
4,333,1185.6110305786133,19.10500717163086,1123.748046875,60.86613082885742,41.17014,8.0,1,28.818392
1,333,1343.8184280395508,214.56016540527344,1281.9554443359375,256.3212890625,38.51977,8.0,1,27.240267
0,333,1338.6782913208008,909.1799774169922,1276.8153076171875,950.9411010742188,28.510643,10.0,1,17.893116
945,333,1671.2792434692383,410.6312713623047,1609.416259765625,452.39239501953125,26.340887,6.0,1,7.1975884
2,333,1467.3041458129883,363.8736114501953,1405.441162109375,405.6347351074219,20.905779,8.0,1,24.801968
3,333,973.492317199707,438.1106414794922,911.6293334960938,479.87176513671875,19.368658,14.0,-1,14.92456
811,333,1633.6991653442383,126.10237121582031,1571.836181640625,167.86349487304688,18.190935,10.0,-1,10.82912
10,333,457.62390899658203,38.17913818359375,395.76092529296875,79.94026184082031,11.674764,10.0,-1,26.543371
337,333,1061.6166458129883,404.95362854003906,999.753662109375,446.7147521972656,10.9253,10.0,1,0.06507802
8,333,1349.8667678833008,358.0836639404297,1288.0037841796875,399.84478759765625,9.550303,8.0,-1,30.950394
6,333,416.36588287353516,263.3383331298828,354.5028991699219,305.0994567871094,8.2697115,10.0,-1,25.285215
11,333,327.7802200317383,397.94557189941406,265.917236328125,439.7066955566406,6.938868,12.0,-1,1.6369708
9,333,1315.4112014770508,1051.050033569336,1253.5482177734375,1092.8111572265625,5.9584084,14.0,-1,10.529165
14,333,127.10236358642578,997.0080413818359,65.2393798828125,1038.7691650390625,4.960114,16.0,-1,2.0229297
12,333,1128.6832962036133,804.8948822021484,1066.8203125,846.656005859375,4.227946,12.0,-1,9.61503
797,333,1112.4153518676758,236.38880920410156,1050.5523681640625,278.1499328613281,3.481797,8.0,1,1.7746587
7,333,191.3120346069336,519.8285980224609,129.4490509033203,561.5897216796875,3.1572685,10.0,1,0.61434966
946,333,1100.8184280395508,244.44239807128906,1038.9554443359375,286.2035217285156,1.9217387,10.0,-1,23.117638
938,333,1111.5965042114258,251.9353790283203,1049.7335205078125,293.6965026855469,1.3358358,10.0,1,9.548695
17,333,545.8911209106445,556.4833831787109,484.02813720703125,598.2445068359375,0.7779687,10.0,-1,12.837006
626,333,1577.6260452270508,247.39060974121094,1515.7630615234375,289.1517333984375,0.62575966,14.0,-1,4.5869603
4,334,1185.6110305786133,17.932727813720703,1123.6048583984375,60.234928131103516,47.42525,8.0,1,29.937943
2,334,1466.1460647583008,363.8736114501953,1404.139892578125,406.1758117675781,34.93727,8.0,1,24.48135
1,334,1342.0412063598633,214.49986267089844,1280.0350341796875,256.80206298828125,29.916693,8.0,1,26.594707
0,334,1338.0672073364258,907.6201019287109,1276.06103515625,949.9223022460938,27.83769,10.0,1,17.264841
811,334,1634.2697219848633,127.77360534667969,1572.2635498046875,170.0758056640625,19.465975,10.0,-1,11.779722
3,334,972.5950393676758,438.26023864746094,910.5888671875,480.56243896484375,16.323912,14.0,-1,14.82859
10,334,457.94046783447266,39.68296813964844,395.9342956542969,81.98516845703125,14.897869,8.0,-1,28.453176
945,334,1671.1980667114258,409.61976623535156,1609.19189453125,451.9219665527344,13.598548,6.0,1,7.678152
6,334,419.69837188720703,263.6454315185547,357.69219970703125,305.9476318359375,11.171734,10.0,-1,26.297865
337,334,1060.1875686645508,404.7624053955078,998.181396484375,447.0646057128906,9.3018675,28.0,-1,1.4602282
11,334,328.0593032836914,396.0977020263672,266.0531311035156,438.39990234375,9.061942,14.0,-1,1.8506926
8,334,1351.9935989379883,356.98060607910156,1289.9874267578125,399.2828063964844,6.407723,8.0,-1,30.370367
14,334,128.9232940673828,998.7527313232422,66.91712188720703,1041.054931640625,5.027934,16.0,-1,1.5400813
9,334,1311.3714065551758,1050.6522674560547,1249.365234375,1092.9544677734375,4.683493,12.0,-1,10.801524
12,334,1128.3068313598633,800.7922821044922,1066.3006591796875,843.094482421875,4.3902993,14.0,-1,10.706055
797,334,1112.0189895629883,236.9805145263672,1050.0128173828125,279.28271484375,2.0863118,14.0,-1,0.5661966
17,334,550.4745559692383,559.0127410888672,488.4683837890625,601.31494140625,1.931397,10.0,-1,15.120863
946,334,1100.8760452270508,244.87644958496094,1038.869873046875,287.17864990234375,1.7979106,12.0,-1,22.302847
7,334,191.8676528930664,518.7657318115234,129.86148071289062,561.0679321289062,1.2565676,28.0,-1,0.3141954
938,334,1111.0917434692383,253.6968536376953,1049.0855712890625,295.9990539550781,1.0148522,12.0,1,10.292219
626,334,1582.2722854614258,247.7162322998047,1520.26611328125,290.0184326171875,0.49990463,12.0,-1,5.935361
4,335,1186.4766311645508,19.699119567871094,1124.1829833984375,62.06421661376953,45.837124,8.0,1,28.643532
2,335,1466.1460647583008,363.3439483642578,1403.8524169921875,405.70904541015625,33.264782,8.0,1,24.005795
1,335,1342.1636428833008,216.47279357910156,1279.8699951171875,258.837890625,32.613136,8.0,1,26.423378
811,335,1634.3198928833008,129.47752380371094,1572.0262451171875,171.84262084960938,29.229898,10.0,-1,11.14839
0,335,1337.8068313598633,907.4884796142578,1275.51318359375,949.8535766601562,28.22882,10.0,1,17.523489
3,335,971.0034866333008,438.6880645751953,908.7098388671875,481.05316162109375,15.675685,14.0,-1,13.552027
945,335,1672.5248489379883,409.4851837158203,1610.231201171875,451.85028076171875,15.279823,6.0,1,7.218234
6,335,420.58179473876953,263.6454315185547,358.28814697265625,306.0105285644531,8.680501,10.0,-1,25.97571
10,335,455.1243362426758,38.774497985839844,392.8306884765625,81.13959503173828,8.531198,10.0,-1,25.51538
337,335,1056.8369827270508,406.8215789794922,994.5433349609375,449.1866760253906,8.293805,28.0,-1,3.042829
8,335,1352.4566116333008,357.3932342529297,1290.1629638671875,399.7583312988281,7.645682,8.0,-1,30.120474
11,335,332.3726577758789,394.00502014160156,270.0790100097656,436.3701171875,7.2100043,14.0,-1,3.879618
14,335,129.7079315185547,1001.5337066650391,67.4142837524414,1043.8988037109375,5.5326257,16.0,-1,3.0133185
9,335,1309.4566116333008,1051.7674713134766,1247.1629638671875,1094.132568359375,4.9185424,14.0,-1,8.578963
12,335,1127.5950393676758,799.6085968017578,1065.3013916015625,841.9736938476562,4.748403,14.0,-1,12.697886
7,335,190.66240692138672,517.6814727783203,128.36875915527344,560.0465698242188,2.446302,10.0,1,0.9625678
17,335,551.318000793457,556.2201080322266,489.02435302734375,598.585205078125,2.2982895,10.0,-1,14.434965
797,335,1107.8273391723633,237.2122344970703,1045.53369140625,279.57733154296875,1.9961303,14.0,-1,17.97747
946,335,1099.0011672973633,244.1115264892578,1036.70751953125,286.47662353515625,1.9154891,14.0,-1,27.403332
938,335,1110.2667922973633,252.8417205810547,1047.97314453125,295.2068176269531,1.1999816,12.0,1,9.904232
626,335,1582.6985549926758,252.92909240722656,1520.4049072265625,295.294189453125,1.0012562,10.0,-1,8.853845
4,336,1188.0908889770508,21.150779724121094,1125.965087890625,63.76258087158203,44.819744,8.0,1,28.947111
1,336,1342.1636428833008,216.47279357910156,1280.037841796875,259.0845947265625,34.54476,8.0,1,24.814878
0,336,1339.7033157348633,907.8778839111328,1277.5775146484375,950.4896850585938,25.181871,10.0,1,17.002127
2,336,1465.5344924926758,362.91310119628906,1403.40869140625,405.52490234375,22.44541,8.0,1,24.493103
945,336,1672.1474075317383,407.2576446533203,1610.0216064453125,449.86944580078125,20.27617,6.0,1,7.0239763
3,336,970.1658401489258,439.15830993652344,908.0400390625,481.7701110839844,20.14938,14.0,-1,13.281567
811,336,1634.9845657348633,130.46055603027344,1572.8587646484375,173.07235717773438,13.076602,10.0,-1,12.906506
10,336,454.0036087036133,39.44403839111328,391.8778076171875,82.05583953857422,9.807368,8.0,-1,27.953058
337,336,1053.6223220825195,407.26304626464844,991.4965209960938,449.8748474121094,8.018614,28.0,-1,3.813727
6,336,420.85977935791016,265.78993225097656,358.7339782714844,308.4017333984375,6.7548804,10.0,-1,23.394579
11,336,334.7503128051758,393.45021057128906,272.62451171875,436.06201171875,6.6513295,14.0,-1,3.3557625
8,336,1352.5985794067383,352.63414001464844,1290.4727783203125,395.2459411621094,5.760074,8.0,-1,27.350756
9,336,1308.1034622192383,1052.683609008789,1245.9776611328125,1095.29541015625,4.7522755,14.0,-1,7.1461177
12,336,1125.4020462036133,798.0933990478516,1063.2762451171875,840.7052001953125,4.0178576,14.0,-1,14.227377
14,336,128.96317291259766,1002.6545562744141,66.83737182617188,1045.266357421875,3.9298427,16.0,-1,2.805088
797,336,1109.0396194458008,233.85279846191406,1046.913818359375,276.464599609375,3.0972795,14.0,-1,13.59268
946,336,1099.6563186645508,242.96681213378906,1037.530517578125,285.57861328125,2.364964,24.0,-1,29.086123
17,336,552.419807434082,554.4806671142578,490.29400634765625,597.0924682617188,2.1536407,10.0,-1,13.164241
7,336,186.21583557128906,518.8425445556641,124.09003448486328,561.454345703125,1.9977798,28.0,-1,0.18848443
938,336,1111.6453323364258,250.99351501464844,1049.51953125,293.6053161621094,1.2390121,14.0,1,12.165401
626,336,1578.3384475708008,252.91383361816406,1516.212646484375,295.525634765625,1.0844132,8.0,-1,8.922794
4,337,1190.4595413208008,20.44400405883789,1128.0745849609375,63.92229080200195,60.72809,8.0,1,28.824043
2,337,1466.3521194458008,362.91310119628906,1403.9671630859375,406.3913879394531,31.833609,8.0,1,26.346762
1,337,1343.8373489379883,214.8301544189453,1281.452392578125,258.3084411621094,29.63868,8.0,1,25.278635
0,337,1339.6740188598633,908.5926361083984,1277.2890625,952.0709228515625,22.184725,10.0,1,14.000723
945,337,1674.4025344848633,406.27919006347656,1612.017578125,449.7574768066406,16.992762,6.0,1,5.2856407
3,337,968.6281814575195,437.16249084472656,906.2432250976562,480.6407775878906,15.49307,14.0,-1,13.001445
10,337,454.2687759399414,39.02679443359375,391.8838195800781,82.50508117675781,11.181462,10.0,-1,26.48149
811,337,1633.9550247192383,129.27330017089844,1571.570068359375,172.7515869140625,10.749183,10.0,-1,11.788939
11,337,338.3238296508789,393.71229553222656,275.9388732910156,437.1905822753906,9.1888075,14.0,-1,5.362591
8,337,1352.2466506958008,350.0784149169922,1289.8616943359375,393.55670166015625,6.917258,8.0,-1,30.39883
6,337,420.1594924926758,266.16310119628906,357.7745361328125,309.6413879394531,6.6495023,10.0,-1,22.567467
14,337,127.53707122802734,1004.5457611083984,65.15211486816406,1048.0240478515625,6.1833224,16.0,-1,0.09944585
337,337,1052.4904861450195,404.25633239746094,990.1055297851562,447.734619140625,6.07562,28.0,-1,3.7620587
797,337,1109.0396194458008,234.0116424560547,1046.6546630859375,277.48992919921875,4.9304404,14.0,-1,10.212458
12,337,1124.3064651489258,797.0297088623047,1061.9215087890625,840.5079956054688,4.508797,14.0,-1,16.174149
9,337,1310.9749221801758,1053.718490600586,1248.5899658203125,1097.19677734375,3.1627407,14.0,-1,5.5156827
7,337,184.84766387939453,519.0296478271484,122.46270751953125,562.5079345703125,2.592749,10.0,1,0.56894815
946,337,1099.3512649536133,243.90208435058594,1036.96630859375,287.38037109375,2.4086788,12.0,-1,26.021809
17,337,552.6218948364258,551.6240081787109,490.2369384765625,595.102294921875,2.3284557,10.0,-1,13.235068
626,337,1581.2821731567383,254.2860565185547,1518.897216796875,297.76434326171875,1.0136464,8.0,-1,9.985743
938,337,1114.1702346801758,253.83387756347656,1051.7852783203125,297.3121643066406,0.91097194,16.0,1,7.4522843
4,338,1192.7026748657227,20.837112426757812,1130.26708984375,64.50224304199219,39.977314,8.0,1,28.327324
1,338,1344.1421279907227,216.40899658203125,1281.70654296875,260.0741271972656,36.912907,8.0,1,23.78592
2,338,1468.3600234985352,361.8403625488281,1405.9244384765625,405.5054931640625,29.047419,8.0,1,26.92484
811,338,1632.3695449829102,129.99053955078125,1569.9339599609375,173.65567016601562,20.61591,10.0,-1,14.611496
0,338,1339.4485244750977,911.1265563964844,1277.012939453125,954.7916870117188,19.61297,10.0,1,9.029876
945,338,1672.9676895141602,407.8446960449219,1610.5321044921875,451.50982666015625,18.003126,6.0,1,5.5688586
3,338,968.8536758422852,436.14715576171875,906.4180908203125,479.8122863769531,15.865345,14.0,-1,13.074933
10,338,452.0752944946289,39.34485626220703,389.63970947265625,83.0099868774414,7.861653,10.0,-1,25.472801
11,338,337.97217559814453,393.90972900390625,275.5365905761719,437.5748596191406,7.4994855,14.0,-1,5.0230446
8,338,1353.0939102172852,350.6537780761719,1290.6583251953125,394.31890869140625,7.1640487,8.0,-1,29.370745
337,338,1049.6052017211914,404.05889892578125,987.1696166992188,447.7240295410156,7.017442,28.0,-1,3.8345764
9,338,1313.2745742797852,1052.8103332519531,1250.8389892578125,1096.4754638671875,6.493103,14.0,-1,5.392331
6,338,418.67383575439453,264.4625549316406,356.2382507324219,308.127685546875,6.0632496,12.0,-1,20.746273
12,338,1126.2399063110352,798.6598815917969,1063.8043212890625,842.3250122070312,5.3633,14.0,-1,15.655384
14,338,127.03894805908203,1003.1241760253906,64.60336303710938,1046.789306640625,4.0934253,16.0,-1,1.0624076
797,338,1110.2469863891602,233.0216064453125,1047.8114013671875,276.6867370605469,2.4638479,14.0,-1,3.0545764
17,338,550.4414138793945,551.0470275878906,488.0058288574219,594.712158203125,2.2868543,10.0,-1,17.020794
946,338,1100.6586074829102,242.141845703125,1038.2230224609375,285.8069763183594,1.5007361,12.0,-1,23.972782
626,338,1582.0519180297852,258.506103515625,1519.6163330078125,302.1712341308594,1.4834723,8.0,-1,10.257996
938,338,1112.2738418579102,248.5511474609375,1049.8382568359375,292.2162780761719,1.0749841,12.0,1,12.252569
4,339,1193.9224472045898,20.364456176757812,1131.7044677734375,64.18991088867188,38.523968,8.0,1,29.829144
1,339,1342.3561630249023,216.8140411376953,1280.13818359375,260.6394958496094,28.86152,8.0,1,23.80657
811,339,1632.2530136108398,132.3625030517578,1570.0350341796875,176.18795776367188,20.965551,10.0,-1,12.612272
2,339,1470.0082626342773,360.25123596191406,1407.790283203125,404.0766906738281,20.129848,8.0,1,27.356176
0,339,1340.0255966186523,911.9269866943359,1277.8076171875,955.75244140625,19.80366,10.0,1,11.891973
945,339,1674.4373397827148,408.19471740722656,1612.2193603515625,452.0201721191406,18.852442,6.0,1,6.6019397
3,339,969.4188461303711,435.24366760253906,907.2008666992188,479.0691223144531,12.244807,14.0,-1,13.386488
10,339,448.9432907104492,40.162330627441406,386.7253112792969,83.98778533935547,10.219619,10.0,-1,26.630585
8,339,1354.2755966186523,353.11585998535156,1292.0576171875,396.9413146972656,7.133658,8.0,-1,29.88331
337,339,1046.2312850952148,402.5232391357422,984.0133056640625,446.34869384765625,6.7818546,28.0,-1,4.4119315
11,339,338.08870697021484,391.5308074951172,275.8707275390625,435.35626220703125,6.6890216,14.0,-1,5.4516973
6,339,416.36534881591797,264.44776916503906,354.1473693847656,308.2732238769531,6.6600423,12.0,-1,19.780128
9,339,1312.7517929077148,1054.188461303711,1250.5338134765625,1098.013916015625,6.143931,14.0,-1,6.291549
12,339,1127.6010360717773,798.6746673583984,1065.383056640625,842.5001220703125,4.1000056,14.0,-1,13.402191
797,339,1111.0572128295898,230.9521026611328,1048.8392333984375,274.7775573730469,2.4585323,8.0,1,1.8649359
14,339,124.6327896118164,999.9284515380859,62.41481018066406,1043.75390625,2.221338,18.0,-1,1.6475105
17,339,553.7075424194336,552.4139251708984,491.48956298828125,596.2393798828125,1.9973569,10.0,-1,14.107014
946,339,1099.5092391967773,239.7463836669922,1037.291259765625,283.57183837890625,1.6965114,12.0,-1,21.004211
626,339,1579.1203231811523,264.06495666503906,1516.90234375,307.8904113769531,1.4798927,10.0,-1,8.154249
938,339,1111.4903182983398,246.99244689941406,1049.2723388671875,290.8179016113281,0.9688847,12.0,1,11.248361
1,340,1342.829002380371,216.26449584960938,1280.4998779296875,260.15496826171875,36.781033,8.0,1,25.477158
4,340,1194.4343490600586,20.941757202148438,1132.105224609375,64.83222961425781,33.16704,8.0,1,28.33356
0,340,1340.7217025756836,913.0857238769531,1278.392578125,956.9761962890625,25.568693,10.0,1,10.985379
3,340,970.4653549194336,434.0380554199219,908.13623046875,477.92852783203125,22.476297,14.0,-1,10.159386
2,340,1471.308738708496,360.9989013671875,1408.9796142578125,404.8893737792969,19.080202,8.0,1,25.550735
811,340,1632.633201599121,134.4359588623047,1570.3040771484375,178.32643127441406,16.568092,10.0,-1,12.640839
945,340,1673.4804916381836,406.451171875,1611.1513671875,450.3416442871094,14.972466,6.0,1,7.076727
10,340,446.38265228271484,40.25304412841797,384.05352783203125,84.14351654052734,11.347603,8.0,-1,27.203249
337,340,1047.9075546264648,403.9490661621094,985.5784301757812,447.83953857421875,9.073087,28.0,-1,7.121637
8,340,1355.319480895996,353.8339538574219,1292.9903564453125,397.72442626953125,7.815304,8.0,-1,29.577501
11,340,340.73021697998047,390.9596862792969,278.4010925292969,434.85015869140625,7.6906924,14.0,-1,9.030401
9,340,1311.6345443725586,1057.5477600097656,1249.305419921875,1101.438232421875,6.135853,14.0,-1,5.674256
6,340,413.9962387084961,264.1369323730469,351.6671142578125,308.02740478515625,5.4840446,12.0,-1,19.74599
12,340,1125.812889099121,797.2761535644531,1063.4837646484375,841.1666259765625,3.9929159,14.0,-1,14.561388
14,340,123.27037811279297,1003.4967346191406,60.941253662109375,1047.38720703125,3.1993313,18.0,-1,1.8001772
797,340,1110.5124740600586,230.86138916015625,1048.183349609375,274.7518615722656,2.1013832,8.0,1,0.6631701
946,340,1099.129051208496,238.112060546875,1036.7999267578125,282.0025329589844,2.0014312,10.0,-1,22.836386
17,340,554.692008972168,552.7038269042969,492.3628845214844,596.5942993164062,1.564228,10.0,-1,12.545508
626,340,1578.184959411621,263.0209045410156,1515.8558349609375,306.911376953125,1.3556515,10.0,-1,8.2345705
938,340,1109.6135482788086,245.8013916015625,1047.284423828125,289.6918640136719,1.1691347,10.0,1,11.160119
4,341,1195.121726989746,22.114761352539062,1132.032470703125,66.2352294921875,51.50307,8.0,1,28.51727
2,341,1473.1245346069336,361.73963928222656,1410.0352783203125,405.860107421875,34.332764,8.0,1,26.434225
1,341,1344.7759017944336,216.8120574951172,1281.6866455078125,260.9325256347656,28.330976,8.0,1,26.087317
0,341,1341.555564880371,913.9441680908203,1278.46630859375,958.0646362304688,20.004845,10.0,1,11.604867
945,341,1674.6296615600586,405.23915100097656,1611.5404052734375,449.359619140625,18.261168,6.0,1,8.434322
811,341,1634.9936752319336,135.67982482910156,1571.9044189453125,179.80029296875,16.760534,10.0,-1,11.739243
3,341,969.3410873413086,436.89134216308594,906.2518310546875,481.0118103027344,15.70169,14.0,-1,12.62531
10,341,445.13964080810547,42.103668212890625,382.0503845214844,86.22413635253906,10.1871605,10.0,-1,26.659286
8,341,1355.069236755371,351.96800231933594,1291.97998046875,396.0884704589844,10.09493,8.0,-1,30.169744
337,341,1048.1440048217773,403.93165588378906,985.0547485351562,448.0521240234375,8.077596,28.0,-1,5.087522
11,341,341.6693344116211,390.6446075439453,278.580078125,434.76507568359375,6.751398,14.0,-1,10.276799
9,341,1310.8657455444336,1059.0609283447266,1247.7764892578125,1103.181396484375,6.3812847,14.0,-1,4.034449
6,341,413.6236801147461,264.1543426513672,350.534423828125,308.2748107910156,4.9132733,12.0,-1,17.83534
12,341,1126.022117614746,794.4588775634766,1062.932861328125,838.579345703125,3.4949372,14.0,-1,16.663973
14,341,121.79673767089844,1002.4701080322266,58.707481384277344,1046.590576171875,3.393649,18.0,-1,2.2722178
17,341,558.3026351928711,550.1224517822266,495.21337890625,594.242919921875,2.6558583,10.0,-1,11.515233
946,341,1098.919822692871,238.48423767089844,1035.83056640625,282.6047058105469,1.9831443,12.0,-1,24.431093
797,341,1109.457908630371,229.44273376464844,1046.36865234375,273.5632019042969,1.4616896,6.0,1,1.9724681
626,341,1577.260154724121,261.85911560058594,1514.1708984375,305.9795837402344,1.1720089,10.0,-1,7.3064995
938,341,1109.293357849121,245.19102478027344,1046.2041015625,289.3114929199219,0.81727296,10.0,1,9.961011
4,342,1194.2785873413086,23.16515350341797,1130.0528564453125,68.14281463623047,56.40187,8.0,1,28.872938
1,342,1346.3940658569336,217.0216064453125,1282.1683349609375,261.999267578125,47.1265,8.0,1,25.121529
0,342,1340.4887924194336,912.6608276367188,1276.2630615234375,957.6384887695312,28.362963,10.0,1,12.188047
2,342,1474.9426498413086,362.5776062011719,1410.7169189453125,407.5552673339844,19.81001,8.0,1,25.399721
3,342,968.3920516967773,435.2861633300781,904.1663208007812,480.2638244628906,19.411024,14.0,-1,12.709226
945,342,1678.130271911621,405.02960205078125,1613.904541015625,450.00726318359375,18.188807,6.0,1,9.669202
811,342,1636.187400817871,135.2567901611328,1571.961669921875,180.2344512939453,17.246801,10.0,-1,12.611229
11,342,341.6227035522461,389.1859436035156,277.39697265625,434.1636047363281,10.74656,14.0,-1,9.280801
10,342,446.4793014526367,42.44209289550781,382.2535705566406,87.41975402832031,9.441929,10.0,-1,25.813622
337,342,1048.1906356811523,402.7101745605469,983.9649047851562,447.6878356933594,8.771229,28.0,-1,7.6555824
8,342,1354.8620834350586,351.6533203125,1290.6363525390625,396.6309814453125,7.8596325,8.0,-1,30.138367
9,342,1309.5215072631836,1060.4891357421875,1245.2957763671875,1105.466796875,7.4898257,14.0,-1,5.963688
6,342,414.3944625854492,263.7105407714844,350.1687316894531,308.6882019042969,6.2198086,12.0,-1,14.760127
12,342,1130.999412536621,795.3045654296875,1066.773681640625,840.2822265625,4.8435035,12.0,-1,11.14941
14,342,124.1728744506836,1004.9578857421875,59.9471435546875,1049.935546875,4.307984,16.0,-1,1.4027256
797,342,1106.1435775756836,232.71786499023438,1041.9178466796875,277.6955261230469,3.0108702,14.0,-1,8.464539
17,342,556.7245101928711,547.7261352539062,492.498779296875,592.7037963867188,2.0990763,10.0,-1,11.849694
946,342,1096.861228942871,239.43438720703125,1032.635498046875,284.41204833984375,1.8418379,14.0,-1,24.658699
626,342,1581.8625717163086,260.3900146484375,1517.6368408203125,305.36767578125,1.1557832,10.0,-1,6.846035
938,342,1106.444969177246,247.96395874023438,1042.21923828125,292.9416198730469,0.85055155,12.0,1,9.011497
4,343,1192.4584426879883,24.326148986816406,1127.923583984375,70.13397979736328,59.848507,8.0,1,29.249447
0,343,1342.1279983520508,913.0885925292969,1277.5931396484375,958.8964233398438,26.286795,10.0,1,11.97617
1,343,1347.9284133911133,215.40948486328125,1283.3935546875,261.2173156738281,23.04177,8.0,1,24.027586
2,343,1478.4143753051758,360.3401794433594,1413.8795166015625,406.14801025390625,20.631075,8.0,1,26.804485
811,343,1636.4848098754883,136.82662963867188,1571.949951171875,182.63446044921875,16.07114,10.0,-1,12.428341
3,343,969.6000442504883,436.18682861328125,905.065185546875,481.9946594238281,15.660111,14.0,-1,13.541238
945,343,1682.2186965942383,403.4021301269531,1617.683837890625,449.2099609375,15.34314,6.0,1,6.841631
9,343,1310.3108596801758,1064.0224914550781,1245.7760009765625,1109.830322265625,9.714262,14.0,-1,5.626464
337,343,1048.209114074707,401.1417236328125,983.6742553710938,446.9495544433594,9.383273,28.0,-1,9.2710285
10,343,446.46082305908203,41.28590393066406,381.92596435546875,87.09373474121094,8.53931,10.0,-1,26.904533
11,343,341.2869644165039,387.46246337890625,276.7521057128906,433.2702941894531,7.7934456,14.0,-1,9.4905615
8,343,1354.8114700317383,354.5126647949219,1290.276611328125,400.32049560546875,7.0160484,8.0,-1,29.826395
6,343,413.9247817993164,263.6187438964844,349.3899230957031,309.42657470703125,5.3375053,14.0,-1,13.772826
12,343,1130.6930618286133,794.7825622558594,1066.158203125,840.5903930664062,4.0263276,12.0,-1,10.587897
14,343,124.0728530883789,1005.5459289550781,59.537994384765625,1051.353759765625,3.4657078,16.0,-1,1.6916747
797,343,1106.4623489379883,232.13693237304688,1041.927490234375,277.94476318359375,2.289008,6.0,1,3.2925649
17,343,562.2763748168945,548.6943054199219,497.74151611328125,594.5021362304688,2.1964943,12.0,-1,9.565512
946,343,1093.8423538208008,239.54010009765625,1029.3074951171875,285.3479309082031,2.0882134,12.0,-1,23.988913
626,343,1576.7320022583008,260.4818115234375,1512.1971435546875,306.2896423339844,1.6303791,10.0,-1,5.9071403
938,343,1103.8299026489258,247.5667724609375,1039.2950439453125,293.3746032714844,1.076395,12.0,1,11.061031
1,344,1350.3518867492676,214.864990234375,1285.9212646484375,260.4242248535156,36.32723,8.0,1,24.833254
4,344,1192.53609085083,25.85095977783203,1128.10546875,71.41019439697266,33.59248,8.0,1,27.628967
0,344,1340.30855178833,912.9046325683594,1275.8779296875,958.4638671875,31.865784,10.0,1,12.472482
2,344,1480.03316116333,361.7877197265625,1415.6025390625,407.3469543457031,24.668352,8.0,1,26.74852
811,344,1636.701374053955,136.3817901611328,1572.270751953125,181.94102478027344,21.085987,10.0,-1,12.339679
337,344,1044.6496772766113,400.7525634765625,980.2190551757812,446.3117980957031,15.907845,28.0,-1,9.221892
3,344,969.6548652648926,436.04736328125,905.2242431640625,481.6065979003906,14.193381,14.0,-1,13.471296
945,344,1680.37886428833,403.74810791015625,1615.9482421875,449.3073425292969,9.797762,6.0,1,8.139307
11,344,340.6649055480957,386.85650634765625,276.2342834472656,432.4157409667969,9.220519,14.0,-1,9.6737385
8,344,1356.1660957336426,356.801513671875,1291.7354736328125,402.3607482910156,8.916365,8.0,-1,31.743568
10,344,443.6845588684082,41.98014831542969,379.2539367675781,87.53938293457031,8.425155,10.0,-1,26.325964
9,344,1310.41304397583,1064.1619567871094,1245.982421875,1109.72119140625,7.893236,14.0,-1,6.207353
12,344,1128.338092803955,796.4187316894531,1063.907470703125,841.9779663085938,5.3269963,12.0,-1,14.110627
14,344,124.01803207397461,1005.1112976074219,59.58740997314453,1050.6705322265625,4.51273,16.0,-1,1.9663097
6,344,411.8438606262207,264.3198547363281,347.4132385253906,309.87908935546875,4.4490886,14.0,-1,13.05431
797,344,1107.4126777648926,230.6973876953125,1042.9820556640625,276.2566223144531,1.6364876,6.0,1,5.65126
946,344,1096.0777168273926,240.37603759765625,1031.6470947265625,285.9352722167969,1.6172029,10.0,-1,22.045597
17,344,561.3750495910645,550.6597595214844,496.9444274902344,596.218994140625,1.6052155,10.0,-1,10.626052
938,344,1107.57564163208,246.93612670898438,1043.14501953125,292.495361328125,1.0684904,12.0,1,10.671932
626,344,1571.8860664367676,257.96990966796875,1507.4554443359375,303.5291442871094,0.67322487,28.0,-1,5.380943
4,345,1192.7620429992676,24.543540954589844,1128.2227783203125,69.9934310913086,36.50953,8.0,1,27.835016
1,345,1350.6775703430176,215.1494140625,1286.1383056640625,260.59930419921875,32.798946,8.0,1,22.78507
811,345,1636.6079902648926,138.28604125976562,1572.0687255859375,183.73593139648438,20.791508,10.0,-1,11.464346
2,345,1479.194538116455,362.9508972167969,1414.6552734375,408.4007873535156,19.114172,8.0,1,26.050423
0,345,1340.4856758117676,911.220703125,1275.9464111328125,956.6705932617188,18.213417,10.0,1,9.395081
945,345,1681.302936553955,403.46368408203125,1616.763671875,448.91357421875,12.718339,6.0,1,8.181893
337,345,1042.44282913208,405.07415771484375,977.903564453125,450.5240478515625,12.305133,28.0,-1,9.7628355
3,345,967.4046821594238,438.49072265625,902.8654174804688,483.94061279296875,12.0849695,14.0,-1,15.914297
11,345,338.6711616516113,384.2345275878906,274.13189697265625,429.6844177246094,9.318806,14.0,-1,9.469085
10,345,444.4372138977051,40.19136047363281,379.89794921875,85.64125061035156,9.223533,10.0,-1,26.118086
6,345,410.71086502075195,263.0516662597656,346.1716003417969,308.5015563964844,7.465222,14.0,-1,12.867572
8,345,1355.9180488586426,358.50311279296875,1291.3787841796875,403.9530029296875,7.0400677,8.0,-1,31.979107
9,345,1308.5950508117676,1065.1185913085938,1244.0557861328125,1110.5684814453125,6.706852,14.0,-1,7.236043
12,345,1128.4314765930176,797.2771606445312,1063.8922119140625,842.72705078125,4.8376713,12.0,-1,18.139107
14,345,125.56244277954102,1006.8788452148438,61.02317810058594,1052.3287353515625,2.9372244,18.0,-1,0.88541293
946,345,1097.9263496398926,238.99130249023438,1033.3870849609375,284.4411926269531,2.1966922,12.0,-1,25.038599
17,345,562.3452644348145,547.9522705078125,497.8059997558594,593.4021606445312,1.8383093,10.0,-1,10.862682
797,345,1104.712604522705,231.05221557617188,1040.17333984375,276.5021057128906,1.4864802,14.0,-1,5.556628
626,345,1570.21284866333,256.5105895996094,1505.673583984375,301.9604797363281,0.906159,12.0,-1,5.709037
938,345,1109.38130569458,244.91790771484375,1044.842041015625,290.3677978515625,0.75627714,10.0,1,13.3603945
4,346,1190.764575958252,23.79808807373047,1126.1693115234375,69.04070281982422,32.9045,8.0,1,26.92934
1,346,1351.2759284973145,217.05252075195312,1286.6806640625,262.2951354980469,29.710249,8.0,1,20.579634
0,346,1340.5063972473145,911.15234375,1275.9111328125,956.3949584960938,24.038004,10.0,1,8.462256
2,346,1480.288990020752,363.2212829589844,1415.6937255859375,408.4638977050781,21.095316,8.0,1,26.754303
945,346,1682.683032989502,404.7838134765625,1618.0877685546875,450.02642822265625,20.661177,6.0,1,7.305759
3,346,966.4485969543457,440.5744323730469,901.8533325195312,485.8170471191406,19.058163,14.0,-1,16.551657
811,346,1638.654224395752,138.1938934326172,1574.0589599609375,183.43650817871094,18.54296,10.0,-1,9.435164
337,346,1039.7886848449707,407.449951171875,975.1934204101562,452.69256591796875,10.175181,28.0,-1,9.57782
10,346,444.4372138977051,39.13343811035156,379.8419494628906,84.37605285644531,10.061802,10.0,-1,28.923359
11,346,340.7935371398926,382.09429931640625,276.1982727050781,427.3369140625,7.8997083,14.0,-1,8.060467
12,346,1131.022876739502,794.0099487304688,1066.4276123046875,839.2525634765625,6.757054,12.0,-1,12.097166
8,346,1358.7925300598145,357.5654602050781,1294.197265625,402.8080749511719,6.3828015,8.0,-1,32.554096
6,346,410.4648323059082,261.9979248046875,345.86956787109375,307.24053955078125,6.2076874,14.0,-1,12.698287
9,346,1304.5618171691895,1065.1185913085938,1239.966552734375,1110.3612060546875,5.37044,14.0,-1,9.804498
14,346,122.04307174682617,1007.1073608398438,57.44780731201172,1052.3499755859375,2.5243495,18.0,-1,3.0191662
946,346,1095.3547859191895,239.16790771484375,1030.759521484375,284.4105224609375,2.4964464,12.0,-1,30.82863
17,346,563.4734992980957,547.78564453125,498.87823486328125,593.0282592773438,1.8347497,10.0,-1,10.628781
626,346,1566.2139167785645,256.91473388671875,1501.61865234375,302.1573486328125,0.98431116,14.0,-1,4.4796987
938,346,1104.6414070129395,247.67108154296875,1040.046142578125,292.9136962890625,0.9152805,12.0,1,13.465144
4,347,1189.3245124816895,23.79808807373047,1123.8541259765625,69.2095718383789,38.79985,8.0,1,28.205606
1,347,1351.267505645752,217.01658630371094,1285.797119140625,262.4280700683594,27.712105,8.0,1,19.121054
2,347,1483.203540802002,363.6370086669922,1417.733154296875,409.0484924316406,23.656248,8.0,1,27.30983
0,347,1341.3818855285645,912.0801544189453,1275.9114990234375,957.4916381835938,20.411934,10.0,1,8.388235
811,347,1639.8755378723145,136.0826873779297,1574.4051513671875,181.49417114257812,14.989976,10.0,-1,10.48693
945,347,1683.885425567627,404.65281677246094,1618.4150390625,450.0643005371094,13.9675455,6.0,1,5.5090895
337,347,1040.060230255127,408.8907928466797,974.58984375,454.3022766113281,13.78547,28.0,-1,7.8713875
3,347,965.3570442199707,437.6781768798828,899.8866577148438,483.08966064453125,9.963544,14.0,-1,15.180631
10,347,442.97502517700195,37.099517822265625,377.504638671875,82.51100158691406,9.218661,10.0,-1,27.555422
11,347,341.0603218078613,379.84642028808594,275.5899353027344,425.2579040527344,9.156808,14.0,-1,7.204027
6,347,410.0989570617676,260.91539001464844,344.6285705566406,306.3268737792969,8.2273035,14.0,-1,11.389602
9,347,1301.1270027160645,1066.067153930664,1235.6566162109375,1111.4786376953125,5.651731,12.0,-1,15.026794
12,347,1132.617115020752,792.4950103759766,1067.146728515625,837.906494140625,5.3609786,12.0,-1,18.356426
8,347,1362.7366218566895,359.53575134277344,1297.2662353515625,404.9472351074219,5.139037,8.0,-1,33.499073
14,347,123.63256072998047,1008.2689361572266,58.162174224853516,1053.680419921875,4.374067,18.0,-1,1.5704725
797,347,1100.9795417785645,233.2833709716797,1035.5091552734375,278.6948547363281,3.3358366,18.0,-1,30.617046
946,347,1092.311695098877,239.99009704589844,1026.84130859375,285.4015808105469,3.2063353,24.0,-1,33.061077
17,347,561.2694892883301,548.6891021728516,495.7991027832031,594.1005859375,1.6711645,10.0,-1,10.2707205
938,347,1103.8301277160645,246.51124572753906,1038.3597412109375,291.9227294921875,1.5101304,12.0,1,14.634438
626,347,1566.2139167785645,260.75340270996094,1500.7435302734375,306.1648864746094,1.024189,12.0,-1,5.0307693
0,348,1340.2278480529785,913.1666717529297,1273.8681640625,957.4427490234375,32.319805,10.0,1,12.2554655
1,348,1350.209659576416,217.96571350097656,1283.8499755859375,262.2417907714844,31.89366,8.0,1,17.6851
4,348,1190.0078773498535,24.7601318359375,1123.648193359375,69.03620910644531,31.716621,8.0,1,28.508768
2,348,1484.1807289123535,365.40846252441406,1417.821044921875,409.6845397949219,23.449532,8.0,1,27.223394
3,348,964.2429847717285,437.8798370361328,897.88330078125,482.1559143066406,18.447035,14.0,-1,16.174152
337,348,1040.3067665100098,408.6891326904297,973.9470825195312,452.9652099609375,14.965672,28.0,-1,10.416714
811,348,1641.3408851623535,135.4810028076172,1574.981201171875,179.757080078125,13.968987,10.0,-1,10.664658
945,348,1686.321231842041,407.81431579589844,1619.9615478515625,452.09039306640625,11.970654,6.0,1,8.836025
6,348,409.85242080688477,259.83668518066406,343.49273681640625,304.1127624511719,9.1513605,14.0,-1,9.998613
10,348,443.4137306213379,38.13823699951172,377.0540466308594,82.41431427001953,8.994958,10.0,-1,28.310204
9,348,1299.959659576416,1068.0142059326172,1233.5999755859375,1112.290283203125,8.282186,10.0,-1,17.417463
8,348,1363.8906898498535,359.2810516357422,1297.531005859375,403.55712890625,7.7988114,8.0,-1,35.87183
11,348,340.54602432250977,379.07142639160156,274.18634033203125,423.3475036621094,7.211979,14.0,-1,8.203587
12,348,1135.215274810791,791.6155853271484,1068.8555908203125,835.8916625976562,7.134878,12.0,-1,17.045048
14,348,126.146240234375,1012.0067596435547,59.786556243896484,1056.2828369140625,4.9506493,18.0,-1,1.288161
797,348,1100.390567779541,232.32652282714844,1034.0308837890625,276.60260009765625,4.4574533,18.0,-1,36.17729
946,348,1092.8779945373535,237.7696990966797,1026.518310546875,282.0457763671875,4.2393646,22.0,-1,33.28816
17,348,558.3053321838379,551.2371063232422,491.9456481933594,595.51318359375,1.97198,10.0,-1,9.823006
938,348,1103.2105140686035,245.3845977783203,1036.850830078125,289.6606750488281,1.8833126,12.0,1,13.656668
626,348,1564.641788482666,255.8103790283203,1498.2821044921875,300.0864562988281,1.3581592,14.0,-1,5.2381234
1,349,1351.0584144592285,218.04856872558594,1284.787109375,262.250244140625,27.607285,8.0,1,18.71055
4,349,1191.589054107666,24.7601318359375,1125.3177490234375,68.96180725097656,27.386953,8.0,1,27.840311
0,349,1340.510684967041,912.7160491943359,1274.2393798828125,956.917724609375,22.550972,10.0,1,12.0805855
811,349,1642.2507972717285,135.86656188964844,1575.9794921875,180.0682373046875,21.175318,10.0,-1,11.407748
2,349,1482.641056060791,363.84141540527344,1416.3697509765625,408.0430908203125,20.094957,8.0,1,26.931696
3,349,964.909854888916,436.0146026611328,898.6385498046875,480.2162780761719,20.040657,16.0,-1,17.263384
6,349,408.10046768188477,256.8813018798828,341.82916259765625,301.0829772949219,12.598565,16.0,-1,9.434887
945,349,1686.321231842041,408.52891540527344,1620.0499267578125,452.7305908203125,11.386033,6.0,1,6.880282
337,349,1039.6341590881348,410.41188049316406,973.3628540039062,454.6135559082031,8.889267,28.0,-1,8.973031
11,349,340.308292388916,378.60304260253906,274.0369873046875,422.8047180175781,8.447019,14.0,-1,8.638133
12,349,1136.1152992248535,791.9598236083984,1069.843994140625,836.1614990234375,7.7227855,12.0,-1,15.492321
9,349,1300.5288734436035,1068.4319915771484,1234.257568359375,1112.6336669921875,7.5487285,10.0,-1,18.842873
10,349,443.512149810791,37.717323303222656,377.2408447265625,81.91899871826172,7.421713,10.0,-1,27.95513
8,349,1362.4878578186035,360.0864715576172,1296.216552734375,404.28814697265625,6.650603,8.0,-1,36.472603
797,349,1098.3242835998535,231.3595428466797,1032.052978515625,275.56121826171875,5.642223,16.0,-1,48.65774
14,349,124.58047103881836,1014.0773773193359,58.309165954589844,1058.279052734375,2.9566405,16.0,-1,1.3411009
938,349,1102.0098304748535,243.7892608642578,1035.738525390625,287.9909362792969,1.836938,12.0,1,14.022651
17,349,556.4724159240723,550.2259368896484,490.20111083984375,594.4276123046875,1.302703,10.0,-1,13.280099
626,349,1564.9583168029785,256.2648468017578,1498.68701171875,300.4665222167969,0.5765423,16.0,-1,5.081499
4,350,1190.2405433654785,23.41681671142578,1123.330322265625,67.9657211303711,31.789816,8.0,1,28.148539
0,350,1341.0720863342285,912.7160491943359,1274.161865234375,957.2649536132812,28.010828,10.0,1,9.703574
1,350,1351.4873695373535,218.00794982910156,1284.5771484375,262.5568542480469,27.499039,8.0,1,21.327238
2,350,1484.435977935791,363.8327178955078,1417.5257568359375,408.3816223144531,20.992384,8.0,1,26.908855
3,350,964.909854888916,436.27549743652344,897.9996337890625,480.82440185546875,15.694047,16.0,-1,22.093565
945,350,1685.289493560791,411.18678283691406,1618.3792724609375,455.7356872558594,13.25246,6.0,1,8.141492
6,350,407.30249404907227,256.6818084716797,340.39227294921875,301.230712890625,12.346971,16.0,-1,9.585585
811,350,1644.367374420166,137.31903076171875,1577.4571533203125,181.86793518066406,10.930214,10.0,-1,8.13926
337,350,1040.9854164123535,413.0121612548828,974.0751953125,457.5610656738281,7.8201294,28.0,-1,8.608379
11,350,339.13110733032227,376.0714569091797,272.22088623046875,420.620361328125,7.620489,14.0,-1,6.097728
10,350,442.8186683654785,38.53813171386719,375.908447265625,83.0870361328125,7.568211,10.0,-1,25.462374
9,350,1300.662540435791,1070.6652069091797,1233.7523193359375,1115.214111328125,7.5016856,10.0,-1,19.632463
8,350,1361.147403717041,360.5556182861328,1294.2371826171875,405.1045227050781,6.212183,8.0,-1,35.34411
12,350,1135.965030670166,792.3152313232422,1069.0548095703125,836.8641357421875,5.339279,12.0,-1,10.978387
797,350,1100.2215003967285,230.9328155517578,1033.311279296875,275.4817199707031,4.8414226,18.0,-1,40.858715
946,350,1092.7002601623535,236.58070373535156,1025.7900390625,281.1296081542969,3.1468258,22.0,-1,35.859173
14,350,121.33828735351562,1014.9851531982422,54.42806625366211,1059.5340576171875,2.2304363,16.0,-1,2.2045991
17,350,554.1137733459473,549.9819793701172,487.20355224609375,594.5308837890625,1.7416835,10.0,-1,9.927585
938,350,1103.501651763916,243.1164093017578,1036.5914306640625,287.6653137207031,1.5835748,12.0,1,14.719822
626,350,1566.160587310791,255.71971130371094,1499.2503662109375,300.26861572265625,1.2031263,10.0,-1,4.274693
4,351,1189.0877723693848,20.934646606445312,1122.039794921875,65.61624145507812,36.506763,8.0,1,28.570877
0,351,1341.6424598693848,912.9512176513672,1274.594482421875,957.6328125,25.725573,10.0,1,12.081265
811,351,1646.9478797912598,137.19732666015625,1579.89990234375,181.87892150878906,24.648407,10.0,-1,10.746367
1,351,1352.2404823303223,217.77699279785156,1285.1925048828125,262.4585876464844,21.13221,8.0,1,22.61539
945,351,1683.0918006896973,411.18678283691406,1616.0438232421875,455.8683776855469,18.689886,6.0,1,6.3339677
6,351,407.28479385375977,257.03688049316406,340.23681640625,301.7184753417969,17.321535,16.0,-1,9.951707
2,351,1484.1242713928223,363.3245086669922,1417.0762939453125,408.006103515625,16.683609,8.0,1,26.50556
3,351,965.1783485412598,435.1083221435547,898.13037109375,479.7899169921875,14.657444,16.0,-1,20.210022
337,351,1039.4227333068848,415.11183166503906,972.374755859375,459.7934265136719,11.589627,28.0,-1,9.043051
10,351,443.08752822875977,41.51995849609375,376.03955078125,86.20155334472656,8.584523,10.0,-1,25.799929
8,351,1361.4759559631348,361.2530975341797,1294.427978515625,405.9346923828125,6.693979,8.0,-1,36.627686
9,351,1297.6162147521973,1069.5779266357422,1230.5682373046875,1114.259521484375,6.4218907,10.0,-1,21.743248
11,351,339.13110733032227,375.29945373535156,272.0831298828125,419.9810485839844,6.0585427,14.0,-1,7.626557
12,351,1138.0739784240723,792.9945526123047,1071.0260009765625,837.6761474609375,4.2231503,12.0,-1,16.797121
797,351,1099.5809364318848,232.01698303222656,1032.532958984375,276.6985778808594,3.3154097,16.0,-1,30.75136
14,351,118.74003219604492,1016.0524139404297,51.692054748535156,1060.7340087890625,2.7198489,16.0,-1,1.3168631
17,351,553.5818824768066,546.6661834716797,486.5339050292969,591.3477783203125,1.2435491,12.0,-1,8.125125
938,351,1104.1934852600098,243.2323455810547,1037.1455078125,287.9139404296875,1.1558983,12.0,1,14.398717
626,351,1569.1224403381348,255.28684997558594,1502.074462890625,299.96844482421875,0.55973655,24.0,-1,4.7868247
4,352,1191.0527687072754,19.9166259765625,1124.1558837890625,64.46910095214844,40.211346,8.0,1,28.113186
0,352,1343.0124855041504,915.1927642822266,1276.1156005859375,959.7452392578125,32.34977,10.0,1,11.524416
1,352,1354.7847023010254,217.77699279785156,1287.8878173828125,262.3294677734375,20.377026,8.0,1,25.233948
2,352,1484.5202980041504,363.97694396972656,1417.6234130859375,408.5294189453125,17.187725,8.0,1,27.197418
6,352,408.98178482055664,259.45115661621094,342.08489990234375,304.0036315917969,17.05906,16.0,-1,7.265679
945,352,1682.799716949463,411.4818878173828,1615.90283203125,456.03436279296875,16.643251,6.0,1,10.361622
3,352,964.2151832580566,433.68544006347656,897.3182983398438,478.2379150390625,14.985893,16.0,-1,20.895174
337,352,1036.516757965088,416.0856475830078,969.619873046875,460.63812255859375,11.818886,28.0,-1,7.8346233
811,352,1647.3552589416504,139.0331573486328,1580.4583740234375,183.58563232421875,10.296092,10.0,-1,8.677618
11,352,339.13110733032227,376.8525848388672,272.2342224121094,421.4050598144531,8.797134,14.0,-1,8.863813
10,352,440.96725845336914,43.55463409423828,374.07037353515625,88.10710906982422,5.797938,10.0,-1,23.36464
9,352,1293.810214996338,1068.3819732666016,1226.913330078125,1112.9344482421875,4.8524156,10.0,-1,18.988432
8,352,1360.3506202697754,361.14781188964844,1293.4537353515625,405.7002868652344,4.636039,8.0,-1,30.040321
12,352,1136.7424659729004,792.0513458251953,1069.8455810546875,836.6038208007812,4.590675,14.0,-1,16.630053
797,352,1101.030918121338,229.28297424316406,1034.134033203125,273.83544921875,3.6597512,14.0,-1,37.34556
14,352,118.98411178588867,1015.5810699462891,52.08722686767578,1060.133544921875,3.270235,16.0,-1,1.1200551
938,352,1103.317539215088,241.80552673339844,1036.420654296875,286.3580017089844,1.5716738,12.0,1,13.604785
17,352,551.5463600158691,544.4402008056641,484.64947509765625,588.99267578125,1.1361686,14.0,-1,6.7931404
626,352,1573.0222511291504,259.7422637939453,1506.1253662109375,304.29473876953125,0.48576745,14.0,-1,3.7254262
0,353,1343.7273902893066,914.6740570068359,1276.146484375,960.0865478515625,32.03959,10.0,1,12.689532
4,353,1190.8141822814941,17.081180572509766,1123.2332763671875,62.49367141723633,27.07647,8.0,1,28.7512
811,353,1649.5595436096191,140.90814208984375,1581.9786376953125,186.3206329345703,20.444933,10.0,-1,12.843309
1,353,1354.9632301330566,217.6577606201172,1287.38232421875,263.07025146484375,18.19878,8.0,1,21.847696
3,353,962.9087257385254,435.2832794189453,895.3278198242188,480.6957702636719,15.459577,16.0,-1,21.440159
2,353,1485.0378150939941,363.7254180908203,1417.4569091796875,409.1379089355469,13.381748,8.0,1,25.720041
945,353,1683.6684303283691,413.4972686767578,1616.0875244140625,458.9097595214844,11.0046835,6.0,1,7.1764617
6,353,407.942081451416,257.41358947753906,340.3611755371094,302.8260803222656,10.020627,16.0,-1,9.833585
337,353,1033.8931617736816,416.8273468017578,966.312255859375,462.2398376464844,9.981452,28.0,-1,9.495562
8,353,1357.4623756408691,357.85362243652344,1289.8814697265625,403.26611328125,8.349365,8.0,-1,32.34589
9,353,1291.2029762268066,1066.374008178711,1223.6220703125,1111.7864990234375,8.0528145,10.0,-1,19.569067
11,353,339.71884536743164,375.5778045654297,272.137939453125,420.99029541015625,7.4558454,14.0,-1,7.7995214
10,353,441.98947525024414,44.737098693847656,374.4085693359375,90.14958953857422,5.504419,10.0,-1,23.181328
12,353,1135.6779518127441,793.4899139404297,1068.0970458984375,838.9024047851562,3.7956192,14.0,-1,14.542586
14,353,118.443359375,1015.7003021240234,50.86245346069336,1061.11279296875,3.1773398,16.0,-1,1.468849
946,353,1094.3061256408691,237.31468200683594,1026.7252197265625,282.7271728515625,2.6789744,12.0,-1,32.79058
17,353,553.323673248291,545.9089813232422,485.7427673339844,591.3214721679688,1.8096,14.0,-1,6.197066
938,353,1104.7670631408691,244.24851989746094,1037.1861572265625,289.6610107421875,1.052741,12.0,1,14.208563
626,353,1572.8437232971191,258.0164031982422,1505.2628173828125,303.42889404296875,0.39332128,14.0,-1,3.8660884
4,354,1189.7194557189941,15.023223876953125,1121.9468994140625,60.83927917480469,29.266485,8.0,1,29.04697
0,354,1344.2945289611816,916.0247650146484,1276.52197265625,961.8408203125,27.071379,10.0,1,11.2677355
3,354,964.5583839416504,433.9664764404297,896.7858276367188,479.78253173828125,17.897947,16.0,-1,19.643293
945,354,1683.6684303283691,412.7770538330078,1615.8958740234375,458.5931091308594,16.5396,6.0,1,7.777718
2,354,1483.7162818908691,365.2339630126953,1415.9437255859375,411.0500183105469,16.506784,8.0,1,25.1758
1,354,1355.0264625549316,218.10960388183594,1287.25390625,263.9256591796875,14.991513,8.0,1,20.587072
811,354,1652.8836402893066,141.97726440429688,1585.111083984375,187.79331970214844,12.781261,10.0,-1,11.451328
6,354,405.5021095275879,255.95899963378906,337.72955322265625,301.7750549316406,12.555499,16.0,-1,9.042225
337,354,1031.9582252502441,417.61610412597656,964.1856689453125,463.4321594238281,11.185666,28.0,-1,10.5479555
8,354,1357.3073463439941,356.0409393310547,1289.5347900390625,401.85699462890625,9.843909,8.0,-1,34.864544
11,354,339.9400978088379,375.5778045654297,272.16754150390625,421.39385986328125,9.361909,14.0,-1,7.558181
10,354,447.1825294494629,42.8021240234375,379.40997314453125,88.61817932128906,8.252465,10.0,-1,22.133106
9,354,1291.6919898986816,1065.6351165771484,1223.91943359375,1111.451171875,7.210263,10.0,-1,20.50201
12,354,1138.2476539611816,798.9156951904297,1070.47509765625,844.7317504882812,4.460738,12.0,-1,19.275618
14,354,116.94707107543945,1014.5490570068359,49.17451477050781,1060.3651123046875,3.370534,16.0,-1,1.247178
946,354,1093.2525367736816,237.47422790527344,1025.47998046875,283.290283203125,1.8661389,14.0,-1,31.982254
797,354,1101.8652076721191,230.18006896972656,1034.0926513671875,275.9961242675781,1.7972764,14.0,-1,22.60542
938,354,1105.5380592346191,245.53761291503906,1037.7655029296875,291.3536682128906,1.0682755,14.0,1,12.853
17,354,551.1508827209473,544.9133758544922,483.3783264160156,590.7294311523438,1.059611,18.0,-1,6.122283
626,354,1570.5451393127441,263.47178649902344,1502.7725830078125,309.287841796875,0.41003823,18.0,-1,2.782521
4,355,1189.7859230041504,14.055477142333984,1122.27685546875,60.135677337646484,42.908142,8.0,1,29.1465
0,355,1343.4621925354004,915.9398193359375,1275.953125,962.02001953125,28.926043,10.0,1,9.670282
1,355,1356.2995948791504,216.50961303710938,1288.79052734375,262.5898132324219,23.055595,8.0,1,20.104956
337,355,1030.9272804260254,420.35479736328125,963.418212890625,466.43499755859375,20.651798,28.0,-1,9.572233
811,355,1655.509922027588,140.4709930419922,1588.0008544921875,186.5511932373047,16.8083,10.0,-1,12.003667
945,355,1683.1518898010254,413.3363342285156,1615.642822265625,459.4165344238281,16.18165,6.0,1,8.061553
2,355,1484.676670074463,366.75616455078125,1417.1676025390625,412.83636474609375,14.469184,8.0,1,25.021687
6,355,404.62289810180664,256.0009765625,337.11383056640625,302.0811767578125,14.185336,16.0,-1,9.687046
3,355,965.8381080627441,434.02642822265625,898.3290405273438,480.10662841796875,13.619206,16.0,-1,22.668545
8,355,1357.240879058838,356.10888671875,1289.7318115234375,402.1890869140625,10.683667,8.0,-1,33.970875
10,355,448.8460121154785,41.41204071044922,381.3369445800781,87.49224090576172,10.197998,10.0,-1,24.915495
11,355,339.63293838500977,376.8229675292969,272.1238708496094,422.9031677246094,9.272813,14.0,-1,8.535006
9,355,1292.6372413635254,1066.682861328125,1225.128173828125,1112.7630615234375,6.497316,10.0,-1,22.827272
14,355,114.533447265625,1014.507080078125,47.02437973022461,1060.5872802734375,5.330814,16.0,-1,2.0576122
12,355,1139.9553565979004,800.671875,1072.4462890625,846.7520751953125,4.919101,12.0,-1,17.431757
17,355,547.4193458557129,542.544677734375,479.9102783203125,588.6248779296875,2.053779,14.0,-1,6.6422787
797,355,1102.6431007385254,229.3172607421875,1035.134033203125,275.3974609375,1.895861,14.0,-1,19.619953
946,355,1094.3476905822754,236.3515625,1026.838623046875,282.4317626953125,1.8493735,14.0,-1,31.747019
938,355,1103.182529449463,243.28945922851562,1035.6734619140625,289.3696594238281,1.1691397,10.0,1,15.184265
626,355,1569.829502105713,266.4089050292969,1502.3204345703125,312.4891052246094,0.24534732,18.0,-1,2.8080406
4,356,1191.6534156799316,12.918575286865234,1123.8558349609375,59.496212005615234,35.6811,8.0,1,29.03231
0,356,1343.4916725158691,914.0938110351562,1275.694091796875,960.6714477539062,28.939787,10.0,1,6.618468
1,356,1357.7315406799316,215.66873168945312,1289.9339599609375,262.2463684082031,20.625555,8.0,1,15.451498
3,356,966.1504859924316,434.3657531738281,898.3529052734375,480.9433898925781,18.944613,16.0,-1,21.90461
2,356,1485.6180152893066,367.08367919921875,1417.8204345703125,413.66131591796875,15.923145,8.0,1,26.165096
811,356,1655.4804420471191,137.63502502441406,1587.682861328125,184.21266174316406,14.292264,10.0,-1,13.618322
6,356,403.4398536682129,255.33648681640625,335.64227294921875,301.91412353515625,12.932594,16.0,-1,7.236496
945,356,1684.0557594299316,414.3177185058594,1616.2581787109375,460.8953552246094,11.572548,6.0,1,9.386461
9,356,1291.9468727111816,1069.576904296875,1224.1492919921875,1116.154541015625,10.963656,10.0,-1,22.289696
8,356,1353.7417945861816,356.7794189453125,1285.9442138671875,403.3570556640625,9.3222275,8.0,-1,34.731827
12,356,1141.9789772033691,803.2047119140625,1074.181396484375,849.7823486328125,8.372884,12.0,-1,18.415335
337,356,1028.912509918213,421.5838317871094,961.1149291992188,468.1614685058594,8.069806,28.0,-1,8.245067
11,356,338.06821060180664,378.81292724609375,270.2706298828125,425.39056396484375,7.917669,14.0,-1,10.029379
10,356,447.2383460998535,43.02001190185547,379.4407653808594,89.59764862060547,7.8358283,10.0,-1,25.040619
797,356,1103.5701637268066,228.98974609375,1035.7725830078125,275.5673828125,2.3477395,14.0,-1,29.866182
14,356,113.47648620605469,1010.9439697265625,45.67890548706055,1057.5216064453125,2.0209324,16.0,-1,2.2536428
946,356,1094.3776588439941,235.40975952148438,1026.580078125,281.9873962402344,1.8227149,14.0,-1,38.067497
938,356,1103.1186256408691,242.95004272460938,1035.321044921875,289.5276794433594,1.3396136,12.0,1,15.769437
17,356,548.4502906799316,535.9566040039062,480.6527099609375,582.5342407226562,1.2823113,10.0,-1,10.311624
626,356,1568.4842262268066,268.9043884277344,1500.6866455078125,315.4820251464844,0.3303165,14.0,-1,2.7274206
0,357,1344.0945167541504,914.0925903320312,1275.890869140625,960.671142578125,28.195597,10.0,1,6.3362164
4,357,1191.7939796447754,12.407745361328125,1123.59033203125,58.986297607421875,24.456003,8.0,1,28.986326
1,357,1356.0342140197754,214.35943603515625,1287.83056640625,260.93798828125,23.258728,8.0,1,17.418571
811,357,1656.2602882385254,139.0506134033203,1588.056640625,185.62916564941406,18.926994,10.0,-1,13.570529
2,357,1486.4993019104004,367.40863037109375,1418.295654296875,413.9871826171875,15.782067,8.0,1,25.996962
3,357,966.4806861877441,435.0328063964844,898.2770385742188,481.6113586425781,14.86093,18.0,-1,22.949234
8,357,1356.232334136963,357.1477966308594,1288.0286865234375,403.7263488769531,14.436408,8.0,-1,34.419384
6,357,403.788761138916,255.33770751953125,335.5851135253906,301.916259765625,14.312926,16.0,-1,7.608256
12,357,1142.329746246338,805.3638305664062,1074.1260986328125,851.9423828125,12.468244,12.0,-1,15.572671
9,357,1291.806308746338,1071.3803100585938,1223.6026611328125,1117.9588623046875,8.725765,10.0,-1,25.112503
10,357,446.316349029541,42.85478210449219,378.1127014160156,89.43333435058594,8.690749,10.0,-1,25.970821
337,357,1028.7122535705566,419.6849060058594,960.5086059570312,466.2634582519531,7.7946663,28.0,-1,9.278957
11,357,339.95386123657227,378.90557861328125,271.7502136230469,425.484130859375,7.3662496,14.0,-1,9.871971
945,357,1684.7004737854004,412.0963134765625,1616.496826171875,458.67486572265625,6.9829993,6.0,1,10.811996
797,357,1102.2200050354004,226.81576538085938,1034.016357421875,273.3943176269531,2.923795,14.0,-1,40.7718
17,357,546.0979042053223,537.4022216796875,477.8942565917969,583.9807739257812,2.870267,10.0,-1,11.046099
946,357,1093.473300933838,234.54638671875,1025.2696533203125,281.12493896484375,2.0205233,22.0,-1,41.436634
14,357,109.63893508911133,1011.9777221679688,41.43528747558594,1058.5562744140625,1.8567653,16.0,-1,3.0447364
938,357,1102.392002105713,240.85345458984375,1034.1883544921875,287.4320068359375,1.131048,12.0,1,15.96479
626,357,1563.866123199463,267.9430236816406,1495.6624755859375,314.5215759277344,0.37307346,24.0,-1,2.4891815
4,358,1191.1749000549316,10.995349884033203,1122.0302734375,58.2090950012207,52.815044,8.0,1,28.31944
1,358,1356.1283912658691,214.64776611328125,1286.9837646484375,261.86151123046875,23.485075,8.0,1,18.377638
0,358,1345.2746315002441,912.8377075195312,1276.1300048828125,960.0514526367188,21.796583,10.0,1,4.412318
811,358,1655.3433570861816,136.82872009277344,1586.19873046875,184.04246520996094,20.144728,10.0,-1,12.952434
945,358,1685.2143287658691,408.7611389160156,1616.0697021484375,455.9748840332031,18.39747,6.0,1,8.968888
3,358,965.1665992736816,435.23870849609375,896.02197265625,482.45245361328125,16.652544,18.0,-1,22.91369
2,358,1488.0175514221191,367.4742736816406,1418.8729248046875,414.6880187988281,14.264636,8.0,1,24.328552
6,358,403.3251075744629,253.517333984375,334.18048095703125,300.7310791015625,12.223858,16.0,-1,8.755604
11,358,340.86655044555664,378.8399353027344,271.721923828125,426.0536804199219,12.116126,14.0,-1,10.378212
9,358,1288.9075660705566,1072.7977294921875,1219.762939453125,1120.011474609375,10.831116,10.0,-1,21.21773
8,358,1356.9601783752441,357.287109375,1287.8155517578125,404.5008544921875,9.731704,8.0,-1,36.139744
337,358,1029.4632301330566,421.00103759765625,960.318603515625,468.21478271484375,9.513877,28.0,-1,8.09343
10,358,449.9097023010254,42.41844940185547,380.76507568359375,89.63219451904297,8.369571,10.0,-1,25.984064
12,358,1143.5601539611816,803.8466186523438,1074.41552734375,851.0603637695312,5.925239,12.0,-1,21.640635
797,358,1102.1258277893066,226.60833740234375,1032.981201171875,273.82208251953125,4.2361856,14.0,-1,43.043186
14,358,105.13248443603516,1013.7789306640625,35.987857818603516,1060.99267578125,2.9220428,14.0,-1,4.9018583
946,358,1093.0202369689941,233.30035400390625,1023.8756103515625,280.51409912109375,2.6649435,24.0,-1,42.850845
17,358,543.541690826416,537.9134521484375,474.3970642089844,585.127197265625,1.358965,10.0,-1,11.944374
938,358,1101.0998268127441,241.6865234375,1031.9552001953125,288.9002685546875,1.0107349,14.0,1,14.583402
626,358,1567.6756324768066,270.5859069824219,1498.531005859375,317.7996520996094,0.80810016,8.0,1,1.0505323
0,359,1347.2483863830566,910.8311767578125,1277.882568359375,958.2974243164062,30.532969,10.0,1,6.335425
1,359,1358.0187721252441,214.71707153320312,1288.6529541015625,262.1833190917969,25.036867,8.0,1,18.72804
4,359,1191.8428688049316,12.910701751708984,1122.47705078125,60.376949310302734,24.457186,8.0,1,27.588007
811,359,1655.2404518127441,136.4717559814453,1585.8746337890625,183.93800354003906,18.914808,10.0,-1,12.445655
3,359,965.7959938049316,436.13128662109375,896.43017578125,483.5975341796875,15.13873,16.0,-1,23.97544
2,359,1486.5905494689941,366.7376403808594,1417.2247314453125,414.2038879394531,12.50653,8.0,1,23.895935
9,359,1289.2973365783691,1074.4702758789062,1219.9315185546875,1121.9365234375,11.764419,10.0,-1,20.427801
6,359,403.3251075744629,253.53683471679688,333.95928955078125,301.0030822753906,11.714803,16.0,-1,9.653854
10,359,451.46200942993164,41.66142272949219,382.09619140625,89.12767028808594,11.56731,10.0,-1,27.086224
337,359,1026.615634918213,420.7350158691406,957.2498168945312,468.2012634277344,11.1405115,28.0,-1,12.836114
8,359,1357.0199928283691,358.2815856933594,1287.6541748046875,405.7478332519531,10.745899,8.0,-1,35.308464
945,359,1684.0613746643066,406.6838684082031,1614.695556640625,454.1501159667969,10.157732,6.0,1,9.016832
11,359,343.35205459594727,378.85113525390625,273.9862365722656,426.3173828125,9.82125,14.0,-1,9.164587
12,359,1143.5965309143066,802.7290649414062,1074.230712890625,850.1953125,3.6477852,12.0,-1,18.774755
797,359,1099.6009254455566,226.60833740234375,1030.235107421875,274.0745849609375,3.6203966,14.0,-1,44.03468
14,359,104.90211486816406,1013.0012817382812,35.53629684448242,1060.467529296875,3.4945543,14.0,-1,3.643771
17,359,538.9729042053223,538.5111083984375,469.6070861816406,585.9773559570312,2.3178546,10.0,-1,15.4234085
946,359,1088.9769020080566,230.91213989257812,1019.611083984375,278.3783874511719,2.036528,24.0,-1,40.889984
626,359,1565.1116676330566,272.1395568847656,1495.745849609375,319.6058044433594,0.49538517,8.0,1,1.3731651
4,360,1192.8489112854004,13.044792175292969,1123.5330810546875,60.621665954589844,27.690634,8.0,1,27.656685
1,360,1358.0998878479004,214.69338989257812,1288.7840576171875,262.270263671875,26.020426,8.0,1,19.871292
945,360,1685.205722808838,404.2862243652344,1615.889892578125,451.86309814453125,25.273682,6.0,1,7.3361034
0,360,1347.432773590088,911.8625183105469,1278.116943359375,959.4393920898438,19.156033,10.0,1,7.7001343
3,360,965.7959938049316,434.5594482421875,896.4801635742188,482.1363220214844,17.767492,16.0,-1,22.387821
811,360,1653.486484527588,137.78370666503906,1584.170654296875,185.36058044433594,17.763548,10.0,-1,11.30227
337,360,1025.7590065002441,420.89093017578125,956.4431762695312,468.4678039550781,15.63937,28.0,-1,10.747805
2,360,1485.567050933838,365.8361511230469,1416.251220703125,413.41302490234375,14.829732,8.0,1,22.166227
10,360,453.7538185119629,39.97808074951172,384.43798828125,87.5549545288086,12.578342,10.0,-1,27.107958
8,360,1357.307529449463,358.5199890136719,1287.99169921875,406.09686279296875,10.23257,8.0,-1,32.988873
6,360,401.3974952697754,254.77749633789062,332.0816650390625,302.3543701171875,9.605246,14.0,-1,11.011646
11,360,344.9356117248535,378.444580078125,275.6197814941406,426.0214538574219,7.251522,14.0,-1,9.297802
9,360,1291.479648590088,1075.7322082519531,1222.163818359375,1123.30908203125,7.0483527,10.0,-1,17.71493
14,360,104.17366027832031,1012.6150207519531,34.85783004760742,1060.19189453125,4.833214,14.0,-1,4.396166
12,360,1143.1360206604004,801.7448425292969,1073.8201904296875,849.3217163085938,4.4766297,12.0,-1,18.505669
797,360,1098.1335792541504,225.78765869140625,1028.8177490234375,273.3645324707031,3.0470846,14.0,-1,40.674736
946,360,1086.639316558838,230.91213989257812,1017.323486328125,278.489013671875,2.0019622,24.0,-1,39.41371
17,360,539.1968116760254,539.1206970214844,469.8809814453125,586.6975708007812,1.9291013,10.0,-1,15.103464
938,360,1095.074619293213,239.42340087890625,1025.7587890625,287.0002746582031,1.3686322,12.0,1,14.91791
626,360,1562.8691749572754,273.4269104003906,1493.5533447265625,321.0037841796875,0.2335533,18.0,-1,0.14169496
4,361,1191.3807411193848,14.696128845214844,1122.134033203125,62.30113983154297,41.47977,8.0,1,27.341368
1,361,1355.8543739318848,216.3634033203125,1286.607666015625,263.9684143066406,25.087357,8.0,1,20.440672
0,361,1348.9147987365723,911.9718933105469,1279.6680908203125,959.576904296875,24.211418,10.0,1,10.473072
811,361,1655.1580848693848,135.81857299804688,1585.911376953125,183.423583984375,22.39747,10.0,-1,12.144986
945,361,1687.2983436584473,402.4747009277344,1618.0516357421875,450.0797119140625,16.046469,6.0,1,6.632878
337,361,1022.797306060791,417.90850830078125,953.5505981445312,465.5135192871094,13.161671,28.0,-1,12.964782
10,361,453.274356842041,40.33622741699219,384.02764892578125,87.94123840332031,12.948975,10.0,-1,28.77636
3,361,966.9958534240723,434.58319091796875,897.7491455078125,482.1882019042969,12.796566,16.0,-1,24.515055
2,361,1487.7264442443848,365.34918212890625,1418.479736328125,412.9541931152344,11.703776,8.0,1,22.976194
6,361,399.2927894592285,256.21575927734375,330.04608154296875,303.8207702636719,11.143806,14.0,-1,10.900789
9,361,1293.3414344787598,1076.0887145996094,1224.0947265625,1123.6937255859375,9.111049,10.0,-1,22.951069
8,361,1357.6411170959473,359.8339538574219,1288.3944091796875,407.43896484375,7.897032,8.0,-1,30.008175
11,361,343.55905532836914,378.42083740234375,274.3123474121094,426.0258483886719,7.6436386,14.0,-1,10.824975
14,361,102.82003402709961,1012.7317810058594,33.573326110839844,1060.3367919921875,3.8404047,14.0,-1,5.242897
12,361,1141.2352333068848,801.9421691894531,1071.988525390625,849.5471801757812,3.815458,12.0,-1,21.867859
17,361,539.422061920166,538.9338073730469,470.17535400390625,586.538818359375,3.3412964,8.0,-1,19.009943
797,361,1099.7651405334473,225.65789794921875,1030.5184326171875,273.2629089355469,3.0138419,14.0,-1,37.82141
946,361,1086.4140663146973,230.20828247070312,1017.1673583984375,277.81329345703125,2.4930277,24.0,-1,36.165005
938,361,1096.1702919006348,238.3265380859375,1026.923583984375,285.9315490722656,1.337845,12.0,1,14.107357
626,361,1556.7044715881348,271.8997802734375,1487.457763671875,319.5047912597656,0.5407283,8.0,1,0.8036448
1,362,1355.6135292053223,215.6296844482422,1286.07958984375,263.1895446777344,28.994133,8.0,1,23.236834
0,362,1349.6020545959473,912.0196685791016,1280.068115234375,959.5795288085938,25.239183,10.0,1,14.014056
4,362,1191.6593055725098,15.544078826904297,1122.1253662109375,63.103939056396484,24.264017,8.0,1,25.893904
945,362,1687.6296424865723,402.4269256591797,1618.095703125,449.9867858886719,21.399446,6.0,1,6.7601533
3,362,965.4397621154785,435.13145446777344,895.9058227539062,482.6913146972656,18.816378,16.0,-1,23.97411
811,362,1655.0972938537598,137.54331970214844,1585.5633544921875,185.10317993164062,17.349169,10.0,-1,9.524748
2,362,1487.2578163146973,364.7815704345703,1417.723876953125,412.3414306640625,16.196154,8.0,1,23.595137
337,362,1023.4261512756348,419.2668914794922,953.8922119140625,466.8267517089844,13.337029,28.0,-1,11.726198
10,362,455.0134925842285,40.9761962890625,385.47955322265625,88.53605651855469,10.418717,10.0,-1,28.10046
11,362,343.61984634399414,377.99488830566406,274.0859069824219,425.55474853515625,8.239923,14.0,-1,10.484026
8,362,1353.8532752990723,358.3888397216797,1284.3193359375,405.9486999511719,8.199885,8.0,-1,30.793022
6,362,401.83029556274414,254.33729553222656,332.2963562011719,301.89715576171875,7.25446,14.0,-1,11.299375
9,362,1294.6901893615723,1076.3080596923828,1225.15625,1123.867919921875,6.9934807,10.0,-1,23.035603
14,362,106.2996597290039,1012.2282257080078,36.76572036743164,1059.7880859375,4.516465,14.0,-1,4.084656
12,362,1140.1022987365723,803.8330230712891,1070.568359375,851.3928833007812,3.98364,12.0,-1,21.528147
797,362,1099.0366249084473,224.9655303955078,1029.502685546875,272.525390625,3.2398663,14.0,-1,33.069603
17,362,542.2323036193848,538.9969024658203,472.6983642578125,586.5567626953125,2.4033544,8.0,-1,18.02703
946,362,1085.851993560791,227.52320861816406,1016.3180541992188,275.08306884765625,2.313627,24.0,-1,36.14515
938,362,1093.8321571350098,236.01158142089844,1024.2982177734375,283.5714416503906,1.3124831,12.0,1,13.3414755
626,362,1555.4364051818848,272.1275177001953,1485.9024658203125,319.6873779296875,0.46821916,10.0,1,0.46160412
4,363,1193.123691558838,14.478668212890625,1123.6934814453125,62.06285095214844,38.689816,8.0,1,27.65993
0,363,1350.908115386963,912.4110565185547,1281.4779052734375,959.9952392578125,22.738457,10.0,1,14.030919
1,363,1355.3689308166504,215.2372283935547,1285.938720703125,262.8214111328125,21.515,8.0,1,23.606028
3,363,964.7627296447754,435.7345733642578,895.33251953125,483.3187561035156,19.327139,16.0,-1,21.906431
337,363,1023.7875709533691,418.59815979003906,954.3573608398438,466.1823425292969,16.642735,28.0,-1,10.179328
2,363,1486.856601715088,363.61024475097656,1417.4263916015625,411.1944274902344,14.372871,8.0,1,19.680832
945,363,1687.1069679260254,402.3293914794922,1617.6767578125,449.91357421875,11.029527,6.0,1,7.158429
811,363,1652.970859527588,138.5303955078125,1583.5406494140625,186.1145782470703,10.611928,10.0,-1,6.919421
6,363,401.67587661743164,254.43482971191406,332.24566650390625,302.0190124511719,10.4937725,14.0,-1,11.326589
10,363,455.167911529541,42.4022216796875,385.7377014160156,89.98640441894531,10.349331,10.0,-1,27.855385
8,363,1355.280185699463,357.7930450439453,1285.8499755859375,405.3772277832031,8.680011,8.0,-1,30.523453
11,363,344.82458877563477,378.2094268798828,275.3943786621094,425.7936096191406,7.5335765,14.0,-1,9.341039
9,363,1294.976230621338,1080.6457977294922,1225.5460205078125,1128.22998046875,6.702621,10.0,-1,20.93974
14,363,106.62769317626953,1014.5763397216797,37.19748306274414,1062.1605224609375,4.7996254,16.0,-1,3.7165427
12,363,1142.1726417541504,801.4492645263672,1072.742431640625,849.033447265625,4.5184784,12.0,-1,19.01817
797,363,1096.097080230713,224.0849151611328,1026.6668701171875,271.6690979003906,3.1279743,14.0,-1,37.848118
946,363,1082.8865699768066,226.1001434326172,1013.4563598632812,273.684326171875,2.5393736,14.0,-1,34.928944
17,363,541.9527626037598,538.1932830810547,472.5225524902344,585.7774658203125,2.1548986,8.0,-1,16.719698
938,363,1091.5412330627441,237.1207733154297,1022.1110229492188,284.7049560546875,1.513361,14.0,1,13.971981
626,363,1555.7524757385254,275.8281707763672,1486.322265625,323.412353515625,0.32589793,16.0,-1,0.0022104383
4,364,1193.8487434387207,13.843624114990234,1123.8460693359375,61.43862533569336,33.077858,8.0,1,27.497301
0,364,1351.6968879699707,913.7467346191406,1281.6942138671875,961.3417358398438,28.33133,10.0,1,12.834974
1,364,1358.3503303527832,216.51193237304688,1288.34765625,264.10693359375,21.368147,8.0,1,25.286797
337,364,1022.250904083252,418.3814697265625,952.2482299804688,465.9764709472656,18.004784,28.0,-1,12.256085
945,364,1685.4986457824707,402.422119140625,1615.4959716796875,450.0171203613281,17.945133,6.0,1,7.743829
3,364,965.5591926574707,436.6499328613281,895.5565185546875,484.24493408203125,17.426746,16.0,-1,22.11167
811,364,1649.6448860168457,137.9788360595703,1579.6422119140625,185.57383728027344,16.676832,10.0,-1,9.476786
8,364,1356.2054328918457,356.4061584472656,1286.2027587890625,404.00115966796875,11.837638,8.0,-1,30.676687
10,364,454.19890213012695,41.83363342285156,384.19622802734375,89.42863464355469,11.022603,10.0,-1,26.491117
2,364,1486.4932746887207,361.6474914550781,1416.4906005859375,409.24249267578125,9.7171955,8.0,1,18.19501
9,364,1294.2581672668457,1080.5530700683594,1224.2554931640625,1128.1480712890625,9.117755,10.0,-1,21.57833
11,364,344.63078689575195,380.6587829589844,274.62811279296875,428.2537841796875,7.8844953,14.0,-1,11.76585
6,364,401.86967849731445,253.21597290039062,331.86700439453125,300.81097412109375,7.354159,14.0,-1,9.590597
12,364,1143.9427375793457,799.0915832519531,1073.9400634765625,846.6865844726562,6.0010743,12.0,-1,18.45672
14,364,108.46906661987305,1015.5174255371094,38.466392517089844,1063.1124267578125,2.943669,14.0,-1,4.051668
797,364,1096.8734016418457,227.02908325195312,1026.8707275390625,274.62408447265625,2.6745412,16.0,-1,31.36149
17,364,539.8811836242676,539.5239562988281,469.8785095214844,587.1189575195312,2.557036,8.0,-1,18.515308
946,364,1083.2214241027832,229.95489501953125,1013.21875,277.5498962402344,2.5169704,14.0,-1,31.914467
938,364,1090.9195442199707,237.99819946289062,1020.9168701171875,285.59320068359375,1.1741408,12.0,1,12.950396
626,364,1555.2641487121582,274.83642578125,1485.261474609375,322.4314270019531,0.44620252,10.0,1,0.29867536
4,365,1194.2724494934082,14.533687591552734,1123.8092041015625,62.10638427734375,42.338406,8.0,1,27.302187
0,365,1354.1622200012207,913.093563079834,1283.698974609375,960.666259765625,26.138008,10.0,1,15.618334
1,365,1360.2459602355957,215.96966171264648,1289.78271484375,263.5423583984375,24.774088,8.0,1,26.797628
3,365,964.2668342590332,435.615535736084,893.8035888671875,483.188232421875,23.268929,16.0,-1,22.209452
337,365,1021.195972442627,419.71837997436523,950.7327270507812,467.29107666015625,16.230635,26.0,-1,12.071124
945,365,1686.4490852355957,402.379695892334,1615.98583984375,449.952392578125,15.629205,6.0,1,5.8631873
811,365,1649.3104133605957,134.1237907409668,1578.84716796875,181.6964874267578,14.003608,10.0,-1,8.79112
10,365,453.2391242980957,41.8128547668457,382.77587890625,89.38555145263672,10.06149,10.0,-1,26.027176
8,365,1356.3643684387207,356.8391990661621,1285.901123046875,404.4118957519531,9.385053,8.0,-1,31.645733
2,365,1486.5550422668457,361.1914939880371,1416.091796875,408.7641906738281,9.359462,8.0,1,20.909729
9,365,1296.8215217590332,1082.4139976501465,1226.3582763671875,1129.9866943359375,8.291134,10.0,-1,23.16605
11,365,345.5515327453613,381.53835678100586,275.0882873535156,429.1110534667969,6.9521365,14.0,-1,12.35691
6,365,401.5580940246582,253.36550521850586,331.0948486328125,300.9382019042969,6.705837,14.0,-1,10.436034
12,365,1143.4640998840332,799.112361907959,1073.0008544921875,846.68505859375,5.158685,12.0,-1,21.405901
797,365,1094.434497833252,226.08379745483398,1023.9712524414062,273.656494140625,4.4464583,14.0,-1,41.699352
17,365,544.3902168273926,538.6337852478027,473.9269714355469,586.2064819335938,4.220824,8.0,-1,18.382214
946,365,1081.3220710754395,228.56231307983398,1010.8588256835938,276.135009765625,3.1964424,14.0,-1,36.637405
14,365,109.15409469604492,1015.7230796813965,38.69084930419922,1063.2957763671875,2.434749,14.0,-1,4.673063
938,365,1090.8577766418457,239.30199813842773,1020.39453125,286.87469482421875,1.472319,14.0,1,13.453957
626,365,1554.5562629699707,276.24962997436523,1484.093017578125,323.82232666015625,0.36540297,10.0,1,0.4447537
4,366,1194.4152717590332,13.935016632080078,1124.3365478515625,62.609764099121094,31.113342,8.0,1,26.608852
0,366,1354.7308235168457,914.2989463806152,1284.652099609375,962.9736938476562,22.058046,10.0,1,16.991053
1,366,1360.5989875793457,217.69582748413086,1290.520263671875,266.3705749511719,21.159597,8.0,1,26.473698
811,366,1650.4886360168457,131.43571090698242,1580.409912109375,180.11045837402344,19.996367,10.0,-1,10.496441
945,366,1686.1194953918457,398.2275047302246,1616.040771484375,446.9022521972656,16.216757,6.0,1,5.1118574
3,366,964.2668342590332,434.73791122436523,894.1881103515625,483.41265869140625,13.287758,16.0,-1,22.76701
337,366,1019.6620979309082,421.53493881225586,949.5833740234375,470.2096862792969,12.367267,28.0,-1,11.376584
2,366,1484.1505012512207,357.75719833374023,1414.07177734375,406.43194580078125,10.545756,8.0,1,14.879888
8,366,1356.6414680480957,354.7998924255371,1286.562744140625,403.4746398925781,8.013806,8.0,-1,30.417408
11,366,345.7915229797363,379.30739974975586,275.7127990722656,427.9821472167969,7.9802976,14.0,-1,13.855554
10,366,452.64238357543945,42.71114730834961,382.56365966796875,91.38589477539062,7.976774,10.0,-1,26.486073
9,366,1297.3261604309082,1083.315731048584,1227.2474365234375,1131.990478515625,6.831951,8.0,-1,28.226164
14,366,107.09607315063477,1015.7230796813965,37.01734924316406,1064.3978271484375,5.3081317,14.0,-1,2.7937627
6,366,401.2971992492676,255.9078025817871,331.2184753417969,304.5825500488281,5.2652698,14.0,-1,12.970346
12,366,1143.5677375793457,797.994686126709,1073.489013671875,846.66943359375,4.7586255,12.0,-1,22.697533
797,366,1092.0623054504395,226.3675193786621,1021.9835815429688,275.0422668457031,4.1246257,18.0,-1,45.41531
17,366,542.2086067199707,537.4803428649902,472.1298828125,586.1550903320312,3.907006,8.0,-1,19.745325
946,366,1081.1371955871582,228.56924057006836,1011.0584716796875,277.2439880371094,2.3940656,22.0,-1,39.847466
626,366,1556.7100715637207,276.57946395874023,1486.63134765625,325.25421142578125,0.42609945,10.0,1,0.92354226
4,367,1193.865406036377,12.922035217285156,1123.5064697265625,61.0041618347168,24.561365,8.0,1,23.645786
337,367,1017.8630867004395,424.5061912536621,947.504150390625,472.58831787109375,22.281242,26.0,-1,15.229136
0,367,1356.324634552002,914.3415184020996,1285.9656982421875,962.4236450195312,21.942514,10.0,1,16.110641
945,367,1686.437183380127,397.540096282959,1616.0782470703125,445.6222229003906,20.371483,6.0,1,3.7733386
1,367,1360.685230255127,220.00136947631836,1290.3262939453125,268.08349609375,20.126219,8.0,1,26.517239
2,367,1486.572193145752,357.53539657592773,1416.2132568359375,405.6175231933594,18.28321,8.0,1,16.713715
3,367,964.4861946105957,436.2391929626465,894.1272583007812,484.3213195800781,16.906118,16.0,-1,21.563469
811,367,1650.4023933410645,134.49644088745117,1580.04345703125,182.5785675048828,13.510686,10.0,-1,12.336655
10,367,450.8871040344238,44.86079025268555,380.5281677246094,92.94291687011719,9.39634,10.0,-1,26.654907
11,367,344.85258865356445,379.35937118530273,274.49365234375,427.4414978027344,8.860379,14.0,-1,13.453644
6,367,401.9823188781738,256.03432846069336,331.6233825683594,304.116455078125,7.1088767,14.0,-1,11.431269
8,367,1356.381763458252,352.19848251342773,1286.0228271484375,400.2806091308594,6.7898393,8.0,-1,28.468204
9,367,1296.791187286377,1082.9330101013184,1226.4322509765625,1131.01513671875,6.494678,8.0,-1,27.857685
14,367,106.61174774169922,1012.8578147888184,36.252811431884766,1060.93994140625,5.052195,14.0,-1,0.7267884
12,367,1144.093677520752,796.6773338317871,1073.7347412109375,844.7594604492188,4.865064,12.0,-1,25.25216
797,367,1094.1535530090332,227.90166854858398,1023.7946166992188,275.9837951660156,3.7322502,20.0,-1,40.998344
17,367,538.483325958252,537.2479515075684,468.1243896484375,585.330078125,3.0727482,8.0,-1,18.678658
626,367,1559.8325691223145,276.53689193725586,1489.4736328125,324.6190185546875,0.26759008,10.0,1,0.028499365
4,368,1194.5188789367676,12.883811950683594,1123.787841796875,60.717037200927734,27.076166,8.0,1,20.833282
3,368,963.4972114562988,438.3074607849121,892.7661743164062,486.14068603515625,25.288073,16.0,-1,21.204176
337,368,1017.9647407531738,426.31216049194336,947.2337036132812,474.1453857421875,23.029375,26.0,-1,14.879966
0,368,1356.788288116455,914.3415184020996,1286.0572509765625,962.1747436523438,21.185074,10.0,1,12.232851
1,368,1359.74800491333,220.68365097045898,1289.0169677734375,268.5168762207031,19.014698,8.0,1,26.14783
945,368,1688.6660957336426,397.813289642334,1617.93505859375,445.6465148925781,15.741993,6.0,1,3.7682948
811,368,1652.581745147705,134.47683334350586,1581.8507080078125,182.31005859375,15.555242,10.0,-1,12.608047
6,368,398.1020088195801,256.683406829834,327.3709716796875,304.5166320800781,10.18539,14.0,-1,12.094677
2,368,1482.49458694458,354.11843490600586,1411.7635498046875,401.95166015625,8.686355,8.0,1,17.640217
10,368,449.8633003234863,47.5744514465332,379.13226318359375,95.40767669677734,8.272516,10.0,-1,26.864439
9,368,1294.592487335205,1080.3368186950684,1223.8614501953125,1128.1700439453125,8.099116,8.0,-1,26.967365
8,368,1359.0904121398926,350.6618309020996,1288.359375,398.49505615234375,7.829452,8.0,-1,30.601692
11,368,342.9201850891113,381.59862899780273,272.18914794921875,429.4318542480469,7.619158,16.0,-1,11.849503
12,368,1147.6509590148926,795.1005516052246,1076.919921875,842.9337768554688,5.5305448,12.0,-1,23.25124
797,368,1094.5573921203613,225.4610252380371,1023.8263549804688,273.29425048828125,3.7592504,20.0,-1,42.71922
14,368,103.39078521728516,1013.6273460388184,32.65974807739258,1061.4605712890625,2.4120302,14.0,-1,5.5313373
946,368,1083.6629219055176,225.62170028686523,1012.931884765625,273.4549255371094,1.9942079,24.0,-1,37.1647
17,368,538.483325958252,533.7829246520996,467.7522888183594,581.6161499023438,1.3988467,8.0,-1,16.814987
337,369,1018.2549629211426,426.470272064209,947.3855590820312,474.6565246582031,33.311684,26.0,-1,14.758677
4,369,1195.4913520812988,13.675716400146484,1124.6219482421875,61.861968994140625,26.51255,8.0,1,20.901623
0,369,1358.1734809875488,912.9267234802246,1287.3040771484375,961.1129760742188,25.598015,10.0,1,8.877414
1,369,1360.9679145812988,222.47207260131836,1290.0985107421875,270.6583251953125,17.823557,8.0,1,25.760332
3,369,962.0871772766113,438.1493492126465,891.2177734375,486.3356018066406,16.92247,16.0,-1,20.510721
2,369,1482.5175971984863,352.17870712280273,1411.648193359375,400.3649597167969,16.135103,8.0,1,10.52765
811,369,1652.5163764953613,136.56266403198242,1581.64697265625,184.74891662597656,13.938493,10.0,-1,10.524635
10,369,449.2048225402832,49.68415451049805,378.3354187011719,97.87040710449219,10.3402815,10.0,-1,25.804628
11,369,341.1903877258301,382.4546775817871,270.32098388671875,430.64093017578125,8.452527,14.0,-1,11.370001
6,369,396.0467720031738,257.74782943725586,325.1773681640625,305.93408203125,8.439122,14.0,-1,12.6566515
8,369,1360.5547065734863,353.73330307006836,1289.685302734375,401.9195556640625,8.297355,8.0,-1,29.388302
9,369,1296.0886421203613,1079.5658226013184,1225.21923828125,1127.7520751953125,6.9509587,8.0,-1,27.227356
945,369,1687.7457466125488,397.06997299194336,1616.8763427734375,445.2562255859375,6.788614,6.0,1,3.2508717
12,369,1146.0752143859863,793.7228660583496,1075.205810546875,841.9091186523438,5.389526,12.0,-1,25.539883
14,369,103.3095932006836,1015.6616477966309,32.440189361572266,1063.847900390625,4.0845532,16.0,-1,3.9056096
797,369,1095.1031684875488,224.5332908630371,1024.2337646484375,272.71954345703125,4.046362,20.0,-1,44.236977
17,369,538.4603157043457,531.6964378356934,467.5909118652344,579.8826904296875,3.3307076,8.0,-1,21.16794
946,369,1083.7763862609863,225.1647605895996,1012.906982421875,273.35101318359375,2.8583612,24.0,-1,36.16866
4,370,1194.3975105285645,12.609577178955078,1123.787109375,60.98070526123047,30.108452,8.0,1,25.412745
1,370,1362.4343757629395,225.10171127319336,1291.823974609375,273.47283935546875,27.576164,8.0,1,26.169653
337,370,1014.6806526184082,423.940242767334,944.0702514648438,472.3113708496094,27.244324,26.0,-1,15.418081
0,370,1358.485523223877,912.3408470153809,1287.8751220703125,960.7119750976562,26.17485,10.0,1,11.343664
811,370,1654.8003425598145,136.94022750854492,1584.18994140625,185.3113555908203,19.672495,10.0,-1,10.262355
3,370,961.785083770752,439.4222984313965,891.1746826171875,487.7934265136719,18.987452,16.0,-1,21.115877
945,370,1685.692310333252,394.6632652282715,1615.0819091796875,443.0343933105469,16.32438,6.0,1,5.885043
2,370,1481.5764656066895,353.23513412475586,1410.966064453125,401.60626220703125,14.70563,8.0,1,11.437602
8,370,1362.578784942627,353.73330307006836,1291.9683837890625,402.10443115234375,12.261276,8.0,-1,31.281694
9,370,1296.3364753723145,1079.556484222412,1225.72607421875,1127.9276123046875,9.538698,10.0,-1,26.376915
10,370,449.2048225402832,50.11055374145508,378.59442138671875,98.48168182373047,8.602929,10.0,-1,25.88511
11,370,342.22539138793945,381.606014251709,271.614990234375,429.9771423339844,8.472735,14.0,-1,11.124579
6,370,395.2048530578613,256.961483001709,324.5944519042969,305.3326110839844,6.394339,14.0,-1,12.544581
12,370,1146.019702911377,794.0168113708496,1075.4093017578125,842.387939453125,5.6843295,12.0,-1,24.792276
797,370,1091.6883430480957,224.80504989624023,1021.0779418945312,273.1761779785156,4.4126744,18.0,-1,46.82995
17,370,540.2490425109863,525.1159934997559,469.6386413574219,573.4871215820312,3.501233,8.0,-1,18.675564
14,370,104.16420364379883,1015.7342185974121,33.553802490234375,1064.1053466796875,2.2139192,14.0,-1,6.01146
4,371,1194.3975105285645,13.066238403320312,1123.62353515625,62.253658294677734,43.34471,8.0,1,28.192625
811,371,1656.798023223877,134.84614944458008,1586.0240478515625,184.0335693359375,27.366728,10.0,-1,12.525759
337,371,1012.5645637512207,421.92583084106445,941.7905883789062,471.1132507324219,26.968943,26.0,-1,13.892458
1,371,1360.5708503723145,224.29768753051758,1289.796875,273.485107421875,24.351393,8.0,1,26.371452
945,371,1686.708667755127,392.3555793762207,1615.9346923828125,441.5429992675781,18.90835,6.0,1,7.9844885
3,371,964.7493171691895,440.9753303527832,893.975341796875,490.1627502441406,16.781456,16.0,-1,21.685352
0,371,1357.861499786377,913.2111396789551,1287.0875244140625,962.3985595703125,10.92873,10.0,1,9.676548
8,371,1364.447925567627,354.31438064575195,1293.6739501953125,403.5018005371094,10.866279,8.0,-1,32.242374
2,371,1482.898365020752,351.8871040344238,1412.1243896484375,401.07452392578125,9.960482,8.0,1,10.456461
10,371,448.2554512023926,50.11055374145508,377.4814758300781,99.2979736328125,8.92394,10.0,-1,25.67405
6,371,392.8562812805176,257.1297187805176,322.0823059082031,306.317138671875,8.143798,14.0,-1,12.748897
11,371,342.7412300109863,380.3324165344238,271.9672546386719,429.51983642578125,8.141498,14.0,-1,10.240354
9,371,1295.6370124816895,1081.14839553833,1224.863037109375,1130.3358154296875,7.2225633,10.0,-1,23.864996
12,371,1148.7400398254395,794.8775825500488,1077.966064453125,844.0650024414062,5.354917,12.0,-1,25.689161
797,371,1090.3567390441895,225.34096145629883,1019.582763671875,274.52838134765625,4.560341,18.0,-1,44.86186
17,371,542.6021919250488,520.7282295227051,471.8282165527344,569.9156494140625,3.962507,8.0,-1,19.102379
14,371,102.95399475097656,1014.8068428039551,32.18001937866211,1063.9942626953125,1.8723329,16.0,-1,8.732652
1201,371,1080.6457405090332,214.0598030090332,1009.8717651367188,263.2472229003906,1.3309911,14.0,1,11.604895
4,372,1193.0007820129395,10.759811401367188,1122.381591796875,60.10421371459961,29.528894,8.0,1,26.456526
1,372,1360.5708503723145,224.29768753051758,1289.95166015625,273.64208984375,23.97982,8.0,1,26.047642
811,372,1654.768970489502,136.34412002563477,1584.1497802734375,185.6885223388672,22.952166,10.0,-1,11.336384
337,372,1011.121997833252,421.4981880187988,940.5028076171875,470.84259033203125,20.019094,26.0,-1,14.571398
3,372,965.5475959777832,441.8600044250488,894.9284057617188,491.20440673828125,16.181707,16.0,-1,22.170734
945,372,1686.6230964660645,393.40922927856445,1616.00390625,442.7536315917969,12.961333,6.0,1,4.7581463
2,372,1484.087085723877,352.48198318481445,1413.4678955078125,401.8263854980469,11.662408,8.0,1,9.309904
0,372,1355.106861114502,911.1807441711426,1284.4876708984375,960.525146484375,10.376226,10.0,1,7.222699
10,372,448.3548164367676,48.162296295166016,377.7356262207031,97.50669860839844,8.242417,10.0,-1,24.48767
8,372,1365.783618927002,354.1411323547363,1295.1644287109375,403.48553466796875,8.157418,8.0,-1,29.434195
9,372,1296.511890411377,1085.60689163208,1225.8927001953125,1134.9512939453125,8.112091,8.0,-1,29.976181
6,372,392.2284126281738,257.4085578918457,321.6092224121094,306.7529602050781,6.556376,14.0,-1,11.90933
11,372,340.71196365356445,379.9322395324707,270.0927734375,429.2766418457031,6.428978,14.0,-1,10.275668
12,372,1149.737232208252,793.5003242492676,1079.1180419921875,842.8447265625,3.987374,12.0,-1,24.88462
797,372,1091.3660774230957,225.94319534301758,1020.7468872070312,275.28759765625,3.955164,16.0,-1,41.087097
14,372,103.11628341674805,1015.2132148742676,32.497093200683594,1064.5576171875,3.4701116,14.0,-1,4.589485
17,372,540.256763458252,520.6173286437988,469.6375732421875,569.9617309570312,2.788695,8.0,-1,18.24023
4,373,1193.0007820129395,13.184551239013672,1122.0313720703125,62.208946228027344,48.53996,8.0,1,27.196121
1,373,1360.9927253723145,224.87642288208008,1290.0233154296875,273.90081787109375,29.305779,8.0,1,26.253338
945,373,1688.8687019348145,392.4612007141113,1617.8992919921875,441.485595703125,18.8615,6.0,1,3.2798269
337,373,1010.4846076965332,421.9044075012207,939.5151977539062,470.9288024902344,18.751024,26.0,-1,12.729171
811,373,1656.6355476379395,135.67599868774414,1585.6661376953125,184.7003936767578,15.955083,10.0,-1,11.446094
2,373,1483.805835723877,350.8784980773926,1412.83642578125,399.90289306640625,15.7184305,8.0,1,9.055399
0,373,1354.5393562316895,910.6278266906738,1283.5699462890625,959.6522216796875,14.976003,10.0,1,7.245815
3,373,964.0640754699707,441.7324409484863,893.0946655273438,490.7568359375,14.834647,16.0,-1,21.270584
9,373,1299.1138191223145,1091.1484565734863,1228.1444091796875,1140.1728515625,10.458365,8.0,-1,28.962215
10,373,451.8795967102051,47.85848617553711,380.9101867675781,96.88288116455078,7.7016296,10.0,-1,24.256252
8,373,1366.8567390441895,354.3007392883301,1295.8873291015625,403.32513427734375,6.727999,8.0,-1,28.914598
6,373,392.6631660461426,260.1830940246582,321.6937561035156,309.2074890136719,6.689319,14.0,-1,13.054208
11,373,340.0874214172363,378.4394721984863,269.1180114746094,427.4638671875,6.5019584,14.0,-1,9.200057
12,373,1149.008716583252,793.5003242492676,1078.039306640625,842.5247192382812,5.042104,12.0,-1,22.78883
14,373,101.1279468536377,1016.3144721984863,30.158536911010742,1065.3388671875,3.313247,14.0,-1,10.0759945
797,373,1090.2159309387207,225.5024299621582,1019.2465209960938,274.5268249511719,3.2119055,18.0,-1,41.86907
17,373,544.3208198547363,522.5756416320801,473.3514099121094,571.6000366210938,1.6787947,8.0,-1,17.142113
1201,373,1082.819751739502,212.44661331176758,1011.850341796875,261.47100830078125,1.0527622,14.0,1,12.839215
1,374,1361.400104522705,222.78699111938477,1290.4801025390625,272.3396911621094,30.364588,8.0,1,26.496767
4,374,1193.3421211242676,13.294414520263672,1122.422119140625,62.84711456298828,29.153833,8.0,1,24.604904
337,374,1008.9703559875488,423.5934181213379,938.0503540039062,473.1461181640625,18.941906,26.0,-1,12.708258
3,374,963.4527778625488,442.30563735961914,892.5327758789062,491.85833740234375,18.738045,16.0,-1,19.145138
811,374,1655.21040725708,134.4308204650879,1584.2904052734375,183.9835205078125,18.07139,10.0,-1,11.944163
945,374,1686.813190460205,390.39111709594727,1615.8931884765625,439.9438171386719,17.661713,6.0,1,6.1730146
2,374,1484.3755683898926,349.29880142211914,1413.45556640625,398.85150146484375,12.244214,8.0,1,2.5173008
0,374,1354.128131866455,910.9472999572754,1283.2081298828125,960.5,10.536127,10.0,1,5.606933
10,374,454.4633979797363,48.980831146240234,383.54339599609375,98.53353118896484,9.27011,10.0,-1,24.279127
8,374,1366.3343086242676,352.50256729125977,1295.414306640625,402.0552673339844,8.518894,8.0,-1,29.503986
9,374,1300.4763984680176,1090.7698097229004,1229.556396484375,1140.322509765625,8.381309,8.0,-1,32.39033
11,374,340.8838081359863,377.80478286743164,269.96380615234375,427.35748291015625,8.292249,14.0,-1,8.457577
14,374,102.8364372253418,1016.2897071838379,31.91643524169922,1065.8424072265625,6.263861,12.0,-1,12.723461
12,374,1145.0738105773926,794.1350440979004,1074.15380859375,843.687744140625,6.261824,12.0,-1,20.637743
6,374,391.7160224914551,260.4478187561035,320.7960205078125,310.0005187988281,5.9068084,12.0,-1,14.036168
797,374,1092.2265815734863,226.21689224243164,1021.3065795898438,275.76959228515625,4.479213,16.0,-1,40.07249
17,374,549.0776252746582,521.2344093322754,478.1576232910156,570.787109375,1.9626876,8.0,-1,17.896627
1201,374,1082.4784126281738,212.47137832641602,1011.5584106445312,262.0240783691406,0.83726305,16.0,1,12.46902
1,375,1361.652545928955,220.8413429260254,1290.2203369140625,270.192138671875,31.304953,8.0,1,26.992834
337,375,1007.2569770812988,424.5195655822754,935.8247680664062,473.870361328125,27.055506,26.0,-1,14.496827
811,375,1655.5074043273926,134.2020606994629,1584.0751953125,183.5528564453125,25.550644,10.0,-1,10.284881
4,375,1195.1292304992676,11.607124328613281,1123.697021484375,60.95792007446289,25.29423,8.0,1,25.20015
0,375,1349.7544746398926,910.5117530822754,1278.322265625,959.862548828125,17.387089,16.0,-1,10.7938175
945,375,1687.221393585205,392.40439224243164,1615.7891845703125,441.75518798828125,17.054956,6.0,1,8.126212
3,375,965.3305854797363,441.669132232666,893.8983764648438,491.0199279785156,16.209677,16.0,-1,21.662945
2,375,1484.3755683898926,349.1515235900879,1412.943359375,398.5023193359375,11.429322,8.0,1,2.3375034
9,375,1301.0916328430176,1090.7698097229004,1229.659423828125,1140.12060546875,10.31124,8.0,-1,32.604416
12,375,1141.710651397705,794.4138526916504,1070.2784423828125,843.7646484375,10.164458,12.0,-1,21.142454
8,375,1365.86177444458,352.62302017211914,1294.4295654296875,401.97381591796875,9.509182,8.0,-1,31.213734
11,375,342.1847114562988,378.61157608032227,270.75250244140625,427.9623718261719,8.068015,14.0,-1,8.428341
6,375,391.6577949523926,260.48080825805664,320.2255859375,309.83160400390625,8.012669,14.0,-1,11.441551
10,375,454.0237922668457,49.12807846069336,382.5915832519531,98.47887420654297,6.355295,12.0,-1,20.26693
797,375,1089.6719551086426,224.93677139282227,1018.23974609375,274.2875671386719,4.23345,18.0,-1,45.236637
17,375,551.7910346984863,522.5493507385254,480.35882568359375,571.900146484375,3.3292077,8.0,-1,20.915442
14,375,102.12857818603516,1012.1371192932129,30.696369171142578,1061.4879150390625,2.7723618,14.0,-1,8.473549
4,376,1196.002155303955,10.869937896728516,1124.027099609375,59.850799560546875,37.108612,8.0,1,25.785437
1,376,1361.652545928955,221.32214736938477,1289.677490234375,270.3030090332031,25.061897,8.0,1,27.12869
3,376,966.0736274719238,441.06271743774414,894.0985717773438,490.0435791015625,23.94413,16.0,-1,18.787199
811,376,1659.7813301086426,134.8003273010254,1587.8062744140625,183.78118896484375,19.37873,10.0,-1,10.738145
337,376,1006.4588203430176,424.02673721313477,934.4837646484375,473.0075988769531,18.271662,26.0,-1,15.136854
945,376,1685.90327835083,395.28476333618164,1613.92822265625,444.265625,17.295105,6.0,1,9.558571
0,376,1348.4014472961426,910.9974708557129,1276.4263916015625,959.9783325195312,17.28922,16.0,-1,12.710816
2,376,1484.049518585205,348.817569732666,1412.074462890625,397.7984313964844,12.644054,8.0,1,4.553984
6,376,391.5405158996582,264.400333404541,319.5654602050781,313.3811950683594,9.588403,14.0,-1,11.907507
8,376,1366.6140937805176,352.44589614868164,1294.6390380859375,401.4267578125,7.4083133,8.0,-1,30.039839
9,376,1299.43257522583,1090.1504859924316,1227.45751953125,1139.13134765625,7.188256,8.0,-1,31.890106
11,376,341.4821357727051,380.4626808166504,269.507080078125,429.44354248046875,5.712921,14.0,-1,10.261455
12,376,1140.1534004211426,797.3861427307129,1068.1783447265625,846.3670043945312,5.132998,12.0,-1,21.615103
10,376,454.19194412231445,47.873592376708984,382.2168884277344,96.85445404052734,4.7986236,12.0,-1,19.340368
797,376,1090.0331001281738,224.93677139282227,1018.0580444335938,273.9176330566406,4.3576756,16.0,-1,45.753265
17,376,552.210132598877,520.9471168518066,480.2350769042969,569.927978515625,4.036533,8.0,-1,21.234344
14,376,105.29113388061523,1012.6442604064941,33.316078186035156,1061.6251220703125,3.4171429,14.0,-1,11.332178
1201,376,1080.4497871398926,214.0900001525879,1008.4747314453125,263.07086181640625,1.0135542,12.0,1,9.14916
337,377,1008.8969917297363,424.2779426574707,937.0347900390625,472.9591369628906,31.525034,26.0,-1,15.30064
4,377,1196.3833198547363,10.622791290283203,1124.5211181640625,59.303985595703125,26.396423,8.0,1,25.202503
1,377,1359.9149360656738,221.61958694458008,1288.052734375,270.30078125,25.833672,8.0,1,26.065916
945,377,1683.8725776672363,395.2394905090332,1612.0103759765625,443.9206848144531,25.440363,6.0,1,7.800844
811,377,1659.7332954406738,133.75368118286133,1587.87109375,182.43487548828125,21.018864,10.0,-1,12.798691
0,377,1347.9690132141113,911.9817695617676,1276.1068115234375,960.6629638671875,17.437107,16.0,-1,17.220573
3,377,965.7751655578613,440.14982986450195,893.9129638671875,488.8310241699219,16.160528,16.0,-1,18.53141
2,377,1484.4422798156738,347.1808967590332,1412.580078125,395.8620910644531,11.991367,8.0,1,0.15764275
9,377,1299.7331733703613,1089.79829788208,1227.8709716796875,1138.4794921875,10.737491,8.0,-1,35.265556
8,377,1367.8560981750488,353.0707893371582,1295.993896484375,401.7519836425781,9.054763,8.0,-1,27.174633
6,377,392.1456184387207,262.0728645324707,320.2834167480469,310.7540588378906,8.339931,14.0,-1,9.876745
10,377,453.8452949523926,48.84675979614258,381.98309326171875,97.5279541015625,7.317346,12.0,-1,20.057003
11,377,343.9125556945801,379.56047439575195,272.05035400390625,428.2416687011719,7.2850595,14.0,-1,9.588215
12,377,1140.8993110656738,797.4314155578613,1069.037109375,846.1126098632812,5.1798444,12.0,-1,20.963585
797,377,1088.7765083312988,226.0892219543457,1016.914306640625,274.7704162597656,4.16721,16.0,-1,43.557625
17,377,552.2581672668457,523.1229438781738,480.3959655761719,571.8041381835938,3.9469645,8.0,-1,18.013338
14,377,103.3060131072998,1013.5063056945801,31.443811416625977,1062.1875,2.096372,12.0,-1,11.48009
1201,377,1079.541217803955,212.3439826965332,1007.6790161132812,261.0251770019531,0.8299425,14.0,1,11.046885
4,378,1199.0887489318848,10.05093765258789,1125.9437255859375,58.52980041503906,34.781567,8.0,1,27.505175
1,378,1359.6308631896973,219.56105422973633,1286.48583984375,268.0399169921875,31.317835,8.0,1,24.926388
945,378,1685.0926551818848,395.4667549133301,1611.9476318359375,443.94561767578125,23.278793,6.0,1,8.085809
337,378,1008.9708290100098,424.53947830200195,935.8258056640625,473.0183410644531,20.759825,26.0,-1,15.483072
811,378,1659.2272987365723,135.1938819885254,1586.082275390625,183.67274475097656,19.123306,10.0,-1,12.784186
3,378,965.0391273498535,441.9065742492676,891.8941040039062,490.38543701171875,12.423412,14.0,-1,16.844383
0,378,1348.0100135803223,912.9764595031738,1274.864990234375,961.455322265625,12.170597,16.0,-1,4.3851976
2,378,1485.3847694396973,346.3365669250488,1412.23974609375,394.8154296875,10.3371935,14.0,-1,1.4457338
6,378,391.3263282775879,259.8676948547363,318.1813049316406,308.3465576171875,9.946778,14.0,-1,9.712051
9,378,1303.0137977600098,1088.0598335266113,1229.8687744140625,1136.5386962890625,9.130164,8.0,-1,31.23785
11,378,348.33545303344727,377.71684646606445,275.1904296875,426.1957092285156,8.010446,14.0,-1,10.364851
8,378,1370.3554725646973,353.2691535949707,1297.21044921875,401.7480163574219,7.5833726,8.0,-1,26.085457
10,378,453.80429458618164,47.72989273071289,380.6592712402344,96.20875549316406,7.0690975,12.0,-1,21.229542
12,378,1139.8674354553223,797.2330513000488,1066.722412109375,845.7119140625,6.755152,12.0,-1,18.64299
17,378,553.1360816955566,517.4870796203613,479.9910583496094,565.9659423828125,5.339354,8.0,-1,16.106243
797,378,1087.4345741271973,227.56190872192383,1014.28955078125,276.040771484375,4.362502,16.0,-1,43.185287
14,378,102.83247947692871,1015.1237983703613,29.687456130981445,1063.6026611328125,2.0351338,14.0,-1,13.225142
1201,378,1079.1372718811035,213.35835647583008,1005.9922485351562,261.83721923828125,0.78027534,14.0,1,10.8988085
4,379,1197.4590797424316,9.678840637207031,1124.516845703125,58.12656021118164,29.850912,8.0,1,26.130083
1,379,1360.2670631408691,219.36890029907227,1287.3248291015625,267.8166198730469,26.676638,8.0,1,25.770182
811,379,1658.8801002502441,133.3400764465332,1585.9378662109375,181.7877960205078,25.835648,10.0,-1,13.762865
945,379,1684.7725563049316,395.61938858032227,1611.830322265625,444.0671081542969,22.717323,6.0,1,8.401695
337,379,1006.6615333557129,426.04440689086914,933.7192993164062,474.49212646484375,21.592522,26.0,-1,14.384471
3,379,965.0882301330566,441.7606544494629,892.14599609375,490.2083740234375,19.916801,16.0,-1,15.976594
6,379,389.6988868713379,260.6152992248535,316.75665283203125,309.0630187988281,10.491043,16.0,-1,10.635014
2,379,1484.7353248596191,347.2790870666504,1411.7930908203125,395.726806640625,9.85974,14.0,-1,3.067059
9,379,1304.3002662658691,1085.5239601135254,1231.3580322265625,1133.9716796875,9.168291,8.0,-1,36.11238
0,379,1347.9609107971191,911.1087379455566,1275.0186767578125,959.5564575195312,8.80325,10.0,1,1.7672213
12,379,1139.2738990783691,797.2036476135254,1066.3316650390625,845.6513671875,7.792007,12.0,-1,17.815712
11,379,349.0808753967285,377.7462501525879,276.1386413574219,426.1939697265625,6.961683,14.0,-1,10.021624
8,379,1371.7729225158691,354.958927154541,1298.8306884765625,403.4066467285156,6.256975,8.0,-1,26.553083
10,379,454.85327529907227,45.60896682739258,381.9110412597656,94.05668640136719,5.8916583,12.0,-1,21.646034
797,379,1087.667636871338,230.3800392150879,1014.7254028320312,278.8277587890625,3.8741019,16.0,-1,35.253838
14,379,103.3658390045166,1010.9094581604004,30.42360496520996,1059.357177734375,3.8300526,12.0,-1,13.489338
17,379,555.4426918029785,518.9944190979004,482.5004577636719,567.442138671875,2.3851583,8.0,-1,18.898954
1201,379,1078.574375152588,215.4573097229004,1005.6321411132812,263.905029296875,1.0075209,16.0,1,8.748587
4,380,1197.1958351135254,8.907791137695312,1124.0001220703125,57.63029098510742,39.08774,8.0,1,28.179262
1,380,1359.143711090088,220.00293350219727,1285.947998046875,268.7254333496094,28.542692,8.0,1,26.833616
337,380,1005.0695533752441,426.37341690063477,931.8738403320312,475.0959167480469,22.765116,26.0,-1,14.424416
0,380,1348.767978668213,910.1206398010254,1275.572265625,958.8431396484375,17.841301,10.0,1,6.8272843
3,380,963.3051490783691,441.1887550354004,890.1094360351562,489.9112548828125,16.900637,16.0,-1,19.41318
811,380,1660.8181495666504,133.20734024047852,1587.6224365234375,181.92984008789062,15.790822,10.0,-1,11.195418
945,380,1685.3279151916504,393.53296279907227,1612.1322021484375,442.2554626464844,12.81079,6.0,1,7.0400357
2,380,1481.118808746338,345.8126564025879,1407.923095703125,394.53515625,10.654678,14.0,-1,10.774483
6,380,388.6753273010254,261.8451271057129,315.4796142578125,310.567626953125,10.329824,16.0,-1,8.706585
11,380,351.3971290588379,378.3048439025879,278.201416015625,427.02734375,8.657383,14.0,-1,8.932316
8,380,1372.176181793213,355.62118911743164,1298.98046875,404.34368896484375,8.466901,8.0,-1,26.22519
9,380,1303.615146636963,1083.412265777588,1230.41943359375,1132.134765625,8.287362,8.0,-1,35.657578
10,380,456.8230628967285,45.741703033447266,383.6273498535156,94.46420288085938,6.2992206,12.0,-1,20.765404
12,380,1139.731601715088,800.8638038635254,1066.535888671875,849.5863037109375,5.301899,12.0,-1,18.039978
797,380,1086.8624000549316,231.0079689025879,1013.6666870117188,279.73046875,4.433867,16.0,-1,33.61802
14,380,102.9354476928711,1007.4994239807129,29.739734649658203,1056.221923828125,4.1647944,12.0,-1,13.367539
17,380,555.8111305236816,518.5240821838379,482.61541748046875,567.24658203125,1.6566299,8.0,-1,18.873493
1201,380,1078.8376197814941,216.79797744750977,1005.6419067382812,265.5204772949219,0.7160661,14.0,1,7.2210484
1,381,1359.139316558838,219.98606491088867,1285.9271240234375,268.7231750488281,38.666653,8.0,1,26.388271
945,381,1685.1111183166504,393.3020439147949,1611.89892578125,442.0391540527344,34.46185,6.0,1,6.722887
4,381,1197.1260108947754,10.507347106933594,1123.913818359375,59.24445724487305,29.845476,8.0,1,28.000984
811,381,1659.113193511963,133.2242088317871,1585.9010009765625,181.96131896972656,23.850912,10.0,-1,11.21744
337,381,1004.3248023986816,424.1631889343262,931.1126098632812,472.9002990722656,21.489868,26.0,-1,13.990387
3,381,963.2440528869629,439.1661491394043,890.0318603515625,487.90325927734375,21.117216,16.0,-1,19.15824
9,381,1305.0442237854004,1083.0973625183105,1231.83203125,1131.83447265625,14.366234,8.0,-1,36.9093
0,381,1349.0898780822754,909.4261589050293,1275.877685546875,958.1632690429688,14.302318,10.0,1,5.6303
2,381,1481.123203277588,345.0134696960449,1407.9110107421875,393.7505798339844,11.42495,14.0,-1,10.440169
6,381,388.75818252563477,263.3089408874512,315.5459899902344,312.0460510253906,8.961935,16.0,-1,8.827056
8,381,1375.109287261963,357.84431076049805,1301.8970947265625,406.5814208984375,8.792139,8.0,-1,28.419353
11,381,352.93005752563477,378.6924858093262,279.7178649902344,427.4295959472656,7.2642727,14.0,-1,8.547251
10,381,453.4835548400879,45.46223068237305,380.2713623046875,94.1993408203125,6.051021,12.0,-1,21.331644
12,381,1140.4883155822754,802.939525604248,1067.276123046875,851.6766357421875,5.373403,12.0,-1,17.110903
797,381,1087.466220855713,231.59507369995117,1014.2540283203125,280.3321838378906,3.709245,16.0,-1,25.42267
17,381,558.3282203674316,519.221508026123,485.11602783203125,567.9586181640625,2.7282488,8.0,-1,18.796392
14,381,97.99821281433105,1006.9918937683105,24.786020278930664,1055.72900390625,2.1326077,14.0,-1,11.318593
1201,381,1078.5798683166504,217.15818405151367,1005.36767578125,265.8952941894531,0.7406321,16.0,1,6.6279354
4,382,1197.3321266174316,9.516372680664062,1124.0677490234375,58.29611587524414,43.944687,8.0,1,28.111423
1,382,1358.6736793518066,218.89213180541992,1285.4093017578125,267.671875,28.425714,8.0,1,27.221228
337,382,1003.1120948791504,428.1285209655762,929.8477172851562,476.90826416015625,27.416145,28.0,-1,14.765392
811,382,1657.2038307189941,132.93851852416992,1583.939453125,181.71826171875,22.674004,10.0,-1,9.1496525
3,382,961.9134864807129,441.1002311706543,888.6491088867188,489.8799743652344,15.586595,16.0,-1,15.666101
945,382,1684.3057594299316,392.3069267272949,1611.0413818359375,441.086669921875,14.791763,6.0,1,5.8598332
2,382,1480.9799537658691,344.8211479187012,1407.715576171875,393.60089111328125,14.544597,14.0,-1,10.405726
9,382,1305.1874732971191,1081.142375946045,1231.923095703125,1129.922119140625,12.723175,8.0,-1,35.71772
0,382,1350.3844947814941,909.0752372741699,1277.1201171875,957.85498046875,12.588122,10.0,1,4.9813023
6,382,389.14328384399414,264.5152702331543,315.87890625,313.2950134277344,12.42298,16.0,-1,8.871476
11,382,354.21957778930664,378.8848075866699,280.9552001953125,427.66455078125,8.470229,14.0,-1,8.607487
8,382,1375.9583473205566,358.1056938171387,1302.6939697265625,406.88543701171875,6.4199595,8.0,-1,27.522722
12,382,1137.9379615783691,806.4366874694824,1064.673583984375,855.2164306640625,6.3411107,12.0,-1,19.942764
10,382,451.8587074279785,44.67764663696289,378.5943298339844,93.45738983154297,5.288964,12.0,-1,20.647846
797,382,1088.858798980713,233.5826530456543,1015.5944213867188,282.3623962402344,4.207297,16.0,-1,23.437346
14,382,98.48564147949219,1007.5810966491699,25.221263885498047,1056.36083984375,2.9117382,16.0,-1,6.553426
17,382,557.0101356506348,515.3238945007324,483.7457580566406,564.1036376953125,2.8844373,8.0,-1,17.503563
1201,382,1081.0423316955566,219.4892692565918,1007.7779541015625,268.2690124511719,0.77329093,16.0,1,7.331621
4,383,1199.003833770752,8.546520233154297,1124.43212890625,58.003265380859375,48.61764,8.0,1,27.35669
1,383,1358.456226348877,216.90803146362305,1283.884521484375,266.3647766113281,26.916613,8.0,1,26.86618
0,383,1350.3828620910645,909.3599662780762,1275.8111572265625,958.8167114257812,24.753359,10.0,1,5.4237194
337,383,1001.1359748840332,428.2552299499512,926.5642700195312,477.71197509765625,22.93396,24.0,-1,15.507145
811,383,1656.809741973877,134.97651290893555,1582.238037109375,184.43325805664062,16.510416,10.0,-1,11.453949
945,383,1685.788745880127,389.1366386413574,1611.217041015625,438.5933837890625,15.31055,6.0,1,5.781833
3,383,964.213550567627,442.92927169799805,889.641845703125,492.3860168457031,14.245975,16.0,-1,14.637189
6,383,389.1449165344238,262.28107833862305,314.5732116699219,311.7378234863281,13.267076,16.0,-1,7.546759
9,383,1306.3552742004395,1078.702922821045,1231.7835693359375,1128.15966796875,11.504039,8.0,-1,35.88879
2,383,1482.567066192627,345.35383224487305,1407.995361328125,394.8105773925781,9.810074,12.0,-1,10.272436
11,383,356.8813056945801,376.8478202819824,282.3096008300781,426.3045654296875,8.245724,14.0,-1,8.821444
10,383,453.8443489074707,45.95346450805664,379.27264404296875,95.41020965576172,6.676866,12.0,-1,16.926966
8,383,1374.9668464660645,361.0592155456543,1300.3951416015625,410.5159606933594,6.0614815,8.0,-1,27.074615
12,383,1135.4919929504395,806.3861503601074,1060.9202880859375,855.8428955078125,4.612849,12.0,-1,22.703342
17,383,554.6113166809082,512.7506523132324,480.03961181640625,562.2073974609375,2.3527071,8.0,-1,17.660877
797,383,1086.498462677002,232.4337272644043,1011.9267578125,281.8904724121094,2.2387881,18.0,-1,18.353287
14,383,101.25544166564941,1007.6316337585449,26.68373680114746,1057.08837890625,1.7923862,16.0,-1,3.7183902
1201,383,1074.7902717590332,220.85752487182617,1000.2185668945312,270.31427001953125,0.5275612,16.0,1,6.9817724
1,384,1359.6040296554565,217.47615242004395,1283.97021484375,266.9977722167969,35.009697,8.0,1,27.350471
4,384,1198.484278678894,8.504034042358398,1122.8504638671875,58.02565383911133,28.31661,8.0,1,27.88082
811,384,1657.6882581710815,134.73445320129395,1582.054443359375,184.25607299804688,21.576258,10.0,-1,9.357171
3,384,965.655665397644,444.3124256134033,890.0218505859375,493.83404541015625,18.495642,16.0,-1,14.984938
945,384,1685.0515394210815,390.12996101379395,1609.417724609375,439.6515808105469,17.528719,6.0,1,7.180081
0,384,1349.5610609054565,908.9824695587158,1273.92724609375,958.5040893554688,16.282068,10.0,1,3.8395238
337,384,999.6084241867065,428.6934070587158,923.974609375,478.21502685546875,15.109226,24.0,-1,15.694213
9,384,1305.296046257019,1076.617296218872,1229.6622314453125,1126.138916015625,9.865268,8.0,-1,33.706406
2,384,1484.801661491394,346.30052375793457,1409.1678466796875,395.8221435546875,9.55759,14.0,-1,12.42523
11,384,357.67690563201904,375.1881580352783,282.0430908203125,424.70977783203125,8.757998,14.0,-1,6.609645
6,384,389.54973888397217,261.94343757629395,313.9159240722656,311.4650573730469,8.222102,16.0,-1,6.65149
12,384,1133.705958366394,806.4286365509033,1058.0721435546875,855.9502563476562,7.153,12.0,-1,23.119081
8,384,1375.062159538269,362.0444812774658,1299.4283447265625,411.56610107421875,7.148033,8.0,-1,27.80676
10,384,455.0288038253784,45.83323097229004,379.3949890136719,95.35485076904297,6.627045,14.0,-1,15.0130825
797,384,1085.184473991394,233.84276008605957,1009.5506591796875,283.3643798828125,4.4505424,16.0,-1,38.576942
14,384,101.16012859344482,1006.6456165313721,25.52631378173828,1056.167236328125,2.9728262,16.0,-1,0.9965637
17,384,555.8953199386597,509.82176399230957,480.2615051269531,559.3433837890625,1.9865266,10.0,-1,16.400055
1201,384,1074.489649772644,222.5984058380127,998.8558349609375,272.1200256347656,0.60129225,14.0,1,7.804593
1,385,1357.976237297058,215.2174243927002,1282.06005859375,264.45989990234375,31.781847,8.0,1,26.227222
4,385,1198.359293937683,5.944509506225586,1122.443115234375,55.18698501586914,28.497118,8.0,1,27.093729
945,385,1683.225504875183,391.5181140899658,1607.309326171875,440.7605895996094,18.277456,6.0,1,6.420459
811,385,1658.8049726486206,134.4731159210205,1582.8887939453125,183.71559143066406,15.75376,10.0,-1,9.258299
2,385,1485.7429609298706,345.6482105255127,1409.8267822265625,394.89068603515625,14.572666,14.0,-1,10.062569
0,385,1351.352702140808,910.0368213653564,1275.4365234375,959.279296875,11.8133955,10.0,1,2.623563
3,385,966.0729780197144,443.24165534973145,890.1567993164062,492.484130859375,11.290745,16.0,-1,13.682101
6,385,386.85676097869873,263.85994148254395,310.9405822753906,313.1024169921875,10.212048,16.0,-1,7.260721
11,385,358.01862621307373,375.3822498321533,282.1024475097656,424.6247253417969,10.180046,14.0,-1,6.8699837
9,385,1305.7861738204956,1078.061357498169,1229.8699951171875,1127.3038330078125,9.920058,8.0,-1,33.306248
337,385,998.1912641525269,428.4993152618408,922.2750854492188,477.7417907714844,9.230554,26.0,-1,14.233475
12,385,1134.4631757736206,807.970537185669,1058.5469970703125,857.2130126953125,6.5577583,12.0,-1,20.185545
8,385,1372.6145429611206,360.2872791290283,1296.6983642578125,409.5297546386719,6.5353484,8.0,-1,29.135975
10,385,456.31602001190186,46.09157752990723,380.39984130859375,95.33405303955078,5.7528567,14.0,-1,14.763385
797,385,1084.7486371994019,234.52696418762207,1008.8324584960938,283.7694396972656,4.959374,18.0,-1,41.102642
14,385,100.70772647857666,1009.2592334747314,24.791547775268555,1058.501708984375,2.388863,16.0,-1,2.2229493
17,385,555.8771772384644,507.9970874786377,479.96099853515625,557.2395629882812,1.5222954,10.0,-1,15.253644
1201,385,1074.5077924728394,222.11421394348145,998.5916137695312,271.356689453125,0.6015709,16.0,1,8.491258
4,386,1196.29847240448,5.656476974487305,1120.230712890625,54.51809310913086,30.075804,8.0,1,27.616756
1,386,1356.7849225997925,214.8394947052002,1280.7171630859375,263.70111083984375,29.682714,8.0,1,26.593985
811,386,1658.530650138855,134.8237018585205,1582.462890625,183.68531799316406,16.319456,10.0,-1,9.251628
945,386,1684.8379011154175,388.67405891418457,1608.7701416015625,437.5356750488281,15.140693,6.0,1,7.5534077
0,386,1352.6501569747925,912.6325244903564,1276.5823974609375,961.494140625,13.896843,6.0,-1,1.8530023
2,386,1484.9047956466675,345.42402839660645,1408.8370361328125,394.28564453125,12.307899,14.0,-1,6.0682135
6,386,384.79017162323,263.13292121887207,308.722412109375,311.9945373535156,10.106442,16.0,-1,8.6422415
11,386,359.004282951355,376.3159351348877,282.9365234375,425.17755126953125,9.839221,14.0,-1,8.839318
9,386,1307.8867292404175,1075.657060623169,1231.8189697265625,1124.5186767578125,9.117629,8.0,-1,33.72746
8,386,1372.087779045105,359.4402027130127,1296.02001953125,408.30181884765625,8.644146,8.0,-1,29.838472
337,386,993.7658796310425,426.3557605743408,917.6981201171875,475.2173767089844,8.058141,28.0,-1,13.039709
3,386,965.8867902755737,445.5240955352783,889.8190307617188,494.3857116699219,7.296058,16.0,-1,12.192581
10,386,456.8929853439331,47.15305519104004,380.8252258300781,96.0146713256836,6.623192,14.0,-1,15.273991
12,386,1134.687876701355,809.0354175567627,1058.6201171875,857.8970336914062,5.306958,12.0,-1,12.390951
797,386,1084.9348249435425,236.4857349395752,1008.8670654296875,285.34735107421875,5.2047706,16.0,-1,37.16435
17,386,557.1578168869019,505.2890796661377,481.0900573730469,554.1506958007812,2.8080637,8.0,-1,15.661389
14,386,95.74553203582764,1012.659990310669,19.677772521972656,1061.5216064453125,2.5337095,16.0,-1,3.3183656
1201,386,1076.0967512130737,222.3383960723877,1000.0289916992188,271.20001220703125,0.6360528,14.0,1,8.449326
1,387,1356.9245710372925,215.06086921691895,1280.245361328125,264.0436706542969,33.158978,8.0,1,26.083422
4,387,1196.15882396698,7.03840446472168,1119.4796142578125,56.02120590209961,32.23812,8.0,1,28.764532
811,387,1660.71058177948,134.98835945129395,1584.0313720703125,183.97116088867188,29.559021,10.0,-1,10.450693
945,387,1688.6186628341675,386.80342292785645,1611.939453125,435.7862243652344,17.279648,6.0,1,7.8551583
2,387,1485.123423576355,343.61519050598145,1408.4442138671875,392.5979919433594,11.660656,14.0,-1,8.416445
0,387,1356.22571849823,912.6353015899658,1279.5465087890625,961.6181030273438,10.120059,6.0,-1,2.3684263
11,387,360.81367015838623,375.9770679473877,284.13446044921875,424.9598693847656,9.676079,14.0,-1,8.813161
6,387,383.6251630783081,258.7752857208252,306.9459533691406,307.7580871582031,9.18006,16.0,-1,9.209661
8,387,1370.9299421310425,360.8495349884033,1294.250732421875,409.83233642578125,7.6849046,8.0,-1,27.179802
9,387,1312.0244245529175,1076.6235218048096,1235.34521484375,1125.6063232421875,7.2992706,8.0,-1,29.650084
12,387,1134.4773054122925,810.6382923126221,1057.798095703125,859.62109375,6.2902203,12.0,-1,15.148804
10,387,459.6691083908081,43.5955753326416,382.9898986816406,92.57837677001953,5.8022614,14.0,-1,16.272146
337,387,993.5488996505737,430.2559070587158,916.8696899414062,479.23870849609375,5.4912934,26.0,-1,10.44051
797,387,1083.9945783615112,235.57548713684082,1007.3153686523438,284.55828857421875,4.0783033,18.0,-1,34.483147
3,387,964.9989728927612,445.52131843566895,888.3197631835938,494.5041198730469,3.8024282,16.0,-1,9.218233
14,387,93.86510944366455,1010.9781360626221,17.18589973449707,1059.9609375,2.8984308,16.0,-1,3.0617397
17,387,558.8865461349487,504.1018543243408,482.20733642578125,553.0846557617188,1.8036332,10.0,-1,14.833737
1201,387,1072.0771589279175,223.4427661895752,995.39794921875,272.4255676269531,0.45540306,16.0,1,7.9437876
4,388,1195.2394514083862,6.970525741577148,1117.9375,56.0262336730957,61.240204,8.0,1,28.159225
1,388,1357.6749982833862,214.95585823059082,1280.373046875,264.0115661621094,30.215223,8.0,1,25.562971
811,388,1660.9872541427612,136.16722297668457,1583.685302734375,185.22293090820312,17.305962,10.0,-1,8.736131
945,388,1689.4273176193237,386.8827075958252,1612.1253662109375,435.93841552734375,17.107557,6.0,1,8.15106
0,388,1357.1057844161987,912.9730396270752,1279.8038330078125,962.0287475585938,12.59335,6.0,-1,2.606431
2,388,1485.0987043380737,343.89607429504395,1407.7967529296875,392.9517822265625,10.60463,14.0,-1,7.243601
8,388,1369.5640363693237,359.18977546691895,1292.2620849609375,408.2454833984375,9.698785,8.0,-1,26.081972
337,388,991.626841545105,427.90770149230957,914.3248901367188,476.9634094238281,9.587363,26.0,-1,11.81626
9,388,1314.9547834396362,1076.5690479278564,1237.65283203125,1125.624755859375,8.744027,8.0,-1,32.88859
6,388,382.27753734588623,256.1772632598877,304.9755859375,305.23297119140625,8.411447,16.0,-1,8.159805
12,388,1134.5020246505737,811.0570850372314,1057.2000732421875,860.11279296875,8.000381,12.0,-1,17.16727
11,388,359.7649335861206,374.73546028137207,282.4629821777344,423.7911682128906,7.2888474,14.0,-1,7.7303653
10,388,460.91404247283936,42.9288272857666,383.6120910644531,91.98453521728516,5.580105,12.0,-1,17.261282
3,388,964.9094343185425,446.42256355285645,887.6074829101562,495.478271484375,4.360738,14.0,-1,9.950078
797,388,1083.75013256073,235.8226490020752,1006.4481811523438,284.87835693359375,4.028686,16.0,-1,33.612244
14,388,96.49054622650146,1010.6501026153564,19.188594818115234,1059.705810546875,3.4807596,18.0,-1,3.166726
17,388,563.0976972579956,506.73750495910645,485.7957458496094,555.793212890625,2.0543163,10.0,-1,16.334988
1201,388,1071.5540266036987,223.49724006652832,994.2520751953125,272.5529479980469,0.75691754,16.0,1,8.272366
4,389,1193.567271232605,8.599123001098633,1116.03369140625,57.51316833496094,34.606632,8.0,1,27.20286
1,389,1357.87952709198,216.8650074005127,1280.345947265625,265.779052734375,29.637566,8.0,1,25.286657
811,389,1661.660044670105,138.86566352844238,1584.12646484375,187.7797088623047,16.478287,10.0,-1,7.996931
945,389,1689.355845451355,385.89485359191895,1611.822265625,434.80889892578125,15.955219,6.0,1,8.08592
8,389,1369.68665599823,357.15730476379395,1292.153076171875,406.07135009765625,14.123328,8.0,-1,28.586899
0,389,1357.4843854904175,912.8266773223877,1279.9508056640625,961.74072265625,12.110831,6.0,-1,3.560141
9,389,1315.2290143966675,1077.5403003692627,1237.6954345703125,1126.454345703125,10.1416445,8.0,-1,34.39153
12,389,1134.16419506073,813.3568286895752,1056.630615234375,862.2708740234375,9.0371275,12.0,-1,16.421305
2,389,1485.1701765060425,343.32347297668457,1407.6365966796875,392.2375183105469,8.051817,14.0,-1,8.274344
6,389,381.7348737716675,253.19645881652832,304.2012939453125,302.1105041503906,7.414278,16.0,-1,6.4159126
11,389,357.8050947189331,372.94835090637207,280.2715148925781,421.8623962402344,5.9670525,14.0,-1,8.4326515
10,389,460.77207469940186,43.27420234680176,383.2384948730469,92.18824768066406,5.9579787,12.0,-1,18.148333
337,389,988.0182600021362,426.2093677520752,910.4846801757812,475.1234130859375,5.749367,24.0,-1,10.991625
3,389,964.5414533615112,446.24461555480957,887.0078735351562,495.1586608886719,3.7120447,14.0,-1,9.640451
797,389,1082.3057355880737,236.51399421691895,1004.7721557617188,285.42803955078125,3.4671118,18.0,-1,30.53279
17,389,563.7642011642456,506.88386726379395,486.2306213378906,555.7979125976562,3.360628,8.0,-1,16.68167
14,389,97.42625331878662,1011.8740406036377,19.89267349243164,1060.7880859375,2.126429,16.0,-1,1.9166068
1201,389,1072.2829694747925,222.6195240020752,994.7493896484375,271.5335693359375,0.48862925,16.0,1,8.08203
1,390,1357.90247631073,216.6742877960205,1280.318603515625,266.170654296875,36.967022,8.0,1,25.307255
4,390,1194.6823835372925,8.329240798950195,1117.0985107421875,57.82560729980469,33.705067,8.0,1,26.676455
945,390,1687.7668561935425,388.11599922180176,1610.1829833984375,437.61236572265625,20.269281,6.0,1,4.7857804
811,390,1661.81116771698,139.05638313293457,1584.227294921875,188.55274963378906,14.324192,10.0,-1,8.4414015
2,390,1484.9419050216675,340.67395210266113,1407.3580322265625,390.1703186035156,12.810348,14.0,-1,6.718997
0,390,1357.3667097091675,913.4809284210205,1279.7828369140625,962.977294921875,12.766753,16.0,-1,7.6148667
6,390,381.89878368377686,250.68133735656738,304.3149108886719,300.1777038574219,12.704921,16.0,-1,7.3131437
8,390,1371.1777448654175,356.5985736846924,1293.5938720703125,406.0949401855469,10.335843,8.0,-1,29.00132
9,390,1315.4084577560425,1078.7480182647705,1237.8245849609375,1128.244384765625,8.897885,8.0,-1,31.272453
12,390,1134.14124584198,812.5824909210205,1056.557373046875,862.078857421875,8.035776,12.0,-1,16.160929
10,390,459.56528759002686,42.8633975982666,381.9814147949219,92.3597640991211,7.2983704,12.0,-1,16.224394
11,390,358.68149852752686,369.97534370422363,281.0976257324219,419.4717102050781,7.202949,14.0,-1,7.972469
797,390,1081.3842878341675,238.91229438781738,1003.8004150390625,288.4086608886719,5.9016304,18.0,-1,40.60233
337,390,987.3541975021362,430.1698932647705,909.7703247070312,479.666259765625,4.065725,26.0,-1,10.156183
3,390,965.8027448654175,446.007417678833,888.2188720703125,495.5037841796875,3.201029,16.0,-1,12.913015
14,390,94.15525341033936,1013.3988971710205,16.571380615234375,1062.895263671875,3.0252619,16.0,-1,2.9942517
17,390,563.2151594161987,507.620943069458,485.63128662109375,557.1173095703125,2.0235732,10.0,-1,16.606571
1201,390,1073.47718334198,224.92981147766113,995.893310546875,274.4261779785156,0.43415084,14.0,1,8.60207
4,391,1195.0114240646362,8.465984344482422,1117.70751953125,57.98001480102539,41.6702,8.0,1,28.478643
1,391,1359.5141096115112,216.94031524658203,1282.210205078125,266.454345703125,33.333363,8.0,1,24.924814
811,391,1661.3123273849487,138.48448944091797,1584.0084228515625,187.99851989746094,20.1298,10.0,-1,6.8744287
945,391,1686.1535139083862,388.38660430908203,1608.849609375,437.900634765625,15.180657,6.0,1,5.392711
0,391,1357.3670148849487,913.712043762207,1280.0631103515625,963.22607421875,12.130345,16.0,-1,8.049245
6,391,382.97602367401123,248.6733169555664,305.672119140625,298.1873474121094,11.968975,16.0,-1,6.470281
2,391,1484.7947492599487,338.5181655883789,1407.4908447265625,388.0321960449219,10.241535,12.0,-1,9.345638
9,391,1317.1297101974487,1078.5766677856445,1239.8258056640625,1128.0906982421875,10.222339,8.0,-1,36.732197
8,391,1371.1774396896362,355.1133499145508,1293.87353515625,404.62738037109375,8.091813,8.0,-1,28.971289
11,391,359.00062084198,370.47000885009766,281.69671630859375,419.9840393066406,7.013861,14.0,-1,7.248728
10,391,458.1362409591675,42.26856994628906,380.83233642578125,91.78260040283203,5.6281343,12.0,-1,17.862864
12,391,1132.0529279708862,814.0265579223633,1054.7490234375,863.5405883789062,5.588385,10.0,-1,15.619955
14,391,93.51506328582764,1010.586311340332,16.211158752441406,1060.100341796875,5.023807,16.0,-1,4.958453
797,391,1081.0545148849487,238.64978790283203,1003.7506103515625,288.163818359375,4.6786456,18.0,-1,45.84129
337,391,985.42689037323,431.9823684692383,908.1229858398438,481.49639892578125,3.1624174,26.0,-1,8.173307
3,391,966.6798810958862,445.8706741333008,889.3759765625,495.38470458984375,2.6748955,16.0,-1,16.39932
17,391,565.2719221115112,508.77820587158203,487.968017578125,558.292236328125,1.6381592,10.0,-1,15.128492
1201,391,1074.5425519943237,225.84900665283203,997.2386474609375,275.363037109375,0.8287196,12.0,1,9.847247
4,392,1195.0114240646362,10.569221496582031,1117.875732421875,60.0445556640625,50.635727,8.0,1,27.253693
1,392,1361.2664289474487,215.44538116455078,1284.1307373046875,264.92071533203125,31.716661,8.0,1,24.358616
6,392,385.13434886932373,250.39945220947266,307.9986572265625,299.8747863769531,18.19204,16.0,-1,6.4184074
811,392,1663.4021711349487,136.55561065673828,1586.2664794921875,186.03094482421875,16.235964,10.0,-1,4.279311
945,392,1687.1607160568237,388.05960845947266,1610.0250244140625,437.5349426269531,14.233645,6.0,1,4.010059
2,392,1481.9658918380737,340.1565933227539,1404.8302001953125,389.6319274902344,11.658456,14.0,-1,18.059326
0,392,1357.1227521896362,915.9271926879883,1279.987060546875,965.4025268554688,9.409575,6.0,-1,6.251231
9,392,1318.0084943771362,1078.5766677856445,1240.872802734375,1128.052001953125,8.975405,8.0,-1,34.199482
11,392,357.89109325408936,370.5679397583008,280.7554016113281,420.04327392578125,8.424208,14.0,-1,8.77152
8,392,1369.4580793380737,355.9878616333008,1292.3223876953125,405.46319580078125,6.08835,8.0,-1,29.049824
797,392,1078.909556388855,236.74884796142578,1001.7738647460938,286.22418212890625,5.588347,18.0,-1,47.75305
10,392,458.27329540252686,43.279273986816406,381.1376037597656,92.75460815429688,5.5371137,12.0,-1,18.130266
12,392,1133.7025861740112,813.3481521606445,1056.56689453125,862.823486328125,5.1465445,12.0,-1,15.005315
337,392,986.0163068771362,429.8582534790039,908.880615234375,479.3335876464844,4.6356025,26.0,-1,9.1416235
3,392,965.672251701355,444.82056427001953,888.5365600585938,494.2958984375,2.8796957,14.0,-1,16.433521
14,392,92.56634616851807,1008.434455871582,15.430654525756836,1057.9097900390625,2.7762299,16.0,-1,2.8985906
17,392,563.7991437911987,508.8456497192383,486.6634521484375,558.3209838867188,2.5909998,10.0,-1,16.536411
4,393,1193.5127058029175,11.959465026855469,1116.1636962890625,61.85913848876953,41.553993,8.0,1,26.229464
1,393,1363.61292552948,215.37025451660156,1286.263916015625,265.2699279785156,28.366255,8.0,1,24.862555
811,393,1665.4868268966675,136.11138916015625,1588.1378173828125,186.0110626220703,21.62147,10.0,-1,8.239904
6,393,386.63901805877686,250.52247619628906,309.2900085449219,300.4221496582031,16.506899,16.0,-1,5.988462
945,393,1687.6811628341675,386.89952087402344,1610.3321533203125,436.7991943359375,13.3598795,6.0,1,4.7796793
0,393,1358.9856061935425,916.1404266357422,1281.6365966796875,966.0401000976562,10.849311,6.0,-1,5.299902
2,393,1481.804575920105,339.8661651611328,1404.45556640625,389.7658386230469,8.896424,14.0,-1,13.488588
8,393,1368.28382396698,356.2515106201172,1290.934814453125,406.15118408203125,6.3945866,8.0,-1,26.945755
11,393,357.89109325408936,369.6974334716797,280.5420837402344,419.59710693359375,5.865206,14.0,-1,7.687843
9,393,1317.10071849823,1081.4600677490234,1239.751708984375,1131.3597412109375,5.817985,8.0,-1,26.622843
797,393,1081.68274974823,236.5699920654297,1004.333740234375,286.46966552734375,5.7489963,16.0,-1,40.378532
10,393,459.48566722869873,43.279273986816406,382.13665771484375,93.17894744873047,5.532747,12.0,-1,18.476196
337,393,982.8938703536987,428.4493865966797,905.5448608398438,478.34906005859375,4.839446,26.0,-1,9.229319
14,393,92.03123188018799,1009.5947113037109,14.682222366333008,1059.494384765625,4.5994964,16.0,-1,2.7957819
12,393,1135.83899974823,813.6580047607422,1058.489990234375,863.5576782226562,3.9769437,12.0,-1,17.308743
3,393,964.2360334396362,442.7921905517578,886.8870239257812,492.6918640136719,2.3601408,14.0,-1,16.54119
17,393,563.1227521896362,509.43101501464844,485.77374267578125,559.3306884765625,1.471958,10.0,-1,14.992618
1201,393,1073.4013166427612,221.19749450683594,996.0523071289062,271.09716796875,0.9333841,14.0,1,11.93618
4,394,1193.2359113693237,12.189018249511719,1116.0380859375,61.709861755371094,34.60068,8.0,1,25.809584
1,394,1363.7111310958862,214.79452514648438,1286.5133056640625,264.31536865234375,34.081463,8.0,1,25.041151
811,394,1665.0888166427612,135.986572265625,1587.8909912109375,185.50741577148438,20.625368,10.0,-1,6.2737513
6,394,386.55051708221436,248.70938110351562,309.3526916503906,298.230224609375,13.639514,16.0,-1,7.372096
0,394,1360.9506330490112,916.1921691894531,1283.7528076171875,965.7130126953125,12.296317,6.0,-1,1.8388708
945,394,1690.4799299240112,388.6434326171875,1613.2821044921875,438.1642761230469,10.259759,6.0,1,5.1356726
2,394,1481.3322248458862,339.9847106933594,1404.1343994140625,389.50555419921875,9.59863,14.0,-1,11.785478
9,394,1317.4652814865112,1089.2027893066406,1240.2674560546875,1138.7236328125,8.733303,8.0,-1,35.207302
11,394,357.35761547088623,369.10986328125,280.1597900390625,418.6307067871094,8.15636,14.0,-1,8.038326
8,394,1366.8280744552612,353.321044921875,1289.6302490234375,402.8418884277344,6.928253,8.0,-1,31.85614
10,394,458.0267744064331,43.22753143310547,380.8289489746094,92.74837493896484,5.957024,12.0,-1,18.200014
337,394,983.5473127365112,428.6817932128906,906.3494873046875,478.20263671875,4.337114,26.0,-1,7.9619527
12,394,1138.4497785568237,813.1100769042969,1061.251953125,862.6309204101562,4.266939,12.0,-1,18.179108
797,394,1081.7712507247925,235.75543212890625,1004.5734252929688,285.2762756347656,4.2624965,16.0,-1,42.1112
3,394,965.18616771698,441.88568115234375,887.9883422851562,491.4065246582031,2.5129457,14.0,-1,21.782429
17,394,561.1931562423706,511.8726501464844,483.9953308105469,561.3934936523438,2.3580954,8.0,-1,17.881578
14,394,90.80045509338379,1009.7092590332031,13.602629661560059,1059.2301025390625,1.8744922,16.0,-1,3.1654863
1201,394,1073.4994611740112,221.47076416015625,996.3016357421875,270.9916076660156,0.6414515,14.0,1,10.616668
1,395,1364.35218334198,215.17489624023438,1287.2215576171875,264.875,27.483152,8.0,1,25.853323
811,395,1665.0131940841675,132.0792694091797,1587.882568359375,181.7793731689453,27.118156,10.0,-1,5.578572
4,395,1195.1313581466675,10.993179321289062,1118.000732421875,60.69328308105469,24.131544,8.0,1,25.718624
6,395,386.5935163497925,249.92257690429688,309.462890625,299.6226806640625,15.548421,16.0,-1,6.5764885
945,395,1689.86439037323,389.23773193359375,1612.7337646484375,438.9378356933594,12.744254,6.0,1,4.819081
9,395,1320.6684675216675,1088.3802185058594,1243.537841796875,1138.080322265625,11.895196,8.0,-1,35.287292
2,395,1482.2417097091675,341.927734375,1405.111083984375,391.6278381347656,10.226893,14.0,-1,10.111726
0,395,1361.5063581466675,916.0040588378906,1284.375732421875,965.7041625976562,9.590604,6.0,-1,4.911931
8,395,1369.611704826355,352.49090576171875,1292.4810791015625,402.1910095214844,8.569072,8.0,-1,32.40427
11,395,357.3146162033081,366.44293212890625,280.1839904785156,416.1430358886719,7.8655987,14.0,-1,8.462124
337,395,980.5324201583862,427.74359130859375,903.4017944335938,477.4436950683594,5.3849983,26.0,-1,11.027471
10,395,457.6545515060425,46.35413360595703,380.52392578125,96.05423736572266,5.2005696,12.0,-1,17.592667
12,395,1137.745493888855,810.8272399902344,1060.6148681640625,860.52734375,4.5900245,12.0,-1,20.32401
797,395,1082.4265241622925,235.11907958984375,1005.2958984375,284.8191833496094,4.3907504,16.0,-1,38.587635
17,395,560.855845451355,512.6622619628906,483.7252197265625,562.3623657226562,3.7515707,8.0,-1,18.94338
14,395,88.60438632965088,1012.2068786621094,11.473760604858398,1061.906982421875,2.6026108,16.0,-1,3.5247934
3,395,963.9778547286987,444.24163818359375,886.8472290039062,493.9417419433594,2.567996,16.0,-1,15.500009
1201,395,1074.0864973068237,221.65887451171875,996.9558715820312,271.3589782714844,0.835859,14.0,1,9.287892
1,396,1362.2404279708862,216.8809814453125,1285.45068359375,266.2312316894531,28.656067,8.0,1,25.514242
4,396,1195.0662336349487,10.484699249267578,1118.2764892578125,59.8349494934082,27.640724,8.0,1,23.44036
811,396,1666.2395734786987,132.13267517089844,1589.4498291015625,181.48292541503906,20.761408,10.0,-1,6.1723595
6,396,385.77399730682373,248.85003662109375,308.9842529296875,298.2002868652344,14.301079,16.0,-1,6.260296
945,396,1689.8307600021362,389.184326171875,1613.041015625,438.5345764160156,11.571255,6.0,1,4.624108
8,396,1372.4064435958862,354.904052734375,1295.61669921875,404.2543029785156,9.118546,8.0,-1,29.558619
9,396,1322.3530988693237,1087.1476745605469,1245.5633544921875,1136.4979248046875,8.003419,8.0,-1,30.353306
2,396,1482.2703351974487,342.3913269042969,1405.4805908203125,391.7415771484375,7.5632844,14.0,-1,10.054391
0,396,1362.2179670333862,915.4384460449219,1285.42822265625,964.7886962890625,7.3630238,8.0,-1,12.073775
11,396,357.187876701355,364.4721374511719,280.39813232421875,413.8223876953125,7.0119815,14.0,-1,8.637059
10,396,458.56977367401123,46.140830993652344,381.780029296875,95.49108123779297,6.595644,12.0,-1,15.800567
797,396,1084.1316633224487,237.98724365234375,1007.3419189453125,287.3374938964844,5.365152,16.0,-1,34.85312
14,396,89.5691909790039,1016.4707946777344,12.779446601867676,1065.821044921875,5.2743783,16.0,-1,4.42668
12,396,1136.7763166427612,814.5461120605469,1059.986572265625,863.8963623046875,4.213871,12.0,-1,23.242357
337,396,982.41321849823,425.9606628417969,905.6234741210938,475.3109130859375,3.6327503,28.0,-1,8.03065
3,396,963.6997785568237,446.32330322265625,886.9100341796875,495.6735534667969,2.7449663,16.0,-1,12.858802
17,396,560.8272199630737,512.2782287597656,484.0374755859375,561.6284790039062,2.5593054,8.0,-1,20.650175
1201,396,1073.0940046310425,225.10427856445312,996.3042602539062,274.45452880859375,0.69687724,12.0,1,6.1709814
4,397,1193.3351850509644,9.233200073242188,1116.208740234375,58.465354919433594,38.6646,8.0,1,22.606123
1,397,1361.4285688400269,216.43944549560547,1284.3021240234375,265.6716003417969,29.55438,8.0,1,22.522953
811,397,1666.8461713790894,132.17656707763672,1589.7197265625,181.40872192382812,25.161062,10.0,-1,5.432853
6,397,386.00986766815186,250.19194793701172,308.8834228515625,299.4241027832031,14.036834,16.0,-1,6.887498
945,397,1690.3080854415894,389.36360931396484,1613.181640625,438.59576416015625,11.993088,6.0,1,4.671296
9,397,1322.8730268478394,1086.4963607788086,1245.74658203125,1135.728515625,11.734975,8.0,-1,32.254463
8,397,1373.2875776290894,356.0841598510742,1296.1611328125,405.3163146972656,10.053203,8.0,-1,32.56266
2,397,1481.9688520431519,342.76671600341797,1404.8424072265625,391.9988708496094,9.367192,14.0,-1,7.2812276
11,397,357.19321727752686,365.4873580932617,280.0667724609375,414.7195129394531,9.082337,14.0,-1,7.227769
10,397,456.78364086151123,45.8116455078125,379.6571960449219,95.0438003540039,6.804438,14.0,-1,13.010429
797,397,1081.8670454025269,237.12615203857422,1004.7406005859375,286.3583068847656,6.2485976,16.0,-1,28.361935
0,397,1362.2126264572144,914.5105819702148,1285.086181640625,963.7427368164062,5.718103,8.0,-1,13.00938
12,397,1134.6127729415894,815.3084335327148,1057.486328125,864.5405883789062,5.142388,12.0,-1,23.139229
14,397,92.8470458984375,1016.4186019897461,15.720601081848145,1065.6507568359375,5.1300187,16.0,-1,4.5110445
337,397,976.8382978439331,425.9167709350586,899.7118530273438,475.14892578125,4.462392,26.0,-1,13.031857
17,397,558.9830732345581,514.0684432983398,481.85662841796875,563.3005981445312,3.2043827,8.0,-1,18.002659
3,397,964.0403242111206,446.96102142333984,886.9138793945312,496.19317626953125,2.6222138,14.0,-1,14.985414
1201,397,1074.3347578048706,222.42028045654297,997.2083129882812,271.6524353027344,0.47556373,14.0,1,8.35661
1,398,1361.0867891311646,214.8613052368164,1284.046875,263.92291259765625,45.997143,8.0,1,23.093422
811,398,1666.860348701477,131.53345489501953,1589.8204345703125,180.59506225585938,26.074644,10.0,-1,2.4424584
4,398,1191.8931856155396,11.595123291015625,1114.853271484375,60.65673065185547,22.585014,8.0,1,20.261482
9,398,1320.8306856155396,1086.5856094360352,1243.790771484375,1135.647216796875,14.268559,8.0,-1,35.650818
6,398,384.7251863479614,249.9194107055664,307.6852722167969,298.98101806640625,12.967022,16.0,-1,7.4826527
10,398,457.25536823272705,47.108802795410156,380.2154541015625,96.17041015625,12.455537,16.0,-1,11.539042
945,398,1689.693844795227,386.78553009033203,1612.6539306640625,435.8471374511719,11.782508,6.0,1,6.185205
2,398,1482.3848848342896,341.4508743286133,1405.344970703125,390.5124816894531,9.012717,14.0,-1,11.702889
0,398,1362.765377998352,915.1502456665039,1285.7254638671875,964.2118530273438,8.927762,8.0,-1,13.055016
8,398,1376.092526435852,355.3753433227539,1299.0526123046875,404.43695068359375,8.848614,8.0,-1,31.639816
11,398,357.4498567581177,365.39810943603516,280.4099426269531,414.459716796875,8.466899,14.0,-1,8.383119
12,398,1135.994381904602,816.5528335571289,1058.9544677734375,865.6144409179688,5.216268,12.0,-1,25.633652
797,398,1079.8096895217896,237.63605499267578,1002.769775390625,286.6976623535156,5.137896,18.0,-1,34.83032
17,398,556.9529390335083,514.7719497680664,479.91302490234375,563.8335571289062,4.467153,8.0,-1,22.347189
14,398,92.8328685760498,1014.5704727172852,15.792954444885254,1063.632080078125,4.394011,16.0,-1,4.93307
337,398,976.907467842102,430.5441360473633,899.8675537109375,479.6057434082031,3.9144695,28.0,-1,7.3694763
3,398,964.3873262405396,445.1933059692383,887.347412109375,494.2549133300781,3.41389,14.0,-1,19.33546
1201,398,1073.4556856155396,223.54886627197266,996.415771484375,272.6104736328125,0.62779075,14.0,1,6.6095457
4,399,1193.1932802200317,10.756031036376953,1115.74853515625,60.29616165161133,23.854263,8.0,1,18.601982
1,399,1362.6267518997192,213.40362548828125,1285.1820068359375,262.9437561035156,22.98495,8.0,1,25.267763
811,399,1665.5460634231567,131.9687957763672,1588.101318359375,181.50892639160156,22.49483,10.0,-1,2.6130247
945,399,1689.2645692825317,386.15362548828125,1611.81982421875,435.6937561035156,17.859085,6.0,1,5.2426853
9,399,1323.3177919387817,1086.2777404785156,1245.873046875,1135.81787109375,10.41997,8.0,-1,32.98065
10,399,455.546612739563,47.16603088378906,378.10186767578125,96.70616149902344,10.202576,14.0,-1,11.435634
6,399,382.10416889190674,253.12789916992188,304.659423828125,302.66802978515625,9.348442,16.0,-1,8.075631
2,399,1482.9829530715942,341.3936462402344,1405.5382080078125,390.93377685546875,9.068467,14.0,-1,11.049545
0,399,1362.4601259231567,914.3220520019531,1285.015380859375,963.8621826171875,8.256857,8.0,-1,15.502796
11,399,357.1839418411255,366.55340576171875,279.73919677734375,416.0935363769531,7.406271,14.0,-1,8.859185
8,399,1379.9871034622192,354.77447509765625,1302.5423583984375,404.3146057128906,6.6826215,8.0,-1,32.98056
14,399,94.2258882522583,1014.8561096191406,16.781143188476562,1064.396240234375,6.2752986,16.0,-1,3.2062001
797,399,1077.1481142044067,238.7960205078125,999.703369140625,288.3361511230469,6.19882,18.0,-1,44.156
12,399,1137.5923280715942,819.9084167480469,1060.1475830078125,869.4485473632812,4.6302624,10.0,-1,27.290812
17,399,555.5974245071411,514.1193542480469,478.1526794433594,563.6594848632812,3.6923845,8.0,-1,21.324648
3,399,967.4937562942505,444.63665771484375,890.0490112304688,494.1767883300781,3.0941923,14.0,-1,20.890844
337,399,977.1733827590942,431.09222412109375,899.7286376953125,480.6323547363281,2.11318,28.0,-1,6.5781403
1201,399,1072.4874086380005,225.06875610351562,995.0426635742188,274.60888671875,0.6543763,14.0,1,8.181025
1,400,1362.8519105911255,213.75161743164062,1286.0079345703125,264.171875,28.416542,8.0,1,26.453623
811,400,1668.745343208313,133.07781982421875,1591.9013671875,183.49807739257812,24.433943,10.0,-1,4.6302943
4,400,1191.1727113723755,8.926742553710938,1114.3287353515625,59.34700012207031,21.7386,8.0,1,14.816888
6,400,379.11433124542236,249.02435302734375,302.2703552246094,299.4446105957031,13.053726,16.0,-1,8.278626
945,400,1689.6863832473755,386.6557922363281,1612.8424072265625,437.0760498046875,11.954253,6.0,1,5.0602465
8,400,1380.052472114563,355.2442321777344,1303.20849609375,405.66448974609375,10.41489,8.0,-1,33.549015
9,400,1323.256085395813,1085.6777648925781,1246.412109375,1136.0980224609375,9.347133,8.0,-1,34.853672
11,400,355.3896608352661,366.55340576171875,278.5456848144531,416.9736633300781,8.802581,14.0,-1,8.663706
10,400,454.14387226104736,46.209999084472656,377.2998962402344,96.63025665283203,8.255773,14.0,-1,12.75034
2,400,1483.0840883255005,341.0975341796875,1406.2401123046875,391.5177917480469,7.974776,14.0,-1,9.132483
0,400,1361.1605043411255,913.0333557128906,1284.3165283203125,963.45361328125,7.3282647,16.0,-1,12.789387
12,400,1138.1302309036255,820.8491516113281,1061.2862548828125,871.2694091796875,5.8701363,12.0,-1,25.197208
14,400,94.26996326446533,1013.4133605957031,17.425987243652344,1063.8336181640625,5.6796365,16.0,-1,4.159584
797,400,1076.1311464309692,240.68569946289062,999.2871704101562,291.10595703125,4.1948714,16.0,-1,34.161186
337,400,977.1733827590942,432.05548095703125,900.3294067382812,482.4757385253906,3.7802017,28.0,-1,4.235483
17,400,556.5426454544067,509.0928649902344,479.69866943359375,559.5131225585938,3.6074193,8.0,-1,21.507284
3,400,966.5714540481567,444.77655029296875,889.7274780273438,495.1968078613281,3.527365,16.0,-1,20.845276
811,401,1668.745343208313,131.18898010253906,1592.27294921875,181.77867126464844,29.43292,10.0,-1,2.4189162
1,401,1364.2923402786255,215.2259521484375,1287.8199462890625,265.8156433105469,25.237968,8.0,1,27.12525
945,401,1690.2942934036255,385.52545166015625,1613.8218994140625,436.1151428222656,20.516058,6.0,1,7.589308
4,401,1191.594464302063,9.283679962158203,1115.1220703125,59.87337112426758,20.407364,8.0,1,17.506548
6,401,376.633770942688,246.61727905273438,300.161376953125,297.20697021484375,16.044123,16.0,-1,8.02933
11,401,354.534405708313,365.1329650878906,278.06201171875,415.72265625,11.586558,14.0,-1,9.779791
9,401,1323.287579536438,1087.2346496582031,1246.815185546875,1137.8243408203125,11.269385,8.0,-1,32.3816
0,401,1360.094464302063,913.1776428222656,1283.6220703125,963.767333984375,10.341258,18.0,-1,18.51082
8,401,1380.578351020813,355.2442321777344,1304.10595703125,405.83392333984375,10.212263,8.0,-1,34.391575
2,401,1484.024395942688,342.6072082519531,1407.552001953125,393.1968994140625,8.603507,14.0,-1,14.718862
12,401,1140.430401802063,819.3601989746094,1063.9580078125,869.9498901367188,7.1320205,10.0,-1,27.323118
10,401,453.49589252471924,47.66107177734375,377.02349853515625,98.25076293945312,6.139213,12.0,-1,18.107628
797,401,1075.115460395813,243.26239013671875,998.64306640625,293.8520812988281,5.3120723,16.0,-1,34.17191
3,401,966.3719911575317,444.267578125,889.8995971679688,494.8572692871094,4.5690866,16.0,-1,19.537848
14,401,92.73507022857666,1013.2048645019531,16.262676239013672,1063.7945556640625,4.114656,16.0,-1,4.141485
17,401,554.4747133255005,505.4982604980469,478.0023193359375,556.0879516601562,3.670203,8.0,-1,22.468548
337,401,978.6927309036255,436.5135192871094,902.2203369140625,487.10321044921875,2.4316678,14.0,1,0.03059578
1201,401,1069.6805849075317,228.1181640625,993.2081909179688,278.7078552246094,0.6379573,14.0,1,6.6417828
1,402,1366.9145712852478,214.9241180419922,1290.2974853515625,266.0604553222656,30.123777,8.0,1,27.034927
4,402,1191.2491660118103,10.63760757446289,1114.632080078125,61.77394485473633,28.384737,8.0,1,20.148167
811,402,1667.8217978477478,131.2247314453125,1591.2047119140625,182.36106872558594,19.50094,10.0,-1,3.6667879
945,402,1691.2910361289978,384.58961486816406,1614.6739501953125,435.7259521484375,14.662605,6.0,1,4.2154083
0,402,1360.8200888633728,913.3330841064453,1284.2030029296875,964.4694213867188,14.467705,18.0,-1,26.088104
6,402,377.6171774864197,243.12916564941406,301.0000915527344,294.2655029296875,13.829254,16.0,-1,7.032404
11,402,356.40657567977905,366.6200408935547,279.78948974609375,417.7563781738281,12.581811,14.0,-1,10.7285595
2,402,1482.6949667930603,342.4182586669922,1406.077880859375,393.5545959472656,12.135581,14.0,-1,15.114387
9,402,1324.2978720664978,1087.2572174072266,1247.6807861328125,1138.3935546875,10.870041,8.0,-1,35.258938
3,402,966.6978964805603,443.51942443847656,890.080810546875,494.65576171875,7.847679,28.0,-1,20.379837
10,402,452.3358054161072,48.248016357421875,375.7187194824219,99.38435363769531,6.7686896,12.0,-1,20.759165
12,402,1142.2894492149353,818.3653106689453,1065.67236328125,869.5016479492188,6.296839,12.0,-1,26.917759
8,402,1380.0155234336853,355.22166442871094,1303.3984375,406.3580017089844,6.1338353,8.0,-1,33.200333
797,402,1072.8756918907166,243.34043884277344,996.2586059570312,294.4767761230469,5.933142,14.0,-1,44.070156
337,402,974.6790976524353,438.18882751464844,898.06201171875,489.3251647949219,5.831499,26.0,-1,16.641882
14,402,92.52015733718872,1011.8647613525391,15.903071403503418,1063.0010986328125,5.190738,16.0,-1,4.755232
17,402,554.6896262168884,504.40931701660156,478.0725402832031,555.545654296875,3.3779004,8.0,-1,22.17935
1201,402,1065.863851070404,229.93287658691406,989.2467651367188,281.0692138671875,0.5992046,12.0,1,9.059151
1,403,1366.9208579063416,214.3158416748047,1290.4276123046875,265.77294921875,35.43127,8.0,1,25.673813
4,403,1188.7445883750916,10.365341186523438,1112.2513427734375,61.82244873046875,24.140924,8.0,1,18.721306
811,403,1667.8012290000916,131.40478515625,1591.3079833984375,182.8618927001953,16.10327,10.0,-1,4.0629
2,403,1482.0065512657166,341.1392364501953,1405.5133056640625,392.5963439941406,13.779584,14.0,-1,14.338612
6,403,377.0959982872009,244.3084259033203,300.6027526855469,295.7655334472656,13.064484,16.0,-1,7.7876863
9,403,1328.529622554779,1088.2993621826172,1252.036376953125,1139.7564697265625,11.357929,8.0,-1,33.20864
945,403,1691.348958492279,382.8863983154297,1614.855712890625,434.343505859375,10.843236,6.0,1,6.0108166
11,403,357.48006200790405,366.66941833496094,280.98681640625,418.12652587890625,10.525729,14.0,-1,11.680413
3,403,966.8646445274353,441.82359313964844,890.3713989257812,493.28070068359375,10.385189,28.0,-1,19.938215
0,403,1359.532308101654,914.7787322998047,1283.0390625,966.23583984375,9.521015,18.0,-1,24.794868
10,403,449.4073996543884,45.863258361816406,372.9141540527344,97.32036590576172,7.7288375,12.0,-1,20.989359
8,403,1380.0092368125916,357.3050994873047,1303.5159912109375,408.76220703125,7.109644,8.0,-1,34.693573
337,403,974.8844199180603,439.9565887451172,898.3911743164062,491.4136962890625,6.5407085,26.0,-1,18.647514
797,403,1072.9997153282166,243.45960998535156,996.5064697265625,294.9167175292969,5.3847694,18.0,-1,41.200905
12,403,1142.202962398529,817.9203338623047,1065.709716796875,869.37744140625,5.184097,12.0,-1,27.39248
14,403,92.07947969436646,1012.4818572998047,15.586234092712402,1063.93896484375,3.3908503,16.0,-1,5.1791706
17,403,556.1873679161072,499.0624237060547,479.6941223144531,550.51953125,2.788099,8.0,-1,16.36159
1201,403,1067.1009726524353,229.8834991455078,990.6077270507812,281.3406066894531,0.59846044,14.0,1,7.4631076
811,404,1670.6556754112244,131.50299835205078,1594.0657958984375,183.4918212890625,40.791996,10.0,-1,3.2245288
1,404,1369.1984000205994,212.8699722290039,1292.6085205078125,264.8587951660156,25.060661,8.0,1,25.666616
4,404,1188.4719595909119,11.299251556396484,1111.882080078125,63.2880744934082,23.737085,8.0,1,20.19471
945,404,1692.5173697471619,382.16626739501953,1615.927490234375,434.15509033203125,11.989102,6.0,1,5.958188
11,404,357.31421422958374,366.57120513916016,280.7243347167969,418.5600280761719,11.352418,14.0,-1,12.136401
6,404,376.81924962997437,241.21167755126953,300.2293701171875,293.20050048828125,11.31427,16.0,-1,7.5014215
0,404,1359.2499136924744,916.1460037231445,1282.6600341796875,968.1348266601562,10.168242,16.0,-1,24.786049
9,404,1330.5140738487244,1086.5805130004883,1253.9241943359375,1138.5693359375,10.141605,8.0,-1,36.12277
2,404,1481.1672720909119,340.2120132446289,1404.577392578125,392.2008361816406,9.555676,14.0,-1,13.878307
8,404,1380.4385123252869,358.05750274658203,1303.8486328125,410.04632568359375,9.057373,8.0,-1,36.856873
3,404,964.8285269737244,440.0195999145508,888.2386474609375,492.0084228515625,7.702898,16.0,-1,22.604488
10,404,449.57324743270874,48.326507568359375,372.9833679199219,100.3153305053711,7.592935,12.0,-1,22.33738
337,404,976.9660391807556,441.9863967895508,900.3761596679688,493.9752197265625,7.361544,26.0,-1,7.545866
12,404,1142.8280386924744,817.515510559082,1066.2381591796875,869.5043334960938,6.7303944,12.0,-1,22.853544
797,404,1072.3109488487244,244.13416290283203,995.7210693359375,296.12298583984375,5.8151374,16.0,-1,33.229546
17,404,560.6561636924744,499.9406204223633,484.0662841796875,551.929443359375,4.0389776,8.0,-1,20.066626
14,404,88.7989649772644,1008.9472122192383,12.209085464477539,1060.93603515625,2.4748738,18.0,-1,7.294421
1201,404,1064.0389151573181,231.38407135009766,987.4490356445312,283.3728942871094,0.7265896,14.0,1,6.8166485
811,405,1671.4812979698181,131.99097442626953,1594.08935546875,183.86412048339844,32.998814,10.0,-1,2.7829394
4,405,1189.1325430870056,10.699260711669922,1111.7406005859375,62.57240676879883,24.463041,8.0,1,18.933538
1,405,1371.8871817588806,214.02227020263672,1294.4952392578125,265.8954162597656,24.179716,8.0,1,25.336872
9,405,1331.1409659385681,1087.9775619506836,1253.7490234375,1139.8507080078125,11.54913,8.0,-1,36.689495
6,405,376.41092443466187,240.11409759521484,299.01898193359375,291.98724365234375,10.488712,16.0,-1,6.5736074
945,405,1695.5440421104431,381.6104965209961,1618.152099609375,433.483642578125,9.678586,6.0,1,1.5656248
11,405,358.82190465927124,366.50264739990234,281.4299621582031,418.37579345703125,9.0850115,14.0,-1,13.040006
2,405,1480.5188956260681,339.3835983276367,1403.126953125,391.2567443847656,8.731072,14.0,-1,8.789167
0,405,1358.1122794151306,916.2145614624023,1280.7203369140625,968.0877075195312,8.253104,16.0,-1,24.023746
3,405,963.5272574424744,439.69100189208984,886.1353149414062,491.56414794921875,8.133833,16.0,-1,22.44548
8,405,1381.6130118370056,359.3589096069336,1304.2210693359375,411.2320556640625,7.4318123,8.0,-1,32.60833
337,405,975.1051993370056,442.3253707885742,897.7132568359375,494.1985168457031,7.086923,28.0,-1,8.553474
12,405,1143.0433096885681,816.3357772827148,1065.6513671875,868.2089233398438,6.766766,12.0,-1,24.120512
10,405,449.357976436615,47.94208526611328,371.9660339355469,99.81523132324219,6.344263,10.0,-1,23.423742
797,405,1072.0641837120056,245.56749725341797,994.6722412109375,297.4406433105469,4.8578534,16.0,-1,32.7574
17,405,559.3772025108337,501.97982025146484,481.9852600097656,553.8529663085938,3.6718,8.0,-1,20.576914
14,405,87.93834638595581,1012.6615219116211,10.546403884887695,1064.53466796875,1.666294,16.0,-1,5.140398
1201,405,1064.8400626182556,230.7909164428711,987.4481201171875,282.6640625,0.61401516,14.0,1,6.666832
1,406,1374.6846671104431,214.30852508544922,1297.6690673828125,266.97259521484375,29.752817,8.0,1,26.204178
811,406,1670.5079092979431,131.53438568115234,1593.4923095703125,184.19845581054688,26.693863,10.0,-1,1.7042489
4,406,1188.2413077354431,9.761741638183594,1111.2257080078125,62.425811767578125,24.617638,8.0,1,20.96688
3,406,964.3289542198181,439.69100189208984,887.3133544921875,492.3550720214844,15.979665,26.0,-1,13.729925
6,406,377.02527379989624,242.89696502685547,300.0096740722656,295.56103515625,13.649196,16.0,-1,7.522623
11,406,357.65314245224,366.9348373413086,280.6375427246094,419.5989074707031,12.961792,14.0,-1,13.590988
2,406,1479.4325919151306,337.69075775146484,1402.4169921875,390.3548278808594,12.035291,12.0,-1,8.867632
945,406,1695.6156973838806,378.82161712646484,1618.60009765625,431.4856872558594,11.645509,6.0,1,2.7751286
10,406,450.24902868270874,48.493072509765625,373.2334289550781,101.15714263916016,9.614022,10.0,-1,24.582136
9,406,1331.1409659385681,1087.2626876831055,1254.1253662109375,1139.9267578125,9.504415,8.0,-1,34.587708
8,406,1383.1880850791931,360.28099822998047,1306.1724853515625,412.945068359375,8.108467,8.0,-1,34.39645
0,406,1357.3310294151306,916.2651901245117,1280.3154296875,968.9292602539062,7.7634273,16.0,-1,22.78014
12,406,1142.9218497276306,813.3015060424805,1065.90625,865.965576171875,6.075989,12.0,-1,25.29133
797,406,1071.1900992393494,245.46977996826172,994.1744995117188,298.13385009765625,5.451203,14.0,-1,30.913513
17,406,560.9670767784119,497.59020233154297,483.95147705078125,550.2542724609375,4.4267545,6.0,-1,21.538391
14,406,85.22362661361694,1016.0737228393555,8.208026885986328,1068.73779296875,1.8170724,16.0,-1,3.4529934
1201,406,1066.6260733604431,230.87975311279297,989.6104736328125,283.5438232421875,1.1117538,14.0,1,6.8573236
1,407,1375.9933829307556,215.5875473022461,1298.7861328125,267.9505920410156,29.029541,8.0,1,26.094498
4,407,1188.9725089073181,9.348060607910156,1111.7652587890625,61.71110534667969,26.317915,8.0,1,20.266193
811,407,1669.1872305870056,130.97547149658203,1591.97998046875,183.33851623535156,21.603134,10.0,-1,1.3214337
6,407,375.0957999229431,243.53221893310547,297.8885498046875,295.895263671875,17.88268,16.0,-1,7.3651896
3,407,964.3289542198181,442.4884262084961,887.1217041015625,494.8514709472656,13.38164,26.0,-1,16.09158
11,407,359.20120763778687,367.2304916381836,281.99395751953125,419.5935363769531,12.3073225,14.0,-1,12.215048
9,407,1332.1944327354431,1087.523551940918,1254.9871826171875,1139.8865966796875,11.4927635,8.0,-1,35.825684
2,407,1478.6713614463806,337.62584686279297,1401.464111328125,389.9888916015625,10.407309,14.0,-1,7.082365
8,407,1381.9584708213806,359.40682220458984,1304.751220703125,411.7698669433594,9.499549,8.0,-1,33.953564
945,407,1694.5595450401306,377.59969329833984,1617.352294921875,429.9627380371094,8.119216,6.0,1,5.940398
10,407,452.55301427841187,47.805519104003906,375.34576416015625,100.16856384277344,8.038419,10.0,-1,24.820908
0,407,1355.8501944541931,916.1386032104492,1278.6429443359375,968.5016479492188,7.216397,8.0,-1,23.956463
797,407,1071.0132193565369,248.12761688232422,993.8059692382812,300.49066162109375,5.9144597,14.0,-1,28.092339
17,407,561.1978507041931,497.59020233154297,483.9906005859375,549.9532470703125,5.7895985,6.0,-1,21.457865
12,407,1144.6362051963806,812.1223678588867,1067.428955078125,864.4854125976562,5.076469,12.0,-1,25.885033
14,407,85.74808549880981,1017.185905456543,8.5408353805542,1069.5489501953125,1.1152488,16.0,-1,1.4226065
1201,407,1066.2586417198181,232.83727264404297,989.0513916015625,285.2003173828125,0.7533047,14.0,1,5.8776975
4,408,1187.4584097862244,11.351287841796875,1110.421142578125,63.999244689941406,33.236977,8.0,1,9.73157
811,408,1668.9894156455994,126.81690216064453,1591.9521484375,179.46485900878906,26.83785,10.0,-1,2.899844
1,408,1376.4744009971619,215.61150360107422,1299.4371337890625,268.25946044921875,26.393297,8.0,1,25.8269
6,408,370.66711950302124,244.33995819091797,293.6298522949219,296.9879150390625,14.709458,16.0,-1,6.4034204
3,408,965.1398673057556,442.4708480834961,888.1026000976562,495.1188049316406,13.44834,26.0,-1,16.110165
11,408,359.2360281944275,365.4315719604492,282.1987609863281,418.07952880859375,12.978176,14.0,-1,12.42224
9,408,1330.9835562705994,1085.938102722168,1253.9462890625,1138.5860595703125,10.554879,8.0,-1,34.95787
10,408,455.14185094833374,45.8614501953125,378.1045837402344,98.50940704345703,10.48221,10.0,-1,24.012094
2,408,1478.8519644737244,338.17259979248047,1401.814697265625,390.820556640625,10.203433,14.0,-1,8.177614
945,408,1691.3848013877869,378.87520599365234,1614.3475341796875,431.5231628417969,9.99676,6.0,1,4.5315022
8,408,1378.3758902549744,359.40682220458984,1301.338623046875,412.0547790527344,9.684485,8.0,-1,33.54251
0,408,1354.4136099815369,915.3659591674805,1277.3763427734375,968.013916015625,7.7089543,16.0,-1,25.664337
12,408,1142.7701773643494,815.0300216674805,1065.73291015625,867.677978515625,6.9577465,12.0,-1,21.330828
797,408,1071.0132193565369,249.0459213256836,993.9759521484375,301.6938781738281,4.940386,16.0,-1,31.55019
17,408,563.0176749229431,497.2396774291992,485.98040771484375,549.8876342773438,4.6884637,8.0,-1,20.601164
14,408,85.78303480148315,1015.732292175293,8.745767593383789,1068.3802490234375,1.5355855,20.0,-1,5.6601505
1201,408,1066.8423819541931,233.32939910888672,989.8051147460938,285.97735595703125,1.0717918,14.0,1,7.5893087
3,409,965.1398673057556,441.57750701904297,888.5750122070312,494.4566650390625,30.15528,26.0,-1,9.765157
811,409,1672.5249381065369,128.60375213623047,1595.9600830078125,181.48291015625,26.510962,10.0,-1,3.5299683
1,409,1374.9580435752869,216.35039520263672,1298.3931884765625,269.22955322265625,22.15571,8.0,1,24.378645
4,409,1187.7230582237244,10.558685302734375,1111.158203125,63.437843322753906,21.581396,8.0,1,8.921112
945,409,1690.4261832237244,380.1729049682617,1613.861328125,433.05206298828125,13.1497755,6.0,1,4.717925
9,409,1330.1737418174744,1085.0266036987305,1253.60888671875,1137.90576171875,13.102727,8.0,-1,34.7434
2,409,1477.3696646690369,339.54427337646484,1400.8048095703125,392.4234313964844,12.066571,12.0,-1,10.653939
11,409,359.5155692100525,365.28942108154297,282.9507141113281,418.1685791015625,11.565525,14.0,-1,13.665254
6,409,370.96814489364624,245.38610076904297,294.4032897949219,298.2652587890625,9.646617,16.0,-1,6.8903418
8,409,1378.8074088096619,359.2101364135742,1302.2425537109375,412.08929443359375,9.153804,8.0,-1,31.672976
10,409,457.7828116416931,45.8614501953125,381.21795654296875,98.74060821533203,8.93863,10.0,-1,24.444122
0,409,1356.7692008018494,916.0519943237305,1280.204345703125,968.93115234375,7.766315,16.0,-1,20.248608
12,409,1138.8907828330994,817.5836715698242,1062.325927734375,870.4628295898438,5.620939,12.0,-1,18.031248
797,409,1069.3703360557556,248.59334564208984,992.8054809570312,301.4725036621094,3.7191737,14.0,-1,37.499935
17,409,562.7299551963806,495.5099411010742,486.16510009765625,548.3890991210938,2.9152744,8.0,-1,19.782438
14,409,86.68898916244507,1016.936149597168,10.124134063720703,1069.8153076171875,1.3314651,18.0,-1,5.7967296
1201,409,1064.7244620323181,232.82482147216797,988.1596069335938,285.7039794921875,0.9582992,14.0,1,10.622144
4,410,1187.1629996299744,11.196578979492188,1109.9971923828125,64.13582611083984,35.001945,8.0,1,7.58674
1,410,1374.9580435752869,216.30321502685547,1297.792236328125,269.2424621582031,26.002722,8.0,1,24.22131
3,410,964.9970450401306,440.11717987060547,887.8312377929688,493.0564270019531,21.185495,24.0,-1,10.397455
811,410,1673.0994009971619,131.65885162353516,1595.93359375,184.5980987548828,20.458265,10.0,-1,3.825232
945,410,1688.9626822471619,380.1729049682617,1611.796875,433.1121520996094,14.304981,6.0,1,6.114338
9,410,1329.1627554893494,1087.1046981811523,1251.9969482421875,1140.0439453125,11.800519,8.0,-1,33.14565
2,410,1477.5221304893494,341.15550994873047,1400.3563232421875,394.0947570800781,11.138313,12.0,-1,4.5526843
11,410,360.97192907333374,362.93953704833984,283.8061218261719,415.8787841796875,10.810084,14.0,-1,12.140329
10,410,459.40314245224,42.671417236328125,382.2373352050781,95.61066436767578,10.406145,10.0,-1,26.609531
8,410,1381.0477652549744,359.2126693725586,1303.8819580078125,412.15191650390625,9.748626,8.0,-1,33.81263
6,410,374.23331212997437,245.33336639404297,297.0675048828125,298.2726135253906,9.400339,16.0,-1,6.4082823
0,410,1358.5384879112244,915.7826156616211,1281.3726806640625,968.7218627929688,7.0002437,8.0,-1,15.129273
12,410,1139.0591177940369,820.9915390014648,1061.893310546875,873.9307861328125,5.3054824,12.0,-1,17.421993
17,410,561.1940665245056,496.66036224365234,484.02825927734375,549.599609375,4.531094,8.0,-1,22.201653
797,410,1069.2775626182556,248.0725326538086,992.1117553710938,301.01177978515625,4.2786827,16.0,-1,33.405445
1201,410,1062.6012930870056,231.57320404052734,985.4354858398438,284.512451171875,1.245621,14.0,1,12.054066
14,410,86.65143537521362,1020.2488632202148,9.485628128051758,1073.1881103515625,1.2229927,16.0,-1,3.7663987
4,411,1187.3037467002869,11.355987548828125,1109.7249755859375,64.1918716430664,29.69915,8.0,1,3.4720836
811,411,1675.3943228721619,133.01447296142578,1597.8155517578125,185.85035705566406,23.43641,10.0,-1,1.7975632
1,411,1374.7071890830994,218.08870697021484,1297.12841796875,270.9245910644531,18.475233,8.0,1,23.81661
9,411,1329.6799674034119,1086.6129684448242,1252.1011962890625,1139.4488525390625,15.155422,8.0,-1,33.991802
945,411,1689.4275259971619,382.7455368041992,1611.8487548828125,435.5814208984375,13.787041,6.0,1,6.166472
2,411,1477.5221304893494,342.4910202026367,1399.943359375,395.326904296875,13.301823,14.0,-1,8.246056
6,411,373.2276358604431,244.07781219482422,295.64886474609375,296.9136962890625,11.927647,16.0,-1,7.4991693
11,411,360.19910192489624,360.89351654052734,282.6203308105469,413.7294006347656,11.193725,14.0,-1,13.901604
8,411,1381.3126578330994,359.4511947631836,1303.73388671875,412.2870788574219,9.827822,8.0,-1,33.50196
3,411,966.7312369346619,437.49849700927734,889.1524658203125,490.3343811035156,8.704902,28.0,-1,9.961493
0,411,1358.2606558799744,916.872428894043,1280.681884765625,969.7083129882812,7.9927917,16.0,-1,14.427335
10,411,458.76917028427124,42.10230255126953,381.1903991699219,94.93818664550781,7.9793143,10.0,-1,24.257452
797,411,1064.7203116416931,245.74053192138672,987.1415405273438,298.576416015625,4.5889764,14.0,-1,42.92879
12,411,1139.7240347862244,820.9221725463867,1062.145263671875,873.758056640625,4.1787734,12.0,-1,17.034487
17,411,560.3641104698181,499.14293670654297,482.78533935546875,551.9788208007812,3.8844697,8.0,-1,19.309282
14,411,89.28897905349731,1019.8419723510742,11.71020793914795,1072.6778564453125,2.707473,16.0,-1,4.1440773
1201,411,1060.5884146690369,231.57320404052734,983.0096435546875,284.4090881347656,0.7932015,12.0,1,12.98578
1,412,1375.2373404502869,218.08870697021484,1297.8416748046875,270.933837890625,28.183586,8.0,1,23.67163
811,412,1677.0464224815369,130.6460952758789,1599.6507568359375,183.49122619628906,25.68943,10.0,-1,2.732071
945,412,1689.4275259971619,385.4477767944336,1612.0318603515625,438.29290771484375,24.002466,6.0,1,4.8736777
4,412,1187.3435416221619,11.641746520996094,1109.9478759765625,64.48687744140625,21.085535,8.0,1,1.7489605
9,412,1329.2214713096619,1089.0570907592773,1251.8258056640625,1141.9022216796875,12.384564,8.0,-1,34.08354
2,412,1477.9433951377869,343.68416595458984,1400.5477294921875,396.529296875,11.216381,14.0,-1,8.725651
11,412,360.1706290245056,359.4619674682617,282.77496337890625,412.3070983886719,10.448924,14.0,-1,13.518524
3,412,959.7377676963806,439.8027572631836,882.3421020507812,492.64788818359375,9.536912,24.0,-1,21.978603
6,412,370.9913077354431,241.31221771240234,293.59564208984375,294.1573486328125,9.34838,18.0,-1,7.09097
8,412,1381.8661246299744,360.3250045776367,1304.470458984375,413.1701354980469,8.068542,8.0,-1,34.570545
10,412,458.2411551475525,41.015647888183594,380.8454895019531,93.86077880859375,7.930689,10.0,-1,23.799086
0,412,1357.1532340049744,918.6995468139648,1279.757568359375,971.544677734375,6.6093793,16.0,-1,10.799784
12,412,1140.3789420127869,817.5489730834961,1062.9832763671875,870.3941040039062,5.9550157,12.0,-1,13.49997
797,412,1064.9459586143494,245.15984344482422,987.55029296875,298.0049743652344,5.9475026,14.0,-1,41.908257
17,412,560.6371817588806,501.27193450927734,483.24151611328125,554.1170654296875,3.5271895,8.0,-1,21.590641
14,412,86.97834062576294,1018.9045028686523,9.582674980163574,1071.7496337890625,2.0443034,16.0,-1,4.1894293
1201,412,1059.0569205284119,231.11772918701172,981.6612548828125,283.9628601074219,0.98454356,12.0,1,12.782936
811,413,1677.6869130134583,131.27234649658203,1600.0150146484375,183.68931579589844,31.428492,10.0,-1,3.5659912
4,413,1187.7212147712708,11.936943054199219,1110.04931640625,64.35391235351562,22.52131,8.0,1,1.5880601
1,413,1374.3088612556458,216.29280853271484,1296.636962890625,268.70977783203125,17.888947,8.0,1,22.24207
945,413,1689.5716786384583,386.28185272216797,1611.8997802734375,438.6988220214844,13.544597,6.0,1,5.9292827
6,413,367.1165089607239,239.93407440185547,289.4446105957031,292.3510437011719,11.946708,18.0,-1,8.509761
9,413,1327.4677968025208,1092.8713607788086,1249.7958984375,1145.288330078125,10.509926,8.0,-1,33.483093
8,413,1381.8563466072083,357.7650680541992,1304.1844482421875,410.1820373535156,10.082333,8.0,-1,31.380693
2,413,1477.4393544197083,343.8068161010742,1399.7674560546875,396.2237854003906,9.464772,14.0,-1,6.322408
0,413,1356.2406239509583,920.6572494506836,1278.5687255859375,973.07421875,8.839028,16.0,-1,13.842728
11,413,360.0328297615051,359.0673141479492,282.3609313964844,411.4842834472656,8.593329,14.0,-1,13.547767
3,413,963.548668384552,439.57088470458984,885.8767700195312,491.98785400390625,8.320759,28.0,-1,9.696118
1332,413,956.354332447052,440.44539642333984,878.6824340820312,492.86236572265625,8.293366,24.0,-1,20.252922
10,413,458.3439869880676,41.46668243408203,380.6720886230469,93.88365173339844,7.5896416,10.0,-1,23.484434
12,413,1142.8393788337708,814.4480209350586,1065.16748046875,866.864990234375,6.1631045,12.0,-1,11.665348
797,413,1062.9215931892395,245.4022445678711,985.2496948242188,297.8192138671875,4.2561774,16.0,-1,43.67546
17,413,563.7816700935364,500.03133392333984,486.1097717285156,552.4483032226562,3.4950798,8.0,-1,19.982944
14,413,86.97834062576294,1018.4261703491211,9.306442260742188,1070.8431396484375,2.051997,18.0,-1,3.927927
1201,413,1059.491783618927,231.11772918701172,981.8198852539062,283.5346984863281,0.98296255,12.0,1,12.101628
811,414,1677.679039478302,128.53564834594727,1599.5760498046875,180.86532592773438,29.24389,10.0,-1,3.5702677
1,414,1376.279381275177,214.22797012329102,1298.1763916015625,266.5576477050781,26.015358,8.0,1,23.374104
4,414,1186.7538685798645,11.925914764404297,1108.65087890625,64.2555923461914,19.293219,8.0,1,3.7452369
945,414,1687.945885181427,386.2928810119629,1609.8428955078125,438.62255859375,18.149696,6.0,1,4.8262315
11,414,360.2526783943176,360.22616958618164,282.1496887207031,412.55584716796875,10.538259,14.0,-1,13.126204
9,414,1326.061363697052,1094.3310890197754,1247.9583740234375,1146.6607666015625,10.110412,8.0,-1,35.194504
6,414,367.1243824958801,242.0558204650879,289.0213928222656,294.385498046875,9.773112,16.0,-1,7.2578087
0,414,1357.9994740486145,920.0268898010254,1279.896484375,972.3565673828125,8.384532,16.0,-1,14.76134
8,414,1380.487877368927,356.4585609436035,1302.3848876953125,408.7882385253906,8.37553,8.0,-1,31.964693
2,414,1477.627281665802,343.7794532775879,1399.5242919921875,396.109130859375,8.028881,14.0,-1,4.3547926
1332,414,953.9623646736145,442.12204360961914,875.859375,494.45172119140625,7.5092564,26.0,-1,13.619835
12,414,1141.562828540802,815.3664283752441,1063.4598388671875,867.6961059570312,7.141047,12.0,-1,15.310163
10,414,460.982017993927,39.5722541809082,382.8790283203125,91.90193176269531,6.438582,12.0,-1,21.649014
797,414,1063.4533925056458,246.02511978149414,985.3504028320312,298.35479736328125,5.1531625,14.0,-1,42.36364
3,414,968.1343007087708,439.15552139282227,890.0313110351562,491.4851989746094,5.0629325,14.0,-1,12.049988
17,414,567.9307789802551,498.04306411743164,489.8277893066406,550.3727416992188,3.0149047,8.0,-1,17.843182
14,414,86.58138227462769,1020.5148048400879,8.478392601013184,1072.844482421875,1.3468281,16.0,-1,5.3387947
1201,414,1055.706139087677,233.35840225219727,977.6031494140625,285.6880798339844,0.8032871,12.0,1,11.451071
811,415,1677.7800221443176,130.98120498657227,1599.863525390625,183.50509643554688,30.089043,10.0,-1,3.6709504
1,415,1377.6256031990051,214.19763565063477,1299.7091064453125,266.7215270996094,29.59993,8.0,1,24.954428
4,415,1184.8660817146301,11.542072296142578,1106.9495849609375,64.06596374511719,26.167952,8.0,1,7.04493
945,415,1687.8271412849426,386.8795509338379,1609.91064453125,439.4034423828125,19.360693,6.0,1,4.8535805
11,415,360.2178883552551,359.79697036743164,282.3013916015625,412.32086181640625,13.328401,14.0,-1,12.839481
6,415,367.1591725349426,244.37158584594727,289.24267578125,296.8954772949219,12.0769615,16.0,-1,6.958444
2,415,1476.7637867927551,343.935977935791,1398.8472900390625,396.4598693847656,9.162417,14.0,-1,5.1779017
12,415,1138.2645192146301,815.6827125549316,1060.3480224609375,868.2066040039062,8.810781,12.0,-1,20.583225
0,415,1358.3941578865051,923.2423439025879,1280.4776611328125,975.7662353515625,7.855964,6.0,-1,8.237219
1332,415,954.1358571052551,442.1523780822754,876.2193603515625,494.67626953125,7.095511,26.0,-1,13.746706
10,415,459.0096364021301,39.50300216674805,381.0931396484375,92.02689361572266,6.5229588,12.0,-1,22.239985
9,415,1330.7697682380676,1097.725009918213,1252.853271484375,1150.2489013671875,6.1047273,8.0,-1,27.81177
8,415,1381.4274830818176,356.1279945373535,1303.510986328125,408.6518859863281,5.8629646,8.0,-1,30.065294
3,415,967.0162281990051,439.06250381469727,889.0997314453125,491.5863952636719,5.700829,14.0,-1,10.189496
797,415,1061.3120656013489,243.7549171447754,983.3955688476562,296.27880859375,4.753285,14.0,-1,41.65763
17,415,568.3207936286926,495.36862564086914,490.404296875,547.8925170898438,4.021174,8.0,-1,20.638275
14,415,86.12191438674927,1020.5639991760254,8.20541763305664,1073.087890625,2.1351354,16.0,-1,6.292903
1201,415,1060.6054005622864,228.96857070922852,982.6889038085938,281.4924621582031,1.1935123,12.0,1,8.85758
4,416,1184.2371754646301,12.398761749267578,1106.022216796875,64.82209777832031,23.705107,8.0,1,1.0496913
1,416,1375.9473805427551,214.21139907836914,1297.732421875,266.6347351074219,23.550201,8.0,1,23.32234
811,416,1674.8332448005676,130.36955642700195,1596.6182861328125,182.7928924560547,14.923214,10.0,-1,0.9643372
945,416,1689.5201344490051,386.8311195373535,1611.30517578125,439.25445556640625,13.913932,6.0,1,4.895484
6,416,369.3609547615051,244.87421035766602,291.14599609375,297.29754638671875,13.473197,16.0,-1,5.702682
11,416,361.2946705818176,356.61389541625977,283.0797119140625,409.0372314453125,11.836666,14.0,-1,12.390103
9,416,1332.2504811286926,1100.4002723693848,1254.0355224609375,1152.8236083984375,10.561059,8.0,-1,35.839565
12,416,1138.3922047615051,814.9339637756348,1060.17724609375,867.3572998046875,10.3700075,12.0,-1,20.536814
0,416,1357.6130299568176,923.229923248291,1279.3980712890625,975.6532592773438,9.540177,16.0,-1,7.778269
1332,416,952.3271412849426,441.09152603149414,874.1121826171875,493.5148620605469,9.476989,28.0,-1,12.876604
2,416,1475.9636158943176,346.82910537719727,1397.7486572265625,399.25244140625,9.321087,14.0,-1,6.882405
10,416,457.2896046638489,39.9494514465332,379.07464599609375,92.37278747558594,7.6373825,12.0,-1,23.074066
8,416,1382.1258473396301,355.940128326416,1303.910888671875,408.36346435546875,6.0402083,8.0,-1,31.441648
797,416,1062.6155934333801,243.7549171447754,984.400634765625,296.1782531738281,4.8443255,14.0,-1,41.876312
3,416,968.4095387458801,439.1186866760254,890.194580078125,491.5420227050781,4.0991044,12.0,-1,8.393524
17,416,568.0878224372864,493.45642471313477,489.87286376953125,545.8797607421875,3.8723404,8.0,-1,18.401684
1201,416,1060.6054005622864,229.6130714416504,982.3904418945312,282.0364074707031,1.1839665,12.0,1,11.282171
1,417,1376.8557057380676,215.1682472229004,1298.0010986328125,267.68701171875,27.753965,8.0,1,23.372505
811,417,1673.1464772224426,129.33404922485352,1594.2918701171875,181.85281372070312,23.47991,10.0,-1,4.0626016
4,417,1184.6083912849426,13.56625747680664,1105.7537841796875,66.08502197265625,23.311516,8.0,1,1.6837982
0,417,1358.2340016365051,921.0742530822754,1279.37939453125,973.593017578125,15.984795,16.0,-1,17.052595
11,417,363.0421986579895,353.74841690063477,284.1875915527344,406.2671813964844,14.913116,14.0,-1,11.8577585
945,417,1691.0491871833801,387.24927139282227,1612.194580078125,439.7680358886719,14.311469,6.0,1,4.1808343
6,417,368.9840626716614,245.84314346313477,290.12945556640625,298.3619079589844,11.883544,16.0,-1,4.76099
9,417,1332.6895680427551,1099.611240386963,1253.8349609375,1152.1300048828125,11.08429,8.0,-1,35.47764
1332,417,951.4998707771301,443.1851234436035,872.645263671875,495.7038879394531,10.464642,26.0,-1,12.118716
12,417,1142.2552418708801,815.2769508361816,1063.400634765625,867.7957153320312,8.769099,10.0,-1,21.778412
2,417,1475.6441578865051,345.8806495666504,1396.78955078125,398.3994140625,7.273559,14.0,-1,6.2778215
797,417,1062.3265309333801,243.88409805297852,983.471923828125,296.4028625488281,6.2357297,14.0,-1,41.24617
8,417,1381.7930836677551,353.96912002563477,1302.9384765625,406.4878845214844,6.1719284,8.0,-1,33.057213
3,417,971.2348561286926,437.178897857666,892.3802490234375,489.6976623535156,6.0425715,12.0,-1,9.2760105
10,417,457.2896046638489,40.75175094604492,378.43499755859375,93.27051544189453,5.864945,12.0,-1,21.473423
17,417,566.9192128181458,491.27939224243164,488.0646057128906,543.7981567382812,2.7956047,8.0,-1,21.997747
1201,417,1058.5624928474426,229.6130714416504,979.7078857421875,282.1318359375,1.1892112,14.0,1,12.115243
14,417,87.18152570724487,1027.344394683838,8.326918601989746,1079.8631591796875,0.91123825,16.0,-1,2.448337
1,418,1378.9782643318176,215.3869972229004,1300.019287109375,268.46905517578125,32.379528,8.0,1,23.654076
0,418,1358.3696217536926,919.3995094299316,1279.41064453125,972.4815673828125,26.459658,16.0,-1,27.821556
4,418,1183.8638844490051,13.078685760498047,1104.9049072265625,66.1607437133789,21.093447,14.0,-1,3.8734107
811,418,1675.5446705818176,127.18278884887695,1596.585693359375,180.2648468017578,19.902758,10.0,-1,3.9468758
945,418,1690.9007496833801,385.4312171936035,1611.9417724609375,438.5132751464844,15.926986,6.0,1,5.3499665
6,418,367.7984547615051,248.82394790649414,288.8394775390625,301.906005859375,13.543847,16.0,-1,6.927498
1332,418,951.4998707771301,442.85229873657227,872.5408935546875,495.9343566894531,9.709895,26.0,-1,10.6087885
11,418,361.48793840408325,355.02475357055664,282.5289611816406,408.1068115234375,9.576654,14.0,-1,11.709477
10,418,456.9442067146301,43.33065414428711,377.9852294921875,96.41271209716797,7.9887805,12.0,-1,19.765327
12,418,1140.8809742927551,816.8315162658691,1061.9219970703125,869.91357421875,7.0323753,10.0,-1,26.924587
8,418,1381.6061940193176,353.96912002563477,1302.647216796875,407.0511779785156,6.0323544,8.0,-1,33.145157
2,418,1477.2425465583801,346.1211280822754,1398.2835693359375,399.20318603515625,5.9856486,14.0,-1,6.9787107
3,418,971.4996266365051,436.6035499572754,892.5406494140625,489.68560791015625,5.772225,14.0,-1,9.429776
9,418,1329.8104176521301,1097.8903541564941,1250.8514404296875,1150.972412109375,5.6377873,8.0,-1,29.657171
797,418,1063.1520314216614,247.70691299438477,984.1930541992188,300.7889709472656,4.4502606,14.0,-1,42.21591
17,418,568.708092212677,489.6330909729004,489.7491149902344,542.7151489257812,3.500666,6.0,-1,22.068712
1201,418,1059.1497120857239,235.49048233032227,980.1907348632812,288.5725402832031,0.87614757,10.0,1,11.603222
0,419,1358.3696217536926,920.0379066467285,1279.53076171875,973.495849609375,40.878185,16.0,-1,34.328896
1,419,1379.1337819099426,215.10104751586914,1300.294921875,268.5589904785156,35.014782,8.0,1,23.03432
811,419,1677.0059742927551,124.28473281860352,1598.1671142578125,177.74267578125,28.63851,10.0,-1,5.6216283
4,419,1182.6511158943176,12.56234359741211,1103.812255859375,66.0202865600586,23.239555,14.0,-1,4.1256847
945,419,1690.0920338630676,387.5808448791504,1611.253173828125,441.0387878417969,13.610387,6.0,1,5.6761146
6,419,367.8467946052551,248.3858985900879,289.0079345703125,301.8438415527344,13.548028,16.0,-1,7.8230963
8,419,1380.7868580818176,356.1309242248535,1301.947998046875,409.5888671875,12.884903,8.0,-1,37.120655
9,419,1326.9819264411926,1094.3665199279785,1248.14306640625,1147.824462890625,12.63782,8.0,-1,32.641506
11,419,361.01357316970825,357.05661392211914,282.1747131347656,410.5145568847656,11.955878,14.0,-1,11.754594
1332,419,953.1001515388489,440.54660415649414,874.2612915039062,494.0045471191406,8.268469,22.0,-1,11.042395
2,419,1476.9385914802551,347.98645401000977,1398.0997314453125,401.44439697265625,7.415644,14.0,-1,8.053473
12,419,1141.5678639411926,817.8557777404785,1062.72900390625,871.313720703125,7.3862824,10.0,-1,23.951757
10,419,460.6964955329895,45.385555267333984,381.8576354980469,98.84349822998047,6.0158124,12.0,-1,20.841736
797,419,1063.0104298591614,247.70691299438477,984.1715698242188,301.16485595703125,4.8213315,14.0,-1,42.29357
3,419,972.3846364021301,436.72864151000977,893.5457763671875,490.18658447265625,3.8274415,12.0,-1,8.650944
17,419,567.1009449958801,487.39136123657227,488.2620849609375,540.8493041992188,3.6783009,8.0,-1,20.722925
1201,419,1061.1235890388489,233.36322402954102,982.2847290039062,286.8211669921875,0.97443223,12.0,1,11.789887
0,420,1360.3142018318176,919.8269691467285,1281.5970458984375,972.8342895507812,33.517677,16.0,-1,36.49235
1,420,1380.3677906990051,218.21265029907227,1301.650634765625,271.219970703125,28.014673,8.0,1,22.08807
811,420,1676.4413990974426,125.05719375610352,1597.7242431640625,178.06451416015625,22.481424,10.0,-1,3.996541
4,420,1182.1391530036926,11.454662322998047,1103.4219970703125,64.46198272705078,21.435951,14.0,-1,1.9770993
945,420,1690.0920338630676,387.0052833557129,1611.3748779296875,440.0126037597656,13.629574,6.0,1,5.564005
6,420,368.1396107673645,248.3858985900879,289.4224548339844,301.3932189941406,13.569588,16.0,-1,6.53427
2,420,1476.6011891365051,351.151554107666,1397.884033203125,404.15887451171875,11.313664,14.0,-1,10.539061
9,420,1328.5985035896301,1092.6634559631348,1249.88134765625,1145.6707763671875,10.483324,8.0,-1,35.27729
8,420,1380.1984791755676,354.44638442993164,1301.4813232421875,407.4537048339844,9.108846,8.0,-1,33.396076
11,420,361.847984790802,357.684024810791,283.1308288574219,410.69134521484375,8.372079,14.0,-1,11.768307
1332,420,951.9735035896301,442.2348976135254,873.25634765625,495.2422180175781,8.152101,24.0,-1,9.593376
10,420,463.2108998298645,46.50521469116211,384.4937438964844,99.51253509521484,5.651959,12.0,-1,18.25909
12,420,1143.2914967536926,819.3920936584473,1064.5743408203125,872.3994140625,5.439277,12.0,-1,25.276657
17,420,566.7015614509583,484.832950592041,487.9844055175781,537.8402709960938,5.036444,8.0,-1,19.185404
797,420,1062.6772389411926,246.40161514282227,983.9600830078125,299.408935546875,3.8199508,14.0,-1,44.71144
3,420,973.1792531013489,437.15793228149414,894.4620971679688,490.1652526855469,3.369744,12.0,-1,9.665605
1201,420,1061.0209889411926,232.28097915649414,982.3038330078125,285.2882995605469,1.0585879,12.0,1,11.404011
1,421,1381.7254567146301,217.45285415649414,1302.10107421875,270.39501953125,35.325916,8.0,1,23.579174
0,421,1360.7812428474426,919.0330543518066,1281.1568603515625,971.9752197265625,24.396822,16.0,-1,36.04263
811,421,1676.4943776130676,125.50012588500977,1596.8699951171875,178.44229125976562,18.868479,10.0,-1,2.4287014
4,421,1184.4310231208801,10.458328247070312,1104.806640625,63.40049362182617,15.883022,8.0,1,0.44410276
6,421,367.4061818122864,248.3858985900879,287.78179931640625,301.32806396484375,15.793118,16.0,-1,6.444009
945,421,1693.2824635505676,387.650577545166,1613.6580810546875,440.5927429199219,11.186801,6.0,1,5.7976246
11,421,362.580894947052,357.22507095336914,282.9565124511719,410.167236328125,10.291872,14.0,-1,10.345476
2,421,1476.0048756599426,353.0315284729004,1396.3804931640625,405.97369384765625,8.87099,16.0,-1,11.71343
8,421,1381.3964772224426,355.4374122619629,1301.7720947265625,408.37957763671875,8.830426,8.0,-1,31.698132
1332,421,951.3640675544739,441.09335708618164,871.7396850585938,494.0355224609375,8.447706,24.0,-1,10.515089
9,421,1330.5305104255676,1089.3415260314941,1250.9061279296875,1142.28369140625,8.242368,8.0,-1,33.46266
12,421,1143.2914967536926,821.2524757385254,1063.6671142578125,874.1946411132812,6.071585,10.0,-1,26.984905
10,421,462.12783098220825,44.90163803100586,382.5034484863281,97.84380340576172,5.273052,12.0,-1,18.819168
3,421,971.8630299568176,437.14477920532227,892.2386474609375,490.0869445800781,4.0341763,12.0,-1,9.9201145
17,421,565.6046071052551,486.8911476135254,485.980224609375,539.8333129882812,3.656502,8.0,-1,20.289051
797,421,1061.0347828865051,246.73328018188477,981.410400390625,299.6754455566406,3.6338074,14.0,-1,43.742996
1201,421,1059.7195363044739,233.07284927368164,980.0951538085938,286.0150146484375,1.0398874,12.0,1,11.741832
1,422,1383.9168629646301,217.39014053344727,1303.987060546875,270.1400451660156,37.094654,8.0,1,22.685854
811,422,1677.8885426521301,126.96661758422852,1597.958740234375,179.71652221679688,30.161753,10.0,-1,5.1648984
0,422,1361.1071705818176,917.4109230041504,1281.1773681640625,970.1608276367188,23.047075,16.0,-1,35.97244
4,422,1184.3586354255676,11.77829360961914,1104.4288330078125,64.5281982421875,21.441954,8.0,1,3.3834631
6,422,367.75136613845825,250.69443130493164,287.8215637207031,303.4443359375,13.078065,16.0,-1,6.650916
945,422,1694.0891041755676,386.8633460998535,1614.1593017578125,439.6132507324219,12.439721,6.0,1,5.9104686
9,422,1331.7929615974426,1089.3415260314941,1251.8631591796875,1142.0914306640625,11.992054,8.0,-1,34.314484
11,422,361.0901417732239,358.20151138305664,281.16033935546875,410.951416015625,8.021998,14.0,-1,11.207853
8,422,1382.0250172615051,357.13180923461914,1302.09521484375,409.8817138671875,7.886106,8.0,-1,35.30267
2,422,1476.0048756599426,353.3754005432129,1396.0750732421875,406.12530517578125,7.5425277,14.0,-1,12.78521
1332,422,949.3069386482239,441.1997413635254,869.3771362304688,493.94964599609375,6.379708,24.0,-1,10.457037
10,422,461.39308977127075,44.7406120300293,381.4632873535156,97.49051666259766,5.3934197,12.0,-1,18.2609
12,422,1144.0908131599426,816.8340187072754,1064.1610107421875,869.5839233398438,4.408324,10.0,-1,25.615387
797,422,1059.8605885505676,245.4745216369629,979.9307861328125,298.22442626953125,4.056758,14.0,-1,42.265934
3,422,971.3279347419739,437.45740127563477,891.3981323242188,490.2073059082031,3.872153,12.0,-1,5.011808
17,422,565.4022145271301,486.79904556274414,485.472412109375,539.5489501953125,2.8053386,8.0,-1,20.950409
1201,422,1058.6644825935364,232.11969375610352,978.7346801757812,284.8695983886719,1.060401,12.0,1,12.885276
1,423,1383.9168629646301,217.68925094604492,1304.1556396484375,271.0959167480469,33.33403,8.0,1,21.256922
811,423,1678.7385182380676,124.3570671081543,1598.977294921875,177.76373291015625,31.752266,10.0,-1,4.963074
0,423,1360.9005055427551,917.2384147644043,1281.1392822265625,970.6450805664062,30.7125,16.0,-1,34.663136
945,423,1693.6677174568176,384.5431938171387,1613.906494140625,437.9498596191406,22.466574,6.0,1,5.889643
4,423,1182.2318043708801,11.77829360961914,1102.4705810546875,65.1849594116211,22.062944,8.0,1,1.9579228
6,423,367.6369252204895,251.77521896362305,287.8757019042969,305.181884765625,15.337872,16.0,-1,7.4161034
9,423,1331.5272145271301,1089.038402557373,1251.7659912109375,1142.445068359375,11.623052,8.0,-1,35.78728
11,423,362.0034718513489,358.4828910827637,282.24224853515625,411.8895568847656,10.856921,14.0,-1,12.19155
8,423,1381.0107350349426,356.3857841491699,1301.24951171875,409.7924499511719,8.255839,8.0,-1,33.83723
2,423,1472.1008229255676,353.5501518249512,1392.339599609375,406.9568176269531,8.047091,16.0,-1,8.741754
10,423,463.0490040779114,44.96895980834961,383.28778076171875,98.37562561035156,6.832895,12.0,-1,19.031649
12,423,1145.4077076911926,813.9511222839355,1065.646484375,867.3577880859375,6.0030875,10.0,-1,28.42372
1332,423,946.0872731208801,439.4690055847168,866.3260498046875,492.87567138671875,5.024854,26.0,-1,11.853225
3,423,973.9761281013489,438.9369010925293,894.2149047851562,492.34356689453125,4.930007,12.0,-1,4.3736362
17,423,565.6630787849426,486.8902702331543,485.90185546875,540.2969360351562,4.69692,8.0,-1,21.784063
797,423,1060.2306447029114,245.92490768432617,980.4694213867188,299.3315734863281,3.159832,14.0,-1,40.55542
1201,423,1059.1314015388489,230.64191818237305,979.3701782226562,284.048583984375,1.1998001,14.0,1,11.89948
1,424,1385.5360035896301,220.74766159057617,1306.1644287109375,274.1824035644531,39.230198,8.0,1,22.2382
4,424,1183.1505055427551,10.537036895751953,1103.7789306640625,63.971778869628906,35.950924,8.0,1,6.209638
811,424,1677.7868580818176,124.82375717163086,1598.415283203125,178.2584991455078,22.851992,10.0,-1,4.2604284
0,424,1362.0687184333801,917.388988494873,1282.6971435546875,970.82373046875,17.78855,16.0,-1,34.328663
6,424,368.75270891189575,248.89191818237305,289.3811340332031,302.32666015625,13.200409,16.0,-1,6.711071
2,424,1469.7374196052551,352.8084831237793,1390.3658447265625,406.24322509765625,11.321967,16.0,-1,4.6265264
11,424,361.68642473220825,358.59479904174805,282.3148498535156,412.029541015625,9.32264,14.0,-1,12.51775
3,424,973.4735035896301,437.7458305358887,894.1019287109375,491.1805725097656,8.375999,14.0,-1,2.3889518
1332,424,946.0872731208801,443.6319389343262,866.7156982421875,497.0666809082031,8.09546,28.0,-1,7.7568445
10,424,461.253014087677,46.18953323364258,381.8814392089844,99.62427520751953,7.779192,12.0,-1,21.41877
8,424,1381.9151539802551,356.2634391784668,1302.5435791015625,409.69818115234375,7.3357186,8.0,-1,36.301044
12,424,1145.3980641365051,813.8634757995605,1066.0264892578125,867.2982177734375,7.0356765,10.0,-1,30.333809
945,424,1696.9444508552551,384.1925163269043,1617.5728759765625,437.62725830078125,6.491051,6.0,1,6.2142644
797,424,1059.2402882575989,246.38608932495117,979.8687133789062,299.8208312988281,5.738838,14.0,-1,39.312553
9,424,1332.9488453865051,1089.038402557373,1253.5772705078125,1142.47314453125,4.085132,8.0,-1,26.170815
17,424,567.363609790802,485.62141036987305,487.9920349121094,539.05615234375,3.2775736,8.0,-1,19.948168
1201,424,1058.7108082771301,232.47031784057617,979.3392333984375,285.9050598144531,1.0673965,12.0,1,11.876484
4,425,1181.8072438240051,9.821701049804688,1102.454833984375,63.78757095336914,25.225428,8.0,1,2.3569021
1,425,1385.6359791755676,220.48160934448242,1306.2835693359375,274.4474792480469,24.954145,8.0,1,21.274813
811,425,1675.3426442146301,126.16088485717773,1595.990234375,180.1267547607422,20.407068,10.0,-1,2.953729
0,425,1362.5364918708801,917.388988494873,1283.18408203125,971.3548583984375,14.508294,16.0,-1,34.844944
6,425,367.11086320877075,250.05158615112305,287.7584533691406,304.0174560546875,12.7291155,16.0,-1,6.97177
945,425,1698.9431080818176,384.8353385925293,1619.5906982421875,438.80120849609375,12.3078,6.0,1,4.810689
11,425,361.4494252204895,356.7871208190918,282.0970153808594,410.75299072265625,10.721946,14.0,-1,11.9591465
1332,425,944.4262013435364,444.2891654968262,865.0737915039062,498.2550354003906,10.672219,28.0,-1,10.779224
3,425,973.5293507575989,436.4372978210449,894.1769409179688,490.4031677246094,9.193976,14.0,-1,0.0022453368
10,425,461.98525285720825,46.526676177978516,382.6328430175781,100.49254608154297,8.727713,10.0,-1,24.199745
9,425,1333.7381520271301,1085.5631828308105,1254.3857421875,1139.529052734375,8.437385,8.0,-1,34.22509
2,425,1468.5817799568176,350.47443771362305,1389.2293701171875,404.4403076171875,8.434329,14.0,-1,7.2097244
8,425,1381.2271656990051,353.2611503601074,1301.874755859375,407.2270202636719,7.5096054,8.0,-1,36.214237
797,425,1056.4163746833801,247.88044357299805,977.06396484375,301.8463134765625,6.0361266,14.0,-1,39.370148
12,425,1145.3980641365051,812.1137809753418,1066.045654296875,866.0796508789062,5.911774,10.0,-1,31.953274
17,425,568.9171681404114,489.5181999206543,489.56475830078125,543.4840698242188,2.3773758,8.0,-1,15.743477
1201,425,1059.3636403083801,233.5623893737793,980.01123046875,287.52825927734375,0.8589688,12.0,1,10.61248
811,426,1675.2189259529114,127.58401107788086,1595.8311767578125,181.9055633544922,29.500977,10.0,-1,4.954914
0,426,1363.2462697029114,917.9346733093262,1283.8585205078125,972.2562255859375,29.058279,16.0,-1,36.178684
1,426,1387.4351124763489,220.58112716674805,1308.04736328125,274.9026794433594,27.001795,8.0,1,19.894379
4,426,1183.1974415779114,8.040691375732422,1103.8096923828125,62.36224365234375,22.51738,14.0,-1,0.83555126
6,426,365.7517018318176,249.9635124206543,286.36395263671875,304.2850646972656,15.301922,16.0,-1,6.7966223
9,426,1335.4771046638489,1085.1978569030762,1256.08935546875,1139.5194091796875,13.134421,8.0,-1,34.651314
10,426,461.1243824958801,45.94279861450195,381.73663330078125,100.26435089111328,11.517442,10.0,-1,24.288534
945,426,1698.9404835700989,384.8775444030762,1619.552734375,439.1990966796875,10.293048,6.0,1,4.2017655
8,426,1381.2806935310364,351.6510429382324,1301.8929443359375,405.97259521484375,10.18763,8.0,-1,34.913914
1332,426,944.4262013435364,443.4166069030762,865.0384521484375,497.7381591796875,9.587493,28.0,-1,10.433016
2,426,1468.8649220466614,351.1325492858887,1389.4771728515625,405.4541015625,9.255067,14.0,-1,4.817913
11,426,361.3807911872864,357.5155143737793,281.9930419921875,411.8370666503906,8.346804,14.0,-1,11.088634
3,426,973.5541310310364,433.80256271362305,894.1663818359375,488.1241149902344,7.904473,14.0,-1,0.23681808
797,426,1059.3131642341614,249.78794479370117,979.9254150390625,304.1094970703125,6.21574,14.0,-1,40.944695
12,426,1144.6508107185364,809.0171928405762,1065.2630615234375,863.3387451171875,5.2490273,10.0,-1,30.785112
17,426,566.8534779548645,490.6119194030762,487.4657287597656,544.9334716796875,2.6275904,8.0,-1,18.902323
1201,426,1058.8915333747864,233.5623893737793,979.5037841796875,287.8839416503906,1.0729202,14.0,1,5.9696703
811,427,1677.5910267829895,127.7144775390625,1598.0911865234375,181.9006805419922,31.685888,10.0,-1,3.708259
0,427,1362.9682240486145,919.3743438720703,1283.4683837890625,973.560546875,29.675219,16.0,-1,32.256554
4,427,1183.095299243927,8.040691375732422,1103.595458984375,62.22689437866211,28.655718,8.0,1,1.3860552
1,427,1391.5929799079895,219.98497009277344,1312.0931396484375,274.1711730957031,17.526943,8.0,1,22.94695
1332,427,942.045982837677,444.31495666503906,862.546142578125,498.50115966796875,13.5141535,28.0,-1,13.811232
10,427,460.8623585700989,45.25450897216797,381.3625183105469,99.44071197509766,10.854831,10.0,-1,23.299671
9,427,1335.280846118927,1085.5830841064453,1255.781005859375,1139.769287109375,10.480608,8.0,-1,33.692326
3,427,973.9216542243958,435.44700622558594,894.4218139648438,489.6332092285156,10.078475,14.0,-1,0.66238904
11,427,361.3807911872864,357.47084045410156,281.8809509277344,411.65704345703125,9.96296,14.0,-1,11.771998
6,427,366.1395802497864,249.5108184814453,286.6397399902344,303.697021484375,7.664374,16.0,-1,6.721712
2,427,1468.7875599861145,352.67649841308594,1389.2877197265625,406.8627014160156,7.6069846,16.0,-1,6.1150417
8,427,1383.3796010017395,350.2959747314453,1303.8797607421875,404.482177734375,7.599076,8.0,-1,34.85796
12,427,1144.868980884552,807.9207305908203,1065.369140625,862.10693359375,6.4902744,10.0,-1,31.120846
945,427,1700.046471118927,384.67103576660156,1620.546630859375,438.85723876953125,6.141373,6.0,1,2.9559832
797,427,1058.3582997322083,251.9556427001953,978.8584594726562,306.141845703125,5.321252,14.0,-1,38.332157
17,427,564.7033925056458,489.4846954345703,485.20355224609375,543.6708984375,2.8525593,8.0,-1,18.357738
1201,427,1059.9690175056458,237.78968811035156,980.4691772460938,291.97589111328125,0.8061765,12.0,1,11.305825
0,428,1364.5044178962708,919.4504241943359,1285.656005859375,974.902587890625,26.138517,16.0,-1,34.257954
4,428,1183.1039052009583,7.858451843261719,1104.2554931640625,63.31061553955078,26.11183,8.0,1,5.064576
1,428,1392.5848622322083,219.98497009277344,1313.7364501953125,275.4371337890625,25.52894,8.0,1,23.645342
811,428,1676.9428944587708,128.0233917236328,1598.094482421875,183.47555541992188,17.485897,10.0,-1,1.8897793
6,428,365.8709645271301,249.80238342285156,287.0225524902344,305.2545471191406,12.461705,16.0,-1,7.138969
2,428,1467.1852040290833,351.7364959716797,1388.3367919921875,407.18865966796875,12.304966,14.0,-1,14.075613
9,428,1334.7228016853333,1087.0064544677734,1255.8743896484375,1142.4586181640625,11.624767,8.0,-1,33.922222
10,428,462.6885914802551,40.54469299316406,383.8401794433594,95.99685668945312,10.551639,10.0,-1,24.689238
11,428,361.3807911872864,354.8988800048828,282.5323791503906,410.3510437011719,10.499345,14.0,-1,11.428603
945,428,1698.8709950447083,382.57896423339844,1620.0225830078125,438.0311279296875,10.0428,6.0,1,5.0801487
1332,428,940.0912709236145,443.3154754638672,861.2428588867188,498.76763916015625,9.982353,28.0,-1,11.523155
8,428,1384.7876210212708,348.6643524169922,1305.939208984375,404.11651611328125,9.105493,8.0,-1,35.794586
12,428,1146.2789540290833,803.5041961669922,1067.4305419921875,858.9563598632812,5.8449764,10.0,-1,28.528381
3,428,970.4296498298645,435.7615509033203,891.5812377929688,491.2137145996094,5.7994323,8.0,1,0.7207558
797,428,1058.1078114509583,252.48765563964844,979.2593994140625,307.9398193359375,4.994675,14.0,-1,39.2838
17,428,565.7181630134583,490.05809020996094,486.8697509765625,545.51025390625,1.9015031,8.0,-1,17.633205
1201,428,1063.0312733650208,238.86167907714844,984.182861328125,294.3138427734375,1.0052764,12.0,1,12.271248
0,429,1362.1743092536926,920.9739532470703,1283.350341796875,976.3660888671875,31.832273,16.0,-1,32.03361
1,429,1394.8426442146301,218.9935760498047,1316.0186767578125,274.3857116699219,31.321692,8.0,1,22.558315
4,429,1183.9517750740051,7.006565093994141,1105.1278076171875,62.39870071411133,18.075811,8.0,1,5.7093277
6,429,364.8253712654114,250.63670349121094,286.00140380859375,306.0288391113281,14.796155,16.0,-1,8.337654
811,429,1678.1562428474426,129.4166259765625,1599.332275390625,184.8087615966797,13.0273695,10.0,-1,0.956151
2,429,1466.4467701911926,350.39903259277344,1387.622802734375,405.7911682128906,10.656097,14.0,-1,16.125872
1332,429,938.2411427497864,444.9161834716797,859.4171752929688,500.3083190917969,10.492177,28.0,-1,9.018932
10,429,463.0422291755676,38.51655578613281,384.21826171875,93.90869140625,9.635426,10.0,-1,24.469254
945,429,1696.1008229255676,382.1436309814453,1617.27685546875,437.5357666015625,9.099597,6.0,1,5.3427567
11,429,361.9585499763489,355.02085876464844,283.13458251953125,410.4129943847656,8.429859,14.0,-1,12.242988
9,429,1335.1679615974426,1086.0757598876953,1256.343994140625,1141.4678955078125,8.097514,8.0,-1,31.973633
3,429,969.4210743904114,435.4727325439453,890.5971069335938,490.8648681640625,6.363159,8.0,1,0.26733255
8,429,1384.1473317146301,348.6643524169922,1305.3233642578125,404.0564880371094,6.17032,8.0,-1,37.048496
12,429,1146.4070973396301,804.4058380126953,1067.5831298828125,859.7979736328125,5.4931684,10.0,-1,28.218597
797,429,1057.7877125740051,252.83082580566406,978.9637451171875,308.22296142578125,4.2718844,14.0,-1,39.832294
17,429,565.7181630134583,487.6055450439453,486.8941955566406,542.9976806640625,1.5282187,8.0,-1,16.422224
1201,429,1063.6479420661926,239.23143005371094,984.823974609375,294.6235656738281,0.9669431,14.0,1,10.35904
811,430,1677.2809987068176,127.71818542480469,1598.052490234375,183.62057495117188,38.34261,10.0,-1,4.461481
0,430,1360.4285817146301,923.4434967041016,1281.2000732421875,979.3458862304688,28.318285,16.0,-1,36.13411
1,430,1394.8426442146301,218.24461364746094,1315.6141357421875,274.1470031738281,25.058088,8.0,1,22.187706
4,430,1185.1932301521301,4.932933807373047,1105.9647216796875,60.835323333740234,19.712538,8.0,1,6.990549
1332,430,937.0528492927551,445.2581329345703,857.8243408203125,501.1605224609375,14.087373,28.0,-1,11.246405
11,430,358.4188771247864,355.2064666748047,279.19036865234375,411.1088562011719,13.196416,14.0,-1,13.698106
6,430,362.5207448005676,251.23594665527344,283.292236328125,307.1383361816406,11.904706,16.0,-1,8.147564
9,430,1337.4788746833801,1086.0757598876953,1258.2503662109375,1141.9781494140625,11.727676,8.0,-1,35.987373
2,430,1466.7122731208801,349.1341094970703,1387.4837646484375,405.0364990234375,10.7569,16.0,-1,8.690111
945,430,1697.1606373786926,380.3153839111328,1617.93212890625,436.2177734375,9.910102,6.0,1,5.0051627
10,430,463.5063405036926,37.92732238769531,384.27783203125,93.8297119140625,9.793197,10.0,-1,25.423256
3,430,969.6604542732239,436.05091857910156,890.4319458007812,491.95330810546875,6.3786397,8.0,1,0.36319113
8,430,1384.2729420661926,348.74913024902344,1305.04443359375,404.6515197753906,6.1633945,8.0,-1,34.206505
797,430,1056.5208668708801,252.8787384033203,977.2923583984375,308.7811279296875,4.6577206,14.0,-1,35.98121
12,430,1146.6892018318176,802.9546051025391,1067.460693359375,858.8569946289062,4.2719903,10.0,-1,22.726782
17,430,563.2551503181458,487.22377014160156,484.0266418457031,543.1261596679688,2.444792,8.0,-1,19.018307
1201,430,1062.7592701911926,240.0229034423828,983.53076171875,295.92529296875,1.0152088,12.0,1,13.994743
1,431,1393.7039723396301,218.46861267089844,1314.177490234375,274.9732971191406,28.8701,8.0,1,17.212605
4,431,1187.6122975349426,3.8844947814941406,1108.0858154296875,60.38917922973633,18.968529,8.0,1,9.623418
811,431,1677.2809987068176,127.97406005859375,1597.7545166015625,184.47874450683594,18.308481,10.0,-1,4.504037
0,431,1361.8046803474426,923.0528717041016,1282.2781982421875,979.5575561523438,17.07587,16.0,-1,35.108265
1332,431,934.1146168708801,445.33143615722656,854.588134765625,501.83612060546875,11.087264,26.0,-1,10.9699135
3,431,970.2495656013489,435.0563201904297,890.7230834960938,491.5610046386719,10.691967,8.0,1,0.0044225454
6,431,363.1060109138489,252.8870391845703,283.57952880859375,309.3917236328125,10.401511,16.0,-1,6.2857676
2,431,1466.5924000740051,347.1906280517578,1387.06591796875,403.6953125,10.260428,16.0,-1,15.599009
11,431,357.6816029548645,356.52037048339844,278.1551208496094,413.0250549316406,9.543926,14.0,-1,13.921979
9,431,1336.8797535896301,1084.3920440673828,1257.353271484375,1140.896728515625,9.4696865,8.0,-1,31.489878
945,431,1699.5533375740051,380.3153839111328,1620.02685546875,436.820068359375,9.46032,6.0,1,3.2986093
10,431,465.60695695877075,39.05834197998047,386.0804748535156,95.56302642822266,9.06862,10.0,-1,25.949888
8,431,1386.2927174568176,347.70960998535156,1306.7662353515625,404.21429443359375,8.098887,8.0,-1,36.082516
12,431,1147.8105397224426,803.7947540283203,1068.2840576171875,860.2994384765625,5.5837493,10.0,-1,32.282883
797,431,1055.1988453865051,249.24534606933594,975.67236328125,305.7500305175781,4.39577,14.0,-1,37.34441
17,431,558.8392262458801,488.27589416503906,479.312744140625,544.7805786132812,1.651362,10.0,-1,15.868373
1201,431,1060.8231129646301,237.0256805419922,981.296630859375,293.5303649902344,0.7550461,12.0,1,14.00198
811,432,1676.1178517341614,127.29280090332031,1596.1617431640625,183.5313720703125,27.804766,10.0,-1,5.6524725
0,432,1362.3773732185364,923.2096710205078,1282.4212646484375,979.4482421875,26.885458,16.0,-1,31.424604
4,432,1189.5595021247864,3.6589508056640625,1109.6033935546875,59.89752197265625,24.409945,8.0,1,7.3649087
1,432,1393.4092335700989,217.34837341308594,1313.453125,273.5869445800781,17.05632,8.0,1,18.933176
3,432,970.2495656013489,434.1394805908203,890.29345703125,490.3780517578125,16.242582,8.0,1,0.075602174
1332,432,929.5120778083801,445.4667205810547,849.5559692382812,501.7052917480469,14.2288065,26.0,-1,9.506797
945,432,1699.9517140388489,379.2772674560547,1619.99560546875,435.5158386230469,13.243347,6.0,1,2.793007
11,432,357.56642961502075,359.10325622558594,277.6103210449219,415.3418273925781,13.116364,14.0,-1,13.412915
9,432,1337.8868947029114,1083.7116241455078,1257.9307861328125,1139.9501953125,12.939895,8.0,-1,34.582684
6,432,362.2817921638489,253.26588439941406,282.32568359375,309.50445556640625,11.619338,16.0,-1,6.9105744
10,432,465.95510149002075,41.01227569580078,385.9989929199219,97.25084686279297,9.714675,10.0,-1,25.503672
2,432,1467.7737355232239,347.1906280517578,1387.817626953125,403.42919921875,8.614371,16.0,-1,8.148993
8,432,1387.3030323982239,347.93394470214844,1307.346923828125,404.1725158691406,7.215027,8.0,-1,33.325542
12,432,1150.5017628669739,803.3647003173828,1070.545654296875,859.603271484375,6.4183984,10.0,-1,29.090385
797,432,1053.2548756599426,250.4841766357422,973.2987670898438,306.7227478027344,3.6761189,16.0,-1,35.919304
17,432,556.5014882087708,485.2798614501953,476.5453796386719,541.5184326171875,2.5816448,10.0,-1,14.232976
1201,432,1059.8066945075989,237.76197814941406,979.8505859375,294.00054931640625,0.9040074,12.0,1,13.682928
4,433,1187.7238087654114,3.6589508056640625,1108.038330078125,59.95658874511719,35.396206,8.0,1,6.829116
0,433,1360.6052784919739,921.9030456542969,1280.9197998046875,978.20068359375,28.010155,16.0,-1,33.86166
3,433,966.8162770271301,433.50372314453125,887.1307983398438,489.8013610839844,24.60132,8.0,1,0.015226603
1,433,1393.4092335700989,214.31838989257812,1313.7237548828125,270.61602783203125,23.606863,8.0,1,16.976128
811,433,1677.5416798591614,127.5006103515625,1597.856201171875,183.79824829101562,23.197119,10.0,-1,5.0953226
11,433,357.5914845466614,360.7151184082031,277.906005859375,417.01275634765625,17.538767,14.0,-1,13.694702
1332,433,927.9212574958801,446.21142578125,848.2357788085938,502.5090637207031,15.31049,28.0,-1,8.449354
9,433,1337.9703907966614,1085.7976989746094,1258.284912109375,1142.0953369140625,10.842663,8.0,-1,34.387783
10,433,466.34462785720825,39.202369689941406,386.6591491699219,95.50000762939453,10.742578,10.0,-1,25.925074
6,433,359.0388112068176,251.57476806640625,279.35333251953125,307.8724060058594,10.701804,16.0,-1,7.460194
8,433,1387.4056935310364,346.1043701171875,1307.72021484375,402.4020080566406,9.3719,8.0,-1,36.156834
2,433,1466.5015187263489,347.2232971191406,1386.8160400390625,403.52093505859375,6.940042,16.0,-1,7.1099806
945,433,1700.3737111091614,378.512451171875,1620.688232421875,434.8100891113281,6.262301,6.0,1,2.420105
12,433,1152.0187306404114,805.3710632324219,1072.333251953125,861.668701171875,5.1576033,10.0,-1,27.406595
797,433,1053.4819874763489,251.47317504882812,973.7965087890625,307.77081298828125,4.695972,14.0,-1,34.347866
17,433,555.7355275154114,480.9122619628906,476.050048828125,537.2098999023438,3.1581771,8.0,-1,16.53622
1201,433,1057.1009449958801,238.61135864257812,977.4154663085938,294.90899658203125,0.92909104,10.0,1,11.960101
0,434,1359.1199269294739,923.2823791503906,1279.5587158203125,979.950927734375,41.458958,16.0,-1,33.513847
4,434,1185.4950489997864,1.4766197204589844,1105.933837890625,58.14516830444336,41.170612,8.0,1,9.878061
1,434,1393.6737599372864,213.784912109375,1314.112548828125,270.4534606933594,28.64702,8.0,1,14.644223
11,434,357.6307301521301,362.2063293457031,278.06951904296875,418.8748779296875,22.272219,14.0,-1,13.846063
811,434,1677.0756154060364,128.771728515625,1597.514404296875,185.44027709960938,16.809328,10.0,-1,5.7593994
1332,434,928.1523365974426,445.6338195800781,848.5911254882812,502.3023681640625,14.186359,28.0,-1,8.422209
3,434,965.7298512458801,431.9128723144531,886.1686401367188,488.5814208984375,13.263194,14.0,-1,0.6736946
10,434,467.316978931427,39.32609558105469,387.7557678222656,95.99464416503906,11.8540535,10.0,-1,27.78331
6,434,356.9382252693176,250.7825927734375,277.37701416015625,307.4511413574219,10.80896,18.0,-1,9.587718
2,434,1466.4685597419739,347.4908752441406,1386.9073486328125,404.159423828125,9.473349,16.0,-1,10.537321
8,434,1387.4056935310364,345.06781005859375,1307.844482421875,401.7363586425781,9.00673,8.0,-1,35.460762
9,434,1336.1066212654114,1087.0023498535156,1256.54541015625,1143.6708984375,8.51906,8.0,-1,32.62316
12,434,1153.4186329841614,805.3710632324219,1073.857421875,862.0396118164062,5.2608604,10.0,-1,29.501486
797,434,1054.7589650154114,249.56939697265625,975.19775390625,306.2379455566406,4.2311964,14.0,-1,32.433846
17,434,556.7489552497864,481.1875305175781,477.187744140625,537.8560791015625,2.8183994,8.0,-1,18.21867
811,435,1676.1731495857239,128.46481704711914,1596.0438232421875,185.75167846679688,31.004835,10.0,-1,6.0406146
1,435,1394.4731984138489,212.82977676391602,1314.3438720703125,270.11663818359375,22.609877,8.0,1,16.56659
0,435,1358.2102589607239,922.410587310791,1278.0809326171875,979.6974487304688,22.408484,16.0,-1,27.35588
4,435,1188.2136769294739,1.4766197204589844,1108.0843505859375,58.76348114013672,15.965446,8.0,1,7.092536
9,435,1332.0772023200989,1088.7543983459473,1251.9478759765625,1146.041259765625,12.66576,8.0,-1,33.877018
10,435,466.59584856033325,40.90768051147461,386.4665222167969,98.19454193115234,12.469003,10.0,-1,26.089617
6,435,358.0659108161926,252.43298721313477,277.93658447265625,309.7198486328125,12.349135,18.0,-1,9.4714985
1332,435,926.9445118904114,445.011905670166,846.815185546875,502.29876708984375,12.201359,28.0,-1,8.735739
3,435,967.0862965583801,429.515811920166,886.9569702148438,486.80267333984375,11.625079,14.0,-1,1.725777
11,435,358.9275441169739,361.53390884399414,278.7982177734375,418.8207702636719,11.260936,14.0,-1,13.76824
2,435,1466.4685597419739,346.83533096313477,1386.3392333984375,404.1221923828125,11.095294,16.0,-1,17.861965
8,435,1384.5941700935364,346.14856338500977,1304.46484375,403.4354248046875,7.665178,8.0,-1,33.55423
12,435,1154.9883351325989,805.4366493225098,1074.8590087890625,862.7235107421875,7.444021,10.0,-1,27.724508
797,435,1055.2626271247864,249.58142471313477,975.13330078125,306.8682861328125,3.145933,16.0,-1,31.310608
17,435,556.291344165802,481.76941299438477,476.1620178222656,539.0562744140625,2.388914,8.0,-1,17.122494
1201,435,1057.9003224372864,237.06470108032227,977.77099609375,294.3515625,0.9946613,12.0,1,12.264345
0,436,1359.6161427497864,919.6413612365723,1279.066650390625,977.7806396484375,22.535841,16.0,-1,25.427364
4,436,1190.1659474372864,3.5880355834960938,1109.616455078125,61.72731399536133,21.345793,8.0,1,4.6382656
811,436,1676.1731495857239,127.91766738891602,1595.6236572265625,186.05694580078125,20.318947,10.0,-1,5.4225183
1332,436,928.4410328865051,444.9238624572754,847.8915405273438,503.0631408691406,19.822706,28.0,-1,7.666261
1,436,1393.3729786872864,212.9962501525879,1312.823486328125,271.1355285644531,17.408958,8.0,1,13.157097
11,436,359.2238087654114,359.5640296936035,278.67431640625,417.70330810546875,12.144828,14.0,-1,14.895857
2,436,1467.4270558357239,346.83533096313477,1386.8775634765625,404.974609375,11.977913,16.0,-1,22.169086
3,436,966.8228077888489,426.149356842041,886.2733154296875,484.28863525390625,11.346105,14.0,-1,1.350932
9,436,1331.7445607185364,1089.6501502990723,1251.195068359375,1147.7894287109375,11.030827,8.0,-1,35.571033
10,436,464.9657521247864,39.9235954284668,384.416259765625,98.06287384033203,10.394546,10.0,-1,25.081125
6,436,357.46682024002075,250.9706153869629,276.9173278808594,309.1098937988281,9.329596,18.0,-1,8.90893
8,436,1382.8068165779114,346.34457778930664,1302.25732421875,404.4838562011719,8.654235,8.0,-1,34.801743
12,436,1152.8556447029114,807.172061920166,1072.30615234375,865.3113403320312,7.5057034,12.0,-1,24.565826
797,436,1055.7880787849426,250.4509620666504,975.2385864257812,308.5902404785156,3.4296386,16.0,-1,29.061697
17,436,556.6246266365051,483.382999420166,476.07513427734375,541.5222778320312,2.1433375,10.0,-1,14.737559
0,437,1360.0903859138489,918.5381813049316,1279.6025390625,976.6259765625,34.725807,16.0,-1,29.782536
811,437,1674.5947804450989,127.7543830871582,1594.10693359375,185.84217834472656,27.13471,10.0,-1,5.455818
3,437,968.1373219490051,425.9850196838379,887.6494750976562,484.07281494140625,18.965544,8.0,1,1.551144
1,437,1393.3729786872864,214.11029434204102,1312.8851318359375,272.1980895996094,16.243038,8.0,1,9.911831
4,437,1191.4014210700989,5.2457733154296875,1110.91357421875,63.33356857299805,13.225334,8.0,1,1.4003514
1332,437,928.2073292732239,445.90793228149414,847.719482421875,503.9957275390625,13.124146,28.0,-1,3.5857887
2,437,1467.6216359138489,346.83533096313477,1387.1337890625,404.9231262207031,10.894878,16.0,-1,20.798264
6,437,355.3161244392395,252.8386573791504,274.8282775878906,310.92645263671875,10.549106,18.0,-1,8.381805
9,437,1330.4901661872864,1090.0572242736816,1250.0023193359375,1148.14501953125,10.472484,8.0,-1,33.07213
10,437,465.003746509552,41.109554290771484,384.5158996582031,99.19734954833984,10.336085,10.0,-1,23.13505
8,437,1382.4680714607239,344.49780654907227,1301.980224609375,402.5856018066406,8.698798,8.0,-1,34.039906
11,437,359.3442006111145,362.34982681274414,278.8563537597656,420.4376220703125,8.635502,14.0,-1,15.584401
12,437,1151.9873585700989,806.9026832580566,1071.49951171875,864.990478515625,6.111094,12.0,-1,26.317831
797,437,1054.5668873786926,250.20672988891602,974.0790405273438,308.2945251464844,2.7329693,16.0,-1,27.155157
17,437,557.4608693122864,482.2478370666504,476.9730224609375,540.3356323242188,1.6033412,10.0,-1,11.692474
1201,437,1061.6912770271301,239.99493789672852,981.2034301757812,298.0827331542969,0.8529601,12.0,1,10.12155
0,438,1359.9233937263489,916.2224025726318,1279.6700439453125,975.271240234375,25.441765,16.0,-1,26.59456
1,438,1393.6019825935364,213.5530605316162,1313.3486328125,272.6018981933594,20.525682,8.0,1,11.755857
4,438,1191.5684132575989,5.452024459838867,1111.3150634765625,64.50086212158203,18.117884,8.0,1,0.40370703
811,438,1675.1703419685364,126.74510765075684,1594.9169921875,185.7939453125,17.980003,10.0,-1,4.8190713
6,438,355.6348195075989,254.80959129333496,275.3814697265625,313.8584289550781,17.105001,18.0,-1,9.6026325
11,438,358.03017473220825,362.70665550231934,277.7768249511719,421.7554931640625,14.757615,14.0,-1,15.899639
2,438,1468.4354786872864,347.1227626800537,1388.18212890625,406.1716003417969,13.515538,16.0,-1,16.188162
3,438,967.4140553474426,426.6018581390381,887.1607055664062,485.65069580078125,12.507259,14.0,-1,1.2712463
9,438,1332.2078175544739,1090.5676174163818,1251.9544677734375,1149.616455078125,11.294537,8.0,-1,34.78295
1332,438,924.3467335700989,443.5996608734131,844.0933837890625,502.64849853515625,10.142442,28.0,-1,6.5702515
10,438,464.4220814704895,37.12136650085449,384.1687316894531,96.17020416259766,10.12925,10.0,-1,25.574135
8,438,1380.2127003669739,342.3964443206787,1299.9593505859375,401.4452819824219,7.290254,8.0,-1,31.268562
12,438,1150.0579152107239,807.6270656585693,1069.8045654296875,866.6759033203125,6.4242992,12.0,-1,25.045908
797,438,1056.2211232185364,251.9839687347412,975.9677734375,311.0328063964844,2.780201,16.0,-1,31.517086
17,438,560.8707814216614,480.91795921325684,480.617431640625,539.966796875,1.9299464,10.0,-1,12.102978
1201,438,1060.7916188240051,239.78868675231934,980.5382690429688,298.8375244140625,0.99321,12.0,1,8.623385
0,439,1360.223961353302,917.5368556976318,1279.7117919921875,976.5677490234375,31.38581,16.0,-1,26.518213
1,439,1392.641441822052,213.22789573669434,1312.1292724609375,272.2587890625,19.917814,8.0,1,7.501376
4,439,1192.265953540802,3.0409374237060547,1111.7537841796875,62.07183074951172,18.868286,14.0,-1,2.3212118
11,439,359.7981495857239,362.59935569763184,279.2859802246094,421.6302490234375,16.520023,16.0,-1,16.729204
3,439,966.6991810798645,425.94603538513184,886.18701171875,484.9769287109375,15.123361,14.0,-1,1.0431858
811,439,1677.4421010017395,128.11661338806152,1596.929931640625,187.1475067138672,14.087632,10.0,-1,4.2485323
9,439,1333.497642993927,1088.9140529632568,1252.9854736328125,1147.9449462890625,11.699531,8.0,-1,34.895325
1332,439,923.1438221931458,445.6929225921631,842.6316528320312,504.72381591796875,11.336146,28.0,-1,5.689015
2,439,1467.793785572052,348.10854148864746,1387.2816162109375,407.1394348144531,11.138322,16.0,-1,14.264037
6,439,355.33425188064575,256.1100368499756,274.82208251953125,315.14093017578125,10.459692,18.0,-1,8.18081
8,439,1378.925621509552,339.21288108825684,1298.4134521484375,398.2437744140625,8.161338,8.0,-1,32.43531
10,439,467.1774220466614,38.72310447692871,386.6652526855469,97.75399780273438,7.3032146,10.0,-1,26.189209
12,439,1147.8083119392395,807.3352565765381,1067.296142578125,866.3661499023438,5.993982,12.0,-1,22.515894
797,439,1053.923668384552,249.6339931488037,973.4114990234375,308.6648864746094,4.1804214,16.0,-1,23.641146
17,439,561.1971364021301,481.02525901794434,480.6849670410156,540.05615234375,1.6774421,10.0,-1,12.157733
1201,439,1061.9084095954895,240.2310390472412,981.396240234375,299.2619323730469,0.8122888,12.0,1,9.85986
1417,439,89.22087049484253,1046.5856838226318,8.708701133728027,1105.6165771484375,0.6756006,16.0,-1,7.0415897
811,440,1677.961510181427,127.44737815856934,1597.9910888671875,187.44854736328125,35.54388,10.0,-1,4.9733276
0,440,1359.7221302986145,917.5368556976318,1279.751708984375,977.5380249023438,30.774178,16.0,-1,28.666725
3,440,967.459801197052,426.9170742034912,887.4893798828125,486.9182434082031,16.753454,14.0,-1,1.3149889
1,440,1391.7948842048645,212.2856044769287,1311.824462890625,272.2867736816406,16.657377,8.0,1,5.021963
11,440,360.7551198005676,363.3411464691162,280.7846984863281,423.3423156738281,16.549328,14.0,-1,17.460695
4,440,1192.3532338142395,1.0908756256103516,1112.3828125,61.092044830322266,16.35887,14.0,-1,4.297814
9,440,1335.8715443611145,1090.007619857788,1255.901123046875,1150.0087890625,12.138966,8.0,-1,33.07086
2,440,1468.712242603302,346.25954246520996,1388.7418212890625,406.2607116699219,12.0781975,16.0,-1,12.62016
1332,440,923.0364003181458,444.53676414489746,843.0659790039062,504.5379333496094,11.909702,28.0,-1,6.381334
6,440,353.9616017341614,257.4071865081787,273.9911804199219,317.4083557128906,9.883411,16.0,-1,8.251546
10,440,468.5372853279114,39.87719535827637,388.5668640136719,99.87836456298828,9.843537,10.0,-1,25.722086
8,440,1378.4491810798645,338.37145042419434,1298.478759765625,398.37261962890625,8.068678,8.0,-1,33.928978
12,440,1146.529137134552,803.6317653656006,1066.5587158203125,863.6329345703125,6.646567,12.0,-1,23.31397
797,440,1052.3022084236145,249.8489589691162,972.331787109375,309.8501281738281,3.1035528,16.0,-1,24.92394
17,440,561.1971364021301,482.6879177093506,481.2267150878906,542.6890869140625,2.0366633,12.0,-1,8.918746
811,441,1679.6040272712708,127.22511863708496,1599.5887451171875,187.65597534179688,25.375298,10.0,-1,3.456232
3,441,966.1333241462708,429.49782371520996,886.1180419921875,489.9286804199219,24.781685,14.0,-1,1.7840984
0,441,1362.2647938728333,916.1805324554443,1282.24951171875,976.6113891601562,24.413347,16.0,-1,36.047546
1,441,1392.3746571540833,211.2411708831787,1312.359375,271.6720275878906,20.068316,8.0,1,5.9764256
11,441,361.41335344314575,363.5461025238037,281.3980712890625,423.9769592285156,18.962976,14.0,-1,17.991755
4,441,1190.6639637947083,0.5512447357177734,1110.648681640625,60.98210144042969,17.553885,14.0,-1,4.160873
1332,441,918.6997303962708,444.45058250427246,838.6844482421875,504.8814392089844,15.664725,28.0,-1,8.545574
6,441,354.8503041267395,255.2886562347412,274.83502197265625,315.7195129394531,12.238406,16.0,-1,6.7162833
2,441,1467.9939198493958,347.2253932952881,1387.9786376953125,407.65625,11.235063,16.0,-1,13.080505
9,441,1335.8938221931458,1090.007619857788,1255.8785400390625,1150.4384765625,11.126105,8.0,-1,33.538006
8,441,1377.6839833259583,337.4947109222412,1297.668701171875,397.9255676269531,10.145388,8.0,-1,33.196537
10,441,468.5372853279114,40.85571098327637,388.5220031738281,101.28656768798828,8.94526,10.0,-1,25.697044
12,441,1145.5904774665833,803.7804470062256,1065.5751953125,864.2113037109375,5.1913114,12.0,-1,25.753538
797,441,1049.899254322052,252.82802391052246,969.8839721679688,313.2588806152344,3.4115934,16.0,-1,26.797302
17,441,561.2450795173645,487.6420192718506,481.22979736328125,548.0728759765625,2.2289245,12.0,-1,9.891105
1417,441,87.34839344024658,1044.3427028656006,7.33311128616333,1104.7735595703125,1.2452435,16.0,-1,3.4589274
1201,441,1059.742271900177,245.0918483734131,979.7269897460938,305.522705078125,0.78588873,12.0,1,8.716628
811,442,1679.6040272712708,128.76901817321777,1598.7578125,189.31703186035156,22.919256,10.0,-1,5.5088577
3,442,966.7775502204895,430.65831565856934,885.9313354492188,491.2063293457031,22.895082,14.0,-1,2.828915
1,442,1394.8067860603333,211.00658226013184,1313.9605712890625,271.5545959472656,21.570604,8.0,1,7.219109
11,442,360.657799243927,361.10228538513184,279.81158447265625,421.6502990722656,17.756163,14.0,-1,15.93243
4,442,1191.4194569587708,0.06232261657714844,1110.5732421875,60.61033630371094,16.700949,14.0,-1,3.1566594
0,442,1362.0222401618958,916.1026821136475,1281.176025390625,976.6506958007812,14.132768,16.0,-1,26.028608
1332,442,916.5246815681458,445.37648582458496,835.678466796875,505.92449951171875,12.284026,28.0,-1,10.015331
6,442,352.7101368904114,254.92091941833496,271.8639221191406,315.46893310546875,11.502208,16.0,-1,9.509383
10,442,469.98732805252075,37.12509727478027,389.14111328125,97.67311096191406,9.73479,10.0,-1,25.20098
8,442,1377.5976796150208,337.4947109222412,1296.75146484375,398.042724609375,9.149421,8.0,-1,33.673462
2,442,1468.7445302009583,345.78700828552246,1387.8983154296875,406.33502197265625,8.253391,16.0,-1,10.617077
12,442,1145.2439198493958,804.5150966644287,1064.397705078125,865.0631103515625,6.95486,10.0,-1,27.570728
797,442,1049.5639271736145,253.4822292327881,968.7177124023438,314.0302429199219,5.6246696,16.0,-1,32.040775
9,442,1338.1017079353333,1091.7948818206787,1257.2554931640625,1152.3428955078125,4.80397,8.0,-1,26.799421
17,442,561.5382618904114,491.6269130706787,480.6920471191406,552.1749267578125,1.4033269,14.0,-1,9.746173
811,443,1680.8717274665833,129.22890281677246,1599.974853515625,189.78073120117188,36.358982,10.0,-1,6.07613
4,443,1192.5766835212708,-0.28978538513183594,1111.6798095703125,60.26204299926758,28.503822,14.0,-1,1.8787417
3,443,965.312096118927,431.3181667327881,884.4152221679688,491.8699951171875,21.579086,14.0,-1,4.252684
1,443,1393.1418690681458,209.97487449645996,1312.2449951171875,270.5267028808594,18.176504,8.0,1,4.8955803
1332,443,914.5499501228333,448.16725730895996,833.653076171875,508.7190856933594,15.876347,28.0,-1,10.560442
11,443,359.17470598220825,359.65660667419434,278.27783203125,420.20843505859375,15.134845,14.0,-1,14.9276705
6,443,352.795250415802,253.07179832458496,271.89837646484375,313.6236267089844,13.832864,16.0,-1,8.380601
10,443,470.986656665802,37.08173179626465,390.08978271484375,97.63356018066406,10.399182,10.0,-1,25.726904
8,443,1378.6982655525208,337.4947109222412,1297.8013916015625,398.0465393066406,8.916528,8.0,-1,35.082104
9,443,1341.7718739509583,1091.959035873413,1260.875,1152.5108642578125,7.54525,8.0,-1,27.652243
0,443,1361.9399647712708,915.2829494476318,1281.0430908203125,975.8347778320312,7.015327,16.0,-1,11.298446
2,443,1467.9958729743958,347.06899070739746,1387.0989990234375,407.6208190917969,6.672737,16.0,-1,9.366325
797,443,1048.394127368927,254.1042079925537,967.4972534179688,314.6560363769531,4.315204,16.0,-1,32.483826
12,443,1145.2439198493958,803.8368434906006,1064.3470458984375,864.388671875,4.1522927,10.0,-1,28.520872
17,443,561.6630177497864,492.0016384124756,480.7661437988281,552.553466796875,1.0892354,12.0,-1,8.420805
4,444,1191.0517811775208,1.422159194946289,1110.3394775390625,62.07407760620117,25.307678,14.0,-1,2.5990987
1,444,1392.7437977790833,208.27557182312012,1312.031494140625,268.927490234375,20.845633,8.0,1,5.858236
811,444,1684.2888417243958,128.54957389831543,1603.5765380859375,189.2014923095703,19.572023,10.0,-1,3.2017941
3,444,964.7303700447083,429.79354667663574,884.01806640625,490.4454650878906,17.817028,14.0,-1,4.067349
1332,444,913.5346913337708,450.83859062194824,832.8223876953125,511.4905090332031,14.727757,28.0,-1,8.979486
6,444,352.8206105232239,254.96749687194824,272.1083068847656,315.6194152832031,13.01883,18.0,-1,7.6020064
0,444,1360.1778798103333,913.5709209442139,1279.465576171875,974.2228393554688,12.2380495,18.0,-1,17.807165
11,444,356.584557056427,359.9556255340576,275.87225341796875,420.6075439453125,12.202763,14.0,-1,16.209171
9,444,1342.5550770759583,1093.1737651824951,1261.8427734375,1153.82568359375,11.202858,8.0,-1,28.409714
10,444,471.0704274177551,37.08173179626465,390.3581237792969,97.73365020751953,10.395236,10.0,-1,26.3057
12,444,1143.9906239509583,802.3350811004639,1063.2783203125,862.9869995117188,6.639399,12.0,-1,28.01654
8,444,1378.7029042243958,336.33895683288574,1297.9906005859375,396.9908752441406,6.162266,8.0,-1,32.008442
2,444,1467.9958729743958,348.58688163757324,1387.2835693359375,409.2388000488281,6.128119,16.0,-1,12.563791
797,444,1050.6699452400208,253.22851371765137,969.9576416015625,313.88043212890625,4.925857,16.0,-1,29.57659
17,444,563.4693531990051,495.2073345184326,482.7570495605469,555.8592529296875,2.395869,12.0,-1,8.676954
1,445,1393.1606984138489,207.436674118042,1312.3397216796875,268.02423095703125,25.677565,8.0,1,11.593217
4,445,1191.2706837654114,1.7049884796142578,1110.44970703125,62.292545318603516,22.13662,8.0,1,0.7633785
3,445,964.8085865974426,429.097562789917,883.9876098632812,489.68511962890625,20.477718,14.0,-1,1.8509774
811,445,1683.0879445075989,128.70471000671387,1602.2669677734375,189.29226684570312,19.194485,10.0,-1,3.4020448
1332,445,907.8822560310364,451.898344039917,827.061279296875,512.4859008789062,17.88086,28.0,-1,12.7185135
6,445,352.8206105232239,257.2728862762451,271.9996337890625,317.8604431152344,15.473503,16.0,-1,7.4478827
0,445,1360.9893116950989,913.312650680542,1280.1683349609375,973.9002075195312,12.881703,16.0,-1,16.092018
11,445,356.12477922439575,358.49157524108887,275.3038024902344,419.0791320800781,11.144362,14.0,-1,15.216085
9,445,1340.8159718513489,1093.5548992156982,1259.9949951171875,1154.1424560546875,10.972496,8.0,-1,31.038023
10,445,467.95021867752075,35.24970054626465,387.1292419433594,95.8372573852539,7.8112197,10.0,-1,25.011076
12,445,1144.3755421638489,801.0177898406982,1063.5545654296875,861.6053466796875,6.661814,10.0,-1,29.890352
8,445,1376.9873585700989,333.32003593444824,1296.1663818359375,393.9075927734375,6.5241647,8.0,-1,34.45671
2,445,1467.9091114997864,348.58688163757324,1387.088134765625,409.1744384765625,6.143745,16.0,-1,15.904834
797,445,1052.2484059333801,253.527494430542,971.4274291992188,314.11505126953125,4.4533978,16.0,-1,29.002424
17,445,565.8724598884583,495.2861614227295,485.0514831542969,555.8737182617188,1.6696467,12.0,-1,7.0415044
1417,445,88.38220357894897,1044.4914226531982,7.561226844787598,1105.0789794921875,0.48042846,14.0,-1,11.799191
811,446,1683.7141652107239,129.30694389343262,1601.9654541015625,189.63116455078125,37.04971,10.0,-1,5.897976
1,446,1395.8062062263489,207.97894096374512,1314.0574951171875,268.30316162109375,26.564657,8.0,1,13.189758
1332,446,907.4125294685364,451.60482597351074,825.663818359375,511.9290466308594,16.384453,26.0,-1,10.975246
3,446,964.2567677497864,428.91796684265137,882.508056640625,489.2421875,14.724528,14.0,-1,2.4611232
6,446,353.3620533943176,254.92675590515137,271.61334228515625,315.2509765625,13.36934,16.0,-1,6.9145074
4,446,1194.9175343513489,4.582181930541992,1113.1688232421875,64.90640258789062,12.956364,8.0,1,4.1163754
10,446,467.55336809158325,33.59296226501465,385.8046569824219,93.91718292236328,12.747654,10.0,-1,26.07246
11,446,357.1276173591614,358.41222953796387,275.37890625,418.7364501953125,11.630592,14.0,-1,15.62009
2,446,1467.9251027107239,348.2991313934326,1386.1763916015625,408.62335205078125,10.442141,16.0,-1,20.41949
0,446,1360.7017140388489,915.7144756317139,1278.9530029296875,976.0386962890625,9.789005,18.0,-1,9.62585
9,446,1340.2683644294739,1095.8002910614014,1258.5196533203125,1156.12451171875,7.989819,8.0,-1,32.142117
8,446,1375.6504445075989,333.39938163757324,1293.9017333984375,393.7236022949219,7.6388435,8.0,-1,32.98632
12,446,1144.3595509529114,802.7506084442139,1062.61083984375,863.0748291015625,5.407314,10.0,-1,27.228098
797,446,1050.0034718513489,250.474027633667,968.2547607421875,310.7982482910156,4.0744696,16.0,-1,32.662033
17,446,569.5181202888489,494.03674125671387,487.7694091796875,554.3609619140625,1.1817299,14.0,-1,6.4729877
1417,446,89.66693830490112,1045.4239482879639,7.918227195739746,1105.7481689453125,0.4776645,12.0,-1,13.5629635
4,447,1195.5676808357239,5.506811141967773,1114.4871826171875,65.80773162841797,26.211708,8.0,1,8.672707
1332,447,905.0060353279114,451.2152843475342,823.925537109375,511.5162048339844,22.41735,26.0,-1,13.301679
811,447,1683.4657521247864,129.20344352722168,1602.38525390625,189.50436401367188,20.93873,10.0,-1,3.2339668
1,447,1396.3765187263489,206.49720573425293,1315.2960205078125,266.7981262207031,20.029922,8.0,1,10.993635
3,447,963.9292531013489,427.2619457244873,882.8487548828125,487.5628662109375,16.329641,14.0,-1,3.122519
6,447,352.66152238845825,255.63712882995605,271.5810241699219,315.93804931640625,13.224544,18.0,-1,7.6133785
10,447,467.40956926345825,33.96417808532715,386.3290710449219,94.26509857177734,12.987652,10.0,-1,27.03752
2,447,1467.1672902107239,346.25733757019043,1386.0867919921875,406.5582580566406,12.555813,16.0,-1,18.054802
11,447,355.3948292732239,358.5157299041748,274.3143310546875,418.816650390625,11.869622,14.0,-1,14.156785
9,447,1340.5568165779114,1097.5485668182373,1259.476318359375,1157.8494873046875,11.481682,8.0,-1,33.71753
0,447,1360.8455128669739,915.1121654510498,1279.7650146484375,975.4130859375,10.930734,16.0,-1,7.4171143
12,447,1141.8778614997864,799.8879833221436,1060.79736328125,860.1889038085938,5.9477844,12.0,-1,25.810095
797,447,1050.2429738044739,252.34904289245605,969.1624755859375,312.64996337890625,4.779775,16.0,-1,29.02109
8,447,1380.3401417732239,335.2959728240967,1299.2596435546875,395.5968933105469,3.9083614,8.0,-1,28.041357
1417,447,90.7237458229065,1045.7286205291748,9.643247604370117,1106.029541015625,2.4217064,12.0,-1,15.854163
17,447,570.546959400177,490.10319328308105,489.4664611816406,550.4041137695312,1.486956,12.0,-1,4.4642563
4,448,1194.3163566589355,6.809438705444336,1114.072509765625,67.05709075927734,28.335175,8.0,1,8.842386
1332,448,903.1541862487793,451.408842086792,822.9103393554688,511.656494140625,21.520525,26.0,-1,11.797041
1,448,1394.7609367370605,207.1828899383545,1314.51708984375,267.4305419921875,16.442509,8.0,1,6.470089
811,448,1684.812816619873,126.8755931854248,1604.5689697265625,187.1232452392578,16.007872,10.0,-1,3.6712458
3,448,961.029369354248,427.876371383667,880.7855224609375,488.1240234375,12.904961,14.0,-1,2.2238913
8,448,1381.6916007995605,334.024320602417,1301.44775390625,394.27197265625,12.797879,8.0,-1,34.041615
6,448,352.76618576049805,255.61910820007324,272.5223388671875,315.86676025390625,12.66079,16.0,-1,7.64674
10,448,466.2111930847168,35.49128532409668,385.96734619140625,95.73893737792969,10.760198,10.0,-1,25.426086
9,448,1342.1732902526855,1099.2041301727295,1261.929443359375,1159.4517822265625,10.427543,8.0,-1,30.825006
0,448,1360.797435760498,913.6128215789795,1280.5535888671875,973.8604736328125,10.312687,16.0,-1,9.199415
11,448,356.84492111206055,357.84078788757324,276.60107421875,418.08843994140625,10.20959,14.0,-1,13.454886
2,448,1465.883129119873,346.7925090789795,1385.6392822265625,407.0401611328125,6.464064,14.0,-1,15.304389
12,448,1142.446605682373,799.6570720672607,1062.2027587890625,859.9047241210938,5.745377,10.0,-1,27.094646
797,448,1050.5406608581543,252.36706352233887,970.2968139648438,312.6147155761719,3.4586546,16.0,-1,28.532412
1417,448,90.77182292938232,1044.836820602417,10.527976036071777,1105.08447265625,1.7957826,12.0,-1,14.195872
17,448,570.1684989929199,489.461576461792,489.9246520996094,549.709228515625,1.574522,12.0,-1,6.8096895
811,449,1684.479305267334,125.44511985778809,1604.021240234375,185.59060668945312,29.372526,10.0,-1,6.6390834
3,449,960.6052207946777,427.34804344177246,880.1471557617188,487.4935302734375,23.031693,14.0,-1,2.1939561
4,449,1193.5097007751465,7.035581588745117,1113.0516357421875,67.18106842041016,20.57894,8.0,1,9.639632
8,449,1380.636043548584,333.7981777191162,1300.177978515625,393.94366455078125,15.634019,8.0,-1,32.67757
1332,449,900.5082359313965,456.6409511566162,820.0501708984375,516.7864379882812,14.116887,28.0,-1,14.018126
11,449,356.9607810974121,354.5213222503662,276.5027160644531,414.66680908203125,13.98076,14.0,-1,13.470501
1,449,1394.645076751709,208.3932704925537,1314.18701171875,268.53875732421875,12.928399,14.0,-1,0.17179108
6,449,355.078426361084,256.2030849456787,274.620361328125,316.34857177734375,11.432143,16.0,-1,8.012668
10,449,466.8566551208496,36.47859001159668,386.3985900878906,96.62407684326172,10.774452,10.0,-1,25.493187
9,449,1345.095516204834,1099.9681606292725,1264.637451171875,1160.1136474609375,8.694476,8.0,-1,30.354599
0,449,1362.529354095459,912.7456874847412,1282.0712890625,972.8911743164062,8.267835,6.0,-1,8.450029
2,449,1467.982723236084,348.02577781677246,1387.524658203125,408.1712646484375,6.257629,14.0,-1,14.287465
12,449,1143.533748626709,798.5119228363037,1063.07568359375,858.6574096679688,5.897291,12.0,-1,24.628815
797,449,1048.4728965759277,250.87254905700684,968.0148315429688,311.0180358886719,3.0578783,16.0,-1,27.049246
1417,449,92.2786111831665,1040.5667934417725,11.82054615020752,1100.7122802734375,2.4868581,12.0,-1,16.286816
17,449,569.2427024841309,492.4364833831787,488.7846374511719,552.5819702148438,1.3838128,12.0,-1,8.53811
1462,449,1056.5541954040527,244.4088954925537,976.0961303710938,304.55438232421875,0.86023396,10.0,1,3.5488281
4,450,1192.7526206970215,7.479536056518555,1112.1868896484375,66.6916732788086,34.984955,8.0,1,13.871494
811,450,1684.479305267334,124.74306297302246,1603.91357421875,183.9552001953125,25.319918,10.0,-1,4.7232327
1332,450,900.9049034118652,460.84657859802246,820.3391723632812,520.0587158203125,16.761969,28.0,-1,9.569063
3,450,960.6101036071777,427.34804344177246,880.0443725585938,486.5601806640625,16.32383,14.0,-1,1.7429819
0,450,1361.762508392334,913.8241176605225,1281.19677734375,973.0362548828125,12.954522,16.0,-1,7.923058
9,450,1344.401668548584,1099.02174949646,1263.8359375,1158.23388671875,11.5878935,8.0,-1,27.394918
8,450,1380.9962730407715,334.98891258239746,1300.4305419921875,394.2010498046875,11.233117,8.0,-1,31.465244
6,450,357.31472396850586,257.8937587738037,276.7489929199219,317.10589599609375,10.306685,16.0,-1,7.992909
1,450,1393.773738861084,209.4839382171631,1313.2080078125,268.6960754394531,9.880885,14.0,-1,4.406036
11,450,355.9826316833496,354.30760765075684,275.4169006347656,413.5197448730469,9.6465,14.0,-1,14.0720215
10,450,469.28933334350586,40.00800895690918,388.7236022949219,99.22014617919922,9.4965105,10.0,-1,25.193201
2,450,1468.879695892334,347.6186122894287,1388.31396484375,406.83074951171875,8.631625,14.0,-1,14.138839
12,450,1144.726619720459,798.4183559417725,1064.160888671875,857.6304931640625,5.0387263,12.0,-1,24.22935
797,450,1043.729305267334,249.5663661956787,963.16357421875,308.77850341796875,2.7536304,20.0,-1,35.58825
1417,450,91.99391555786133,1037.057638168335,11.428184509277344,1096.269775390625,2.5541546,12.0,-1,15.158089
17,450,572.821834564209,494.20094871520996,492.256103515625,553.4130859375,1.1002474,14.0,-1,7.4681673
1462,450,1055.8800010681152,244.0973415374756,975.3142700195312,303.3094787597656,0.8263183,12.0,1,10.38076
4,451,1192.1523399353027,7.812833786010742,1111.975830078125,68.13520050048828,31.45025,8.0,1,15.251196
6,451,357.5142478942871,257.3877773284912,277.3377380371094,317.71014404296875,18.91837,16.0,-1,7.704819
0,451,1362.1032676696777,912.0387172698975,1281.9267578125,972.361083984375,17.055046,16.0,-1,11.050732
811,451,1682.5474815368652,120.66339683532715,1602.3709716796875,180.9857635498047,15.459577,10.0,-1,4.6403637
1332,451,900.9049034118652,458.09621238708496,820.7283935546875,518.4185791015625,13.264938,28.0,-1,10.607061
11,451,354.56045150756836,354.6027126312256,274.3839416503906,414.9250793457031,13.252561,14.0,-1,13.746129
3,451,960.0908164978027,425.41994285583496,879.914306640625,485.7423095703125,12.656693,14.0,-1,2.0198631
10,451,470.5107078552246,41.122785568237305,390.3341979980469,101.44515228271484,10.185907,10.0,-1,23.296873
2,451,1466.6417198181152,347.6136074066162,1386.4652099609375,407.93597412109375,9.940183,16.0,-1,15.124955
1,451,1394.3437461853027,209.4839382171631,1314.167236328125,269.8063049316406,9.342034,14.0,-1,3.1004074
9,451,1341.6970176696777,1099.88405418396,1261.5205078125,1160.2064208984375,7.936022,8.0,-1,27.524935
8,451,1382.1289024353027,335.2181911468506,1301.952392578125,395.5405578613281,7.543333,8.0,-1,25.341927
12,451,1143.8464317321777,793.97389793396,1063.669921875,854.2962646484375,7.304546,12.0,-1,23.00211
797,451,1043.5800132751465,248.39732933044434,963.4035034179688,308.7196960449219,4.5661798,22.0,-1,39.913334
17,451,575.713191986084,495.6308193206787,495.53668212890625,555.9531860351562,1.897796,12.0,-1,9.549919
1417,451,93.71742725372314,1037.57936668396,13.54091739654541,1097.9017333984375,1.4624089,12.0,-1,14.913866
1462,451,1056.247127532959,245.7565517425537,976.0706176757812,306.07891845703125,0.8254798,12.0,1,8.470922
811,452,1682.2217979431152,116.96327781677246,1601.7630615234375,177.6531982421875,25.809198,10.0,-1,6.8949175
4,452,1191.1362266540527,6.35194206237793,1110.677490234375,67.04186248779297,22.227234,8.0,1,11.215134
1,452,1394.6086387634277,207.9379177093506,1314.14990234375,268.6278381347656,14.452403,14.0,-1,2.3513732
1332,452,900.790096282959,457.31252098083496,820.3313598632812,518.00244140625,13.169946,28.0,-1,6.412841
8,452,1386.2449913024902,333.50844383239746,1305.7862548828125,394.1983642578125,13.091336,8.0,-1,31.267023
3,452,960.0040245056152,426.7510280609131,879.5452880859375,487.4409484863281,12.856795,14.0,-1,4.2107944
6,452,355.72668075561523,256.88063621520996,275.2679443359375,317.570556640625,11.929601,18.0,-1,7.544167
10,452,470.48147201538086,40.56856346130371,390.0227355957031,101.25848388671875,11.777087,10.0,-1,25.674257
2,452,1467.0699424743652,347.5998134613037,1386.6112060546875,408.28973388671875,11.120155,16.0,-1,19.447575
11,452,356.00893783569336,354.7682399749756,275.5502014160156,415.4581604003906,11.073058,14.0,-1,13.670899
9,452,1337.4604454040527,1101.4449672698975,1257.001708984375,1162.1348876953125,8.1519,8.0,-1,29.789972
0,452,1362.1032676696777,912.0970058441162,1281.64453125,972.7869262695312,6.9721656,16.0,-1,11.530397
12,452,1141.8658409118652,793.97389793396,1061.4071044921875,854.663818359375,5.7063255,12.0,-1,21.280651
797,452,1045.5806846618652,250.9630641937256,965.1219482421875,311.6529846191406,3.2073746,22.0,-1,38.12183
1417,452,95.87206077575684,1038.22975730896,15.413324356079102,1098.919677734375,2.0974786,14.0,-1,13.310947
17,452,577.2043418884277,495.65675926208496,496.74560546875,556.3466796875,1.3531579,10.0,-1,9.147494
1462,452,1056.424129486084,248.5988368988037,975.9653930664062,309.28875732421875,0.8222534,12.0,1,3.6009252
4,453,1192.1310997009277,6.574911117553711,1111.6932373046875,67.8545150756836,22.93323,8.0,1,13.430673
1332,453,897.8592491149902,458.3091411590576,817.42138671875,519.5887451171875,15.813756,28.0,-1,7.2292194
3,453,960.2556114196777,426.5686321258545,879.8177490234375,487.8482360839844,15.348716,14.0,-1,4.3250012
1,453,1394.7126426696777,208.6159954071045,1314.2747802734375,269.8955993652344,15.249522,8.0,1,1.3272564
6,453,352.4306297302246,256.4979839324951,271.9927673339844,317.777587890625,11.8625145,16.0,-1,8.135436
2,453,1466.9659385681152,346.9357280731201,1386.528076171875,408.21533203125,11.295178,14.0,-1,19.295692
8,453,1386.3972129821777,333.47408866882324,1305.9593505859375,394.7536926269531,10.992,8.0,-1,30.78242
11,453,355.8206443786621,353.920560836792,275.3827819824219,415.2001647949219,10.37666,14.0,-1,16.152622
10,453,469.83739852905273,40.60291862487793,389.3995361328125,101.88252258300781,9.913684,10.0,-1,26.830986
9,453,1334.5806846618652,1100.3939800262451,1254.142822265625,1161.673583984375,7.0395274,8.0,-1,29.40384
0,453,1361.1800498962402,910.4727764129639,1280.7421875,971.7523803710938,6.58807,6.0,-1,12.893292
12,453,1142.1834678649902,794.5341167449951,1061.74560546875,855.813720703125,6.5721946,12.0,-1,19.8386
811,453,1687.2667198181152,117.34797477722168,1606.828857421875,178.62757873535156,6.4277663,10.0,-1,0.19779009
797,453,1045.4207725524902,250.57101249694824,964.98291015625,311.8506164550781,2.7330897,24.0,-1,37.867382
17,453,577.7510948181152,497.0524272918701,497.313232421875,558.33203125,2.696703,12.0,-1,9.623003
1417,453,98.49263954162598,1040.9694194793701,18.054777145385742,1102.2490234375,1.7829189,14.0,-1,7.962877
811,454,1690.6229820251465,117.89017295837402,1609.9598388671875,179.66517639160156,22.90832,10.0,-1,5.360899
4,454,1192.012020111084,6.143163681030273,1111.348876953125,67.91816711425781,22.736513,8.0,1,14.279705
1,454,1394.7101402282715,208.72765159606934,1314.0469970703125,270.5026550292969,20.4548,14.0,-1,3.5505683
3,454,960.7372398376465,428.89684104919434,880.0740966796875,490.6718444824219,20.240074,14.0,-1,5.4718738
2,454,1467.192684173584,343.8306484222412,1386.529541015625,405.60565185546875,13.670913,14.0,-1,20.823917
11,454,354.22619247436523,353.7451992034912,273.56304931640625,415.52020263671875,13.394393,14.0,-1,15.777293
1332,454,896.8253135681152,459.2827968597412,816.1621704101562,521.0578002929688,13.259198,28.0,-1,6.3100886
12,454,1140.993953704834,796.0238857269287,1060.330810546875,857.7988891601562,10.597975,12.0,-1,16.964172
6,454,352.16881942749023,254.47682762145996,271.50567626953125,316.2518310546875,10.210593,16.0,-1,8.591324
9,454,1334.399471282959,1099.89626121521,1253.736328125,1161.6712646484375,8.4021635,8.0,-1,33.178116
10,454,469.39541244506836,40.491262435913086,388.7322692871094,102.26626586914062,8.124096,10.0,-1,26.036892
0,454,1362.8734703063965,910.3461513519287,1282.2103271484375,972.1211547851562,6.772818,6.0,-1,13.568862
8,454,1386.399715423584,332.74278831481934,1305.736572265625,394.5177917480469,6.1380887,8.0,-1,28.579615
1417,454,99.2992115020752,1041.27126121521,18.63606834411621,1103.0462646484375,3.3953507,14.0,-1,6.3466907
797,454,1046.9584922790527,252.48573875427246,966.2953491210938,314.2607421875,2.88574,22.0,-1,39.054058
17,454,578.4208030700684,497.48280906677246,497.7576599121094,559.2578125,1.3195037,12.0,-1,8.341783
1462,454,1059.8720054626465,250.9459743499756,979.2088623046875,312.7209777832031,0.9293635,12.0,1,7.4736366
811,455,1690.5810508728027,118.10446739196777,1609.9853515625,179.7583770751953,27.91607,10.0,-1,6.231014
4,455,1193.1339073181152,6.282430648803711,1112.5382080078125,67.93634033203125,22.67462,8.0,1,16.646587
3,455,961.761287689209,425.31419944763184,881.1655883789062,486.9681091308594,13.856488,14.0,-1,4.9393167
6,455,349.7047996520996,254.7017116546631,269.1091003417969,316.3556213378906,13.226883,18.0,-1,9.616588
1332,455,896.127742767334,458.8459072113037,815.5320434570312,520.4998168945312,11.229221,28.0,-1,5.7031746
9,455,1334.1429405212402,1098.2042446136475,1253.5472412109375,1159.858154296875,10.812232,8.0,-1,31.000689
1,455,1393.9766807556152,207.2995204925537,1313.3809814453125,268.95343017578125,10.659034,8.0,1,0.75134826
11,455,351.697078704834,352.60094261169434,271.10137939453125,414.2548522949219,10.512379,14.0,-1,15.81254
2,455,1468.1050987243652,346.30577659606934,1387.5093994140625,407.9596862792969,9.588246,14.0,-1,19.048355
10,455,472.16454696655273,38.61071586608887,391.56884765625,100.2646255493164,9.54021,10.0,-1,24.995352
12,455,1142.7153282165527,796.0238857269287,1062.11962890625,857.6777954101562,6.814777,12.0,-1,18.700079
0,455,1361.0897178649902,911.2074184417725,1280.4940185546875,972.861328125,6.6822524,16.0,-1,13.866776
8,455,1389.5671348571777,329.2490749359131,1308.971435546875,390.9029846191406,5.289703,8.0,-1,25.87906
1417,455,100.78023338317871,1042.1473598480225,20.184534072875977,1103.80126953125,2.6603053,12.0,-1,6.9962144
797,455,1047.4030723571777,251.90685081481934,966.807373046875,313.5607604980469,2.6139462,22.0,-1,39.366604
17,455,578.0861473083496,501.6830654144287,497.4904479980469,563.3369750976562,1.9359375,12.0,-1,9.552475
1462,455,1059.8720054626465,251.7063503265381,979.2763061523438,313.3602600097656,1.5523448,12.0,1,7.037505
4,456,1192.2482872009277,8.660078048706055,1111.6478271484375,70.28337860107422,24.948832,8.0,1,19.223433
811,456,1688.9213829040527,116.28336143493652,1608.3209228515625,177.9066619873047,20.539557,10.0,-1,6.5030365
3,456,960.7009239196777,423.53124046325684,880.1004638671875,485.154541015625,19.345568,14.0,-1,5.94946
1,456,1392.8699913024902,207.2995204925537,1312.26953125,268.9228210449219,15.0471735,8.0,1,1.7477539
11,456,351.35366439819336,351.23656272888184,270.7532043457031,412.85986328125,10.94014,14.0,-1,16.346018
1332,456,894.6072959899902,459.2253932952881,814.0068359375,520.8486938476562,10.151441,28.0,-1,9.315418
9,456,1334.4612998962402,1098.3238430023193,1253.86083984375,1159.9471435546875,9.8997965,8.0,-1,31.277264
10,456,473.76110458374023,37.24731254577637,393.16064453125,98.87061309814453,9.827342,10.0,-1,24.037382
6,456,345.4068260192871,255.89089012145996,264.8063659667969,317.5141906738281,9.803624,18.0,-1,9.548838
12,456,1142.7153282165527,796.6450710296631,1062.1148681640625,858.2683715820312,9.605021,12.0,-1,19.05209
2,456,1469.7302207946777,347.9711208343506,1389.1297607421875,409.59442138671875,9.2494135,14.0,-1,21.07355
8,456,1393.1809043884277,328.28880882263184,1312.5804443359375,389.912109375,7.9158974,8.0,-1,30.848587
0,456,1361.8857383728027,912.5639553070068,1281.2852783203125,974.187255859375,5.756663,6.0,-1,12.000356
1417,456,102.69198989868164,1042.0303859710693,22.091529846191406,1103.6536865234375,3.2931378,14.0,-1,9.6862545
797,456,1047.7082481384277,250.72923851013184,967.1077880859375,312.3525390625,2.1365094,12.0,-1,38.30239
17,456,575.5824851989746,503.1443386077881,494.9820251464844,564.7676391601562,1.559792,10.0,-1,10.5907345
1462,456,1062.761531829834,250.70177268981934,982.1610717773438,312.3250732421875,1.284504,14.0,1,8.6821575
4,457,1190.9748497009277,9.593740463256836,1109.6824951171875,71.76632690429688,22.654463,8.0,1,19.728981
811,457,1688.3948936462402,115.65797996520996,1607.1025390625,177.83056640625,14.225453,10.0,-1,5.5314026
11,457,352.81115341186523,352.1783962249756,271.518798828125,414.3509826660156,13.993747,14.0,-1,15.54224
6,457,345.0184898376465,257.23888206481934,263.72613525390625,319.4114685058594,12.479909,18.0,-1,9.81765
1,457,1392.3415489196777,206.14150047302246,1311.0491943359375,268.3140869140625,12.264138,8.0,1,1.2709608
3,457,960.7009239196777,422.6744899749756,879.4085693359375,484.8470764160156,10.716118,14.0,-1,5.093437
1332,457,894.9091758728027,460.6422939300537,813.6168212890625,522.8148803710938,10.521613,28.0,-1,7.834857
2,457,1469.6994590759277,348.75832176208496,1388.4071044921875,410.930908203125,9.947161,14.0,-1,17.6325
12,457,1142.8955039978027,796.4799404144287,1061.6031494140625,858.6525268554688,9.017971,12.0,-1,17.605259
10,457,473.6034812927246,34.27223014831543,392.3111267089844,96.44481658935547,8.556521,10.0,-1,23.135204
8,457,1393.8099327087402,330.10524559020996,1312.517578125,392.27783203125,8.380536,8.0,-1,31.433212
9,457,1337.5372276306152,1097.7581996917725,1256.244873046875,1159.9307861328125,8.251759,8.0,-1,32.49503
0,457,1361.3521690368652,911.030782699585,1280.059814453125,973.203369140625,5.3190017,6.0,-1,12.4411
1417,457,100.37749290466309,1037.618673324585,19.08513832092285,1099.791259765625,2.760435,14.0,-1,7.9165034
797,457,1049.4061241149902,252.2865810394287,968.11376953125,314.45916748046875,2.3150246,14.0,-1,37.140343
1462,457,1062.8613243103027,250.70177268981934,981.5689697265625,312.8743591308594,1.6891571,14.0,1,10.238915
17,457,576.3825340270996,504.4096279144287,495.0901794433594,566.5822143554688,1.3072523,12.0,-1,8.116108
4,458,1191.4237632751465,9.94141960144043,1110.0657958984375,71.64559173583984,36.54644,8.0,1,17.457598
811,458,1688.983943939209,115.2374324798584,1607.6259765625,176.9416046142578,19.478653,10.0,-1,7.002608
3,458,960.7009239196777,422.9707546234131,879.3429565429688,484.6749267578125,16.478373,14.0,-1,5.8846803
2,458,1467.710506439209,350.4490261077881,1386.3525390625,412.1531982421875,14.63947,14.0,-1,17.458088
1332,458,891.544002532959,463.8335475921631,810.18603515625,525.5377197265625,14.448544,28.0,-1,8.461688
8,458,1395.0204429626465,330.10524559020996,1313.6624755859375,391.8094177246094,14.422486,8.0,-1,30.901323
6,458,343.5881004333496,258.47951316833496,262.2301330566406,320.1836853027344,14.212106,20.0,-1,12.338042
1,458,1391.907772064209,206.1379909515381,1310.5498046875,267.8421630859375,13.7558775,8.0,1,0.26674816
9,458,1336.9689292907715,1099.980764389038,1255.6109619140625,1161.6849365234375,10.373059,8.0,-1,27.62906
12,458,1143.7208824157715,796.1562404632568,1062.3629150390625,857.8604125976562,9.703952,12.0,-1,18.855284
11,458,352.46255111694336,355.8852138519287,271.1045837402344,417.5893859863281,9.016174,14.0,-1,16.296423
10,458,474.8055076599121,32.98187065124512,393.4475402832031,94.68604278564453,8.523883,10.0,-1,23.766357
0,458,1361.379207611084,910.6518459320068,1280.021240234375,972.3560180664062,7.2159424,6.0,-1,13.394066
797,458,1048.0001182556152,249.84767723083496,966.6421508789062,311.5518493652344,2.336708,14.0,-1,30.570566
1417,458,103.74742126464844,1035.0885524749756,22.389453887939453,1096.792724609375,2.089182,14.0,-1,6.3101335
1462,458,1062.7033653259277,245.8044948577881,981.3453979492188,307.5086669921875,1.4852716,16.0,1,8.737333
17,458,576.8615989685059,508.88988304138184,495.5036315917969,570.5940551757812,1.4427918,12.0,-1,8.608834
811,459,1689.0035972595215,115.4283275604248,1607.9547119140625,177.5696258544922,32.12781,10.0,-1,7.173716
4,459,1191.4237632751465,9.94141960144043,1110.3748779296875,72.08271789550781,29.514116,8.0,1,20.75842
1,459,1393.0065269470215,209.11776542663574,1311.9576416015625,271.2590637207031,17.156992,14.0,-1,0.31958383
2,459,1467.3698081970215,350.3463726043701,1386.3209228515625,412.4876708984375,14.798369,14.0,-1,17.921522
8,459,1395.0507164001465,327.87362480163574,1314.0018310546875,390.0149230957031,14.203713,8.0,-1,35.26367
1332,459,889.2325401306152,463.3131694793701,808.1836547851562,525.4544677734375,13.9932375,28.0,-1,9.141119
6,459,346.27798080444336,255.53484916687012,265.2290954589844,317.6761474609375,13.268578,20.0,-1,11.156099
3,459,962.7112998962402,423.92761039733887,881.6624145507812,486.06890869140625,13.220984,14.0,-1,3.4565153
11,459,351.13869857788086,356.0546245574951,270.0898132324219,418.1959228515625,11.916982,14.0,-1,16.222364
9,459,1338.658504486084,1099.8681011199951,1257.609619140625,1162.0093994140625,9.85447,8.0,-1,32.385708
10,459,475.07775497436523,33.17292594909668,394.02886962890625,95.31422424316406,7.472791,10.0,-1,23.410572
0,459,1360.730037689209,910.0187969207764,1279.68115234375,972.1600952148438,7.1178536,6.0,-1,12.240192
12,459,1144.961483001709,795.5443706512451,1063.91259765625,857.6856689453125,6.749532,12.0,-1,18.640572
1417,459,101.43827438354492,1036.3041362762451,20.389389038085938,1098.4454345703125,2.8326006,14.0,-1,6.089626
797,459,1046.3393516540527,248.59240531921387,965.2904663085938,310.73370361328125,1.9336557,12.0,-1,31.227676
1462,459,1060.9542198181152,246.71636772155762,979.9053344726562,308.857666015625,1.6320243,14.0,1,12.218924
17,459,576.0164756774902,510.2732524871826,494.96759033203125,572.41455078125,1.1668497,10.0,-1,8.51826
4,460,1191.1632652282715,9.285177230834961,1109.812744140625,71.6853256225586,28.425423,8.0,1,22.750326
1,460,1393.3551597595215,210.17431449890137,1312.004638671875,272.574462890625,21.16239,14.0,-1,1.15604
811,460,1690.4506187438965,114.69392204284668,1609.10009765625,177.0940704345703,15.148601,10.0,-1,7.226884
6,460,345.65636825561523,254.7412395477295,264.30584716796875,317.1413879394531,14.190098,20.0,-1,11.859361
3,460,962.4203453063965,424.7207317352295,881.06982421875,487.1208801269531,13.817809,14.0,-1,3.2581143
11,460,351.13869857788086,356.20312309265137,269.7881774902344,418.603271484375,10.8669,14.0,-1,15.107142
2,460,1468.065242767334,352.3101177215576,1386.7147216796875,414.71026611328125,10.594148,14.0,-1,13.004251
12,460,1143.294734954834,795.0662822723389,1061.9442138671875,857.4664306640625,10.541196,12.0,-1,16.201448
1332,460,889.357479095459,465.35864067077637,808.0069580078125,527.7587890625,10.14147,28.0,-1,6.534425
8,460,1396.7535972595215,327.90084648132324,1315.403076171875,390.3009948730469,9.208981,8.0,-1,32.987938
9,460,1339.2604331970215,1097.7276592254639,1257.909912109375,1160.1278076171875,8.799174,8.0,-1,30.526237
10,460,474.96181869506836,31.353551864624023,393.6112976074219,93.75370025634766,8.4238205,10.0,-1,22.96711
0,460,1360.0702476501465,910.2481670379639,1278.7197265625,972.6483154296875,6.289863,16.0,-1,12.659817
1417,460,102.62622261047363,1037.0958232879639,21.27570152282715,1099.4959716796875,4.303742,14.0,-1,4.105126
797,460,1045.481990814209,248.59240531921387,964.1314697265625,310.9925537109375,1.6709687,12.0,-1,28.84206
17,460,579.0973777770996,507.70190238952637,497.7468566894531,570.10205078125,1.3007618,10.0,-1,9.883834
1462,460,1060.557186126709,245.8847942352295,979.2066650390625,308.2849426269531,1.2907466,14.0,1,10.776436
4,461,1191.2590293884277,8.452917098999023,1109.7490234375,70.52713775634766,24.989143,8.0,1,22.437113
1332,461,885.970272064209,465.66149711608887,804.4602661132812,527.7357177734375,20.77035,28.0,-1,11.468197
811,461,1691.1560020446777,111.65217399597168,1609.64599609375,173.7263946533203,20.283215,10.0,-1,7.3711877
6,461,346.36819076538086,256.15536308288574,264.8581848144531,318.2295837402344,19.308212,18.0,-1,11.423235
1,461,1393.6652793884277,208.72558403015137,1312.1552734375,270.7998046875,15.048913,14.0,-1,0.1994282
9,461,1337.5417442321777,1095.7888164520264,1256.03173828125,1157.863037109375,14.807449,8.0,-1,30.729847
3,461,962.0310020446777,424.9292278289795,880.52099609375,487.0034484863281,14.30254,14.0,-1,4.5755463
8,461,1397.2885704040527,327.87621879577637,1315.778564453125,389.950439453125,11.805766,8.0,-1,30.330612
10,461,474.96181869506836,31.832929611206055,393.4518127441406,93.90715026855469,11.296735,10.0,-1,23.534393
11,461,350.98586654663086,356.7297954559326,269.4758605957031,418.80401611328125,11.21582,14.0,-1,15.544774
2,461,1468.5961875915527,354.60693168640137,1387.086181640625,416.68115234375,9.318476,14.0,-1,3.943822
0,461,1358.8798789978027,910.2481670379639,1277.369873046875,972.3223876953125,5.3261337,16.0,-1,14.639525
12,461,1142.2762413024902,796.3157329559326,1060.7662353515625,858.3899536132812,4.9813037,12.0,-1,10.631266
1417,461,103.1566390991211,1036.5009746551514,21.64663314819336,1098.5751953125,2.8108413,14.0,-1,5.2233715
797,461,1045.234432220459,249.79684257507324,963.7244262695312,311.8710632324219,2.176763,12.0,-1,27.984066
17,461,580.8453941345215,505.23876762390137,499.33538818359375,567.31298828125,1.9884154,12.0,-1,9.749305
1462,461,1058.8571739196777,245.27337455749512,977.34716796875,307.34759521484375,1.8007469,14.0,1,12.162015
4,462,1190.0576133728027,8.880102157592773,1108.2900390625,71.98631286621094,29.403193,8.0,1,19.625162
811,462,1689.8699913024902,112.20659446716309,1608.1024169921875,175.31280517578125,17.7209,10.0,-1,2.667438
6,462,345.23510360717773,255.14647483825684,263.467529296875,318.252685546875,12.155585,18.0,-1,10.669295
3,462,960.9926719665527,423.31615257263184,879.22509765625,486.42236328125,11.881657,14.0,-1,3.1276703
1,462,1393.6702842712402,206.3991298675537,1311.9027099609375,269.5053405761719,10.9836235,14.0,-1,4.6394925
1332,462,884.5862998962402,466.24339866638184,802.8187255859375,529.349609375,10.96507,28.0,-1,12.374377
11,462,351.62234115600586,357.12413597106934,269.8547668457031,420.2303466796875,10.345641,14.0,-1,15.216378
9,462,1337.7163047790527,1092.6064357757568,1255.94873046875,1155.712646484375,10.184815,8.0,-1,34.98988
2,462,1468.5911827087402,354.39855003356934,1386.8236083984375,417.5047607421875,9.893546,14.0,-1,1.7974406
10,462,472.42922592163086,32.041311264038086,390.6616516113281,95.14752197265625,9.432589,10.0,-1,21.579538
8,462,1398.1428184509277,324.1972255706787,1316.375244140625,387.3034362792969,8.124352,8.0,-1,32.483315
0,462,1360.3442344665527,911.6005764007568,1278.57666015625,974.706787109375,4.9734545,16.0,-1,15.751592
12,462,1145.8309288024902,795.0090847015381,1064.0633544921875,858.1152954101562,4.540919,12.0,-1,11.696563
797,462,1050.702938079834,252.4998378753662,968.9353637695312,315.6060485839844,2.8863199,20.0,-1,37.632282
1417,462,102.2722110748291,1036.7759914398193,20.504636764526367,1099.8822021484375,2.1168144,14.0,-1,6.6499586
17,462,581.8982200622559,501.14378929138184,500.1306457519531,564.25,1.5504274,12.0,-1,8.981505
4,463,1189.9828147888184,8.768003463745117,1107.5853271484375,72.04524993896484,29.967445,8.0,1,19.381094
811,463,1688.7545433044434,113.93649864196777,1606.3570556640625,177.2137451171875,24.802467,10.0,-1,8.707347
3,463,960.5973167419434,423.7494258880615,878.1998291015625,487.02667236328125,21.028921,14.0,-1,4.6715255
1,463,1393.8484153747559,207.71747398376465,1311.450927734375,270.9947204589844,13.712593,14.0,-1,10.803887
1332,463,884.5127220153809,466.1834468841553,802.115234375,529.460693359375,13.161526,28.0,-1,8.432598
6,463,341.96865463256836,254.17304039001465,259.5711669921875,317.4502868652344,11.781867,20.0,-1,10.545641
2,463,1470.4344749450684,355.81928062438965,1388.0369873046875,419.0965270996094,11.733378,8.0,1,1.3677299
9,463,1338.5185813903809,1094.9313716888428,1256.12109375,1158.2086181640625,9.686774,8.0,-1,32.45951
8,463,1398.7901878356934,322.3274898529053,1316.3927001953125,385.604736328125,9.195093,8.0,-1,33.08913
11,463,351.69591903686523,357.1840877532959,269.2984313964844,420.4613342285156,8.177987,14.0,-1,14.802004
12,463,1146.3746604919434,793.4786739349365,1063.9771728515625,856.7559204101562,6.9935346,12.0,-1,15.046938
0,463,1359.8047142028809,911.116003036499,1277.4072265625,974.3932495117188,6.8658633,16.0,-1,18.580317
10,463,472.6898765563965,32.68996238708496,390.2923889160156,95.96720886230469,5.858259,10.0,-1,23.453522
1417,463,104.2962532043457,1035.9913082122803,21.898765563964844,1099.2685546875,3.721654,16.0,-1,2.2076082
797,463,1048.1354637145996,250.95578575134277,965.7379760742188,314.2330322265625,1.952216,12.0,-1,30.880875
1462,463,1061.7085227966309,246.32132530212402,979.31103515625,309.59857177734375,1.6025957,14.0,1,10.712872
17,463,581.3962669372559,505.094030380249,498.998779296875,568.3712768554688,1.1854845,12.0,-1,7.8121953
811,464,1690.9302024841309,113.93649864196777,1608.098388671875,177.3860321044922,22.118685,10.0,-1,7.142411
4,464,1187.5720481872559,10.132322311401367,1104.740234375,73.58185577392578,18.565992,8.0,1,16.24388
1,464,1395.0255393981934,207.47548484802246,1312.1937255859375,270.9250183105469,17.31287,14.0,-1,14.223595
3,464,962.7491722106934,422.27577781677246,879.9173583984375,485.7253112792969,16.166056,14.0,-1,5.1501837
1332,464,882.3472557067871,464.12840843200684,799.5154418945312,527.5779418945312,13.623818,28.0,-1,10.425869
6,464,341.4919090270996,255.32094383239746,258.66009521484375,318.7704772949219,13.431956,20.0,-1,11.327159
9,464,1339.2980003356934,1096.278860092163,1256.4661865234375,1159.7283935546875,10.255609,8.0,-1,34.90244
11,464,349.26736068725586,360.36488914489746,266.435546875,423.8144226074219,9.5323105,14.0,-1,14.539277
8,464,1398.7901878356934,322.20213890075684,1315.9583740234375,385.65167236328125,8.215934,8.0,-1,32.77443
0,464,1359.6998558044434,911.4074001312256,1276.8680419921875,974.85693359375,7.8935814,16.0,-1,20.169275
12,464,1147.4374046325684,794.1718044281006,1064.6055908203125,857.621337890625,7.5548806,12.0,-1,17.209036
10,464,472.3598289489746,31.516477584838867,389.52801513671875,94.96601104736328,6.6580963,10.0,-1,22.978188
2,464,1471.4652366638184,354.34218406677246,1388.6334228515625,417.7917175292969,6.5833716,8.0,1,0.8382706
1417,464,104.0892105102539,1032.5053005218506,21.257396697998047,1095.954833984375,4.397875,14.0,-1,4.3479133
797,464,1051.3714866638184,255.8817653656006,968.5396728515625,319.331298828125,2.0065558,18.0,-1,39.882477
1462,464,1062.344326019287,248.7957057952881,979.5125122070312,312.2452392578125,1.5928994,14.0,1,10.42247
17,464,579.261531829834,503.00438499450684,496.4297180175781,566.4539184570312,1.1617738,12.0,-1,6.0096874
811,465,1692.8089866638184,113.93649864196777,1609.875,177.90052795410156,32.64529,10.0,-1,9.155429
4,465,1188.5299339294434,10.374113082885742,1105.595947265625,74.33814239501953,27.876005,8.0,1,19.114561
1332,465,881.4134788513184,462.60854148864746,798.4794921875,526.5725708007812,17.468203,28.0,-1,10.696058
1,465,1395.0255393981934,208.25975608825684,1312.091552734375,272.2237854003906,16.005507,16.0,-1,17.134308
3,465,963.7117576599121,420.7139186859131,880.7777709960938,484.6779479980469,15.262099,14.0,-1,5.1502895
6,465,338.9244499206543,256.0249843597412,255.99046325683594,319.989013671875,13.231713,20.0,-1,10.547677
9,465,1339.0617942810059,1094.7224941253662,1256.1278076171875,1158.6865234375,10.747196,8.0,-1,35.9138
12,465,1146.7768821716309,793.7982387542725,1063.8428955078125,857.7622680664062,10.39654,12.0,-1,16.444326
8,465,1398.7429466247559,318.7177028656006,1315.8089599609375,382.6817321777344,10.225981,8.0,-1,34.51613
11,465,350.3924217224121,361.02318382263184,267.45843505859375,424.9872131347656,8.63511,14.0,-1,15.811211
10,465,473.6898765563965,30.18648338317871,390.7558898925781,94.1505126953125,8.31006,12.0,-1,22.348234
2,465,1472.9508323669434,354.46507835388184,1390.016845703125,418.4291076660156,7.5706553,14.0,-1,4.7254705
0,465,1359.1797142028809,911.906270980835,1276.2457275390625,975.8703002929688,5.251016,16.0,-1,21.09516
1417,465,106.15603446960449,1029.9257411956787,23.222047805786133,1093.8897705078125,4.2710705,14.0,-1,3.902903
797,465,1047.5180931091309,255.1848659515381,964.5841064453125,319.1488952636719,3.1015952,12.0,-1,36.128365
17,465,579.6813011169434,504.23573875427246,496.747314453125,568.1997680664062,1.3730341,12.0,-1,7.2894673
1462,465,1059.918544769287,249.5872097015381,976.9845581054688,313.5512390136719,1.0054567,12.0,1,10.838876
4,466,1187.3646507263184,10.103498458862305,1104.089111328125,74.6924057006836,27.542673,8.0,1,18.891268
811,466,1691.1670188903809,114.8250789642334,1607.8914794921875,179.4139862060547,26.340996,10.0,-1,7.3976045
3,466,965.1385765075684,418.53212547302246,881.863037109375,483.12103271484375,21.203802,14.0,-1,5.430197
1,466,1395.0255393981934,209.45519065856934,1311.75,274.0440979003906,17.790632,14.0,-1,15.660371
6,466,337.15075302124023,257.1071071624756,253.87521362304688,321.6960144042969,15.963833,18.0,-1,11.569494
1332,466,879.1437644958496,459.58193016052246,795.8682250976562,524.1708374023438,15.562237,28.0,-1,11.571427
9,466,1339.2436790466309,1093.7036952972412,1255.9681396484375,1158.2926025390625,12.416073,8.0,-1,32.568768
11,466,351.51220321655273,361.77452659606934,268.2366638183594,426.3634338378906,12.308684,14.0,-1,14.960172
8,466,1397.5760765075684,316.3649501800537,1314.300537109375,380.953857421875,8.670233,8.0,-1,29.238293
2,466,1475.4773216247559,354.46507835388184,1392.2017822265625,419.0539855957031,7.2475924,14.0,-1,3.3783572
10,466,472.73305892944336,30.96419334411621,389.45751953125,95.5531005859375,6.878449,12.0,-1,20.677933
0,466,1358.0898704528809,910.0607509613037,1274.8143310546875,974.649658203125,6.068428,18.0,-1,23.721472
1417,466,108.72468948364258,1030.3219814300537,25.44915008544922,1094.910888671875,4.9635983,14.0,-1,3.3648667
797,466,1049.1289329528809,255.2274990081787,965.8533935546875,319.81640625,4.927867,12.0,-1,39.640198
12,466,1146.3899192810059,791.0284633636475,1063.1143798828125,855.6173706054688,4.5624614,12.0,-1,14.694294
17,466,585.0231895446777,503.28871726989746,501.7476501464844,567.8776245117188,2.19764,12.0,-1,7.5036597
1462,466,1060.9179954528809,251.0762538909912,977.6424560546875,315.6651611328125,1.398517,10.0,1,12.044245
4,467,1187.8881492614746,8.441854476928711,1104.8426513671875,74.41424560546875,22.016626,8.0,1,19.345724
3,467,963.4443016052246,415.8229579925537,880.3988037109375,481.79534912109375,19.785223,14.0,-1,4.2921543
1,467,1395.044765472412,209.9778652191162,1311.999267578125,275.95025634765625,17.340826,14.0,-1,13.31305
1332,467,879.1245384216309,457.5519618988037,796.0790405273438,523.5243530273438,14.649883,28.0,-1,9.667982
6,467,337.192928314209,255.63368797302246,254.14743041992188,321.6060791015625,14.25015,20.0,-1,12.341958
11,467,349.24572372436523,361.60191917419434,266.2002258300781,427.5743103027344,12.855283,14.0,-1,14.805948
811,467,1694.027919769287,114.68097496032715,1610.982421875,180.6533660888672,11.538696,10.0,-1,5.902682
10,467,472.5730857849121,31.017248153686523,389.527587890625,96.98963928222656,8.761258,10.0,-1,21.056164
9,467,1340.5810203552246,1093.6837368011475,1257.5355224609375,1159.6561279296875,8.245457,8.0,-1,30.546837
2,467,1476.2223777770996,354.88939476013184,1393.1768798828125,420.8617858886719,7.680757,12.0,-1,2.1770458
12,467,1145.2699851989746,791.1783657073975,1062.2244873046875,857.1507568359375,6.199948,12.0,-1,16.423855
8,467,1396.0710105895996,315.4680690765381,1313.0255126953125,381.4404602050781,5.8132825,8.0,-1,31.236555
0,467,1355.6325340270996,910.2372646331787,1272.5870361328125,976.2096557617188,4.891288,16.0,-1,21.815184
797,467,1048.3005638122559,255.70168113708496,965.2550659179688,321.674072265625,4.3282247,22.0,-1,40.583424
1417,467,111.59379959106445,1030.3419399261475,28.548301696777344,1096.3143310546875,3.0686693,14.0,-1,3.505654
17,467,586.3420372009277,504.1009120941162,503.2965393066406,570.0733032226562,1.9516326,12.0,-1,9.2329445
4,468,1186.5716819763184,8.028554916381836,1103.3665771484375,74.18344116210938,24.901598,8.0,1,19.282349
1,468,1391.4294700622559,209.4991054534912,1308.224365234375,275.65399169921875,20.957651,14.0,-1,14.028568
811,468,1694.6429710388184,115.64549827575684,1611.4378662109375,181.80038452148438,16.292828,10.0,-1,7.291734
3,468,962.3666648864746,415.74269676208496,879.1615600585938,481.8975830078125,14.493739,14.0,-1,5.251234
1332,468,877.1878318786621,457.8526210784912,793.9827270507812,524.0075073242188,13.610161,28.0,-1,11.160902
11,468,350.92101669311523,361.6821804046631,267.7159118652344,427.8370666503906,12.545094,14.0,-1,14.733464
6,468,338.8237724304199,254.6396083831787,255.61866760253906,320.79449462890625,12.0096855,18.0,-1,9.4891815
9,468,1344.9139671325684,1093.925802230835,1261.7088623046875,1160.0806884765625,10.328151,8.0,-1,33.871193
8,468,1394.9012718200684,315.88084983825684,1311.6961669921875,382.0357360839844,10.085355,8.0,-1,34.139965
12,468,1145.7596702575684,793.0008754730225,1062.5545654296875,859.15576171875,7.075355,12.0,-1,18.34797
10,468,473.23379135131836,31.6219539642334,390.0286865234375,97.77684020996094,6.890671,12.0,-1,20.686808
0,468,1356.2611351013184,910.0252285003662,1273.0560302734375,976.1801147460938,6.710256,16.0,-1,22.098978
2,468,1475.5799827575684,352.44676780700684,1392.3748779296875,418.6016540527344,6.483771,8.0,1,0.27650535
1417,468,113.55902862548828,1031.6331996917725,30.353923797607422,1097.7880859375,5.6315975,14.0,-1,9.355331
797,468,1047.810878753662,255.61122703552246,964.6057739257812,321.76611328125,4.590015,14.0,-1,36.829704
17,468,584.3875999450684,503.88881492614746,501.1824951171875,570.043701171875,1.9787608,12.0,-1,11.446633
1462,468,1059.2130393981934,250.1361598968506,976.0079345703125,316.2910461425781,0.966943,16.0,1,13.356115
4,469,1183.5559349060059,10.546758651733398,1100.3944091796875,77.03178405761719,25.84609,8.0,1,18.911879
3,469,961.3485374450684,415.2621669769287,878.18701171875,481.7471923828125,24.040468,14.0,-1,5.6867666
811,469,1694.7058372497559,115.9198055267334,1611.5443115234375,182.4048309326172,17.43357,10.0,-1,5.646596
1,469,1391.4294700622559,209.4991054534912,1308.2679443359375,275.984130859375,16.418427,14.0,-1,17.69182
6,469,337.8158988952637,255.8779811859131,254.6543731689453,322.3630065917969,14.600181,18.0,-1,10.198046
1332,469,877.6258811950684,460.2141933441162,794.46435546875,526.69921875,12.5596895,28.0,-1,9.102108
11,469,351.5951499938965,360.51500511169434,268.4336242675781,427.0000305175781,12.510216,14.0,-1,14.06382
8,469,1393.2453880310059,315.8115749359131,1310.0838623046875,382.2966003417969,11.304295,8.0,-1,33.52812
2,469,1474.1095237731934,351.9571132659912,1390.947998046875,418.442138671875,9.980721,8.0,1,3.007638
9,469,1343.6087913513184,1093.8839931488037,1260.447265625,1160.3690185546875,9.116272,8.0,-1,31.637783
12,469,1145.8780784606934,791.0556240081787,1062.716552734375,857.5406494140625,6.8431354,12.0,-1,16.988281
0,469,1355.9367942810059,909.52565574646,1272.7752685546875,976.0106811523438,6.6464562,16.0,-1,22.008717
10,469,475.1539878845215,33.01122856140137,391.9924621582031,99.49625396728516,5.419699,12.0,-1,21.17381
797,469,1048.939296722412,255.88915061950684,965.7777709960938,322.3741760253906,5.2923,14.0,-1,37.878895
1417,469,112.06282997131348,1031.5652675628662,28.901304244995117,1098.05029296875,4.4915605,16.0,-1,7.50947
17,469,585.312313079834,504.6553554534912,502.1507873535156,571.140380859375,1.6527624,10.0,-1,12.948769
1462,469,1059.3288841247559,250.1678981781006,976.1673583984375,316.6529235839844,1.2184073,16.0,1,14.271245
4,470,1183.716609954834,10.313940048217773,1100.0201416015625,76.41072082519531,28.953207,8.0,1,19.918543
811,470,1695.1991539001465,117.37448692321777,1611.502685546875,183.4712677001953,18.979322,10.0,-1,5.3523273
3,470,960.585750579834,414.37856101989746,876.8892822265625,480.475341796875,15.608705,14.0,-1,8.338459
1,470,1389.279109954834,209.8845729827881,1305.5826416015625,275.9813537597656,15.152701,14.0,-1,14.795972
1332,470,876.3985557556152,457.9423427581787,792.7020874023438,524.0391235351562,14.206246,28.0,-1,12.234229
2,470,1473.116268157959,351.66209983825684,1389.4197998046875,417.7588806152344,11.607791,8.0,1,7.527663
6,470,338.4507255554199,256.97948265075684,254.75425720214844,323.0762634277344,11.431096,18.0,-1,10.0435915
8,470,1393.607234954834,315.7476406097412,1309.9107666015625,381.84442138671875,9.928649,8.0,-1,33.294365
11,470,352.38955307006836,360.51500511169434,268.6930847167969,426.6117858886719,9.307503,14.0,-1,15.030825
0,470,1356.4630699157715,911.74733543396,1272.7666015625,977.8441162109375,8.030911,18.0,-1,21.479557
9,470,1344.1913414001465,1092.9803676605225,1260.494873046875,1159.0771484375,7.8789573,8.0,-1,31.11272
12,470,1144.3563804626465,793.20485496521,1060.659912109375,859.3016357421875,6.7632957,14.0,-1,17.109327
10,470,475.1539878845215,32.6785945892334,391.45751953125,98.77537536621094,5.8919487,12.0,-1,20.100485
1417,470,113.62623977661133,1032.26393699646,29.929771423339844,1098.3607177734375,4.244424,16.0,-1,5.793466
797,470,1048.6336631774902,257.95619773864746,964.9371948242188,324.052978515625,3.5969362,14.0,-1,36.72205
17,470,585.1717796325684,501.37245750427246,501.4753112792969,567.46923828125,2.2207036,12.0,-1,9.558677
1462,470,1058.3934898376465,251.99437522888184,974.697021484375,318.0911560058594,0.9974745,12.0,1,12.352545
811,471,1693.944149017334,117.10481834411621,1609.7742919921875,183.97119140625,26.075935,10.0,-1,6.276637
4,471,1183.716609954834,9.146657943725586,1099.5467529296875,76.01303100585938,20.083502,8.0,1,20.08846
3,471,961.2633018493652,413.8243007659912,877.0934448242188,480.690673828125,15.504178,14.0,-1,9.339069
1,471,1390.5460777282715,209.9422206878662,1306.376220703125,276.80859375,14.029331,14.0,-1,14.760365
11,471,353.04043197631836,361.01589012145996,268.8705749511719,427.88226318359375,11.172313,14.0,-1,14.652068
6,471,336.6971244812012,258.5138454437256,252.5272674560547,325.3802185058594,10.961209,18.0,-1,9.524785
1332,471,877.771297454834,457.3927822113037,793.6014404296875,524.2591552734375,10.432969,28.0,-1,7.8174114
2,471,1473.899471282959,349.61195945739746,1389.7296142578125,416.47833251953125,9.492618,8.0,1,1.7871623
8,471,1393.575740814209,314.17613792419434,1309.4058837890625,381.0425109863281,7.8702717,8.0,-1,32.163376
10,471,473.67895126342773,32.760480880737305,389.50909423828125,99.6268539428711,7.7107735,12.0,-1,22.273937
9,471,1345.088191986084,1092.9740810394287,1260.9183349609375,1159.8404541015625,7.3845367,8.0,-1,31.310617
0,471,1355.301082611084,911.74733543396,1271.1312255859375,978.6137084960938,6.3945956,18.0,-1,22.02533
12,471,1147.331111907959,794.6123867034912,1063.1612548828125,861.478759765625,5.6022077,14.0,-1,18.402935
1417,471,115.1636962890625,1032.3706874847412,30.993839263916016,1099.237060546875,4.466804,16.0,-1,3.6607556
797,471,1046.9661827087402,257.60793113708496,962.7963256835938,324.47430419921875,3.8784592,14.0,-1,35.92593
17,471,582.5217552185059,503.01918601989746,498.3518981933594,569.8855590820312,2.2057023,12.0,-1,10.530472
1462,471,1055.7841148376465,252.7421474456787,971.6142578125,319.6085205078125,1.4201015,12.0,1,6.6844864
4,472,1183.630672454834,7.26862907409668,1099.1199951171875,74.05083465576172,30.396217,8.0,1,18.512506
1332,472,877.8620567321777,459.5669765472412,793.3513793945312,526.3491821289062,23.50392,28.0,-1,8.672052
3,472,962.4340171813965,414.9425563812256,877.92333984375,481.7247619628906,20.832441,14.0,-1,9.98061
1,472,1390.6320152282715,209.4516201019287,1306.121337890625,276.23382568359375,18.69552,14.0,-1,14.055965
2,472,1472.535213470459,349.42275047302246,1388.0245361328125,416.2049560546875,15.633704,4.0,-1,2.1037993
6,472,336.8739433288574,260.2923183441162,252.36326599121094,327.07452392578125,12.826481,18.0,-1,10.870792
811,472,1693.275447845459,120.42787742614746,1608.7647705078125,187.2100830078125,11.273754,10.0,-1,2.1647418
11,472,354.20312118530273,362.1584072113037,269.69244384765625,428.94061279296875,11.008174,14.0,-1,15.129655
9,472,1344.9769859313965,1089.30055809021,1260.46630859375,1156.082763671875,10.962482,8.0,-1,32.035778
8,472,1397.1036949157715,313.5515956878662,1312.593017578125,380.33380126953125,9.130983,8.0,-1,35.11296
0,472,1355.095272064209,911.936544418335,1270.5845947265625,978.71875,8.038739,16.0,-1,19.251177
10,472,474.9538230895996,30.745405197143555,390.4431457519531,97.5276107788086,5.9101768,12.0,-1,20.056067
12,472,1146.5453453063965,795.5869960784912,1062.03466796875,862.3692016601562,5.4731984,14.0,-1,15.468371
797,472,1046.0382041931152,260.0348415374756,961.5275268554688,326.8170471191406,4.884732,20.0,-1,40.782627
1417,472,116.359375,1029.43288230896,31.848697662353516,1096.215087890625,4.517736,16.0,-1,1.7550461
17,472,582.4147605895996,501.19936180114746,497.9040832519531,567.9815673828125,1.3672366,12.0,-1,8.487254
4,473,1185.8317832946777,7.57390022277832,1099.876220703125,75.1019287109375,24.450956,8.0,1,18.440222
3,473,964.283748626709,412.6291980743408,878.3281860351562,480.1572265625,20.791092,14.0,-1,12.085968
1332,473,876.1184043884277,460.08140754699707,790.162841796875,527.6094360351562,20.73488,28.0,-1,14.120641
2,473,1472.3443565368652,350.56590461730957,1386.3887939453125,418.09393310546875,18.23421,14.0,-1,8.523274
1,473,1392.0928916931152,207.55302619934082,1306.1373291015625,275.0810546875,16.412357,14.0,-1,12.7146635
6,473,335.5020561218262,259.98704719543457,249.54649353027344,327.51507568359375,12.435905,18.0,-1,11.978732
811,473,1693.4663047790527,116.7246265411377,1607.5107421875,184.25265502929688,12.296643,10.0,-1,3.7838483
11,473,356.06029891967773,365.05552864074707,270.104736328125,432.58355712890625,10.927121,14.0,-1,14.950217
0,473,1355.4893760681152,908.9721546173096,1269.5338134765625,976.5001831054688,9.682852,16.0,-1,22.85673
9,473,1347.4599571228027,1087.1030750274658,1261.50439453125,1154.631103515625,8.701709,8.0,-1,34.206535
10,473,474.25686264038086,29.654130935668945,388.3013000488281,97.18215942382812,6.534078,12.0,-1,19.971312
8,473,1396.1939659118652,314.1484851837158,1310.2384033203125,381.676513671875,6.5332713,8.0,-1,28.69607
1417,473,114.49494361877441,1029.7898426055908,28.53938102722168,1097.31787109375,5.49458,16.0,-1,1.0533707
12,473,1146.1744346618652,796.7523059844971,1060.2188720703125,864.2803344726562,4.469293,14.0,-1,14.030638
797,473,1042.0471153259277,255.16389656066895,956.091552734375,322.6919250488281,2.008548,12.0,-1,27.272543
17,473,584.0920372009277,501.9921131134033,498.136474609375,569.5201416015625,1.3951119,12.0,-1,10.118398
1462,473,1051.4527549743652,247.46675300598145,965.4971923828125,314.9947814941406,0.9188339,12.0,1,15.859989
4,474,1185.8317832946777,10.83848762512207,1100.129638671875,77.54298400878906,30.880768,8.0,1,15.8515835
811,474,1693.7669639587402,116.7246265411377,1608.0648193359375,183.4291229248047,24.678682,10.0,-1,6.4827957
1332,474,875.0604209899902,458.96927070617676,789.3582763671875,525.6737670898438,23.642555,26.0,-1,12.2883835
1,474,1391.7437705993652,208.79565620422363,1306.0416259765625,275.5001525878906,20.11645,14.0,-1,15.949653
3,474,964.7608604431152,413.04077339172363,879.0587158203125,479.7452697753906,18.459795,14.0,-1,14.649911
2,474,1473.8652305603027,352.9904193878174,1388.1630859375,419.6949157714844,16.003721,14.0,-1,1.516186
6,474,333.4917106628418,259.0199909210205,247.78956604003906,325.7244873046875,13.591793,20.0,-1,11.870548
9,474,1347.5407676696777,1089.2660846710205,1261.838623046875,1155.9705810546875,10.52109,8.0,-1,32.55242
11,474,353.299129486084,365.163911819458,267.59698486328125,431.868408203125,9.205489,14.0,-1,15.010604
8,474,1393.7488975524902,319.362886428833,1308.0467529296875,386.0673828125,8.435844,8.0,-1,33.006924
10,474,474.6254234313965,28.657075881958008,388.92327880859375,95.361572265625,5.7678185,12.0,-1,19.67343
12,474,1144.1263389587402,796.0713214874268,1058.4241943359375,862.7758178710938,5.4975753,14.0,-1,14.304504
1417,474,114.97101211547852,1031.6183795928955,29.26886749267578,1098.3228759765625,5.4192066,16.0,-1,0.44635954
0,474,1353.1281700134277,908.3370685577393,1267.426025390625,975.0415649414062,4.3998046,18.0,-1,17.001823
797,474,1042.0380821228027,251.608736038208,956.3359375,318.313232421875,1.9061974,12.0,-1,31.322159
17,474,585.3668174743652,500.68765449523926,499.6646728515625,567.3921508789062,1.5388373,12.0,-1,8.971919
1462,474,1053.9371910095215,245.10232734680176,968.2350463867188,311.80682373046875,1.0091547,14.0,1,15.139745
4,475,1184.019588470459,11.210977554321289,1098.202392578125,78.07740020751953,33.170383,8.0,1,17.53438
2,475,1473.905574798584,352.94787788391113,1388.08837890625,419.8143005371094,21.35295,8.0,1,6.2105174
811,475,1692.694149017334,116.39410591125488,1606.876953125,183.26052856445312,18.996275,10.0,-1,7.423872
3,475,965.9708824157715,413.2916889190674,880.1536865234375,480.1581115722656,17.514566,14.0,-1,13.61543
1332,475,875.5580406188965,458.215181350708,789.7408447265625,525.0816040039062,16.697605,26.0,-1,13.395416
1,475,1391.703426361084,207.69116401672363,1305.88623046875,274.5575866699219,16.319498,14.0,-1,17.382565
11,475,353.9122886657715,364.773286819458,268.0950927734375,431.63970947265625,15.933917,14.0,-1,16.749655
6,475,333.1797752380371,258.46887397766113,247.36257934570312,325.3352966308594,15.069675,20.0,-1,13.0626335
8,475,1393.472957611084,320.52490425109863,1307.65576171875,387.3913269042969,7.763986,8.0,-1,30.38336
9,475,1346.7897300720215,1091.3009357452393,1260.9725341796875,1158.1673583984375,7.564619,8.0,-1,32.736908
0,475,1357.262996673584,905.6950397491455,1271.44580078125,972.5614624023438,7.062876,16.0,-1,22.110964
10,475,477.7615623474121,27.280656814575195,391.9443664550781,94.14707946777344,6.427503,12.0,-1,18.31503
1417,475,115.60827827453613,1032.3625812530518,29.79108238220215,1099.22900390625,6.3007617,16.0,-1,3.1992815
12,475,1143.474178314209,796.4118366241455,1057.656982421875,863.2782592773438,5.9062867,16.0,-1,13.195022
17,475,588.6968955993652,500.7301959991455,502.87969970703125,567.5966186523438,1.6566038,12.0,-1,9.58142
1462,475,1051.0762901306152,246.76126289367676,965.2590942382812,313.627685546875,0.9128842,14.0,1,13.424303
4,476,1185.993221282959,11.700395584106445,1100.0982666015625,78.38169860839844,28.386633,8.0,1,19.970087
811,476,1691.7589683532715,118.81527900695801,1605.864013671875,185.49658203125,24.051302,10.0,-1,8.454809
6,476,333.092586517334,260.3124713897705,247.1976318359375,326.9937744140625,18.310617,20.0,-1,12.076794
1332,476,874.2616539001465,460.136323928833,788.36669921875,526.817626953125,17.45555,28.0,-1,11.840367
1,476,1392.464656829834,207.18084907531738,1306.5697021484375,273.8621520996094,16.72141,16.0,-1,17.782887
3,476,964.3179893493652,411.7962055206299,878.4230346679688,478.4775085449219,16.633196,16.0,-1,14.279782
11,476,354.05996322631836,365.433687210083,268.1650085449219,432.114990234375,14.959464,14.0,-1,15.699678
2,476,1473.1012535095215,352.36682319641113,1387.206298828125,419.0481262207031,14.876733,8.0,1,13.836578
8,476,1391.703914642334,321.4150104522705,1305.8089599609375,388.0963134765625,10.6512165,8.0,-1,33.03134
9,476,1349.8573570251465,1093.760835647583,1263.96240234375,1160.442138671875,10.53321,8.0,-1,34.348515
10,476,477.921443939209,26.103601455688477,392.0264892578125,92.78490447998047,5.2212715,12.0,-1,18.893387
0,476,1358.8490562438965,905.6950397491455,1272.9541015625,972.3763427734375,5.1891026,16.0,-1,19.128052
12,476,1143.474178314209,795.1969928741455,1057.5792236328125,861.8782958984375,3.7998526,14.0,-1,11.218858
1417,476,114.8008804321289,1031.4758014678955,28.905925750732422,1098.1571044921875,3.75863,14.0,-1,6.4641795
1560,476,1055.8065147399902,263.96472358703613,969.9115600585938,330.6460266113281,3.64501,14.0,-1,39.749367
17,476,589.2336692810059,499.5158405303955,503.3387145996094,566.1971435546875,1.8017368,10.0,-1,14.910919
4,477,1185.5084800720215,11.671030044555664,1099.9263916015625,78.61358642578125,32.025784,8.0,1,19.383326
6,477,330.6797904968262,263.8901767730713,245.0977020263672,330.8327331542969,23.329596,22.0,-1,11.764992
811,477,1693.4137535095215,119.2399845123291,1607.8316650390625,186.1825408935547,20.783758,10.0,-1,6.6483917
1,477,1392.9274253845215,207.3085117340088,1307.3453369140625,274.2510681152344,20.519625,14.0,-1,18.043518
2,477,1473.5895347595215,352.3961887359619,1388.0074462890625,419.3387451171875,16.534838,8.0,1,17.991793
3,477,963.731014251709,413.36890602111816,878.14892578125,480.31146240234375,16.396357,14.0,-1,12.102593
1332,477,872.3209190368652,460.31617164611816,786.7388305664062,527.2587280273438,15.918735,28.0,-1,11.433689
11,477,354.47900009155273,364.7347812652588,268.89691162109375,431.6773376464844,15.377366,16.0,-1,15.060335
9,477,1352.555721282959,1093.085397720337,1266.9736328125,1160.0279541015625,9.9850645,8.0,-1,31.283766
8,477,1393.9735679626465,322.96189308166504,1308.3914794921875,389.9044494628906,9.370713,8.0,-1,31.424175
12,477,1143.126522064209,795.5284519195557,1057.54443359375,862.4710083007812,6.8902497,14.0,-1,11.169263
10,477,478.414119720459,23.343637466430664,392.83203125,90.28619384765625,5.763759,12.0,-1,19.653835
1417,477,114.0896987915039,1031.192819595337,28.507610321044922,1098.1353759765625,5.060955,14.0,-1,8.4542885
1560,477,1053.5689659118652,263.20411109924316,967.9868774414062,330.14666748046875,4.7230954,14.0,-1,42.96739
0,477,1359.1967124938965,904.3910617828369,1273.6146240234375,971.3336181640625,3.898899,16.0,-1,18.357859
17,477,587.5748252868652,497.12854957580566,501.99273681640625,564.0711059570312,2.499854,8.0,-1,17.5679
1462,477,1048.7240562438965,250.3653964996338,963.1419677734375,317.3079528808594,1.0152637,12.0,1,12.8973255
6,478,328.6010551452637,267.3490695953369,242.1312713623047,334.39923095703125,23.308723,20.0,-1,13.278046
1332,478,869.5250816345215,459.8894748687744,783.0552978515625,526.9396362304688,21.618929,28.0,-1,10.177754
811,478,1694.4161949157715,120.10297584533691,1607.9464111328125,187.15313720703125,20.874638,10.0,-1,7.843344
4,478,1184.4281578063965,10.61979866027832,1097.9583740234375,77.66996002197266,20.000786,8.0,1,18.65115
3,478,965.5002403259277,413.51059913635254,879.0304565429688,480.5607604980469,13.890575,14.0,-1,11.713825
1,478,1392.9274253845215,205.79090309143066,1306.4576416015625,272.841064453125,13.69621,16.0,-1,15.351277
9,478,1352.4310874938965,1094.9497165679932,1265.9613037109375,1161.9998779296875,12.413883,8.0,-1,35.182537
11,478,357.4211082458496,362.93921852111816,270.9513244628906,429.9893798828125,11.496839,14.0,-1,14.707055
2,478,1475.231990814209,351.77784156799316,1388.76220703125,418.8280029296875,8.389601,8.0,1,15.284814
8,478,1393.419246673584,323.37696266174316,1306.949462890625,390.4271240234375,6.928335,8.0,-1,32.24618
10,478,476.07754135131836,24.847543716430664,389.6077575683594,91.897705078125,5.8233113,12.0,-1,20.044447
12,478,1147.141170501709,795.5284519195557,1060.67138671875,862.57861328125,4.584602,16.0,-1,8.444795
0,478,1359.9801597595215,907.3472385406494,1273.5103759765625,974.3973999023438,4.2157207,16.0,-1,13.379062
1417,478,113.2591552734375,1031.1646823883057,26.789371490478516,1098.21484375,3.9327824,14.0,-1,5.186439
1560,478,1055.1457481384277,261.7061252593994,968.6759643554688,328.75628662109375,3.2268207,14.0,-1,40.946434
17,478,591.9912071228027,499.5827121734619,505.52142333984375,566.6328735351562,2.9297888,8.0,-1,16.471441
1462,478,1048.265438079834,247.73191261291504,961.795654296875,314.7820739746094,1.2983507,12.0,1,14.432564
811,479,1692.7082176208496,120.88584327697754,1605.8948974609375,187.70932006835938,28.544739,10.0,-1,7.451555
6,479,329.07978439331055,267.8671360015869,242.26646423339844,334.69061279296875,21.693739,20.0,-1,12.5631695
4,479,1182.3598289489746,10.358949661254883,1095.5465087890625,77.18242645263672,21.12795,8.0,1,16.035223
3,479,967.7765159606934,412.57956886291504,880.9631958007812,479.4030456542969,19.174234,14.0,-1,12.898287
1,479,1390.548671722412,205.79090309143066,1303.7353515625,272.6143798828125,14.18114,16.0,-1,16.887447
1332,479,867.4803733825684,462.61426734924316,780.6670532226562,529.437744140625,13.678727,28.0,-1,10.430566
11,479,357.4211082458496,363.1924533843994,270.6077880859375,430.01593017578125,11.338512,14.0,-1,15.665016
8,479,1396.6188621520996,322.9837131500244,1309.8055419921875,389.80718994140625,11.098233,8.0,-1,36.241955
2,479,1476.2760887145996,349.5336399078369,1389.4627685546875,416.35711669921875,10.657409,8.0,1,16.300327
9,479,1352.750820159912,1095.7459812164307,1265.9375,1162.5694580078125,8.491133,8.0,-1,32.13391
12,479,1144.037197113037,793.1489353179932,1057.223876953125,859.972412109375,7.2093444,14.0,-1,7.7014923
10,479,474.496395111084,27.151620864868164,387.6830749511719,93.97509765625,7.0928154,12.0,-1,20.66225
0,479,1360.6484031677246,906.1427097320557,1273.8350830078125,972.9661865234375,6.5763144,16.0,-1,18.331978
1560,479,1051.7301902770996,262.24707984924316,964.9168701171875,329.070556640625,3.971031,16.0,-1,42.977093
1417,479,110.35874938964844,1030.0631198883057,23.545429229736328,1096.8865966796875,2.4123638,14.0,-1,6.601486
17,479,596.2325706481934,498.99854469299316,509.41925048828125,565.822021484375,1.9715806,8.0,-1,16.357565
1462,479,1049.4440574645996,249.8595371246338,962.6307373046875,316.6830139160156,1.0997344,12.0,1,11.063451
4,480,1181.302577972412,10.930757522583008,1094.34130859375,77.40291595458984,25.604563,8.0,1,15.63977
1332,480,865.4865379333496,464.44007301330566,778.5252685546875,530.9122314453125,20.877102,28.0,-1,10.407124
811,480,1692.8864402770996,119.96714210510254,1605.9251708984375,186.43930053710938,20.707567,10.0,-1,5.6802654
6,480,331.29552841186523,269.9040012359619,244.33425903320312,336.37615966796875,19.823988,20.0,-1,12.445586
3,480,969.8557395935059,411.44687843322754,882.8944702148438,477.9190368652344,17.062632,14.0,-1,13.186627
1,480,1391.091640472412,205.7161350250244,1304.13037109375,272.18829345703125,14.535702,16.0,-1,12.546908
2,480,1476.0978660583496,348.92749977111816,1389.1365966796875,415.399658203125,10.771989,8.0,1,19.007101
11,480,358.14062118530273,363.7115879058838,271.1793518066406,430.1837463378906,10.462726,14.0,-1,16.816572
8,480,1395.1239891052246,323.05848121643066,1308.1627197265625,389.5306396484375,8.445781,8.0,-1,32.18599
9,480,1354.9394187927246,1093.5645847320557,1267.9781494140625,1160.0367431640625,8.42987,8.0,-1,28.963037
10,480,473.62148666381836,26.444887161254883,386.66021728515625,92.91704559326172,7.2150326,12.0,-1,20.078444
12,480,1144.7624168395996,793.0340061187744,1057.8011474609375,859.5061645507812,7.025024,14.0,-1,9.234884
0,480,1362.804775238037,906.3372287750244,1275.843505859375,972.8093872070312,5.7277274,16.0,-1,17.725113
1560,480,1049.818691253662,260.19419288635254,962.857421875,326.6663513183594,5.540999,16.0,-1,45.233135
17,480,593.7740440368652,502.1308078765869,506.8127746582031,568.6029663085938,3.04694,10.0,-1,15.111102
1417,480,106.70024108886719,1032.0338230133057,19.738971710205078,1098.5059814453125,1.8513771,14.0,-1,8.943898
4,481,1183.1263694763184,11.61595344543457,1096.024169921875,77.46104431152344,29.06208,8.0,1,15.874785
1332,481,864.5169334411621,467.6211566925049,777.4147338867188,533.4662475585938,17.937723,26.0,-1,13.205335
811,481,1694.7311058044434,120.02128791809082,1607.62890625,185.8663787841797,17.508162,10.0,-1,7.5964956
6,481,328.9947624206543,272.47143745422363,241.89256286621094,338.3165283203125,16.13151,20.0,-1,13.405016
1,481,1391.0824241638184,205.46692085266113,1303.980224609375,271.31201171875,14.860312,14.0,-1,13.645339
9,481,1354.9486351013184,1092.1938495635986,1267.846435546875,1158.0389404296875,14.721353,8.0,-1,35.399708
2,481,1476.4157981872559,348.581880569458,1389.3135986328125,414.4269714355469,13.3846445,8.0,1,16.863008
3,481,969.2976341247559,412.934663772583,882.1954345703125,478.7797546386719,12.645466,14.0,-1,12.775636
11,481,358.45705795288086,363.34829902648926,271.3548583984375,429.1933898925781,12.444355,14.0,-1,16.847782
12,481,1142.0514183044434,795.8149433135986,1054.94921875,861.6600341796875,11.34663,14.0,-1,8.694692
10,481,470.914363861084,25.463891983032227,383.8121643066406,91.3089828491211,6.609133,12.0,-1,19.193668
8,481,1397.8324241638184,321.6011371612549,1310.730224609375,387.44622802734375,6.160375,8.0,-1,33.919037
0,481,1364.1601829528809,906.2830829620361,1277.0579833984375,972.128173828125,4.8741794,16.0,-1,20.763865
1560,481,1048.6986351013184,260.75662422180176,961.596435546875,326.6017150878906,4.026986,16.0,-1,43.10016
1417,481,105.41492462158203,1031.1923847198486,18.312725067138672,1097.0374755859375,2.3379698,14.0,-1,8.005678
17,481,595.2995262145996,504.98437690734863,508.19732666015625,570.8294677734375,1.625141,10.0,-1,15.93509
811,482,1695.2463645935059,120.21187782287598,1608.0625,185.98248291015625,27.530924,10.0,-1,8.158558
1332,482,863.1084251403809,467.4305667877197,775.924560546875,533.201171875,26.873077,26.0,-1,12.264421
4,482,1185.4187278747559,12.378992080688477,1098.23486328125,78.14959716796875,22.696459,8.0,1,13.8410635
1,482,1389.0547142028809,204.36565589904785,1301.870849609375,270.1362609863281,20.575178,16.0,-1,15.91518
6,482,327.21886825561523,271.04778480529785,240.03500366210938,336.8183898925781,19.815954,20.0,-1,13.370033
3,482,968.4360008239746,413.6451663970947,881.2521362304688,479.415771484375,15.050614,14.0,-1,12.406746
2,482,1476.0213890075684,346.7345218658447,1388.8375244140625,412.505126953125,13.268945,8.0,1,17.051579
11,482,357.297908782959,360.9292850494385,270.1140441894531,426.69989013671875,11.235779,14.0,-1,17.598898
12,482,1142.5794944763184,797.144495010376,1055.3956298828125,862.9151000976562,10.688451,16.0,-1,7.5217524
9,482,1352.0375022888184,1092.4034671783447,1264.8536376953125,1158.174072265625,7.177525,8.0,-1,33.20564
8,482,1398.4085960388184,323.0071964263916,1311.2247314453125,388.7778015136719,6.342613,8.0,-1,35.552006
10,482,472.4493980407715,24.760820388793945,385.2655334472656,90.53142547607422,5.8306737,12.0,-1,18.889347
0,482,1363.2766380310059,908.2938480377197,1276.0927734375,974.064453125,5.2570815,16.0,-1,19.3294
1560,482,1049.0930442810059,264.0322513580322,961.9091796875,329.8028564453125,4.693565,16.0,-1,40.87099
1417,482,107.50645637512207,1030.7296390533447,20.32259178161621,1096.500244140625,3.7504025,14.0,-1,3.7200804
17,482,596.9080772399902,502.440149307251,509.7242126464844,568.2107543945312,2.2629988,10.0,-1,14.892962
1462,482,1048.8312034606934,252.6713809967041,961.6473388671875,318.4419860839844,1.0169064,10.0,1,4.6679964
6,483,327.21886825561523,270.653772354126,240.14710998535156,336.1602478027344,26.185135,20.0,-1,13.239697
4,483,1185.7636528015137,12.283502578735352,1098.69189453125,77.78997802734375,22.159628,8.0,1,10.747188
811,483,1695.2856254577637,122.01217079162598,1608.2138671875,187.51864624023438,22.055647,10.0,-1,6.730752
1,483,1387.2922172546387,202.84462928771973,1300.220458984375,268.3511047363281,20.448236,16.0,-1,15.567284
1332,483,861.5792655944824,468.30877113342285,774.5075073242188,533.8152465820312,18.427034,26.0,-1,11.061669
3,483,968.9166679382324,413.7056522369385,881.8449096679688,479.2121276855469,17.469496,14.0,-1,11.638781
11,483,357.3549003601074,360.718957901001,270.28314208984375,426.2254333496094,14.033359,16.0,-1,18.52607
2,483,1475.1999320983887,346.7345218658447,1388.128173828125,412.2409973144531,13.9869375,8.0,1,20.548866
9,483,1349.0407524108887,1094.010248184204,1261.968994140625,1159.5167236328125,10.08467,8.0,-1,32.647568
12,483,1142.5051078796387,796.9503726959229,1055.433349609375,862.4568481445312,9.199117,16.0,-1,8.683056
8,483,1399.1425590515137,323.86834144592285,1312.07080078125,389.37481689453125,7.5231357,8.0,-1,34.18448
10,483,472.8923149108887,22.844148635864258,385.820556640625,88.35062408447266,6.0078187,12.0,-1,20.799143
0,483,1365.1100883483887,909.0214176177979,1278.038330078125,974.5278930664062,5.4346275,16.0,-1,21.995272
1560,483,1049.3566703796387,261.911584854126,962.284912109375,327.4180603027344,4.189188,16.0,-1,40.496616
1417,483,104.58157348632812,1032.1580753326416,17.509815216064453,1097.66455078125,4.1104574,14.0,-1,2.3166678
17,483,594.3788871765137,505.98150062561035,507.30712890625,571.4879760742188,2.7474506,8.0,-1,16.836067
1462,483,1047.3383598327637,247.28426551818848,960.2666015625,312.7907409667969,0.7727833,12.0,1,13.45225
4,484,1185.2751274108887,13.899164199829102,1097.8333740234375,77.9814682006836,38.311195,8.0,1,12.936835
1332,484,858.5695610046387,467.97561836242676,771.1278076171875,532.0579223632812,24.136217,28.0,-1,10.387838
811,484,1695.8099174499512,125.39236640930176,1608.3681640625,189.47467041015625,21.712814,10.0,-1,8.944197
2,484,1475.5020561218262,350.16162300109863,1388.060302734375,414.2439270019531,20.88353,8.0,1,20.893974
6,484,331.2318229675293,272.24011421203613,243.79006958007812,336.3224182128906,20.37706,20.0,-1,12.234581
3,484,971.7389335632324,412.2267780303955,884.2971801757812,476.30908203125,17.23184,14.0,-1,11.788983
1,484,1388.1010551452637,202.69644355773926,1300.6593017578125,266.77874755859375,14.773213,16.0,-1,15.262712
11,484,355.4664726257324,362.11633491516113,268.02471923828125,426.1986389160156,12.643578,16.0,-1,17.863533
9,484,1349.2696342468262,1093.770601272583,1261.827880859375,1157.8529052734375,11.924977,8.0,-1,33.701763
12,484,1141.5167045593262,799.4528522491455,1054.074951171875,863.53515625,7.9582443,14.0,-1,6.282005
8,484,1399.0917778015137,323.6068744659424,1311.6500244140625,387.6891784667969,7.6031957,8.0,-1,35.711464
10,484,474.6020622253418,22.844148635864258,387.1603088378906,86.92645263671875,6.7779613,10.0,-1,22.085625
1560,484,1047.5158500671387,260.65014839172363,960.0740966796875,324.7324523925781,5.0320706,16.0,-1,42.91177
0,484,1365.1100883483887,911.401704788208,1277.6683349609375,975.4840087890625,4.8714795,16.0,-1,20.6049
1417,484,105.7062816619873,1035.0146198272705,18.264528274536133,1099.096923828125,4.6422315,14.0,-1,2.2305293
17,484,593.726146697998,505.4858112335205,506.2843933105469,569.568115234375,2.1623523,10.0,-1,14.840784
1462,484,1046.6736869812012,246.9650592803955,959.23193359375,311.04736328125,1.0200311,12.0,1,13.118918
1332,485,854.6158256530762,467.97561836242676,768.7662353515625,531.7537841796875,24.479141,26.0,-1,13.592547
4,485,1184.0665092468262,15.218080520629883,1098.2169189453125,78.99624633789062,24.189995,8.0,1,13.384413
6,485,332.53612899780273,271.0584125518799,246.68653869628906,334.8365783691406,17.864882,20.0,-1,12.717827
811,485,1695.8417778015137,127.2524585723877,1609.9921875,191.03062438964844,15.381367,10.0,-1,6.606098
3,485,971.4813652038574,409.15677070617676,885.6317749023438,472.9349365234375,14.896282,14.0,-1,11.95187
1,485,1387.4451713562012,202.364107131958,1301.5955810546875,266.14227294921875,11.768673,16.0,-1,14.053378
11,485,356.17914962768555,360.3291645050049,270.3295593261719,424.1073303222656,11.0248995,16.0,-1,17.858088
2,485,1472.6215629577637,352.30456733703613,1386.77197265625,416.0827331542969,10.337661,8.0,1,18.974546
9,485,1349.7293510437012,1089.5199298858643,1263.8797607421875,1153.298095703125,9.700499,8.0,-1,34.399162
10,485,475.3025321960449,23.611970901489258,389.45294189453125,87.39013671875,9.109675,10.0,-1,22.209646
8,485,1399.0917778015137,324.5823383331299,1313.2421875,388.3605041503906,7.6527123,8.0,-1,33.126755
12,485,1140.3970756530762,801.1622638702393,1054.5474853515625,864.9404296875,5.300591,14.0,-1,2.144912
0,485,1367.1548881530762,911.2767658233643,1281.3052978515625,975.054931640625,4.510344,18.0,-1,22.100555
1560,485,1050.0540580749512,259.6938190460205,964.2044677734375,323.47198486328125,4.3955274,16.0,-1,44.525505
1417,485,104.92395782470703,1036.2319660186768,19.07436752319336,1100.0101318359375,3.2124844,14.0,-1,4.493538
17,485,597.0456657409668,510.07657051086426,511.1960754394531,573.854736328125,1.3551012,10.0,-1,14.948407
1462,485,1046.4124565124512,245.89019966125488,960.5628662109375,309.6683654785156,1.0294837,12.0,1,11.816563
1332,486,853.7713432312012,466.9670124053955,768.0210571289062,531.049560546875,30.49179,26.0,-1,13.471416
811,486,1697.567668914795,129.99949836730957,1611.8173828125,194.08204650878906,21.620369,10.0,-1,4.986139
6,486,333.1124382019043,273.282808303833,247.36215209960938,337.3653564453125,20.301064,22.0,-1,13.101265
4,486,1182.46781539917,15.01176643371582,1096.717529296875,79.09431457519531,19.644178,8.0,1,14.28056
11,486,356.17914962768555,358.13989448547363,270.4288635253906,422.2224426269531,16.764227,16.0,-1,19.06785
3,486,969.7871513366699,406.82901191711426,884.036865234375,470.91156005859375,16.145662,14.0,-1,11.382971
2,486,1472.4112968444824,352.3403034210205,1386.6610107421875,416.4228515625,14.283006,8.0,1,13.818955
9,486,1351.028606414795,1089.548921585083,1265.2783203125,1153.6314697265625,10.528468,8.0,-1,33.131187
8,486,1399.68998336792,325.62695503234863,1313.939697265625,389.7095031738281,10.299372,8.0,-1,34.964645
1,486,1385.9894218444824,200.510591506958,1300.2391357421875,264.5931396484375,9.877374,14.0,-1,15.958145
10,486,475.9466361999512,26.673006057739258,390.19635009765625,90.75555419921875,7.8522725,12.0,-1,21.22582
0,486,1367.713665008545,908.4006061553955,1281.96337890625,972.483154296875,7.2790914,16.0,-1,21.652836
12,486,1138.8434257507324,805.0552082061768,1053.0931396484375,869.1377563476562,6.371817,14.0,-1,6.7503834
1417,486,108.55607986450195,1032.2607135772705,22.80579376220703,1096.34326171875,3.7517283,14.0,-1,5.7515087
1560,486,1049.4872245788574,259.6938190460205,963.7369384765625,323.7763671875,3.033087,16.0,-1,41.20634
17,486,597.3040580749512,510.81973457336426,511.55377197265625,574.9022827148438,1.3276379,10.0,-1,13.857025
1462,486,1042.1717338562012,243.50653266906738,956.4214477539062,307.5890808105469,1.0001096,14.0,1,11.95504
4,487,1183.064250946045,15.622407913208008,1097.975341796875,80.11839294433594,31.508354,8.0,1,14.687789
1332,487,853.9071464538574,467.60081672668457,768.8182373046875,532.0968017578125,25.179087,26.0,-1,13.892083
6,487,332.9342155456543,276.52754402160645,247.84530639648438,341.0235290527344,21.646301,24.0,-1,11.374776
11,487,356.5492362976074,355.70604133605957,271.4603271484375,420.2020263671875,20.448542,16.0,-1,20.893389
1,487,1384.5646171569824,201.21354866027832,1299.4757080078125,265.70953369140625,19.659456,14.0,-1,14.547282
811,487,1695.3715019226074,129.99949836730957,1610.2825927734375,194.4954833984375,15.239517,10.0,-1,8.026312
3,487,969.5679740905762,404.7952136993408,884.4790649414062,469.29119873046875,14.994468,14.0,-1,10.111994
8,487,1400.8966484069824,326.06065559387207,1315.8077392578125,390.556640625,12.572316,8.0,-1,34.347385
9,487,1351.028606414795,1089.484239578247,1265.939697265625,1153.980224609375,11.678824,8.0,-1,34.079754
2,487,1470.8209648132324,352.6904468536377,1385.7320556640625,417.1864318847656,10.6186,8.0,1,8.412941
10,487,475.6777763366699,24.13450050354004,390.5888671875,88.63048553466797,8.713912,10.0,-1,22.232006
0,487,1366.900676727295,907.6882801055908,1281.811767578125,972.1842651367188,7.9740767,16.0,-1,23.128914
12,487,1138.01224899292,806.0919666290283,1052.92333984375,870.5879516601562,5.7129607,14.0,-1,2.508645
1560,487,1050.5614433288574,257.53096199035645,965.4725341796875,322.0269470214844,2.978206,16.0,-1,39.08476
1417,487,109.1485366821289,1031.751573562622,24.059627532958984,1096.24755859375,2.5470765,14.0,-1,8.697794
17,487,598.3060722351074,510.98411750793457,513.2171630859375,575.4801025390625,2.4647388,10.0,-1,14.661093
1462,487,1043.1390800476074,243.24443244934082,958.0501708984375,307.74041748046875,0.8466146,12.0,1,11.851459
1332,488,854.1865043640137,467.2050037384033,768.6260375976562,530.8109741210938,41.902252,24.0,-1,16.651905
4,488,1185.95316696167,16.566469192504883,1100.3927001953125,80.17243957519531,25.811323,8.0,1,14.07918
6,488,331.9589500427246,281.4613208770752,246.3984832763672,345.0672912597656,21.677141,20.0,-1,12.591888
2,488,1470.6896171569824,352.9862537384033,1385.129150390625,416.59222412109375,21.585121,8.0,1,9.649723
1,488,1385.397747039795,200.68171882629395,1299.8372802734375,264.2876892089844,18.248627,14.0,-1,13.002706
811,488,1696.8951835632324,131.70636177062988,1611.334716796875,195.3123321533203,18.00022,10.0,-1,7.3857965
3,488,969.7390556335449,402.68220710754395,884.1785888671875,466.2881774902344,15.819243,14.0,-1,10.919388
11,488,355.84577560424805,354.61363410949707,270.2853088378906,418.2196044921875,13.548065,16.0,-1,19.593357
8,488,1400.8966484069824,326.6650562286377,1315.336181640625,390.2710266113281,9.636509,8.0,-1,33.515667
12,488,1134.59232711792,809.0255603790283,1049.0318603515625,872.6315307617188,9.593269,16.0,-1,4.986495
9,488,1349.7369804382324,1089.449327468872,1264.176513671875,1153.0552978515625,8.219926,8.0,-1,32.115593
10,488,477.1163749694824,23.767892837524414,391.555908203125,87.37386322021484,7.986366,10.0,-1,21.682251
0,488,1364.9178886413574,907.6882801055908,1279.357421875,971.2942504882812,4.497646,16.0,-1,16.553537
1417,488,108.80992317199707,1032.482530593872,23.24945640563965,1096.0885009765625,3.7064183,14.0,-1,4.834417
1560,488,1051.8444023132324,255.27324104309082,966.283935546875,318.87921142578125,2.7734454,14.0,-1,37.08459
17,488,597.5744438171387,512.3675403594971,512.0139770507812,575.9735107421875,1.4502053,12.0,-1,12.297916
1462,488,1044.3008842468262,241.0559253692627,958.7404174804688,304.6618957519531,0.83370966,12.0,1,11.166332
1332,489,853.5649833679199,466.2093677520752,767.62451171875,529.654296875,53.117268,24.0,-1,16.253353
4,489,1185.95316696167,16.566469192504883,1100.0126953125,80.01139831542969,47.198685,8.0,1,12.170111
811,489,1698.01420211792,132.25445747375488,1612.07373046875,195.6993865966797,22.658228,10.0,-1,8.978478
6,489,330.85793685913086,283.2686939239502,244.91746520996094,346.713623046875,22.65169,22.0,-1,13.18586
2,489,1470.29398727417,352.3381824493408,1384.353515625,415.7831115722656,22.49211,8.0,1,12.606939
3,489,970.1351127624512,400.6766529083252,884.1946411132812,464.12158203125,19.780308,14.0,-1,11.364356
8,489,1401.9225273132324,326.5121326446533,1315.9820556640625,389.9570617675781,17.33512,8.0,-1,32.73164
1,489,1385.8619804382324,202.43400764465332,1299.9215087890625,265.8789367675781,13.796741,14.0,-1,12.485467
11,489,355.2688102722168,352.9560718536377,269.3283386230469,416.4010009765625,11.395263,16.0,-1,20.975803
9,489,1350.0248222351074,1088.4802417755127,1264.0843505859375,1151.9251708984375,10.962508,8.0,-1,31.813591
12,489,1133.5387382507324,810.9333057403564,1047.5982666015625,874.3782348632812,8.426836,14.0,-1,4.9509306
10,489,476.5389518737793,22.235719680786133,390.5984802246094,85.68064880371094,6.181558,10.0,-1,23.166883
0,489,1365.8268241882324,906.5365772247314,1279.8863525390625,969.9815063476562,4.746941,16.0,-1,17.531937
1417,489,106.4747428894043,1033.4652271270752,20.534271240234375,1096.91015625,3.2873392,16.0,-1,5.627589
1560,489,1052.2489433288574,256.7930164337158,966.3084716796875,320.2379455566406,2.5768237,18.0,-1,33.79598
17,489,597.151439666748,513.7351245880127,511.2109680175781,577.1800537109375,1.8453892,10.0,-1,13.1701355
1462,489,1048.0626640319824,241.3025074005127,962.1221923828125,304.7474365234375,0.7662258,12.0,1,11.301547
1332,490,850.9948539733887,466.4340076446533,765.3872680664062,530.1204223632812,44.12648,24.0,-1,15.308624
2,490,1467.6432304382324,353.37959480285645,1382.03564453125,417.0660095214844,24.076462,8.0,1,6.584798
4,490,1185.3121757507324,14.46525764465332,1099.70458984375,78.15167236328125,23.588028,8.0,1,9.747452
6,490,330.21438217163086,287.20967292785645,244.60679626464844,350.8960876464844,19.6219,20.0,-1,14.21957
3,490,969.7686576843262,400.6766529083252,884.1610717773438,464.3630676269531,19.06286,14.0,-1,13.134034
811,490,1700.24027633667,130.58104133605957,1614.6326904296875,194.2674560546875,15.696322,10.0,-1,9.710801
12,490,1129.3400077819824,811.9475574493408,1043.732421875,875.6339721679688,12.592236,16.0,-1,4.8354087
11,490,355.5847587585449,354.31639289855957,269.9771728515625,418.0028076171875,12.106117,16.0,-1,20.846922
8,490,1401.501750946045,324.21272468566895,1315.8941650390625,387.8991394042969,11.8621435,8.0,-1,36.19993
9,490,1353.420696258545,1086.137804031372,1267.8131103515625,1149.82421875,11.47296,8.0,-1,31.973124
1,490,1385.8619804382324,202.31096076965332,1300.25439453125,265.99737548828125,9.683835,14.0,-1,9.000683
10,490,477.00849533081055,19.963953018188477,391.4009094238281,83.6503677368164,9.572763,10.0,-1,22.355675
0,490,1367.218547821045,904.9376697540283,1281.6109619140625,968.6240844726562,8.135073,16.0,-1,18.403408
1417,490,105.32096099853516,1035.312608718872,19.713375091552734,1098.9990234375,4.387912,16.0,-1,4.5146627
1560,490,1053.7953300476074,259.42964363098145,968.187744140625,323.1160583496094,2.4896564,14.0,-1,36.088524
17,490,599.2038383483887,512.7624988555908,513.5962524414062,576.4489135742188,1.4563909,10.0,-1,10.673153
1462,490,1048.8695487976074,244.62095832824707,963.261962890625,308.307373046875,0.9893441,12.0,1,11.363965
1332,491,847.6360282897949,468.5492420196533,761.8220825195312,532.123291015625,34.05411,26.0,-1,15.608897
2,491,1465.4255180358887,355.34703254699707,1379.611572265625,418.92108154296875,27.083107,8.0,1,7.2745485
4,491,1183.9690971374512,14.185808181762695,1098.1551513671875,77.75985717773438,26.278994,8.0,1,7.750047
6,491,331.53799057006836,286.8576831817627,245.7240447998047,350.4317321777344,20.569029,20.0,-1,12.758212
3,491,969.7686576843262,397.97957038879395,883.9547119140625,461.5536193847656,17.367313,14.0,-1,14.128937
11,491,355.5596733093262,354.31639289855957,269.7457275390625,417.89044189453125,14.501134,16.0,-1,18.721087
12,491,1127.7127494812012,814.1344470977783,1041.8988037109375,877.70849609375,12.953811,16.0,-1,4.5996966
811,491,1700.5972709655762,128.82579231262207,1614.7833251953125,192.39984130859375,11.725505,10.0,-1,8.597527
1,491,1386.7095756530762,200.15568733215332,1300.8956298828125,263.729736328125,9.862346,14.0,-1,10.446076
8,491,1402.0151176452637,326.76655769348145,1316.201171875,390.3406066894531,9.167174,8.0,-1,34.66881
9,491,1355.8329887390137,1083.7676258087158,1270.01904296875,1147.3416748046875,8.706468,8.0,-1,31.339392
0,491,1367.7535209655762,904.8267688751221,1281.9395751953125,968.4008178710938,7.175707,16.0,-1,21.09037
10,491,477.97016525268555,20.66977882385254,392.1562194824219,84.24382781982422,7.054936,12.0,-1,21.607882
1560,491,1047.1575736999512,260.54084968566895,961.3436279296875,324.1148986816406,4.036413,18.0,-1,28.929344
1417,491,104.4803295135498,1037.7113513946533,18.666383743286133,1101.285400390625,3.5978582,14.0,-1,5.056243
17,491,597.4386405944824,511.4841785430908,511.62469482421875,575.0582275390625,1.7858375,10.0,-1,13.441342
1462,491,1050.2479667663574,246.06608772277832,964.4340209960938,309.64013671875,1.100767,14.0,1,11.413666
1332,492,843.8426170349121,466.5105152130127,758.7859497070312,530.3226318359375,35.579433,24.0,-1,17.183266
4,492,1185.1976585388184,12.599824905395508,1100.1409912109375,76.41194152832031,23.955872,8.0,1,8.6917
811,492,1700.9057884216309,128.20938301086426,1615.84912109375,192.02149963378906,23.299265,10.0,-1,9.9406
2,492,1463.5383567810059,356.36424446105957,1378.481689453125,420.1763610839844,23.074968,8.0,1,11.553496
6,492,332.57018661499023,285.97850227355957,247.51351928710938,349.7906188964844,16.29168,20.0,-1,12.943002
3,492,967.7070579528809,396.0122241973877,882.650390625,459.8243408203125,13.121021,14.0,-1,13.665663
11,492,356.4768943786621,354.96003913879395,271.42022705078125,418.77215576171875,11.75405,16.0,-1,19.13701
1,492,1385.2314720153809,200.15568733215332,1300.1748046875,263.9678039550781,11.1163,14.0,-1,8.235313
8,492,1402.5930442810059,326.01301765441895,1317.536376953125,389.82513427734375,9.488301,8.0,-1,37.06496
9,492,1358.2021751403809,1083.9292163848877,1273.1455078125,1147.7413330078125,8.521038,8.0,-1,32.730873
12,492,1124.1230735778809,816.0814380645752,1039.06640625,879.8935546875,7.296936,16.0,-1,3.4711215
10,492,480.711238861084,20.28831672668457,395.6545715332031,84.10043334960938,7.2390895,12.0,-1,21.47291
0,492,1364.5278587341309,905.5045948028564,1279.47119140625,969.3167114257812,5.018401,16.0,-1,21.433105
1417,492,104.4803295135498,1040.0282154083252,19.423662185668945,1103.84033203125,3.574004,14.0,-1,5.4187527
1560,492,1052.752040863037,261.7474536895752,967.6953735351562,325.5595703125,3.3773038,14.0,-1,35.616783
17,492,594.2385520935059,509.73262214660645,509.181884765625,573.5447387695312,1.0936934,10.0,-1,11.041586
1462,492,1048.4494285583496,246.8764820098877,963.3927612304688,310.6885986328125,0.7437382,12.0,1,12.072275
1332,493,843.8741722106934,463.85484504699707,759.2339477539062,527.7842407226562,38.272457,24.0,-1,15.820265
4,493,1184.539882659912,10.44206428527832,1099.899658203125,74.3714599609375,26.174402,8.0,1,11.001993
2,493,1464.0478172302246,354.96882820129395,1379.4075927734375,418.8982238769531,23.346788,8.0,1,11.566762
3,493,966.0680198669434,394.5168628692627,881.4277954101562,458.4462585449219,21.360373,14.0,-1,13.008224
6,493,332.7832908630371,287.1207447052002,248.14306640625,351.0501403808594,17.472921,20.0,-1,13.631007
11,493,356.4768943786621,354.26573371887207,271.836669921875,418.19512939453125,15.612529,16.0,-1,20.398058
1,493,1386.641689300537,200.15568733215332,1302.00146484375,264.0850830078125,12.60098,14.0,-1,4.766305
811,493,1701.807216644287,128.908052444458,1617.1669921875,192.8374481201172,9.908991,10.0,-1,9.511601
9,493,1359.2875633239746,1084.2147693634033,1274.6473388671875,1148.1441650390625,8.26168,8.0,-1,33.055046
10,493,478.59560775756836,18.702775955200195,393.95538330078125,82.63217163085938,7.027516,10.0,-1,22.136692
8,493,1400.6132469177246,326.02916145324707,1315.9730224609375,389.95855712890625,7.003544,8.0,-1,34.617176
12,493,1124.2965965270996,816.6775379180908,1039.6563720703125,880.60693359375,6.227024,16.0,-1,4.016115
0,493,1364.4130516052246,905.6909656524658,1279.7728271484375,969.620361328125,5.588295,16.0,-1,21.223223
1560,493,1055.8395652770996,260.3235340118408,971.1993408203125,324.2529296875,3.9676955,14.0,-1,38.709667
1417,493,103.72070121765137,1041.4772205352783,19.080476760864258,1105.4066162109375,2.9762995,14.0,-1,8.640517
17,493,592.182918548584,506.75096321105957,507.5426940917969,570.6803588867188,2.42817,10.0,-1,13.575076
1462,493,1048.0812034606934,247.45189094543457,963.4409790039062,311.38128662109375,1.035828,12.0,1,11.008661
1332,494,844.3525047302246,464.1081256866455,760.2842407226562,527.7857055664062,28.387133,26.0,-1,16.087633
4,494,1185.1294212341309,10.273157119750977,1101.0611572265625,73.95073699951172,23.283142,8.0,1,11.313067
2,494,1464.2084007263184,354.87198066711426,1380.14013671875,418.549560546875,22.486494,8.0,1,16.560234
1,494,1386.1765403747559,198.584077835083,1302.1082763671875,262.26165771484375,18.755905,14.0,-1,5.2342467
3,494,964.4253196716309,396.0686664581299,880.3570556640625,459.7462463378906,16.659914,14.0,-1,14.45356
6,494,333.4183769226074,288.08133125305176,249.35011291503906,351.7589111328125,14.195675,20.0,-1,13.153646
11,494,355.09948348999023,354.691743850708,271.0312194824219,418.36932373046875,13.737091,16.0,-1,19.616558
811,494,1701.9486351013184,129.176362991333,1617.88037109375,192.85394287109375,9.301587,10.0,-1,6.118612
9,494,1361.3318138122559,1082.5038166046143,1277.2635498046875,1146.181396484375,8.811307,8.0,-1,30.626923
8,494,1398.3261985778809,324.11438179016113,1314.2579345703125,387.7919616699219,8.167573,8.0,-1,34.69121
0,494,1365.5642356872559,905.7878131866455,1281.4959716796875,969.4653930664062,7.1827226,16.0,-1,19.961157
12,494,1123.6922874450684,814.3077716827393,1039.6240234375,877.9853515625,5.916796,16.0,-1,6.3722677
10,494,476.4657554626465,18.395723342895508,392.3974914550781,82.07330322265625,5.2445436,12.0,-1,20.310467
1560,494,1055.6981468200684,259.538179397583,971.6298828125,323.21575927734375,4.006533,14.0,-1,38.665115
1417,494,104.98556137084961,1044.4471759796143,20.91729736328125,1108.124755859375,3.3471832,14.0,-1,9.745464
17,494,590.6395835876465,509.5077838897705,506.5713195800781,573.1853637695312,2.0252476,8.0,-1,15.891025
1332,495,842.1028099060059,464.6636219024658,758.0780029296875,528.4014282226562,39.85162,26.0,-1,15.431239
6,495,334.68964767456055,288.3469409942627,250.6648406982422,352.0847473144531,23.110117,20.0,-1,13.414463
4,495,1185.7453880310059,11.389917373657227,1101.7205810546875,75.12772369384766,21.043617,8.0,1,10.68012
3,495,963.6285057067871,396.16511726379395,879.6036987304688,459.9029235839844,20.819216,14.0,-1,13.763984
2,495,1462.6869163513184,354.7755298614502,1378.662109375,418.5133361816406,20.620651,8.0,1,13.731437
1,495,1386.1480979919434,196.91508674621582,1302.123291015625,260.65289306640625,14.896964,14.0,-1,8.074749
11,495,356.57189559936523,356.25731086730957,272.5470886230469,419.9951171875,13.3622055,16.0,-1,19.492577
811,495,1702.4472923278809,127.87535285949707,1618.4224853515625,191.6131591796875,11.163486,10.0,-1,11.088679
8,495,1398.3546409606934,323.65696907043457,1314.329833984375,387.394775390625,8.549719,8.0,-1,31.994928
9,495,1365.2077903747559,1080.6667346954346,1281.1829833984375,1144.404541015625,7.911774,8.0,-1,27.107775
0,495,1365.7807884216309,904.7457752227783,1281.7559814453125,968.4835815429688,6.8448143,16.0,-1,21.089209
12,495,1123.4797630310059,812.9800281524658,1039.4549560546875,876.7178344726562,6.314588,16.0,-1,6.911803
10,495,476.00893783569336,21.65300941467285,391.984130859375,85.39081573486328,5.788933,12.0,-1,20.65323
1417,495,108.0082893371582,1048.566759109497,23.983482360839844,1112.3045654296875,4.7862363,14.0,-1,9.180344
17,495,590.0372276306152,508.05015754699707,506.0124206542969,571.7879638671875,3.8595927,8.0,-1,17.284288
1560,495,1052.9326438903809,263.17137336730957,968.9078369140625,326.9091796875,3.1397188,14.0,-1,38.993988
1462,495,1049.578212738037,250.02964973449707,965.5534057617188,313.7674560546875,0.6127339,12.0,1,9.203682
1332,496,839.5768699645996,463.6798572540283,755.2817993164062,527.9161376953125,22.912928,24.0,-1,17.168945
3,496,960.9125022888184,395.9381580352783,876.617431640625,460.1744384765625,20.780466,14.0,-1,13.575054
2,496,1463.3425559997559,354.47191047668457,1379.0474853515625,418.70819091796875,19.625904,8.0,1,11.031592
4,496,1184.8961448669434,11.208398818969727,1100.60107421875,75.4446792602539,18.86873,8.0,1,7.768148
811,496,1702.2759056091309,127.87535285949707,1617.9808349609375,192.11163330078125,16.704807,10.0,-1,8.805697
11,496,357.76833724975586,357.4413318634033,273.4732666015625,421.6776123046875,15.185291,16.0,-1,19.645777
6,496,335.30407333374023,285.5034656524658,251.00900268554688,349.73974609375,14.646647,20.0,-1,13.628379
1,496,1386.7630882263184,197.23735237121582,1302.468017578125,261.4736328125,12.562945,14.0,-1,6.743595
12,496,1120.6004905700684,814.0051746368408,1036.305419921875,878.241455078125,9.703815,16.0,-1,5.27035
9,496,1365.7641868591309,1082.0825672149658,1281.4691162109375,1146.31884765625,8.699837,8.0,-1,28.044773
8,496,1398.2066917419434,325.3300952911377,1313.91162109375,389.5663757324219,6.894464,8.0,-1,32.31595
1417,496,108.4936580657959,1049.3989734649658,24.19858741760254,1113.63525390625,6.866215,14.0,-1,7.945886
10,496,476.889217376709,19.57786750793457,392.5941467285156,83.81414794921875,6.5080757,12.0,-1,19.725872
0,496,1365.7807884216309,905.6788196563721,1281.4857177734375,969.9151000976562,5.721314,16.0,-1,20.30057
1560,496,1051.1076316833496,262.9919605255127,966.8125610351562,327.2282409667969,3.4254005,14.0,-1,41.134598
17,496,590.7173728942871,506.23607063293457,506.42230224609375,570.4723510742188,2.8176038,10.0,-1,16.684917
1462,496,1046.0426902770996,250.0466480255127,961.7476196289062,314.2829284667969,1.1534071,12.0,1,12.034052
1332,497,839.3590049743652,464.00694465637207,754.6251220703125,528.3798217773438,35.87955,24.0,-1,16.611115
4,497,1187.0611534118652,11.700822830200195,1102.3272705078125,76.07369995117188,23.487104,8.0,1,6.9555826
3,497,962.284236907959,394.84349250793457,877.5503540039062,459.21636962890625,19.356396,14.0,-1,14.836447
6,497,335.30407333374023,283.4206714630127,250.5701904296875,347.7935485839844,17.835014,22.0,-1,12.8081875
2,497,1464.7396202087402,355.6727771759033,1380.0057373046875,420.045654296875,16.855392,8.0,1,8.827076
1,497,1385.1459922790527,197.94011116027832,1300.412109375,262.31298828125,15.310077,14.0,-1,4.9843674
11,497,356.32018661499023,357.4413318634033,271.5863037109375,421.814208984375,15.25692,16.0,-1,19.68149
811,497,1701.1035118103027,126.37130928039551,1616.36962890625,190.7441864013672,12.329698,10.0,-1,11.045381
12,497,1122.3966026306152,813.5715808868408,1037.6627197265625,877.9444580078125,11.82159,16.0,-1,6.731582
9,497,1369.0743370056152,1083.6121082305908,1284.3404541015625,1147.9849853515625,7.254909,8.0,-1,27.145279
0,497,1365.7465782165527,907.4912586212158,1281.0126953125,971.8641357421875,6.7614365,18.0,-1,18.576496
8,497,1401.3325157165527,326.42930793762207,1316.5986328125,390.80218505859375,6.1018176,8.0,-1,30.266918
10,497,479.0643882751465,16.99431037902832,394.33050537109375,81.3671875,5.4781246,12.0,-1,18.387352
1560,497,1050.8309898376465,261.02916145324707,966.0971069335938,325.40203857421875,5.1863046,14.0,-1,46.660854
1417,497,109.35351371765137,1049.8975086212158,24.619630813598633,1114.2703857421875,3.738262,14.0,-1,8.700847
17,497,590.6379051208496,505.9211902618408,505.9040222167969,570.2940673828125,2.9581835,8.0,-1,17.552692
1462,497,1045.2387046813965,249.62996101379395,960.5048217773438,314.0028381347656,1.1982428,12.0,1,12.195422
1332,498,839.5277671813965,465.6953296661377,755.0333251953125,530.1187744140625,40.507175,26.0,-1,14.280971
3,498,962.7408409118652,391.7330493927002,878.2463989257812,456.156494140625,37.808388,14.0,-1,14.202681
6,498,333.5880699157715,282.1015796661377,249.0936279296875,346.5250244140625,20.93442,22.0,-1,13.356327
2,498,1463.160701751709,357.68062019348145,1378.666259765625,422.10406494140625,18.217936,8.0,1,0.6913886
4,498,1189.445125579834,11.040170669555664,1104.95068359375,75.46361541748047,17.517368,8.0,1,6.5157743
11,498,356.1849937438965,359.99495124816895,271.6905517578125,424.41839599609375,14.953401,16.0,-1,17.977222
811,498,1700.100887298584,125.9519214630127,1615.6064453125,190.3753662109375,12.563869,10.0,-1,8.219298
9,498,1368.7470054626465,1083.6347827911377,1284.2525634765625,1148.0582275390625,10.363258,8.0,-1,27.54305
1,498,1384.4808921813965,198.13560676574707,1299.9864501953125,262.5590515136719,10.344383,14.0,-1,5.8990088
12,498,1122.187313079834,813.5556201934814,1037.69287109375,877.9790649414062,9.14795,14.0,-1,5.9943337
0,498,1366.2479820251465,907.5236377716064,1281.7535400390625,971.9470825195312,8.865396,16.0,-1,23.232624
10,498,480.405574798584,16.99431037902832,395.9111328125,81.41775512695312,7.238829,12.0,-1,19.805573
8,498,1400.5582847595215,326.6299304962158,1316.0638427734375,391.0533752441406,5.905823,10.0,-1,27.704552
1560,498,1050.8309898376465,260.37800788879395,966.3365478515625,324.80145263671875,5.2865043,16.0,-1,46.213425
1417,498,110.43353462219238,1050.3137378692627,25.9390926361084,1114.7371826171875,3.4443958,14.0,-1,7.337828
17,498,593.3322715759277,504.5603199005127,508.83782958984375,568.9837646484375,2.0482962,8.0,-1,15.915106
1462,498,1045.6817588806152,248.32872200012207,961.1873168945312,312.7521667480469,1.1891568,12.0,1,13.0319805
811,499,1698.751522064209,125.9519214630127,1614.021728515625,189.91819763183594,26.755295,10.0,-1,10.589259
1332,499,840.622859954834,468.029146194458,755.89306640625,531.9954223632812,25.950933,26.0,-1,12.492519
4,499,1190.513484954834,10.162294387817383,1105.78369140625,74.12857055664062,23.734207,8.0,1,4.31546
3,499,962.7199668884277,390.66580390930176,877.9901733398438,454.632080078125,17.909979,14.0,-1,14.8717985
6,499,332.3813591003418,282.179536819458,247.6515655517578,346.14581298828125,15.885411,22.0,-1,13.39986
2,499,1462.271053314209,359.6922016143799,1377.541259765625,423.6584777832031,15.468723,8.0,1,4.7826934
12,499,1121.3751792907715,814.723970413208,1036.6453857421875,878.6902465820312,12.531521,16.0,-1,4.3264256
11,499,357.11343002319336,359.3843402862549,272.3836364746094,423.3506164550781,10.510399,16.0,-1,19.218037
8,499,1398.5802574157715,328.04983711242676,1313.8504638671875,392.01611328125,10.000821,10.0,-1,26.990192
1,499,1384.4808921813965,200.67877388000488,1299.7510986328125,264.6450500488281,9.941981,14.0,-1,3.1131244
9,499,1372.8175621032715,1083.5436115264893,1288.0877685546875,1147.5098876953125,8.745576,10.0,-1,23.538713
0,499,1366.391902923584,906.617036819458,1281.662109375,970.5833129882812,5.869869,16.0,-1,23.09336
10,499,481.2929039001465,15.939416885375977,396.5631103515625,79.90569305419922,5.3782578,12.0,-1,18.902504
1560,499,1049.9627647399902,259.44421577453613,965.2329711914062,323.4104919433594,4.306037,16.0,-1,44.07888
17,499,596.7026634216309,505.38479804992676,511.9728698730469,569.35107421875,3.3296375,8.0,-1,19.291546
1417,499,107.46146774291992,1050.6952228546143,22.731674194335938,1114.6614990234375,3.0237875,14.0,-1,11.102991
1462,499,1047.111873626709,246.831148147583,962.382080078125,310.79742431640625,0.9648669,12.0,1,12.29568
1332,500,839.5070762634277,467.48416328430176,754.7838134765625,531.8072509765625,39.904827,26.0,-1,12.8349
6,500,330.5368766784668,285.392183303833,245.81361389160156,349.71527099609375,28.556276,20.0,-1,13.584795
4,500,1188.5753135681152,7.705209732055664,1103.85205078125,72.0282974243164,23.146223,8.0,1,2.0578413
2,500,1462.6782188415527,359.8666706085205,1377.9549560546875,424.18975830078125,17.960459,8.0,1,4.4032745
11,500,357.13781356811523,360.2962055206299,272.41455078125,424.6192932128906,13.196328,16.0,-1,18.775618
3,500,959.5748863220215,392.59134101867676,874.8516235351562,456.9144287109375,13.113514,14.0,-1,13.210535
811,500,1700.4717979431152,122.04709053039551,1615.74853515625,186.37017822265625,10.706558,10.0,-1,5.4212894
1,500,1384.3316612243652,200.56366157531738,1299.6083984375,264.8867492675781,9.987763,14.0,-1,5.2935576
12,500,1121.4582481384277,816.5129108428955,1036.7349853515625,880.8359985351562,9.144591,16.0,-1,4.3768477
0,500,1367.0253868103027,905.690034866333,1282.3021240234375,970.0131225585938,8.913477,18.0,-1,20.971006
10,500,481.2929039001465,16.44639778137207,396.56964111328125,80.76948547363281,8.46215,12.0,-1,19.90146
8,500,1398.4554405212402,327.1585102081299,1313.732177734375,391.4815979003906,8.312037,10.0,-1,25.20647
9,500,1375.6448936462402,1083.5436115264893,1290.921630859375,1147.86669921875,7.256946,8.0,-1,26.277777
1560,500,1051.663875579834,259.5292377471924,966.9406127929688,323.8523254394531,6.251516,16.0,-1,47.089252
1417,500,105.78072738647461,1050.1537189483643,21.057464599609375,1114.476806640625,3.4559596,14.0,-1,10.032484
17,500,595.4166831970215,502.121431350708,510.69342041015625,566.4445190429688,2.7021105,8.0,-1,14.551279
1462,500,1050.5389366149902,247.47891426086426,965.815673828125,311.802001953125,1.216386,12.0,1,12.396038
4,501,1186.1330528259277,7.705209732055664,1102.424072265625,72.32818603515625,20.788488,8.0,1,2.5413532
1332,501,836.4079551696777,466.73914527893066,752.698974609375,531.3621215820312,20.684332,26.0,-1,12.699184
6,501,331.70388412475586,287.3825168609619,247.99490356445312,352.0054931640625,17.06029,20.0,-1,13.573099
3,501,959.6617393493652,392.37131690979004,875.9527587890625,456.9942932128906,16.483393,14.0,-1,14.253737
2,501,1463.0740928649902,361.2052707672119,1379.3651123046875,425.8282470703125,14.668346,8.0,1,0.95829916
811,501,1699.5920372009277,119.98980140686035,1615.883056640625,184.61277770996094,12.963519,10.0,-1,7.0070505
9,501,1375.6450157165527,1085.4602756500244,1291.93603515625,1150.083251953125,11.400231,8.0,-1,31.827328
11,501,356.917781829834,358.85447120666504,273.20880126953125,423.4774475097656,9.911906,16.0,-1,19.0737
12,501,1119.2474327087402,816.9882907867432,1035.5384521484375,881.6112670898438,9.655262,16.0,-1,6.981071
1,501,1384.6857872009277,201.2578525543213,1300.976806640625,265.8808288574219,9.034307,14.0,-1,4.374743
8,501,1398.4554405212402,327.40198707580566,1314.7464599609375,392.02496337890625,7.5658746,10.0,-1,28.416445
10,501,477.1952476501465,18.480737686157227,393.48626708984375,83.10371398925781,6.567856,12.0,-1,18.34474
0,501,1366.1508750915527,905.4213352203369,1282.44189453125,970.0443115234375,6.47846,18.0,-1,21.678297
1560,501,1054.9659996032715,261.2907199859619,971.2570190429688,325.9136962890625,5.949476,14.0,-1,40.92991
17,501,593.4926719665527,496.4831027984619,509.78369140625,561.1060791015625,3.5714982,8.0,-1,18.067816
1417,501,106.08813667297363,1048.781198501587,22.3791561126709,1113.4041748046875,1.7959409,14.0,-1,10.877509
1462,501,1050.8988609313965,245.53940773010254,967.1898803710938,310.1623840332031,0.9856643,14.0,1,13.935466
1332,502,834.1405601501465,468.1539707183838,751.0918579101562,532.665771484375,28.424843,26.0,-1,15.149481
4,502,1184.8060264587402,10.03141975402832,1101.75732421875,74.54322052001953,20.820662,8.0,1,0.50614643
3,502,960.4164390563965,391.56763648986816,877.3677368164062,456.0794372558594,17.408798,14.0,-1,13.109359
811,502,1699.2551231384277,120.44538307189941,1616.2064208984375,184.95718383789062,15.799199,10.0,-1,10.647397
6,502,331.7042655944824,286.9785861968994,248.6555633544922,351.4903869628906,14.623375,20.0,-1,14.211803
1,502,1386.2746543884277,201.7877597808838,1303.2259521484375,266.299560546875,13.367391,14.0,-1,6.3677316
11,502,357.33962631225586,358.52366065979004,274.2909240722656,423.03546142578125,12.721039,16.0,-1,19.14936
2,502,1463.0740928649902,359.30311012268066,1380.025390625,423.8149108886719,12.085278,8.0,1,4.0149612
8,502,1402.7502403259277,327.40198707580566,1319.7015380859375,391.9137878417969,11.914273,10.0,-1,27.277397
12,502,1119.3891563415527,817.1977939605713,1036.3404541015625,881.7095947265625,11.836226,16.0,-1,6.7510824
9,502,1375.0592002868652,1085.7754306793213,1292.010498046875,1150.2872314453125,9.606008,8.0,-1,29.697151
0,502,1364.3727989196777,905.3362827301025,1281.3240966796875,969.8480834960938,8.126054,18.0,-1,24.85369
10,502,476.9833641052246,18.625947952270508,393.9346618652344,83.13774871826172,6.4667683,12.0,-1,18.72053
1560,502,1054.6790733337402,261.5615634918213,971.63037109375,326.0733642578125,4.4835057,14.0,-1,39.698505
17,502,593.4102745056152,495.52829933166504,510.361572265625,560.0401000976562,3.5254447,8.0,-1,18.917006
1417,502,109.66244506835938,1048.2473545074463,26.61374282836914,1112.7591552734375,3.2482631,14.0,-1,7.8001432
1462,502,1052.5490684509277,245.2026767730713,969.5003662109375,309.7144775390625,1.0644659,14.0,1,13.985042
1332,503,830.7962608337402,468.6443271636963,747.16162109375,533.7168579101562,41.572407,24.0,-1,17.940538
6,503,331.631160736084,288.8907871246338,247.99652099609375,353.96331787109375,25.50894,22.0,-1,13.43152
811,503,1699.5436973571777,120.86112403869629,1615.9090576171875,185.93365478515625,24.21588,10.0,-1,11.712078
3,503,959.6810874938965,392.95972633361816,876.0464477539062,458.0322570800781,22.1762,14.0,-1,13.461125
4,503,1183.8341026306152,9.542001724243164,1100.199462890625,74.61453247070312,20.551863,14.0,-1,0.42508316
1,503,1386.7740440368652,203.3239231109619,1303.139404296875,268.3964538574219,14.432942,14.0,-1,4.922941
2,503,1464.7816123962402,357.04685401916504,1381.14697265625,422.119384765625,13.926231,8.0,1,3.569808
11,503,361.2382469177246,357.7948703765869,277.6036071777344,422.8674011230469,12.457221,16.0,-1,21.026403
9,503,1373.6625938415527,1084.973611831665,1290.0279541015625,1150.046142578125,9.092891,8.0,-1,28.743484
8,503,1402.7502403259277,326.6991672515869,1319.1156005859375,391.7716979980469,8.442743,10.0,-1,23.009378
12,503,1119.9322471618652,817.1977939605713,1036.297607421875,882.2703247070312,7.682974,16.0,-1,6.163287
0,503,1363.9711875915527,905.543924331665,1280.3365478515625,970.616455078125,7.6546516,16.0,-1,24.689503
10,503,477.47805404663086,16.8349552154541,393.8434143066406,81.90748596191406,7.3327765,12.0,-1,18.45736
1560,503,1054.5023765563965,261.9775791168213,970.8677368164062,327.05010986328125,6.304071,14.0,-1,42.699615
17,503,593.7573509216309,493.3157138824463,510.1227111816406,558.3882446289062,4.554732,8.0,-1,19.338778
1417,503,111.74851036071777,1045.081033706665,28.11387062072754,1110.153564453125,1.7597421,14.0,-1,9.8601675
1462,503,1051.5776329040527,248.5644016265869,967.9429931640625,313.6369323730469,0.9398699,12.0,1,13.7367
1332,504,829.5174217224121,467.5707492828369,745.7154541015625,532.7783813476562,29.946861,26.0,-1,13.936777
811,504,1699.7660789489746,118.78487586975098,1615.964111328125,183.9925079345703,28.127844,10.0,-1,8.517673
6,504,331.013729095459,290.42160987854004,247.21176147460938,355.6292419433594,21.639807,22.0,-1,13.517611
3,504,961.7550315856934,394.66672706604004,877.9530639648438,459.8743591308594,17.981855,14.0,-1,12.446947
4,504,1181.795009613037,10.311281204223633,1097.9930419921875,75.51891326904297,17.769718,14.0,-1,0.8086173
2,504,1465.1200828552246,356.72336769104004,1381.318115234375,421.9309997558594,16.054932,8.0,1,5.788458
1,504,1388.035732269287,205.5224094390869,1304.2337646484375,270.73004150390625,14.919444,16.0,-1,5.590363
11,504,360.27395248413086,358.1183567047119,276.47198486328125,423.32598876953125,11.400537,16.0,-1,19.45855
12,504,1120.6220359802246,818.2262668609619,1036.820068359375,883.4338989257812,9.373067,16.0,-1,5.4612412
9,504,1371.8390769958496,1086.6283054351807,1288.037109375,1151.8359375,9.011532,10.0,-1,24.601463
0,504,1364.6674461364746,908.1209812164307,1280.865478515625,973.32861328125,8.250697,18.0,-1,20.4491
8,504,1403.5580711364746,324.8003330230713,1319.756103515625,390.0079650878906,6.966002,8.0,-1,29.567053
1560,504,1053.8250999450684,260.4045810699463,970.0231323242188,325.6122131347656,6.769785,14.0,-1,46.089466
10,504,477.255672454834,15.616952896118164,393.4537048339844,80.8245849609375,6.2150707,12.0,-1,20.126392
17,504,596.4782981872559,491.0248508453369,512.6763305664062,556.2324829101562,3.2074106,8.0,-1,17.942894
1417,504,108.03802680969238,1044.7370700836182,24.236059188842773,1109.9447021484375,1.8353759,14.0,-1,9.176734
1332,505,829.1113548278809,470.09099769592285,745.560302734375,535.4426879882812,22.588402,26.0,-1,14.86225
6,505,330.0358695983887,292.80913734436035,246.4848175048828,358.16082763671875,21.342325,22.0,-1,13.077434
811,505,1697.4945335388184,116.69159889221191,1613.9434814453125,182.0432891845703,20.532042,10.0,-1,5.9642754
3,505,961.8752098083496,394.3866214752197,878.3241577148438,459.7383117675781,17.279192,14.0,-1,9.623807
4,505,1181.6748313903809,10.715486526489258,1098.123779296875,76.06717681884766,17.141264,8.0,1,4.751877
12,505,1119.7375755310059,817.1777286529541,1036.1865234375,882.5294189453125,12.746075,16.0,-1,4.7723174
2,505,1465.4531517028809,357.33648109436035,1381.902099609375,422.68817138671875,12.645762,8.0,1,2.3493137
1,505,1385.5921897888184,205.80251502990723,1302.0411376953125,271.1542053222656,12.16146,14.0,-1,5.8893642
11,505,360.49074935913086,356.41607093811035,276.939697265625,421.76776123046875,9.647192,16.0,-1,19.08248
9,505,1371.6053733825684,1084.929925918579,1288.0543212890625,1150.2816162109375,7.5701447,8.0,-1,25.203323
1560,505,1054.0584983825684,259.739221572876,970.5074462890625,325.0909118652344,7.2269063,14.0,-1,48.71594
0,505,1366.4991722106934,909.1755313873291,1282.9481201171875,974.5272216796875,6.1587043,16.0,-1,24.214298
8,505,1404.1285667419434,322.90007972717285,1320.5775146484375,388.25177001953125,6.1148467,10.0,-1,28.62542
10,505,477.8810386657715,13.56816291809082,394.3299865722656,78.91985321044922,5.962208,12.0,-1,19.081444
1417,505,106.85155487060547,1045.0748233795166,23.30050277709961,1110.426513671875,4.210362,14.0,-1,8.094911
17,505,599.5428733825684,492.9208927154541,515.9918212890625,558.2725830078125,3.479561,8.0,-1,16.807869
1332,506,828.4674339294434,468.07518196105957,744.7593994140625,533.992919921875,27.628632,26.0,-1,13.623726
3,506,961.8958396911621,393.8297290802002,878.1878051757812,459.7474670410156,24.413633,14.0,-1,10.911591
811,506,1697.8921165466309,112.0426197052002,1614.18408203125,177.96035766601562,20.764341,10.0,-1,8.715475
2,506,1464.3003196716309,356.8618335723877,1380.59228515625,422.7795715332031,19.702219,14.0,-1,4.3427386
4,506,1180.4057884216309,10.455850601196289,1096.69775390625,76.37358856201172,18.760704,8.0,1,6.2904778
6,506,330.1114921569824,293.2271900177002,246.40345764160156,359.1449279785156,17.476604,22.0,-1,13.03521
11,506,359.89504623413086,354.2913074493408,276.18701171875,420.20904541015625,14.809841,16.0,-1,19.226198
1,506,1387.5560569763184,205.1560230255127,1303.8480224609375,271.0737609863281,13.248818,14.0,-1,3.8974168
12,506,1119.6959495544434,817.4373645782471,1035.9879150390625,883.3551025390625,10.530902,16.0,-1,4.942119
9,506,1373.3503684997559,1085.8393421173096,1289.642333984375,1151.757080078125,7.5890536,8.0,-1,26.659496
10,506,479.77602767944336,14.10771369934082,396.0679931640625,80.02545166015625,7.4248905,12.0,-1,18.95299
0,506,1366.2315940856934,909.4612293243408,1282.5235595703125,975.3789672851562,6.2024803,16.0,-1,23.324753
1560,506,1055.0687522888184,260.10920906066895,971.3607177734375,326.0269470214844,5.676995,14.0,-1,45.320793
1417,506,106.76971054077148,1047.846055984497,23.061676025390625,1113.7637939453125,5.336121,14.0,-1,7.142001
8,506,1404.3153343200684,320.72911262512207,1320.6072998046875,386.6468505859375,4.721224,10.0,-1,28.995749
17,506,599.5222434997559,496.06175422668457,515.814208984375,561.9794921875,4.4232097,8.0,-1,18.04745
1462,506,1053.2873191833496,247.76899909973145,969.5792846679688,313.6867370605469,1.1291893,12.0,1,10.507835
1332,507,826.8896751403809,467.8094654083252,743.8731689453125,533.9058227539062,24.520859,26.0,-1,13.4218
1,507,1387.5560569763184,205.85237312316895,1304.53955078125,271.94873046875,21.795357,14.0,-1,3.9388337
811,507,1697.5074729919434,114.0698413848877,1614.490966796875,180.16619873046875,17.603674,10.0,-1,7.789822
2,507,1463.4630393981934,357.39143562316895,1380.446533203125,423.48779296875,16.887255,14.0,-1,3.0229135
4,507,1180.5080833435059,9.067636489868164,1097.4915771484375,75.16399383544922,15.932556,8.0,1,5.7600937
3,507,960.3191795349121,395.66340827941895,877.3026733398438,461.759765625,14.445232,14.0,-1,9.786584
6,507,332.6191062927246,295.81297492980957,249.60260009765625,361.9093322753906,12.880332,20.0,-1,13.372299
11,507,358.38882064819336,354.19554328918457,275.372314453125,420.2919006347656,11.89096,16.0,-1,20.655777
9,507,1374.8275413513184,1084.236894607544,1291.81103515625,1150.333251953125,9.131154,8.0,-1,27.338152
12,507,1119.7890892028809,816.2683277130127,1036.7725830078125,882.3646850585938,8.55272,16.0,-1,3.9000494
0,507,1367.1081809997559,908.5521411895752,1284.0916748046875,974.6484985351562,6.503584,16.0,-1,22.336563
10,507,481.5812339782715,15.24370002746582,398.5647277832031,81.34005737304688,5.7687087,12.0,-1,19.246998
8,507,1404.3978538513184,319.67857551574707,1321.38134765625,385.7749328613281,5.294497,10.0,-1,25.489714
1417,507,105.095947265625,1049.5629444122314,22.07944107055664,1115.6593017578125,4.2043977,14.0,-1,4.736921
1560,507,1052.576992034912,261.7868824005127,969.5604858398438,327.88323974609375,3.92931,14.0,-1,42.901577
17,507,600.1100730895996,495.1627368927002,517.0935668945312,561.2590942382812,2.2726467,8.0,-1,17.911398
1462,507,1052.4468040466309,247.76899909973145,969.4302978515625,313.8653564453125,1.1135427,12.0,1,12.9831295
811,508,1695.3861351013184,115.22526741027832,1612.09033203125,181.9806365966797,21.87897,10.0,-1,8.137291
1332,508,824.9727439880371,466.56970405578613,741.6769409179688,533.3250732421875,20.995306,26.0,-1,13.222702
4,508,1179.5571556091309,9.84440803527832,1096.2613525390625,76.59977722167969,20.072275,8.0,1,7.945235
3,508,961.3166770935059,396.16320991516113,878.0208740234375,462.9185791015625,19.013186,14.0,-1,9.569081
6,508,334.78298568725586,294.205659866333,251.4871826171875,360.9610290527344,18.210772,20.0,-1,13.928743
2,508,1462.6282005310059,356.4928913116455,1379.3323974609375,423.2482604980469,16.155222,14.0,-1,4.7775183
11,508,359.40612411499023,354.2327289581299,276.1103210449219,420.98809814453125,14.911744,16.0,-1,20.280088
1,508,1389.1758079528809,206.0895709991455,1305.8800048828125,272.8449401855469,14.705165,14.0,-1,3.7930045
12,508,1115.4887962341309,819.3328266143799,1032.1929931640625,886.0881958007812,11.967288,16.0,-1,3.8624861
9,508,1376.6177024841309,1085.1485614776611,1293.3218994140625,1151.9039306640625,7.5397754,10.0,-1,24.430456
8,508,1405.2326927185059,319.3547992706299,1321.9368896484375,386.11016845703125,7.4957366,10.0,-1,23.37695
10,508,484.3184471130371,12.761781692504883,401.02264404296875,79.51715087890625,6.2945027,12.0,-1,17.991415
0,508,1370.7352561950684,908.1615619659424,1287.439453125,974.9169311523438,6.18825,16.0,-1,24.773993
1560,508,1051.400966644287,261.7496967315674,968.1051635742188,328.50506591796875,5.6875186,14.0,-1,45.489628
17,508,598.8983421325684,495.07434272766113,515.6025390625,561.8297119140625,3.3192873,8.0,-1,19.897408
1417,508,104.22332382202148,1049.6175556182861,20.927520751953125,1116.3729248046875,2.1827013,14.0,-1,7.8203125
4,509,1180.4929161071777,9.552526473999023,1096.167236328125,76.55095672607422,22.01985,8.0,1,5.571731
1332,509,822.6310997009277,466.01347160339355,738.305419921875,533.0119018554688,19.529406,26.0,-1,14.217896
6,509,335.90188217163086,293.80750846862793,251.57620239257812,360.8059387207031,18.311867,20.0,-1,13.509732
2,509,1464.1674766540527,353.3528881072998,1379.841796875,420.351318359375,16.29103,14.0,-1,10.303667
1,509,1388.3765830993652,205.50504875183105,1304.0509033203125,272.50347900390625,16.126617,14.0,-1,5.020401
11,509,359.6835594177246,354.5246105194092,275.3578796386719,421.5230407714844,15.406682,16.0,-1,20.60724
3,509,961.0392417907715,397.8830394744873,876.7135620117188,464.8814697265625,15.25087,14.0,-1,9.703773
811,509,1697.7598838806152,115.65406608581543,1613.4342041015625,182.65249633789062,14.034448,10.0,-1,7.4352703
12,509,1116.2592735290527,820.7558422088623,1031.93359375,887.7542724609375,8.772307,16.0,-1,3.8899803
9,509,1376.2829551696777,1086.0455150604248,1291.957275390625,1153.0439453125,7.6710753,8.0,-1,25.588512
8,509,1404.6291465759277,318.24552726745605,1320.303466796875,385.24395751953125,6.9822063,10.0,-1,17.574825
0,509,1369.8498497009277,909.9617748260498,1285.524169921875,976.960205078125,6.346159,16.0,-1,22.200666
10,509,486.7054100036621,12.197080612182617,402.3797302246094,79.19551086425781,6.0676656,12.0,-1,19.382975
1417,509,103.19959831237793,1045.9384593963623,18.873918533325195,1112.9368896484375,5.5304847,14.0,-1,5.659331
1560,509,1052.205623626709,266.39274406433105,967.8799438476562,333.39117431640625,4.736383,16.0,-1,35.436756
17,509,598.2059898376465,497.3306713104248,513.8803100585938,564.3291015625,3.1124017,10.0,-1,14.947198
1462,509,1054.1248741149902,251.54975700378418,969.7991943359375,318.5481872558594,0.9501054,14.0,1,13.573941
1332,510,822.6310997009277,467.9556407928467,738.0280151367188,534.7737426757812,26.828972,26.0,-1,12.533155
4,510,1180.7990074157715,8.882726669311523,1096.1959228515625,75.7008285522461,23.629303,8.0,1,3.8086882
811,510,1694.956844329834,115.27435111999512,1610.353759765625,182.0924530029297,21.758535,10.0,-1,9.625791
6,510,334.8706932067871,292.68348503112793,250.26760864257812,359.5015869140625,20.374998,22.0,-1,13.607836
2,510,1465.047176361084,351.50428581237793,1380.444091796875,418.3223876953125,17.042149,14.0,-1,17.71391
1,510,1387.820125579834,205.50504875183105,1303.217041015625,272.3231506347656,16.893991,14.0,-1,12.500839
11,510,361.06017684936523,352.1446361541748,276.45709228515625,418.9627380371094,14.503547,18.0,-1,21.140688
12,510,1112.6285972595215,823.1934947967529,1028.0255126953125,890.0115966796875,14.104033,16.0,-1,4.4391637
3,510,962.6269493103027,398.15223503112793,878.0238647460938,464.9703369140625,13.961564,14.0,-1,11.873009
1417,510,104.18543434143066,1044.3469371795654,19.58234977722168,1111.1650390625,8.485433,16.0,-1,2.1163063
0,510,1369.5304527282715,909.2989025115967,1284.9273681640625,976.1170043945312,7.923689,18.0,-1,29.642565
10,510,488.43777084350586,13.556486129760742,403.8346862792969,80.37458801269531,7.0906205,12.0,-1,20.18635
8,510,1402.706844329834,317.0249767303467,1318.103759765625,383.84307861328125,6.8581567,10.0,-1,19.416004
9,510,1375.9125328063965,1087.0927867889404,1291.3094482421875,1153.910888671875,6.044432,12.0,-1,15.165747
1560,510,1050.3697471618652,269.00147819519043,965.7666625976562,335.819580078125,5.4529557,16.0,-1,36.410614
17,510,599.6420249938965,498.6302013397217,515.0389404296875,565.4483032226562,1.8474911,8.0,-1,17.775854
1462,510,1054.1722984313965,254.83866691589355,969.5692138671875,321.6567687988281,0.8412492,12.0,1,14.510243
11,511,361.54470443725586,350.22852897644043,275.8083190917969,416.37164306640625,25.18486,20.0,-1,22.396158
6,511,332.9089012145996,290.35145378112793,247.17251586914062,356.49456787109375,17.635971,22.0,-1,11.572233
2,511,1463.880184173584,351.18937492370605,1378.143798828125,417.3324890136719,17.310781,16.0,-1,24.28664
1332,511,821.7977867126465,468.18214225769043,736.0614013671875,534.3252563476562,16.385883,28.0,-1,10.540371
3,511,964.8939781188965,397.68641471862793,879.1575927734375,463.82952880859375,15.555013,16.0,-1,18.73267
1,511,1384.394832611084,207.32475090026855,1298.658447265625,273.4678649902344,14.860721,16.0,-1,23.109747
4,511,1181.830867767334,8.556867599487305,1096.094482421875,74.69998168945312,13.710603,14.0,-1,11.061196
811,511,1696.170223236084,115.02857780456543,1610.433837890625,181.17169189453125,13.52541,10.0,-1,10.557547
12,511,1110.588436126709,822.1041393280029,1024.85205078125,888.2472534179688,11.290993,18.0,-1,6.8423967
0,511,1373.077938079834,909.2989025115967,1287.341552734375,975.4420166015625,10.214255,20.0,-1,43.249695
1417,511,105.27768516540527,1043.3428478240967,19.54129981994629,1109.4859619140625,6.2630506,16.0,-1,2.556139
9,511,1375.9125328063965,1090.1618175506592,1290.1761474609375,1156.304931640625,5.829355,14.0,-1,7.3155313
10,511,490.74108505249023,14.797849655151367,405.00469970703125,80.94096374511719,5.554134,14.0,-1,14.9826565
8,511,1399.893367767334,318.18925285339355,1314.156982421875,384.3323669433594,4.0512986,12.0,-1,14.648983
1560,511,1050.0539512634277,271.25736808776855,964.3175659179688,337.4004821777344,3.9545858,18.0,-1,27.125343
17,511,600.6359214782715,499.37208366394043,514.8995361328125,565.5151977539062,1.6247705,12.0,-1,11.854938
1462,511,1052.133113861084,255.67658805847168,966.396728515625,321.8197021484375,1.1500193,14.0,1,10.5128765
11,512,359.9809226989746,350.33073234558105,274.1866760253906,415.4344177246094,24.29721,20.0,-1,24.510317
3,512,966.2778282165527,397.5885753631592,880.4835815429688,462.6922607421875,17.503145,16.0,-1,22.422552
1,512,1383.1820640563965,206.40263175964355,1297.3878173828125,271.5063171386719,17.142408,16.0,-1,25.444271
0,512,1375.2777671813965,911.6703624725342,1289.4835205078125,976.7740478515625,16.676615,20.0,-1,42.92503
12,512,1107.923641204834,823.6397228240967,1022.12939453125,888.743408203125,16.060646,20.0,-1,9.834488
2,512,1461.9371910095215,350.76942253112793,1376.1429443359375,415.87310791015625,15.309859,16.0,-1,21.322807
811,512,1696.2101402282715,114.6857738494873,1610.4158935546875,179.78945922851562,13.630982,10.0,-1,13.457206
4,512,1183.0731773376465,8.52931022644043,1097.2789306640625,73.63299560546875,12.2090645,16.0,-1,23.82227
1332,512,821.1730918884277,472.3555431365967,735.3788452148438,537.459228515625,11.631924,28.0,-1,5.5887365
10,512,493.21523666381836,17.519392013549805,407.4209899902344,82.62307739257812,8.520095,16.0,-1,11.054526
6,512,330.6377830505371,289.5287914276123,244.84353637695312,354.6324768066406,8.365361,24.0,-1,9.807944
1417,512,104.42860794067383,1042.0075206756592,18.634361267089844,1107.1112060546875,5.1762304,18.0,-1,3.6121173
9,512,1376.064510345459,1091.0819835662842,1290.270263671875,1156.1856689453125,5.15883,16.0,-1,2.6893866
1560,512,1050.0539512634277,272.04960441589355,964.2597045898438,337.1532897949219,3.781189,20.0,-1,22.461153
8,512,1397.777645111084,318.18925285339355,1311.9833984375,383.2929382324219,2.8139536,12.0,-1,13.563628
17,512,605.1909141540527,502.5196056365967,519.3966674804688,567.623291015625,1.1695963,16.0,-1,4.840732
1462,512,1057.4355430603027,254.7961254119873,971.6412963867188,319.8998107910156,1.0414207,18.0,1,17.664799
11,513,358.98452377319336,350.1988048553467,273.4339294433594,414.7664794921875,23.991722,20.0,-1,24.009186
1,513,1382.568172454834,205.55897331237793,1297.017578125,270.12664794921875,21.848467,18.0,-1,25.748774
4,513,1182.905330657959,8.050260543823242,1097.354736328125,72.61793518066406,18.456118,16.0,-1,25.990635
10,513,493.58413314819336,17.52850914001465,408.0335388183594,82.09618377685547,15.774842,16.0,-1,8.780949
12,513,1104.1481895446777,826.5486583709717,1018.5975952148438,891.1163330078125,15.277768,20.0,-1,10.479416
0,513,1374.8417320251465,910.9389171600342,1289.2911376953125,975.506591796875,14.997574,22.0,-1,40.202805
3,513,969.7840538024902,398.18458366394043,884.2334594726562,462.75225830078125,13.043448,18.0,-1,24.237051
6,513,332.1685905456543,293.47816276550293,246.6179962158203,358.04583740234375,11.503638,26.0,-1,5.8286486
2,513,1463.6442222595215,350.76942253112793,1378.0936279296875,415.33709716796875,11.411788,18.0,-1,21.930182
811,513,1697.575740814209,116.92240715026855,1612.025146484375,181.49008178710938,11.063989,10.0,-1,13.682934
1332,513,820.0682334899902,474.1419200897217,734.5176391601562,538.7095947265625,10.584561,28.0,-1,4.250049
9,513,1376.983699798584,1094.0733165740967,1291.43310546875,1158.6409912109375,5.108248,16.0,-1,0.8947371
1417,513,107.04412078857422,1039.7879161834717,21.493526458740234,1104.3555908203125,4.391579,18.0,-1,3.4511762
8,513,1397.777645111084,317.9018383026123,1312.22705078125,382.4695129394531,3.9868946,14.0,-1,10.56806
1560,513,1052.243953704834,271.0640697479248,966.693359375,335.6317443847656,3.6567566,18.0,-1,27.219994
17,513,604.8406944274902,504.8766613006592,519.2901000976562,569.4443359375,1.3615731,14.0,-1,4.1358614
1462,513,1056.0621910095215,252.86823844909668,970.5115966796875,317.4359130859375,0.9210716,18.0,1,18.26228
11,514,359.081844329834,350.52177238464355,273.1827392578125,415.5784606933594,32.127537,20.0,-1,24.321966
1,514,1384.295711517334,206.83671379089355,1298.3966064453125,271.8934020996094,22.62651,18.0,-1,25.967943
12,514,1100.6840171813965,829.1329479217529,1014.784912109375,894.1896362304688,18.2516,20.0,-1,11.682146
3,514,970.8964805603027,398.0633373260498,884.9973754882812,463.1200256347656,17.004274,18.0,-1,22.333916
4,514,1181.8705406188965,9.713674545288086,1095.971435546875,74.7703628540039,15.1563,18.0,-1,24.702868
0,514,1372.8256187438965,909.3947277069092,1286.926513671875,974.451416015625,12.831019,22.0,-1,37.98157
2,514,1465.1285972595215,349.99601554870605,1379.2294921875,415.0527038574219,10.505624,18.0,-1,22.778206
10,514,494.14342880249023,16.6966609954834,408.24432373046875,81.75334930419922,10.196108,16.0,-1,9.571144
811,514,1697.621395111084,115.11808586120605,1611.7222900390625,180.17477416992188,9.729796,10.0,-1,14.334066
9,514,1371.8793296813965,1095.5500011444092,1285.980224609375,1160.606689453125,7.5983505,16.0,-1,1.570104
1332,514,817.816951751709,477.13917350769043,731.9178466796875,542.1958618164062,7.358999,28.0,-1,2.3341475
6,514,331.9503288269043,297.40296745300293,246.0512237548828,362.45965576171875,6.7743855,26.0,-1,5.2937007
8,514,1398.411678314209,320.45387077331543,1312.5125732421875,385.51055908203125,4.505593,14.0,-1,7.3033876
1560,514,1052.243953704834,270.6461009979248,966.3448486328125,335.7027893066406,3.2517416,20.0,-1,28.049387
1417,514,102.97056770324707,1036.4883556365967,17.071462631225586,1101.5450439453125,3.214823,20.0,-1,4.2372007
17,514,607.6696739196777,504.8766613006592,521.7705688476562,569.933349609375,1.957862,14.0,-1,4.4673715
1462,514,1053.4018516540527,250.3318920135498,967.5027465820312,315.3885803222656,0.87123626,20.0,1,20.118034
11,515,358.83852767944336,350.66589164733887,271.3164978027344,415.4668273925781,31.807673,22.0,-1,24.472673
12,515,1100.7860679626465,829.3918132781982,1013.2640380859375,894.1927490234375,27.37097,22.0,-1,10.901763
0,515,1373.477596282959,909.1658000946045,1285.95556640625,973.9667358398438,21.116995,22.0,-1,38.532177
1,515,1384.193660736084,207.57928276062012,1296.671630859375,272.3802185058594,20.305605,18.0,-1,27.844967
3,515,972.7477378845215,400.4397563934326,885.2257080078125,465.2406921386719,14.791698,18.0,-1,23.295784
4,515,1181.617000579834,8.03980827331543,1094.094970703125,72.84074401855469,13.985989,18.0,-1,26.677622
10,515,493.82021713256836,15.242223739624023,406.2981872558594,80.04315948486328,13.424897,16.0,-1,11.01645
811,515,1699.2853355407715,112.90205192565918,1611.7633056640625,177.70298767089844,10.827164,10.0,-1,13.9009695
2,515,1466.8798179626465,349.3978862762451,1379.3577880859375,414.1988220214844,10.762634,18.0,-1,22.088926
1417,515,105.24869346618652,1034.6209392547607,17.72666358947754,1099.421875,7.5860767,20.0,-1,4.832246
1332,515,815.8434410095215,476.6216106414795,728.3214111328125,541.4225463867188,6.8094316,28.0,-1,4.507037
9,515,1369.9472007751465,1099.3675212860107,1282.4251708984375,1164.16845703125,6.3121552,14.0,-1,2.79629
8,515,1398.5714683532715,324.9013042449951,1311.0494384765625,389.7022399902344,4.9049134,14.0,-1,8.710621
6,515,332.1401023864746,298.8844585418701,244.61807250976562,363.6853942871094,4.13199,26.0,-1,5.323842
1560,515,1050.960262298584,270.5019817352295,963.438232421875,335.30291748046875,3.0719957,18.0,-1,33.57195
17,515,607.2315635681152,507.15731620788574,519.7095336914062,571.958251953125,1.7093021,14.0,-1,4.3262568
11,516,360.39248275756836,353.6187267303467,272.5246887207031,418.7598876953125,29.306458,22.0,-1,24.62553
12,516,1100.3602867126465,834.4298229217529,1012.4924926757812,899.5709838867188,23.503698,22.0,-1,11.093741
3,516,973.1357383728027,401.2129650115967,885.2679443359375,466.3541259765625,18.187315,18.0,-1,21.168112
4,516,1181.2034873962402,7.31324577331543,1093.335693359375,72.45440673828125,18.008823,18.0,-1,26.334328
0,516,1374.3686485290527,908.5559825897217,1286.5008544921875,973.6971435546875,16.25725,20.0,-1,39.971485
2,516,1466.1938438415527,350.0516185760498,1378.3260498046875,415.1927795410156,15.514821,18.0,-1,23.38688
1,516,1385.2261924743652,207.68937492370605,1297.3583984375,272.8305358886719,14.612712,18.0,-1,29.13517
811,516,1695.8881797790527,111.05463981628418,1608.0203857421875,176.19580078125,11.865593,12.0,-1,14.838394
10,516,494.27651596069336,13.440496444702148,406.4087219238281,78.58165740966797,10.6252165,16.0,-1,10.072301
1332,516,814.101131439209,472.9517345428467,726.2333374023438,538.0928955078125,8.242168,28.0,-1,0.1610735
6,516,331.3297233581543,301.82633781433105,243.46192932128906,366.9674987792969,7.609333,26.0,-1,5.335005
9,516,1369.5592002868652,1099.0052013397217,1281.69140625,1164.1463623046875,4.8298836,14.0,-1,5.3488646
1560,516,1051.976375579834,270.39188957214355,964.1085815429688,335.5330505371094,4.0568957,18.0,-1,35.936066
8,516,1394.8909873962402,325.31413078308105,1307.023193359375,390.4552917480469,4.014357,12.0,-1,12.135423
1417,516,106.95475959777832,1036.1363048553467,19.086965560913086,1101.2774658203125,3.5666792,20.0,-1,5.9132853
17,516,607.651912689209,504.24586296081543,519.7841186523438,569.3870239257812,1.5381031,14.0,-1,2.6990108
1462,516,1055.3295249938965,253.35539054870605,967.4617309570312,318.4965515136719,0.57801276,20.0,1,18.691845
2,517,1466.9283409118652,350.1576671600342,1380.304443359375,418.39324951171875,19.82539,16.0,-1,23.5414
4,517,1184.4027061462402,5.640829086303711,1097.77880859375,73.87641143798828,17.527971,16.0,-1,21.53866
1332,517,809.8444175720215,472.45619010925293,723.2205200195312,540.6917724609375,14.808124,28.0,-1,8.513867
11,517,359.1681785583496,353.47147941589355,272.5442810058594,421.7070617675781,14.712533,20.0,-1,22.061504
12,517,1099.6705284118652,835.5053234100342,1013.046630859375,903.7409057617188,12.640159,18.0,-1,5.914706
1,517,1385.3919639587402,207.82301139831543,1298.76806640625,276.05859375,11.3996,16.0,-1,18.74247
10,517,492.54226303100586,11.05921745300293,405.9183654785156,79.2947998046875,11.340014,16.0,-1,10.696353
3,517,975.683162689209,401.5279369354248,889.0592651367188,469.7635192871094,9.867406,16.0,-1,16.73269
6,517,329.6676597595215,300.03285026550293,243.04376220703125,368.2684326171875,9.8277645,24.0,-1,9.893188
811,517,1696.0831260681152,111.55814933776855,1609.459228515625,179.79373168945312,9.319643,10.0,-1,13.338844
0,517,1374.5659141540527,907.3832530975342,1287.9420166015625,975.6188354492188,8.157075,18.0,-1,30.79419
9,517,1370.2762413024902,1099.878065109253,1283.65234375,1168.1136474609375,7.7071815,10.0,-1,22.543161
8,517,1391.3387413024902,325.31413078308105,1304.71484375,393.5497131347656,6.97638,10.0,-1,24.322474
1560,517,1054.3690757751465,267.7632579803467,967.7451782226562,335.99884033203125,4.671866,16.0,-1,35.877495
1417,517,106.23518371582031,1036.2839488983154,19.611286163330078,1104.51953125,3.2993119,16.0,-1,2.709663
17,517,607.651912689209,499.1886730194092,521.0280151367188,567.4242553710938,1.3417239,12.0,-1,10.5369
1462,517,1052.9404258728027,254.1335277557373,966.3165283203125,322.3691101074219,0.9640496,16.0,1,12.4998865
1729,517,162.40158462524414,144.17095756530762,75.7776870727539,212.4065399169922,0.37437347,12.0,1,0.25104266
811,518,1696.6257209777832,111.73504447937012,1610.2540283203125,181.97372436523438,26.946093,10.0,-1,10.168186
2,518,1468.4890022277832,351.8075542449951,1382.1173095703125,422.0462341308594,26.812761,14.0,-1,5.1450577
1332,518,806.601978302002,472.54379081726074,720.2302856445312,542.782470703125,26.3059,26.0,-1,14.851424
4,518,1185.9860725402832,5.900274276733398,1099.6143798828125,76.13895416259766,17.710087,8.0,1,6.7392483
12,518,1099.8791999816895,834.6767253875732,1013.5075073242188,904.9154052734375,16.791914,16.0,-1,3.5263689
1,518,1386.4871711730957,208.88793754577637,1300.115478515625,279.1266174316406,16.76549,8.0,1,1.8889511
11,518,357.2778511047363,352.0220012664795,270.9061584472656,422.26068115234375,15.776578,16.0,-1,20.045927
6,518,329.674015045166,299.2116069793701,243.3023223876953,369.4502868652344,13.420933,22.0,-1,13.240093
3,518,975.824634552002,401.25778007507324,889.4529418945312,471.4964599609375,12.79074,14.0,-1,5.1427555
9,518,1370.2698860168457,1098.2193279266357,1283.898193359375,1168.4580078125,11.312575,8.0,-1,29.513573
8,518,1393.3266487121582,321.8849468231201,1306.9549560546875,392.1236267089844,10.347811,8.0,-1,34.94761
1560,518,1051.8804206848145,267.67565727233887,965.5087280273438,337.9143371582031,8.821284,14.0,-1,44.3441
10,518,489.9172248840332,12.892065048217773,403.5455322265625,83.13074493408203,6.208191,12.0,-1,16.094572
0,518,1376.3738899230957,909.7337322235107,1290.002197265625,979.972412109375,5.8788514,16.0,-1,9.368906
1417,518,103.59163093566895,1032.6014080047607,17.219938278198242,1102.840087890625,3.363375,16.0,-1,3.252155
17,518,606.3705940246582,496.15218925476074,519.9989013671875,566.390869140625,2.865626,8.0,-1,17.528685
1462,518,1048.5105476379395,254.857816696167,962.1388549804688,325.09649658203125,0.99750346,12.0,1,10.722967
1729,518,162.01130294799805,145.26295280456543,75.63961029052734,215.5016326904297,0.9923431,10.0,1,0.099015206
1332,519,805.7396278381348,470.32345390319824,720.611572265625,542.1875,41.68854,24.0,-1,17.851254
1,519,1387.0637245178223,208.46410942077637,1301.9356689453125,280.3281555175781,37.491753,8.0,1,18.67352
4,519,1185.0953407287598,6.328329086303711,1099.96728515625,78.19237518310547,32.632336,8.0,1,24.744646
0,519,1376.0451698303223,910.4267864227295,1290.9171142578125,982.2908325195312,24.865067,10.0,1,17.00522
2,519,1469.3515663146973,351.9705181121826,1384.2235107421875,423.8345642089844,21.734884,8.0,1,21.252699
811,519,1696.7309608459473,111.9174633026123,1611.6029052734375,183.78150939941406,18.803144,10.0,-1,5.597059
3,519,976.934757232666,401.543851852417,891.8067016601562,473.40789794921875,16.77685,8.0,1,8.654648
12,519,1097.7017250061035,833.400297164917,1012.5736694335938,905.2643432617188,11.593833,16.0,-1,4.520354
8,519,1393.4483680725098,319.954740524292,1308.3203125,391.81878662109375,11.004205,8.0,-1,27.664389
11,519,356.50400161743164,351.41793632507324,271.3759460449219,423.281982421875,10.67077,14.0,-1,16.156677
6,519,329.61052322387695,298.1427593231201,244.4824676513672,370.0068054199219,9.845765,20.0,-1,10.907663
9,519,1370.7287635803223,1094.8890056610107,1285.6007080078125,1166.7530517578125,8.009269,8.0,-1,33.716217
1560,519,1047.8630409240723,266.4049663543701,962.7349853515625,338.2690124511719,7.786741,14.0,-1,42.075962
10,519,489.98071670532227,13.306325912475586,404.8526611328125,85.17037200927734,7.0888443,12.0,-1,21.39955
17,519,607.0898475646973,495.98922538757324,521.9617919921875,567.853271484375,4.0336103,8.0,-1,18.906094
1417,519,102.41858673095703,1033.0701580047607,17.290531158447266,1104.9342041015625,3.0974786,14.0,-1,7.5964794
1462,519,1049.1665687561035,257.09896659851074,964.0385131835938,328.9630126953125,2.59484,14.0,1,0.8934789
1729,519,159.90417861938477,147.30340385437012,74.776123046875,219.16744995117188,1.6657066,28.0,-1,0.1354211
1,520,1386.1296424865723,209.37731742858887,1301.61865234375,282.0954895019531,53.46583,8.0,1,25.331005
4,520,1184.4658241271973,6.047544479370117,1099.954833984375,78.76571655273438,49.98808,8.0,1,29.125057
0,520,1374.5756874084473,912.1689128875732,1290.064697265625,984.8870849609375,48.43602,10.0,1,26.518177
2,520,1470.7210731506348,352.03219413757324,1386.2100830078125,424.7503662109375,32.27024,8.0,1,25.149221
1332,520,802.181827545166,471.8957805633545,717.6708374023438,544.6139526367188,31.016981,22.0,-1,19.42436
3,520,978.4467811584473,398.057767868042,893.935791015625,470.77593994140625,24.549158,8.0,1,22.439528
811,520,1698.4426307678223,111.24236869812012,1613.931640625,183.96054077148438,22.939898,6.0,1,0.23833933
10,520,490.87121963500977,13.306325912475586,406.3602294921875,86.02449798583984,12.466964,10.0,-1,27.889055
9,520,1368.6259803771973,1095.2675457000732,1284.114990234375,1167.9857177734375,12.030238,8.0,-1,33.486034
1560,520,1050.8011512756348,264.7848491668701,966.2901611328125,337.5030212402344,8.833866,12.0,-1,35.57608
6,520,328.69372940063477,297.4302043914795,244.1827392578125,370.14837646484375,8.665435,18.0,-1,7.853988
11,520,358.240665435791,351.6307964324951,273.72967529296875,424.3489685058594,8.213008,14.0,-1,4.8261085
12,520,1094.949649810791,835.099515914917,1010.4386596679688,907.8176879882812,6.443399,14.0,-1,10.188192
8,520,1395.4315223693848,322.04699516296387,1310.9205322265625,394.7651672363281,4.9978404,8.0,-1,20.05444
1417,520,102.58034706115723,1032.5967693328857,18.06935691833496,1105.31494140625,4.6974497,12.0,-1,16.610132
17,520,607.0898475646973,494.66708183288574,522.578857421875,567.38525390625,3.1942136,8.0,-1,22.055943
1729,520,157.74603652954102,145.02038383483887,73.23504638671875,217.73855590820312,1.5779357,26.0,-1,0.9493642
4,521,1184.3695106506348,6.212896347045898,1100.12548828125,80.08063507080078,75.174736,8.0,1,29.024214
0,521,1372.2092323303223,913.8962383270264,1287.9652099609375,987.7639770507812,65.904045,10.0,1,28.173525
3,521,978.383731842041,396.0232524871826,894.1397094726562,469.8909912109375,50.79008,8.0,1,21.02772
2,521,1471.4960975646973,352.03219413757324,1387.2520751953125,425.8999328613281,42.35916,8.0,1,26.919931
1,521,1385.3132362365723,208.91802787780762,1301.0692138671875,282.7857666015625,37.33939,8.0,1,25.135128
1332,521,798.5561561584473,471.7090435028076,714.3121337890625,545.5767822265625,26.786934,20.0,-1,18.363182
811,521,1700.4530067443848,111.35560417175293,1616.208984375,185.2233428955078,15.410283,6.0,1,2.0738146
10,521,492.22876358032227,14.228574752807617,407.9847412109375,88.0963134765625,13.333553,10.0,-1,27.904026
6,521,327.9525032043457,295.99130058288574,243.70848083496094,369.8590393066406,9.28931,16.0,-1,5.0687823
11,521,358.99414443969727,349.72677421569824,274.7501220703125,423.5945129394531,7.2784886,8.0,1,1.7485082
9,521,1368.6259803771973,1093.5253276824951,1284.3819580078125,1167.39306640625,6.6897125,8.0,-1,29.13908
1560,521,1051.4983558654785,265.69210624694824,967.2543334960938,339.5598449707031,5.8296742,12.0,-1,30.368015
8,521,1391.8350868225098,320.5007610321045,1307.591064453125,394.3684997558594,5.739666,10.0,-1,17.558643
1417,521,102.93171501159668,1036.1926860809326,18.687692642211914,1110.0604248046875,4.932258,12.0,-1,17.6671
12,521,1096.1541786193848,837.0793437957764,1011.91015625,910.9470825195312,4.2689576,12.0,-1,17.811243
1729,521,157.93418502807617,144.88241386413574,73.6901626586914,218.75015258789062,4.2085843,28.0,-1,0.60599446
17,521,601.7178993225098,497.7769145965576,517.473876953125,571.6446533203125,1.1080298,8.0,-1,15.517038
1,522,1386.3360633850098,208.08599662780762,1302.0517578125,282.0357666015625,96.4472,8.0,1,24.591019
0,522,1372.2092323303223,914.3057842254639,1287.9249267578125,988.2555541992188,90.47765,10.0,1,28.691862
4,522,1185.9868202209473,6.566091537475586,1101.7025146484375,80.51586151123047,69.1378,8.0,1,29.138508
2,522,1469.9244422912598,351.67797660827637,1385.64013671875,425.62774658203125,45.129658,8.0,1,25.075602
3,522,976.6562538146973,394.11242485046387,892.3719482421875,468.06219482421875,39.6176,8.0,1,21.860657
1332,522,798.3432655334473,470.5455913543701,714.0589599609375,544.495361328125,32.67118,20.0,-1,17.20392
811,522,1702.3171424865723,111.88587760925293,1618.0328369140625,185.8356475830078,20.31634,6.0,1,2.8444037
10,522,492.58456802368164,15.90339469909668,408.3002624511719,89.85316467285156,13.518749,10.0,-1,26.02076
6,522,328.8470802307129,297.26843070983887,244.56277465820312,371.21820068359375,10.214354,16.0,-1,5.811888
9,522,1374.0725135803223,1093.5253276824951,1289.7882080078125,1167.47509765625,9.002469,8.0,-1,30.026001
11,522,361.4693031311035,349.0686321258545,277.18499755859375,423.0184020996094,7.884142,8.0,1,8.682705
1560,522,1050.896915435791,264.3743267059326,966.6126098632812,338.3240966796875,5.690325,12.0,-1,37.215744
12,522,1094.7586708068848,838.4456768035889,1010.474365234375,912.3954467773438,5.6035876,12.0,-1,21.032495
8,522,1389.7741737365723,319.70992851257324,1305.4898681640625,393.6596984863281,3.7328453,10.0,-1,11.978035
17,522,598.3090858459473,500.07775688171387,514.0247802734375,574.0275268554688,3.5422354,8.0,-1,20.657732
1729,522,155.04397201538086,144.25622367858887,70.7596664428711,218.20599365234375,2.6228344,26.0,-1,2.2314024
1417,522,106.32700729370117,1040.1690044403076,22.042701721191406,1114.1187744140625,1.3314074,10.0,-1,22.849945
4,523,1186.4707679748535,6.743528366088867,1102.0006103515625,81.94537353515625,100.25245,8.0,1,28.756086
1,523,1388.329288482666,208.83111381530762,1303.859130859375,284.032958984375,80.96902,8.0,1,24.328476
3,523,976.4830360412598,390.803373336792,892.0128784179688,466.0052185058594,68.60879,8.0,1,22.78814
0,523,1373.147891998291,914.3057842254639,1288.677734375,989.5076293945312,61.59171,10.0,1,28.20441
2,523,1470.4092445373535,350.650541305542,1385.9390869140625,425.8523864746094,58.546696,8.0,1,26.117775
1332,523,796.5734901428223,467.0880718231201,712.1033325195312,542.2899169921875,26.861753,20.0,-1,17.482607
811,523,1702.678409576416,114.07183647155762,1618.208251953125,189.273681640625,13.065011,6.0,1,4.9386754
10,523,491.96420669555664,16.22480583190918,407.4940490722656,91.42665100097656,12.408483,8.0,-1,25.057627
11,523,361.290470123291,348.0789165496826,276.8203125,423.28076171875,9.831338,8.0,1,13.993385
9,523,1375.034366607666,1091.0285015106201,1290.564208984375,1166.2303466796875,8.527471,8.0,-1,28.08509
6,523,329.89303970336914,297.668607711792,245.42288208007812,372.8704528808594,7.9017577,16.0,-1,6.594474
1729,523,152.3464469909668,146.51257133483887,67.87628936767578,221.71441650390625,6.2105145,24.0,-1,3.127412
12,523,1093.4835243225098,837.6527690887451,1009.0133666992188,912.8546142578125,5.268389,12.0,-1,18.951857
1560,523,1054.4350624084473,262.0725383758545,969.9649047851562,337.2743835449219,4.666509,12.0,-1,28.353706
17,523,598.3090858459473,503.0956401824951,513.8389282226562,578.2974853515625,2.8798008,8.0,-1,17.530653
8,523,1388.724552154541,319.70971488952637,1304.25439453125,394.91156005859375,2.812541,10.0,-1,9.490424
1417,523,101.72129440307617,1040.3994731903076,17.251136779785156,1115.601318359375,2.4307115,10.0,-1,23.833921
1462,523,1047.7774696350098,247.957670211792,963.3073120117188,323.1595153808594,0.5872739,16.0,1,9.832967
4,524,1186.2215003967285,7.13233757019043,1102.151611328125,81.84120178222656,85.64526,8.0,1,26.982481
1,524,1389.5457191467285,209.41769218444824,1305.475830078125,284.1265563964844,73.13754,8.0,1,23.39486
0,524,1373.3777503967285,914.3057842254639,1289.307861328125,989.0146484375,69.66951,10.0,1,28.780132
3,524,976.1119422912598,391.2480754852295,892.0420532226562,465.9569396972656,62.1367,8.0,1,21.13296
2,524,1470.742862701416,351.95004081726074,1386.6729736328125,426.6589050292969,35.69338,8.0,1,25.616379
1332,524,794.0996131896973,466.11083793640137,710.0297241210938,540.8197021484375,25.585032,20.0,-1,17.01398
811,524,1703.8340492248535,113.8526439666748,1619.76416015625,188.56150817871094,15.943474,6.0,1,4.2603807
10,524,492.00671768188477,17.301450729370117,407.93682861328125,92.01031494140625,14.678369,8.0,-1,24.928896
11,524,362.17554092407227,348.06454277038574,278.10565185546875,422.7734069824219,9.920916,8.0,1,15.327759
9,524,1375.860294342041,1090.4398174285889,1291.7904052734375,1165.148681640625,8.926216,8.0,-1,29.012909
12,524,1091.3033485412598,837.5986919403076,1007.2334594726562,912.3075561523438,7.811746,10.0,-1,21.348612
1560,524,1051.767765045166,263.77291679382324,967.6978759765625,338.4817810058594,7.1879673,12.0,-1,29.082731
6,524,328.8939094543457,297.2761821746826,244.8240203857422,371.98504638671875,6.664413,14.0,-1,10.027857
1729,524,145.1582145690918,146.96259880065918,61.08832550048828,221.6714630126953,6.387548,24.0,-1,4.1809998
8,524,1388.724552154541,317.52731132507324,1304.6546630859375,392.2361755371094,2.9362094,10.0,-1,9.058825
17,524,599.4664344787598,509.02660942077637,515.3965454101562,583.7354736328125,2.274463,8.0,-1,16.378485
1417,524,100.63956451416016,1038.9754619598389,16.56967544555664,1113.684326171875,2.127981,10.0,-1,25.566246
0,525,1374.560489654541,913.9536266326904,1290.1290283203125,988.5055541992188,75.34376,10.0,1,28.989075
1,525,1388.3394203186035,209.19434928894043,1303.907958984375,283.74627685546875,71.58764,8.0,1,22.964931
4,525,1185.849308013916,7.13233757019043,1101.4178466796875,81.68426513671875,55.489594,8.0,1,28.427626
3,525,978.001651763916,391.65263175964355,893.5701904296875,466.2045593261719,44.622517,8.0,1,22.615877
2,525,1472.4180335998535,353.16663932800293,1387.986572265625,427.71856689453125,41.197292,8.0,1,26.721777
1332,525,792.0281410217285,468.1089611053467,707.5966796875,542.660888671875,39.293076,20.0,-1,18.214487
811,525,1704.307315826416,113.85186576843262,1619.8758544921875,188.40379333496094,15.470574,6.0,1,5.9759865
10,525,492.22848892211914,16.20599937438965,407.7970275878906,90.75792694091797,11.550804,10.0,-1,22.752409
9,525,1377.812686920166,1090.9385509490967,1293.3812255859375,1165.490478515625,9.475636,8.0,-1,27.24325
1560,525,1048.733097076416,263.25248527526855,964.3016357421875,337.8044128417969,8.207525,12.0,-1,25.574223
11,525,361.32678604125977,347.2936534881592,276.89532470703125,421.8455810546875,8.189166,8.0,1,12.075097
1729,525,142.88811492919922,149.62861442565918,58.4566535949707,224.1805419921875,7.210619,22.0,-1,4.3084373
12,525,1091.8646278381348,838.8108654022217,1007.4331665039062,913.36279296875,7.107254,10.0,-1,23.682844
6,525,327.82922744750977,298.65336418151855,243.39776611328125,373.2052917480469,5.964254,14.0,-1,9.72458
1417,525,101.1876449584961,1034.1614513397217,16.756183624267578,1108.71337890625,4.3400393,10.0,-1,25.811699
8,525,1388.6377601623535,311.9280834197998,1304.206298828125,386.4800109863281,3.122775,10.0,-1,9.974429
17,525,599.4664344787598,511.6265392303467,515.0349731445312,586.178466796875,1.993762,8.0,-1,16.077248
1462,525,1047.0728797912598,248.39814567565918,962.6414184570312,322.9500732421875,0.747238,10.0,1,13.030921
1,526,1388.0440101623535,209.84269523620605,1303.700439453125,284.2125549316406,74.37022,8.0,1,24.374578
0,526,1374.542179107666,914.5274791717529,1290.1986083984375,988.8973388671875,72.16744,10.0,1,28.588562
4,526,1186.158878326416,4.572309494018555,1101.8153076171875,78.94216918945312,58.770508,8.0,1,28.754583
3,526,976.9961585998535,391.65263175964355,892.652587890625,466.0224914550781,48.53339,8.0,1,20.556751
2,526,1472.956485748291,352.2329845428467,1388.6129150390625,426.60284423828125,33.548176,8.0,1,26.97138
1332,526,788.0814247131348,469.8754405975342,703.7378540039062,544.2453002929688,27.095375,20.0,-1,16.9415
10,526,492.3017921447754,15.493398666381836,407.9582214355469,89.8632583618164,13.272148,10.0,-1,23.03951
9,526,1376.748233795166,1091.922254562378,1292.4046630859375,1166.2921142578125,10.947047,8.0,-1,30.917475
811,526,1704.5960121154785,114.05097770690918,1620.25244140625,188.42083740234375,10.055777,6.0,1,5.925458
11,526,363.18368911743164,347.1205577850342,278.8401184082031,421.49041748046875,9.715663,8.0,1,13.054741
12,526,1091.870792388916,841.5412731170654,1007.5272216796875,915.9111328125,9.230471,10.0,-1,25.83413
1729,526,138.86984252929688,151.97050285339355,54.52627182006836,226.34036254882812,8.197979,24.0,-1,4.4382386
6,526,327.5705451965332,296.9062023162842,243.2269744873047,371.27606201171875,6.747502,14.0,-1,7.818875
8,526,1386.560977935791,307.5447826385498,1302.2174072265625,381.9146423339844,5.696028,10.0,-1,11.625961
1560,526,1048.733097076416,263.7914867401123,964.3895263671875,338.1613464355469,5.503533,12.0,-1,26.435274
1417,526,104.13813018798828,1032.345106124878,19.794559478759766,1106.7149658203125,5.378229,8.0,-1,29.554989
17,526,599.7210121154785,511.06214714050293,515.37744140625,585.4320068359375,1.5838424,8.0,-1,13.295831
0,527,1374.542179107666,913.9650936126709,1289.8173828125,988.7813720703125,75.8964,10.0,1,29.173365
1,527,1390.578067779541,210.56656455993652,1305.853271484375,285.3828430175781,67.04179,8.0,1,23.54815
4,527,1184.970890045166,4.572309494018555,1100.24609375,79.38858795166016,65.30953,8.0,1,27.057579
3,527,977.7488441467285,388.8652400970459,893.0240478515625,463.6815185546875,38.526016,8.0,1,21.072216
2,527,1473.7266273498535,349.9592342376709,1389.0018310546875,424.7755126953125,35.17947,8.0,1,28.35399
1332,527,787.8472938537598,469.8779354095459,703.1224975585938,544.6942138671875,29.51918,20.0,-1,16.583107
811,527,1703.1834144592285,115.14227867126465,1618.4586181640625,189.95855712890625,17.27722,6.0,1,5.2920074
10,527,493.518985748291,13.69074821472168,408.794189453125,88.50702667236328,10.996888,10.0,-1,22.790548
1729,527,132.05583572387695,154.94594383239746,47.33103942871094,229.76222229003906,8.867326,24.0,-1,4.5560784
9,527,1378.934268951416,1092.961919784546,1294.20947265625,1167.7781982421875,8.589371,8.0,-1,26.727072
11,527,365.41122817993164,344.5784969329834,280.6864318847656,419.394775390625,6.9416404,8.0,1,12.105431
6,527,326.73227310180664,297.13800621032715,242.00747680664062,371.95428466796875,5.992302,14.0,-1,8.356748
12,527,1090.0952796936035,841.0415706634521,1005.3704833984375,915.8578491210938,5.487182,10.0,-1,24.6092
1417,527,106.53413963317871,1032.2000789642334,21.809343338012695,1107.016357421875,5.2102447,10.0,-1,29.355202
1560,527,1049.223819732666,264.85297203063965,964.4990234375,339.66925048828125,5.087048,12.0,-1,26.83191
8,527,1386.495304107666,307.03485679626465,1301.7705078125,381.85113525390625,3.7910197,10.0,-1,10.315821
17,527,597.123722076416,512.6940364837646,512.39892578125,587.5103149414062,1.5110325,8.0,-1,14.252461
4,528,1182.752872467041,7.222600936889648,1098.1619873046875,82.1212158203125,71.7591,8.0,1,28.910925
1,528,1390.304874420166,209.2160701751709,1305.7139892578125,284.11468505859375,63.888973,8.0,1,24.489548
0,528,1372.929630279541,913.8488826751709,1288.3387451171875,988.7474975585938,57.967052,10.0,1,28.241516
3,528,978.5252113342285,388.8652400970459,893.934326171875,463.76385498046875,49.97632,8.0,1,22.124123
2,528,1473.7266273498535,351.0221920013428,1389.1357421875,425.9208068847656,41.78541,8.0,1,28.559673
1332,528,785.978702545166,470.54193687438965,701.3878173828125,545.4405517578125,28.444792,18.0,-1,15.481255
9,528,1380.5022621154785,1091.1654720306396,1295.911376953125,1166.0640869140625,11.999356,8.0,-1,25.84051
10,528,493.99545669555664,12.078672409057617,409.4045715332031,86.97728729248047,9.978192,10.0,-1,20.394638
811,528,1703.327579498291,118.4876766204834,1618.7366943359375,193.38629150390625,9.593257,6.0,1,6.0607357
1729,528,130.22200393676758,155.6470241546631,45.63111877441406,230.54563903808594,7.375487,24.0,-1,3.701351
11,528,365.67370986938477,342.7465572357178,281.08282470703125,417.6451721191406,6.4942193,8.0,1,13.000318
1417,528,106.75936698913574,1031.4263362884521,22.168481826782227,1106.324951171875,5.4786363,8.0,-1,27.220264
12,528,1090.5120887756348,844.7976131439209,1005.9212036132812,919.6962280273438,5.224387,12.0,-1,21.131157
6,528,325.8056221008301,298.5184078216553,241.21473693847656,373.4170227050781,4.692372,14.0,-1,9.865397
1560,528,1046.3974647521973,264.46198081970215,961.8065795898438,339.360595703125,3.2777312,12.0,-1,22.833067
8,528,1386.9558753967285,305.3814449310303,1302.364990234375,380.2800598144531,2.5342407,10.0,-1,8.901305
17,528,596.6212196350098,513.4108333587646,512.0303344726562,588.3094482421875,1.6702191,8.0,-1,14.878461
4,529,1182.9150428771973,7.31812858581543,1098.08447265625,81.98957061767578,81.044685,8.0,1,27.84707
1,529,1388.7054481506348,209.09848594665527,1303.8748779296875,283.7699279785156,76.860756,8.0,1,25.137808
0,529,1372.7340126037598,913.0510921478271,1287.9034423828125,987.7225341796875,75.944145,10.0,1,28.166906
3,529,977.998233795166,391.2532711029053,893.1676635742188,465.9247131347656,46.67389,8.0,1,21.550228
2,529,1472.1036415100098,351.2653865814209,1387.2730712890625,425.93682861328125,38.466236,8.0,1,28.73857
1332,529,782.6777381896973,471.60516929626465,697.84716796875,546.276611328125,17.117994,20.0,-1,15.527967
811,529,1704.7463417053223,119.35626792907715,1619.915771484375,194.0277099609375,14.719924,6.0,1,6.2332163
10,529,494.6428871154785,11.712568283081055,409.81231689453125,86.3840103149414,12.690574,10.0,-1,23.849445
9,529,1382.4158973693848,1091.1654720306396,1297.5853271484375,1165.8369140625,9.891395,8.0,-1,23.55489
6,529,325.63293838500977,298.96185874938965,240.8023681640625,373.63330078125,7.7574544,16.0,-1,7.014308
12,529,1090.5120887756348,846.8156185150146,1005.6815185546875,921.487060546875,7.2845364,10.0,-1,21.354342
11,529,366.42761611938477,342.02692222595215,281.5970458984375,416.6983642578125,5.941709,8.0,1,9.297156
1729,529,130.52894973754883,157.8153133392334,45.69837951660156,232.48675537109375,4.935122,24.0,-1,3.151477
1417,529,105.9215145111084,1031.2531185150146,21.090944290161133,1105.924560546875,4.7112336,8.0,-1,25.67626
1560,529,1046.3665809631348,264.201452255249,961.5360107421875,338.8728942871094,4.244424,12.0,-1,27.750925
8,529,1387.0324745178223,305.2045955657959,1302.201904296875,379.87603759765625,4.0506544,14.0,-1,8.450361
17,529,599.856876373291,513.3530941009521,515.0263061523438,588.0245361328125,1.7436604,8.0,-1,15.12992
1462,529,1046.5336952209473,251.97870445251465,961.703125,326.650146484375,0.80306846,14.0,1,11.358258
0,530,1370.1965370178223,911.5219783782959,1285.9002685546875,986.0712280273438,95.04767,10.0,1,28.197548
4,530,1182.9150428771973,6.366445541381836,1098.6187744140625,80.91569519042969,57.527485,8.0,1,27.682682
1,530,1387.8817176818848,209.14676475524902,1303.58544921875,283.6960144042969,57.301453,8.0,1,25.77836
3,530,979.7874183654785,391.4360103607178,895.4911499023438,465.9852600097656,41.45877,8.0,1,23.134241
2,530,1470.3579139709473,350.75800132751465,1386.0616455078125,425.3072509765625,38.28895,8.0,1,26.681303
1332,530,781.0695838928223,471.57831382751465,696.7733154296875,546.1275634765625,25.199968,20.0,-1,17.44493
10,530,496.01950454711914,11.712568283081055,411.7232360839844,86.2618179321289,12.414692,10.0,-1,22.47919
6,530,324.068302154541,298.8088436126709,239.77203369140625,373.35809326171875,8.868071,16.0,-1,7.4408436
9,530,1384.2266883850098,1092.5485286712646,1299.930419921875,1167.0977783203125,7.3351483,8.0,-1,23.040041
811,530,1706.9913368225098,119.3631649017334,1622.695068359375,193.91241455078125,7.1781526,6.0,1,6.82312
12,530,1089.8299598693848,849.3206844329834,1005.53369140625,923.8699340820312,6.932647,10.0,-1,22.08384
1729,530,130.6074333190918,156.04726219177246,46.31116485595703,230.5965118408203,6.447344,26.0,-1,1.72386
1560,530,1046.8277626037598,264.1756343841553,962.531494140625,338.7248840332031,5.987353,12.0,-1,28.110588
11,530,365.68616104125977,342.6219844818115,281.389892578125,417.1712341308594,5.8344674,8.0,1,8.753757
8,530,1388.2773475646973,303.6124324798584,1303.9810791015625,378.16168212890625,4.469872,10.0,-1,7.3260107
1417,530,104.23747444152832,1033.5935726165771,19.941205978393555,1108.142822265625,3.9252007,8.0,-1,25.657646
17,530,604.1817054748535,514.7865047454834,519.8854370117188,589.3357543945312,2.5187085,8.0,-1,17.234333
0,531,1367.0837593078613,911.4520626068115,1282.3377685546875,986.1175537109375,82.20978,10.0,1,28.28453
4,531,1182.0445747375488,5.221502304077148,1097.298583984375,79.88699340820312,60.151226,8.0,1,28.560995
1,531,1390.4668159484863,208.65643882751465,1305.7208251953125,283.3219299316406,58.00958,8.0,1,26.69804
3,531,980.9583320617676,390.95050621032715,896.2123413085938,465.6159973144531,45.86255,8.0,1,20.144344
2,531,1471.5114936828613,348.17951011657715,1386.7655029296875,422.8450012207031,31.228477,8.0,1,25.770134
1332,531,780.3496284484863,473.336706161499,695.6036376953125,548.002197265625,27.37249,20.0,-1,17.008385
6,531,323.7006721496582,298.4211177825928,238.95468139648438,373.08660888671875,10.819893,16.0,-1,5.3451757
10,531,498.53129959106445,12.904241561889648,413.7853088378906,87.56973266601562,10.500787,10.0,-1,25.12251
9,531,1381.3383979797363,1093.031774520874,1296.5924072265625,1167.697265625,8.611086,8.0,-1,19.849169
12,531,1088.9312324523926,851.2964839935303,1004.1852416992188,925.9619750976562,6.854264,12.0,-1,17.87504
1729,531,127.80443572998047,155.7003688812256,43.05844497680664,230.36585998535156,6.374472,24.0,-1,5.1679134
11,531,366.0537910461426,343.237829208374,281.30780029296875,417.9033203125,6.0507374,8.0,1,8.628853
8,531,1388.6827583312988,303.2304439544678,1303.936767578125,377.89593505859375,5.849991,10.0,-1,8.869226
1560,531,1047.5159492492676,265.02008628845215,962.7699584960938,339.6855773925781,4.828689,12.0,-1,24.591894
1417,531,107.05752182006836,1033.6634883880615,22.31153106689453,1108.3289794921875,3.628848,8.0,-1,27.793844
17,531,603.1521797180176,517.3080196380615,518.4061889648438,591.9735107421875,2.539583,8.0,-1,16.644735
0,532,1364.488971710205,911.0754146575928,1279.8902587890625,986.2079467773438,94.32021,10.0,1,28.420973
4,532,1182.628620147705,3.611135482788086,1098.0299072265625,78.74366760253906,78.71221,8.0,1,29.016796
1,532,1390.674518585205,209.1317195892334,1306.0758056640625,284.2642517089844,75.353584,8.0,1,25.05519
3,532,980.7506294250488,388.8510494232178,896.1519165039062,463.98358154296875,62.291523,8.0,1,21.349846
2,532,1472.1170234680176,348.0615291595459,1387.518310546875,423.1940612792969,38.300076,8.0,1,26.598501
1332,532,778.2369575500488,473.0774898529053,693.6382446289062,548.2100219726562,35.027172,20.0,-1,18.028488
6,532,322.2228889465332,298.3061580657959,237.62417602539062,373.4386901855469,11.785192,16.0,-1,5.7416863
10,532,498.9477424621582,13.555341720581055,414.3490295410156,88.68787384033203,11.501061,8.0,-1,24.098364
11,532,364.6436347961426,341.17999839782715,280.044921875,416.3125305175781,7.4673905,8.0,1,6.4789114
9,532,1381.5669746398926,1094.549108505249,1296.96826171875,1169.681640625,7.2763963,10.0,-1,17.733381
1560,532,1046.1053047180176,265.135046005249,961.506591796875,340.267578125,6.2761025,12.0,-1,27.031889
12,532,1089.6053657531738,854.2159175872803,1005.0066528320312,929.3484497070312,6.18408,10.0,-1,19.489807
8,532,1388.2620429992676,304.09174156188965,1303.663330078125,379.2242736816406,5.936074,10.0,-1,11.300762
1729,532,129.23614120483398,156.75230979919434,44.637428283691406,231.8848419189453,3.4189692,24.0,-1,3.4888892
1417,532,109.27692794799805,1034.9344844818115,24.67821502685547,1110.0670166015625,2.8915713,8.0,-1,31.22366
17,532,602.6593208312988,516.6630611419678,518.0606079101562,591.7955932617188,2.4549794,8.0,-1,13.717768
0,533,1365.5197944641113,912.7135372161865,1280.01953125,987.9855346679688,107.678955,10.0,1,27.947037
1,533,1390.8475532531738,208.7479305267334,1305.3472900390625,284.0199279785156,84.24041,8.0,1,26.506308
3,533,981.5320014953613,388.51019859313965,896.03173828125,463.7821960449219,60.567547,8.0,1,19.912086
4,533,1182.6604194641113,6.805379867553711,1097.16015625,82.07737731933594,54.958286,8.0,1,28.035414
1332,533,776.3486518859863,473.046911239624,690.848388671875,548.3189086914062,41.502777,20.0,-1,18.705639
2,533,1471.2592964172363,348.5918025970459,1385.759033203125,423.8638000488281,40.405144,8.0,1,28.294312
10,533,498.7990913391113,14.007841110229492,413.298828125,89.27983856201172,11.200168,8.0,-1,23.843452
9,533,1381.5974311828613,1096.2120113372803,1296.09716796875,1171.4840087890625,9.346483,10.0,-1,17.328661
6,533,321.3332710266113,298.2501277923584,235.8330078125,373.5221252441406,8.862929,16.0,-1,4.890881
12,533,1089.140827178955,854.2464962005615,1003.6405639648438,929.5184936523438,6.5401254,12.0,-1,21.514015
11,533,365.5114936828613,338.96759605407715,280.01123046875,414.2395935058594,6.469437,8.0,1,8.739027
1560,533,1047.3443794250488,265.7524166107178,961.8441162109375,341.0244140625,6.45311,12.0,-1,30.420568
8,533,1388.2315864562988,301.1226863861084,1302.7313232421875,376.3946838378906,5.0938544,10.0,-1,11.560381
1729,533,127.24542999267578,156.51395225524902,41.74516677856445,231.78594970703125,4.8609657,24.0,-1,3.3254848
17,533,599.3813056945801,513.126989364624,513.8810424804688,588.3989868164062,3.029869,8.0,-1,16.306843
1417,533,111.26416969299316,1036.7316646575928,25.763906478881836,1112.003662109375,2.5482557,8.0,-1,31.700214
1462,533,1048.90816116333,254.12405967712402,963.4078979492188,329.39605712890625,0.81792516,14.0,1,8.968965
1,534,1389.5453987121582,208.0441951751709,1304.067138671875,283.9025573730469,88.9433,8.0,1,25.311195
4,534,1184.8167610168457,8.139768600463867,1099.3385009765625,83.99813079833984,72.46336,8.0,1,29.140947
0,534,1367.1221809387207,911.5051021575928,1281.6439208984375,987.3634643554688,69.7662,10.0,1,28.004002
2,534,1469.1863899230957,350.1979732513428,1383.7081298828125,426.05633544921875,51.15208,8.0,1,27.068302
3,534,981.2242317199707,386.3619747161865,895.7459716796875,462.2203369140625,51.125336,8.0,1,22.741009
1332,534,773.8859748840332,473.8440914154053,688.40771484375,549.7024536132812,41.681274,20.0,-1,18.376823
9,534,1379.4470100402832,1094.189245223999,1293.96875,1170.047607421875,13.799615,10.0,-1,17.801334
10,534,498.9754219055176,13.271535873413086,413.4971618652344,89.12989807128906,12.718316,10.0,-1,24.150599
6,534,321.3332710266113,298.7861080169678,235.85501098632812,374.64447021484375,7.6449904,16.0,-1,5.7406173
11,534,366.00297927856445,338.96759605407715,280.52471923828125,414.8259582519531,6.468233,8.0,1,6.8154893
1729,534,127.6003189086914,159.06163597106934,42.1220588684082,234.9199981689453,6.3608117,24.0,-1,3.8384986
1560,534,1047.725513458252,266.4456539154053,962.2472534179688,342.30401611328125,4.341706,10.0,-1,23.135891
8,534,1385.0483283996582,299.35382652282715,1299.570068359375,375.2121887207031,4.121637,10.0,-1,11.853976
12,534,1087.9133186340332,850.0253658294678,1002.43505859375,925.8837280273438,3.9036162,12.0,-1,20.703629
1417,534,108.51814651489258,1036.147253036499,23.039886474609375,1112.005615234375,2.829136,8.0,-1,30.680817
17,534,599.6272468566895,514.1308345794678,514.1489868164062,589.9891967773438,2.657884,8.0,-1,17.319717
1462,534,1048.9438362121582,254.27960777282715,963.465576171875,330.1379699707031,1.0289165,14.0,1,9.977197
1,535,1390.3382453918457,208.34207725524902,1303.8148193359375,284.0640563964844,111.04282,8.0,1,27.0795
4,535,1184.4539680480957,8.351240158081055,1097.9305419921875,84.0732192993164,95.49576,8.0,1,29.305786
0,535,1368.7934455871582,910.8638362884521,1282.27001953125,986.5858154296875,72.32317,10.0,1,28.316505
3,535,980.5034675598145,386.1248836517334,893.9800415039062,461.84686279296875,41.421864,8.0,1,22.189161
2,535,1469.6494026184082,350.6520748138428,1383.1259765625,426.3740539550781,41.016365,8.0,1,27.214018
1332,535,772.246021270752,476.4141902923584,685.7225952148438,552.1361694335938,25.402649,20.0,-1,19.83068
6,535,320.5632667541504,298.41901206970215,234.0398406982422,374.1409912109375,13.660705,16.0,-1,3.9302216
10,535,498.9326362609863,10.310636520385742,412.4092102050781,86.0326156616211,13.499829,10.0,-1,23.878445
1729,535,127.74027633666992,159.06163597106934,41.21685028076172,234.7836151123047,8.072007,24.0,-1,5.5758734
9,535,1379.4470100402832,1094.0304622650146,1292.923583984375,1169.75244140625,7.0886536,10.0,-1,17.22485
11,535,366.6512641906738,340.7892818450928,280.1278381347656,416.5112609863281,6.980299,8.0,1,1.6706932
1560,535,1046.7465705871582,267.9260311126709,960.22314453125,343.64801025390625,5.8556957,12.0,-1,24.890787
1417,535,111.345947265625,1036.3318538665771,24.822521209716797,1112.0538330078125,5.253941,8.0,-1,29.647089
12,535,1088.0876350402832,846.6648006439209,1001.564208984375,922.3867797851562,3.7320058,12.0,-1,20.396132
8,535,1384.0773811340332,298.3893795013428,1297.553955078125,374.1113586425781,3.0559466,10.0,-1,10.652579
17,535,599.1784553527832,508.90021324157715,512.655029296875,584.6221923828125,2.4592917,10.0,-1,13.123949
1462,535,1049.956226348877,255.16437339782715,963.4328002929688,330.8863525390625,0.8628519,14.0,1,9.937859
0,536,1367.6742191314697,910.1356563568115,1280.0274658203125,986.0941162109375,103.0915,10.0,1,28.532028
4,536,1185.7416019439697,8.056158065795898,1098.0948486328125,84.01461791992188,81.72482,8.0,1,28.886042
1,536,1391.5866947174072,208.33344078063965,1303.93994140625,284.2919006347656,71.98652,8.0,1,26.93806
2,536,1471.1916751861572,351.9783687591553,1383.544921875,427.93682861328125,38.91625,8.0,1,27.4193
3,536,980.0635623931885,383.720006942749,892.4168090820312,459.678466796875,34.881966,8.0,1,21.144072
1332,536,770.219202041626,475.2208614349365,682.5724487304688,551.1793212890625,29.162535,20.0,-1,18.723982
10,536,500.4656620025635,11.188421249389648,412.81890869140625,87.14688110351562,9.996076,10.0,-1,21.926239
6,536,322.67185401916504,298.968297958374,235.0251007080078,374.9267578125,8.918609,16.0,-1,6.175305
9,536,1377.9616947174072,1094.039098739624,1290.31494140625,1169.99755859375,8.862531,10.0,-1,18.315903
1729,536,127.57550621032715,160.48720359802246,39.92875289916992,236.44566345214844,6.576779,22.0,-1,4.9770555
1560,536,1046.911340713501,268.7343502044678,959.2645874023438,344.69281005859375,5.896181,12.0,-1,23.744362
11,536,368.6232852935791,340.1906795501709,280.9765319824219,416.1491394042969,4.727887,8.0,1,4.2436314
12,536,1085.540002822876,843.900671005249,997.8932495117188,919.859130859375,4.6298904,12.0,-1,19.163853
1417,536,111.00358390808105,1035.069860458374,23.356830596923828,1111.0283203125,4.586975,8.0,-1,27.694725
17,536,595.835168838501,509.5719356536865,508.18841552734375,585.5303955078125,3.078534,8.0,-1,19.31673
8,536,1390.1584720611572,300.35126304626465,1302.51171875,376.3097229003906,2.2511384,12.0,-1,9.644093
1784,536,1709.0952396392822,348.1153316497803,1621.448486328125,424.07379150390625,0.24011499,18.0,-1,4.8473964
0,537,1368.9536380767822,910.1356563568115,1281.4324951171875,985.873046875,81.18429,10.0,1,28.439867
4,537,1185.3807621002197,7.499471664428711,1097.859619140625,83.23686218261719,59.06517,8.0,1,28.899109
1,537,1391.7402591705322,209.7511043548584,1304.2191162109375,285.4884948730469,58.802277,8.0,1,25.2073
2,537,1471.1916751861572,354.1430416107178,1383.6705322265625,429.88043212890625,48.069656,8.0,1,28.328781
3,537,980.192346572876,382.6392574310303,892.6712036132812,458.37664794921875,38.88947,8.0,1,22.45197
1332,537,769.2499027252197,475.453161239624,681.728759765625,551.1905517578125,30.433647,20.0,-1,18.802992
10,537,502.04155921936035,12.484899520874023,414.5204162597656,88.2222900390625,11.335702,10.0,-1,22.295288
6,537,321.756067276001,297.9908809661865,234.23492431640625,373.728271484375,9.892963,16.0,-1,5.644772
11,537,366.4206790924072,340.7159481048584,278.8995361328125,416.4533386230469,7.697954,8.0,1,3.1565926
9,537,1374.8260746002197,1097.379186630249,1287.304931640625,1173.1165771484375,6.650844,10.0,-1,17.269535
1729,537,125.94078636169434,161.30112266540527,38.41964340209961,237.03851318359375,6.6466675,22.0,-1,4.396543
12,537,1086.3331546783447,844.9071407318115,998.81201171875,920.64453125,5.7824464,12.0,-1,16.791155
8,537,1391.6693363189697,298.696569442749,1304.148193359375,374.4339599609375,4.282844,10.0,-1,10.720062
1560,537,1047.177698135376,268.01251792907715,959.6565551757812,343.7499084472656,3.6922219,12.0,-1,23.60828
1417,537,107.88229370117188,1033.962438583374,20.36115074157715,1109.6998291015625,3.165967,8.0,-1,22.893923
17,537,596.2525577545166,508.9180660247803,508.7314147949219,584.6554565429688,1.8341384,8.0,-1,17.470575
1784,537,1707.7201175689697,347.9938106536865,1620.198974609375,423.731201171875,0.46491864,18.0,-1,3.596725
0,538,1369.365961074829,908.5828113555908,1281.8912353515625,984.2266235351562,108.1522,10.0,1,28.847433
4,538,1183.3843936920166,6.233583450317383,1095.90966796875,81.87739562988281,68.76168,8.0,1,28.334635
1,538,1391.3604679107666,208.9574146270752,1303.8857421875,284.6012268066406,59.06207,8.0,1,26.952349
2,538,1471.935297012329,352.2301197052002,1384.4605712890625,427.8739318847656,29.07321,8.0,1,27.217785
3,538,981.4549503326416,383.4661121368408,893.980224609375,459.10992431640625,27.43711,8.0,1,23.00861
1332,538,770.3048648834229,475.8082752227783,682.8301391601562,551.4520874023438,27.144102,20.0,-1,18.67667
10,538,506.413293838501,12.198144912719727,418.9385681152344,87.84195709228516,10.50646,10.0,-1,22.918926
6,538,320.6321659088135,298.54319953918457,233.15744018554688,374.18701171875,8.090634,16.0,-1,5.856838
9,538,1370.8592472076416,1097.6789417266846,1283.384521484375,1173.32275390625,7.8197255,8.0,-1,20.09986
12,538,1082.8908023834229,845.4932117462158,995.4160766601562,921.1370239257812,6.0388374,14.0,-1,14.848939
11,538,367.5631046295166,341.0027027130127,280.08837890625,416.6465148925781,5.8163757,14.0,-1,0.3816625
1729,538,124.91253089904785,160.986177444458,37.43780517578125,236.62998962402344,5.516121,20.0,-1,5.2924213
1560,538,1047.5574893951416,269.36815071105957,960.082763671875,345.011962890625,4.6174555,16.0,-1,25.003042
1417,538,104.69642066955566,1036.299913406372,17.221694946289062,1111.9437255859375,4.568352,8.0,-1,29.420132
8,538,1392.9276065826416,295.7469959259033,1305.452880859375,371.39080810546875,2.8290112,10.0,-1,8.267026
17,538,595.3716678619385,506.5698719024658,507.8969421386719,582.2136840820312,2.369662,8.0,-1,14.569088
1,539,1392.936761856079,207.92094612121582,1305.41650390625,284.05010986328125,78.26115,8.0,1,26.54501
0,539,1368.751703262329,909.5972766876221,1281.2314453125,985.7264404296875,69.100945,10.0,1,28.17175
3,539,981.5424137115479,383.8994312286377,894.0221557617188,460.0285949707031,60.738384,8.0,1,22.38823
4,539,1185.6639347076416,4.588945388793945,1098.1436767578125,80.71810913085938,57.239456,8.0,1,27.870646
1332,539,767.7776432037354,476.2213611602783,680.2573852539062,552.3505249023438,45.128887,20.0,-1,18.369001
2,539,1473.1116886138916,349.69453620910645,1385.5914306640625,425.8236999511719,37.540436,8.0,1,28.159395
10,539,507.21221351623535,9.785501480102539,419.69195556640625,85.91466522216797,11.744236,10.0,-1,22.670574
9,539,1371.2725772857666,1097.2658557891846,1283.7523193359375,1173.39501953125,8.883202,8.0,-1,21.244698
6,539,317.07468605041504,299.1595630645752,229.55442810058594,375.2887268066406,8.862384,16.0,-1,5.565311
1417,539,103.52280044555664,1034.0663928985596,16.00254249572754,1110.195556640625,8.565122,8.0,-1,27.280973
12,539,1082.8033390045166,845.9382801055908,995.2830810546875,922.0674438476562,8.530051,12.0,-1,14.554951
11,539,367.0552005767822,341.42170906066895,279.5349426269531,417.5508728027344,8.3131,12.0,-1,0.98211277
1560,539,1046.540521621704,272.10237312316895,959.020263671875,348.2315368652344,5.680472,12.0,-1,24.456137
1729,539,124.25967216491699,166.15014839172363,36.73941421508789,242.27931213378906,4.409402,20.0,-1,4.9471903
8,539,1393.9522647857666,294.79600715637207,1306.4320068359375,370.9251708984375,2.4579782,10.0,-1,6.3888803
17,539,596.468225479126,504.58885383605957,508.9479675292969,580.718017578125,2.2434342,8.0,-1,16.81302
1784,539,1709.403314590454,343.99287605285645,1621.883056640625,420.1220397949219,0.9157338,20.0,-1,6.7818136
0,540,1368.751703262329,909.5878467559814,1279.96533203125,985.7827758789062,83.84165,10.0,1,28.076473
4,540,1190.2303409576416,4.229822158813477,1101.4439697265625,80.42475128173828,52.338017,8.0,1,28.976452
1,540,1393.0535831451416,206.84990119934082,1304.2672119140625,283.0448303222656,45.366665,8.0,1,24.671616
2,540,1472.6326847076416,349.2037830352783,1383.8463134765625,425.3987121582031,45.262207,8.0,1,27.636177
3,540,982.4763126373291,384.04002571105957,893.68994140625,460.2349548339844,44.947117,8.0,1,23.225677
1332,540,764.1508731842041,478.6108570098877,675.364501953125,554.8057861328125,29.182158,20.0,-1,18.557537
9,540,1368.7999210357666,1097.8226490020752,1280.0135498046875,1174.017578125,14.6652975,8.0,-1,24.062096
6,540,315.6482334136963,301.49778938293457,226.8618621826172,377.6927185058594,10.040257,16.0,-1,6.1996818
12,540,1081.5226383209229,843.5622119903564,992.7362670898438,919.7571411132812,8.577914,12.0,-1,16.15706
10,540,506.419885635376,6.745584487915039,417.6335144042969,82.94051361083984,8.39903,10.0,-1,21.397776
11,540,365.2596073150635,341.82002449035645,276.4732360839844,418.01495361328125,7.681268,8.0,1,2.5408485
1417,540,104.73009586334229,1034.1043872833252,15.943724632263184,1110.29931640625,5.8284736,8.0,-1,24.978842
1560,540,1047.8712711334229,272.10237312316895,959.0848999023438,348.29730224609375,5.2635007,12.0,-1,22.900463
1729,540,126.91712379455566,168.48423957824707,38.13075256347656,244.67916870117188,4.4999394,20.0,-1,5.9142947
8,540,1394.999750137329,292.5378589630127,1306.21337890625,368.7327880859375,4.38484,12.0,-1,5.808205
17,540,596.6687259674072,505.4234790802002,507.8823547363281,581.618408203125,2.4458296,8.0,-1,18.168661
1784,540,1706.856439590454,342.1577625274658,1618.070068359375,418.3526916503906,1.387664,28.0,-1,8.960987
4,541,1190.8868045806885,6.093484878540039,1101.958984375,82.00911712646484,104.913124,8.0,1,29.316414
1,541,1394.901330947876,205.5117359161377,1305.9735107421875,281.4273681640625,64.97256,8.0,1,25.064981
3,541,981.0169925689697,384.0219898223877,892.0891723632812,459.9376220703125,62.995724,8.0,1,20.487616
0,541,1367.898889541626,910.0172290802002,1278.9710693359375,985.932861328125,55.77461,10.0,1,27.395275
1332,541,761.7621097564697,479.66572761535645,672.8342895507812,555.5813598632812,33.55434,20.0,-1,17.735104
2,541,1471.197717666626,350.66099739074707,1382.2698974609375,426.5766296386719,30.271235,8.0,1,24.411417
6,541,313.6281681060791,302.20784187316895,224.70034790039062,378.12347412109375,10.920501,16.0,-1,6.255247
12,541,1081.067834854126,843.5622119903564,992.1400146484375,919.4778442382812,9.876454,12.0,-1,17.390207
11,541,365.2596073150635,341.90974617004395,276.331787109375,417.82537841796875,8.287408,8.0,1,4.577234
10,541,504.8091068267822,5.952531814575195,415.88128662109375,81.8681640625,7.790581,10.0,-1,21.707104
9,541,1370.6348514556885,1096.2722339630127,1281.70703125,1172.1878662109375,7.624434,8.0,-1,22.711979
1729,541,129.3771915435791,165.9325885772705,40.449371337890625,241.8482208251953,7.3877335,20.0,-1,4.7515025
1417,541,105.20742607116699,1033.6656665802002,16.279605865478516,1109.581298828125,6.602937,8.0,-1,28.253105
1560,541,1050.653284072876,273.33641242980957,961.7254638671875,349.2520446777344,4.3796487,12.0,-1,21.897669
8,541,1396.7952518463135,292.8646411895752,1307.867431640625,368.7802734375,4.2130556,12.0,-1,5.680677
17,541,591.2274112701416,504.50605964660645,502.2995910644531,580.4216918945312,2.2910602,8.0,-1,16.232534
1784,541,1707.8374881744385,337.67195320129395,1618.90966796875,413.58758544921875,1.84327,8.0,-1,11.329883
0,542,1369.079481124878,910.2209644317627,1279.816650390625,986.1317138671875,77.505424,10.0,1,27.652918
4,542,1189.2880992889404,7.31547737121582,1100.0252685546875,83.22622680664062,60.35234,8.0,1,28.897478
1,542,1395.4118785858154,203.8668384552002,1306.1490478515625,279.777587890625,53.114212,8.0,1,25.277687
1332,542,760.3249645233154,480.72554206848145,671.0621337890625,556.6362915039062,35.762363,20.0,-1,16.625696
3,542,981.4643077850342,383.3301258087158,892.2014770507812,459.2408752441406,34.757183,8.0,1,21.115036
2,542,1473.589979171753,350.7775135040283,1384.3271484375,426.6882629394531,29.785622,8.0,1,24.305698
10,542,505.33570671081543,4.135347366333008,416.0728759765625,80.04609680175781,10.900077,10.0,-1,19.85224
9,542,1369.554578781128,1090.3553638458252,1280.291748046875,1166.26611328125,8.112682,8.0,-1,26.131786
6,542,311.6430492401123,302.28978157043457,222.38021850585938,378.2005310058594,7.747586,16.0,-1,6.70689
1729,542,129.3771915435791,166.43622016906738,40.11436080932617,242.3469696044922,7.677469,20.0,-1,4.8644533
11,542,365.86561393737793,341.3528308868408,276.602783203125,417.2635803222656,7.496783,8.0,1,3.1388535
12,542,1080.4228649139404,842.3236865997314,991.1600341796875,918.2344360351562,7.169462,12.0,-1,14.39102
1417,542,105.03107738494873,1035.3645191192627,15.7682466506958,1111.2752685546875,4.024011,8.0,-1,27.972849
1560,542,1050.8468761444092,271.5929431915283,961.5840454101562,347.5036926269531,3.9889975,12.0,-1,23.153429
8,542,1397.2360973358154,290.3224048614502,1307.9732666015625,366.233154296875,3.139617,10.0,-1,6.8585935
17,542,589.1219310760498,507.4171314239502,499.8591003417969,583.327880859375,3.0649116,8.0,-1,19.347893
1784,542,1705.8156871795654,337.67195320129395,1616.5528564453125,413.58270263671875,1.9860317,8.0,-1,10.377416
0,543,1367.8486337661743,909.886064529419,1278.8551025390625,986.2793579101562,68.630165,10.0,1,27.838884
1,543,1396.7438974380493,201.91670417785645,1307.7503662109375,278.30999755859375,64.44871,8.0,1,26.72229
3,543,983.1127328872681,383.3301258087158,894.1192016601562,459.7234191894531,55.643505,8.0,1,20.58187
4,543,1188.6501474380493,7.173128128051758,1099.6566162109375,83.56642150878906,54.47727,8.0,1,28.101675
2,543,1473.8676767349243,349.43345832824707,1384.8741455078125,425.8267517089844,37.697857,8.0,1,25.968693
1332,543,756.8967905044556,482.40291023254395,667.9032592773438,558.7962036132812,31.118895,20.0,-1,17.12926
6,543,311.9663248062134,301.98298835754395,222.97279357910156,378.37628173828125,9.943135,16.0,-1,6.073313
9,543,1370.9451913833618,1091.5095386505127,1281.95166015625,1167.90283203125,9.9221525,8.0,-1,22.838333
10,543,503.8786630630493,4.600542068481445,414.8851318359375,80.99383544921875,7.7586045,10.0,-1,20.27625
1417,543,105.03107738494873,1037.1632251739502,16.037546157836914,1113.5565185546875,7.4788327,8.0,-1,24.679806
11,543,364.8102731704712,341.42891120910645,275.8167419433594,417.82220458984375,7.355486,8.0,1,5.810086
1729,543,125.86957263946533,166.70962715148926,36.876041412353516,243.10292053222656,6.9325147,20.0,-1,6.101883
12,543,1080.3017587661743,840.5206470489502,991.3082275390625,916.9139404296875,5.353145,12.0,-1,13.162974
1560,543,1048.621033668518,267.6994800567627,959.6275024414062,344.0927734375,4.535586,12.0,-1,33.07049
17,543,590.9919443130493,511.4461841583252,501.9984130859375,587.8394775390625,3.8124835,8.0,-1,18.742365
8,543,1399.0075693130493,287.91221809387207,1310.0140380859375,364.3055114746094,2.973541,10.0,-1,6.5641637
1784,543,1708.6953134536743,338.3903980255127,1619.7017822265625,414.78369140625,1.8085026,8.0,-1,10.392619
4,544,1187.6590585708618,6.168794631958008,1098.0701904296875,82.73921203613281,69.34133,8.0,1,28.879921
0,544,1367.8486337661743,909.886064529419,1278.259765625,986.4564819335938,64.4562,10.0,1,27.561098
1,544,1397.4302988052368,200.2182788848877,1307.8414306640625,276.7886962890625,53.518322,8.0,1,26.188118
3,544,985.0747690200806,383.3224048614502,895.4859008789062,459.892822265625,41.150517,8.0,1,22.558489
2,544,1476.4689950942993,349.7551441192627,1386.880126953125,426.3255615234375,27.833494,8.0,1,27.99859
1332,544,755.0410165786743,483.08467292785645,665.4521484375,559.6550903320312,19.78367,20.0,-1,16.841465
10,544,504.33133029937744,5.246522903442383,414.7424621582031,81.81694030761719,10.758513,10.0,-1,21.33674
9,544,1371.5861825942993,1089.4646167755127,1281.997314453125,1166.0350341796875,9.611531,8.0,-1,23.234299
6,544,309.4289712905884,300.3504810333252,219.84010314941406,376.9208984375,9.507599,18.0,-1,7.529938
11,544,363.49746799468994,342.4253101348877,273.9085998535156,418.9957275390625,8.819566,8.0,1,5.6978817
8,544,1397.7954111099243,287.8125476837158,1308.20654296875,364.3829650878906,6.4935546,10.0,-1,8.82075
1417,544,103.76506996154785,1034.1353931427002,14.176201820373535,1110.705810546875,6.122114,8.0,-1,28.74466
12,544,1080.6872568130493,839.5287647247314,991.098388671875,916.0991821289062,5.873039,12.0,-1,20.164911
1729,544,124.36826038360596,169.30552864074707,34.77939224243164,245.87594604492188,5.6120853,20.0,-1,6.009897
1560,544,1047.5433359146118,267.83006477355957,957.9544677734375,344.4004821777344,4.8640904,16.0,-1,35.163254
17,544,593.4405221939087,515.5563526153564,503.8516540527344,592.1267700195312,4.3471284,8.0,-1,20.42
1784,544,1709.1103525161743,338.6333484649658,1619.521484375,415.2037658691406,1.6563498,8.0,-1,9.440129
4,545,1187.6590585708618,5.768030166625977,1097.73779296875,82.32990264892578,81.66175,8.0,1,28.895594
1,545,1396.5662851333618,199.6010913848877,1306.64501953125,276.1629638671875,76.84416,8.0,1,25.048435
0,545,1367.6058359146118,909.2580127716064,1277.6845703125,985.8198852539062,74.66401,10.0,1,27.52952
2,545,1479.9230966567993,351.44270515441895,1390.0018310546875,428.00457763671875,47.327503,8.0,1,29.221102
3,545,985.0427255630493,383.3224048614502,895.1214599609375,459.88427734375,42.383305,8.0,1,22.603199
1332,545,755.0159921646118,483.8617115020752,665.0947265625,560.423583984375,22.959099,20.0,-1,16.642372
10,545,506.61541843414307,4.133180618286133,416.69415283203125,80.69505310058594,10.726182,10.0,-1,19.554674
11,545,362.67230319976807,341.31151008605957,272.75103759765625,417.8733825683594,9.993672,8.0,1,1.2564058
6,545,308.1569528579712,299.4496326446533,218.23568725585938,376.0115051269531,9.734313,18.0,-1,7.5555
9,545,1371.7534189224243,1089.5376148223877,1281.8321533203125,1166.0994873046875,9.59252,8.0,-1,24.071255
1729,545,125.85897541046143,170.9660816192627,35.93770980834961,247.5279541015625,6.2943673,20.0,-1,5.8470125
1417,545,103.94594764709473,1032.5608081817627,14.02468204498291,1109.1226806640625,6.2759824,8.0,-1,30.281105
12,545,1077.8811044692993,840.0456104278564,987.9598388671875,916.6074829101562,6.202556,12.0,-1,15.959223
1560,545,1047.5166635513306,268.3917713165283,957.5953979492188,344.9536437988281,4.470733,16.0,-1,32.899654
8,545,1398.1030282974243,289.4420337677002,1308.1817626953125,366.00390625,3.9490545,12.0,-1,6.6495323
17,545,595.8771677017212,516.8499927520752,505.9559020996094,593.411865234375,3.2886686,8.0,-1,20.548733
1784,545,1711.2489023208618,335.77412605285645,1621.32763671875,412.33599853515625,2.2526767,8.0,-1,11.660712
4,546,1186.2331552505493,3.502420425415039,1095.776123046875,80.30757904052734,73.38552,8.0,1,28.650959
1,546,1398.3560800552368,199.18138313293457,1307.8990478515625,275.9865417480469,69.92209,8.0,1,26.370895
0,546,1367.6058359146118,908.301347732544,1277.1488037109375,985.1065063476562,52.84581,10.0,1,26.409939
2,546,1478.6569833755493,351.44270515441895,1388.199951171875,428.24786376953125,36.639336,8.0,1,28.08109
3,546,984.1341562271118,382.9940662384033,893.6771240234375,459.7992248535156,35.869576,8.0,1,22.377201
1332,546,753.6963510513306,483.0587329864502,663.2393188476562,559.8638916015625,29.010065,20.0,-1,17.217514
6,546,309.26133823394775,300.7800769805908,218.80430603027344,377.5852355957031,11.841241,16.0,-1,5.374571
10,546,506.49270725250244,7.374124526977539,416.0356750488281,84.17928314208984,7.2524757,10.0,-1,19.457438
9,546,1374.4727792739868,1090.2905445098877,1284.0157470703125,1167.095703125,7.146322,10.0,-1,21.083906
11,546,364.0372018814087,340.2144031524658,273.5801696777344,417.0195617675781,7.102281,8.0,1,3.9459753
12,546,1077.5485849380493,839.2252979278564,987.091552734375,916.0304565429688,5.646974,12.0,-1,11.596394
1729,546,122.43675136566162,174.95182991027832,31.979719161987305,251.75698852539062,4.7901187,20.0,-1,6.1961355
1560,546,1050.1593027114868,268.67207527160645,959.7022705078125,345.47723388671875,4.315931,12.0,-1,23.146435
17,546,600.3083505630493,518.8278369903564,509.851318359375,595.6329956054688,3.818342,8.0,-1,19.91406
1417,546,102.65944385528564,1033.6740894317627,12.202411651611328,1110.479248046875,3.6844282,8.0,-1,29.307867
8,546,1400.2296152114868,291.9858875274658,1309.7725830078125,368.7910461425781,3.2380598,12.0,-1,7.6373253
1784,546,1711.8624277114868,334.2341785430908,1621.4053955078125,411.0393371582031,1.2736851,10.0,-1,10.323116
1,547,1399.1275339126587,199.2065944671631,1307.9429931640625,276.09112548828125,88.439766,8.0,1,25.241833
4,547,1186.4209909439087,3.4912471771240234,1095.2364501953125,80.37577819824219,48.890797,8.0,1,28.72978
3,547,981.7541818618774,383.00523948669434,890.5696411132812,459.8897705078125,48.371876,8.0,1,20.45821
0,547,1367.7415475845337,906.6013088226318,1276.5570068359375,983.48583984375,44.33186,10.0,1,26.946348
2,547,1475.8508005142212,351.66490745544434,1384.666259765625,428.5494384765625,35.870373,8.0,1,26.278376
1332,547,753.5606393814087,481.6920680999756,662.3760986328125,558.5765991210938,30.438707,20.0,-1,17.591389
10,547,508.2256784439087,5.240942001342773,417.0411376953125,82.12547302246094,9.73246,10.0,-1,16.62173
11,547,363.3835153579712,344.1488552093506,272.198974609375,421.03338623046875,8.647035,8.0,1,0.68746775
9,547,1375.7856149673462,1091.1445217132568,1284.60107421875,1168.029052734375,7.984915,8.0,-1,20.643976
6,547,309.78790378570557,299.67165184020996,218.60336303710938,376.5561828613281,7.5553284,18.0,-1,6.4908276
12,547,1076.5620431900024,838.6923732757568,985.3775024414062,915.576904296875,7.148579,12.0,-1,11.203115
1729,547,121.71452236175537,174.4979763031006,30.52998161315918,251.38250732421875,6.8300233,20.0,-1,4.4040537
17,547,603.1279611587524,521.1614894866943,511.94342041015625,598.0460205078125,4.8246636,8.0,-1,19.604853
1417,547,101.65939426422119,1032.4442043304443,10.474853515625,1109.3287353515625,3.5652323,8.0,-1,29.237972
8,547,1403.1208200454712,297.23512840270996,1311.936279296875,374.1196594238281,3.2726839,10.0,-1,7.2547665
1784,547,1709.6134958267212,336.26451683044434,1618.428955078125,413.1490478515625,2.9407456,8.0,-1,10.671325
1,548,1399.5313348770142,199.38524436950684,1307.9615478515625,277.5271911621094,69.709206,8.0,1,24.467312
4,548,1183.6873407363892,2.328237533569336,1092.1175537109375,80.47018432617188,63.602802,8.0,1,28.358788
0,548,1368.4833612442017,905.38893699646,1276.91357421875,983.5308837890625,54.009567,10.0,1,26.329687
3,548,983.5289545059204,380.0961208343506,891.9591674804688,458.2380676269531,50.40652,8.0,1,23.472311
2,548,1477.2718133926392,351.8539333343506,1385.7020263671875,429.9958801269531,44.56346,8.0,1,28.964672
1332,548,752.9870843887329,480.43800926208496,661.4172973632812,558.5799560546875,26.017141,20.0,-1,17.747276
10,548,509.86309146881104,2.090177536010742,418.2933044433594,80.23212432861328,9.9214735,10.0,-1,16.242409
6,548,309.8053674697876,298.84593772888184,218.23558044433594,376.9878845214844,7.6837635,18.0,-1,8.428039
11,548,362.8577814102173,345.3654384613037,271.2879943847656,423.50738525390625,6.833412,8.0,1,5.3588552
12,548,1074.7931756973267,838.8124599456787,983.223388671875,916.9544067382812,6.162461,12.0,-1,12.351902
9,548,1375.0572137832642,1091.2496547698975,1283.4874267578125,1169.3916015625,6.1525784,8.0,-1,20.002218
1729,548,117.67942905426025,174.39284324645996,26.109642028808594,252.5347900390625,5.857898,20.0,-1,5.6032324
8,548,1406.0489130020142,297.9744472503662,1314.4791259765625,376.11639404296875,3.9889317,10.0,-1,6.518062
17,548,601.2636957168579,523.8611660003662,509.69390869140625,602.0031127929688,3.8716705,8.0,-1,19.775
1560,548,1052.9739618301392,267.73729515075684,961.4041748046875,345.8792419433594,3.679965,12.0,-1,23.179703
1417,548,103.21600151062012,1035.285665512085,11.646214485168457,1113.4276123046875,3.3100064,10.0,-1,24.901344
1784,548,1709.5960321426392,335.2889003753662,1618.0262451171875,413.43084716796875,2.8421247,8.0,-1,11.482029
4,549,1184.2239036560059,0.2178478240966797,1092.008056640625,78.5365219116211,69.66041,8.0,1,28.447878
1,549,1400.0770530700684,201.68395042419434,1307.8612060546875,280.00262451171875,63.424923,8.0,1,25.664742
0,549,1368.7611351013184,903.8307399749756,1276.5452880859375,982.1494140625,45.3681,10.0,1,26.16975
1332,549,750.5519065856934,480.24901390075684,658.3360595703125,558.5676879882812,42.2346,20.0,-1,17.812943
3,549,984.6192893981934,378.5232753753662,892.4034423828125,456.8419494628906,35.23621,8.0,1,22.15761
2,549,1476.4110374450684,354.6077175140381,1384.1951904296875,432.9263916015625,33.82679,8.0,1,25.523188
10,549,509.4651756286621,1.0282039642333984,417.24932861328125,79.34687805175781,9.946699,10.0,-1,16.609907
9,549,1376.2241477966309,1091.4386501312256,1284.00830078125,1169.75732421875,8.689379,8.0,-1,20.730368
6,549,308.19428634643555,300.5835475921631,215.9784393310547,378.9022216796875,8.6024,18.0,-1,7.8026533
11,549,364.09682846069336,345.58388328552246,271.8809814453125,423.9025573730469,7.4038277,8.0,1,11.531059
8,549,1409.9305686950684,295.70506858825684,1317.7147216796875,374.02374267578125,5.824343,12.0,-1,6.6065207
12,549,1074.208095550537,839.8918361663818,981.9922485351562,918.2105102539062,5.6316624,12.0,-1,11.42218
1729,549,117.40165519714355,173.34035301208496,25.185808181762695,251.65902709960938,5.2378106,20.0,-1,4.9685516
1417,549,102.82140064239502,1037.521047592163,10.60555362701416,1115.8397216796875,4.460223,10.0,-1,24.344517
1784,549,1710.2475852966309,333.5041103363037,1618.03173828125,411.8227844238281,3.8785603,8.0,-1,11.76933
17,549,600.3534812927246,525.3759670257568,508.13763427734375,603.6946411132812,2.8284433,8.0,-1,19.208168
4,550,1183.8957176208496,-0.23183631896972656,1091.8099365234375,78.10865783691406,85.53135,8.0,1,28.383339
1,550,1398.0834617614746,201.7926845550537,1305.9976806640625,280.1331787109375,58.42689,8.0,1,26.03653
3,550,986.1493186950684,377.2740993499756,894.0635375976562,455.6145935058594,46.610214,8.0,1,21.135637
0,550,1369.0275535583496,903.8324184417725,1276.9417724609375,982.1729125976562,43.60446,10.0,1,27.083656
1332,550,749.8978538513184,478.19386863708496,657.8120727539062,556.5343627929688,42.604015,20.0,-1,19.181887
2,550,1475.605312347412,354.17714500427246,1383.51953125,432.51763916015625,32.18,8.0,1,26.041515
9,550,1376.0817527770996,1091.4369716644287,1283.9959716796875,1169.7774658203125,10.322779,8.0,-1,22.929392
6,550,306.8693199157715,301.0790615081787,214.78353881835938,379.4195556640625,8.171614,18.0,-1,7.7151833
10,550,511.21352767944336,2.443632125854492,419.12774658203125,80.78412628173828,7.945532,10.0,-1,13.747799
11,550,364.2392234802246,347.4431972503662,272.1534423828125,425.78369140625,7.583407,8.0,1,7.349306
1729,550,115.23187255859375,174.5563564300537,23.14609146118164,252.8968505859375,6.4160247,20.0,-1,4.957757
12,550,1075.0892601013184,841.701681137085,983.0034790039062,920.0421752929688,6.0852127,12.0,-1,11.080258
1417,550,103.14896202087402,1035.7239589691162,11.063180923461914,1114.064453125,3.953378,10.0,-1,21.205954
8,550,1409.780361175537,293.69237327575684,1317.694580078125,372.0328674316406,3.0332735,12.0,-1,8.776276
1784,550,1710.6794090270996,331.27416038513184,1618.5936279296875,409.6146545410156,2.3499217,8.0,-1,12.70119
17,550,601.2340965270996,527.0874843597412,509.1483154296875,605.427978515625,1.1190795,8.0,-1,15.890973
4,551,1184.4708824157715,-0.7086887359619141,1092.0125732421875,77.73886108398438,75.22297,8.0,1,26.748312
0,551,1371.054012298584,905.3521327972412,1278.595703125,983.7996826171875,55.50914,10.0,1,27.614407
3,551,986.5069541931152,375.45543479919434,894.0486450195312,453.9029846191406,50.457897,8.0,1,21.648808
1,551,1399.1674156188965,201.50380516052246,1306.7091064453125,279.95135498046875,45.214264,8.0,1,24.72164
1332,551,748.5703086853027,477.44484519958496,656.1119995117188,555.8923950195312,43.083668,20.0,-1,17.908703
2,551,1473.644832611084,353.91432762145996,1381.1865234375,432.36187744140625,37.033794,8.0,1,25.393684
6,551,305.8230094909668,300.0426845550537,213.3647003173828,378.490234375,11.200397,18.0,-1,7.903742
9,551,1374.9650230407715,1088.4158535003662,1282.5067138671875,1166.8634033203125,9.271054,8.0,-1,24.269955
10,551,512.9162559509277,3.3342952728271484,420.45794677734375,81.78184509277344,9.076166,10.0,-1,17.755384
11,551,362.02087020874023,348.6857204437256,269.56256103515625,427.1332702636719,6.2195187,8.0,1,2.884511
1729,551,113.2781867980957,175.9899501800537,20.81987762451172,254.4375,4.587071,18.0,-1,5.5088444
12,551,1075.088436126709,845.8647060394287,982.630126953125,924.312255859375,3.7377346,12.0,-1,12.032351
1417,551,104.41220951080322,1035.1999111175537,11.953900337219238,1113.6474609375,3.2034276,10.0,-1,18.518509
1784,551,1710.680233001709,333.33485984802246,1618.221923828125,411.78240966796875,2.6564963,8.0,-1,12.472038
8,551,1410.9913902282715,295.15001487731934,1318.5330810546875,373.5975646972656,2.4698687,10.0,-1,7.8062377
17,551,601.030330657959,527.3503017425537,508.572021484375,605.7978515625,2.035455,8.0,-1,17.693386
0,552,1372.1581535339355,904.9560451507568,1279.689697265625,984.1065063476562,77.1463,10.0,1,28.587078
4,552,1186.1112785339355,-3.1600589752197266,1093.642822265625,75.99040222167969,69.59608,8.0,1,28.791271
3,552,984.4249992370605,372.91283226013184,891.95654296875,452.06329345703125,51.947155,8.0,1,23.943518
1,552,1398.107982635498,199.7148952484131,1305.6395263671875,278.8653564453125,45.037174,8.0,1,26.192293
1332,552,746.4532585144043,478.7316188812256,653.9848022460938,557.882080078125,34.69592,20.0,-1,17.466623
2,552,1474.855052947998,355.4395046234131,1382.3865966796875,434.5899658203125,32.677563,8.0,1,26.331999
10,552,511.0293998718262,1.2771968841552734,418.5609436035156,80.42765808105469,12.354106,10.0,-1,18.65387
9,552,1370.1083488464355,1088.8119411468506,1277.639892578125,1167.96240234375,10.537375,8.0,-1,26.250284
6,552,303.99816513061523,302.67271995544434,211.5297088623047,381.82318115234375,9.535111,18.0,-1,7.79099
11,552,362.4820365905762,350.4652614593506,270.0135803222656,429.61572265625,7.714234,8.0,1,1.0862074
1729,552,114.63162040710449,176.60675621032715,22.163164138793945,255.75721740722656,6.9152884,20.0,-1,5.0052495
12,552,1072.739086151123,847.8512477874756,980.2706298828125,927.001708984375,5.508234,12.0,-1,14.767742
1784,552,1710.219066619873,334.7094326019287,1617.7506103515625,413.8598937988281,3.6673186,8.0,-1,13.189502
8,552,1412.6522941589355,294.4699306488037,1320.183837890625,373.6203918457031,3.4194763,10.0,-1,8.047513
1417,552,105.60376262664795,1032.682180404663,13.135306358337402,1111.8326416015625,1.7225147,10.0,-1,17.131561
17,552,601.8720207214355,525.5389919281006,509.403564453125,604.689453125,1.6818756,8.0,-1,15.015471
4,553,1185.1396188735962,-3.807840347290039,1091.965087890625,75.72520446777344,76.88752,8.0,1,28.071962
1,553,1398.4823923110962,198.53070640563965,1305.307861328125,278.0637512207031,61.110336,8.0,1,25.542883
0,553,1372.6426706314087,906.2529048919678,1279.4681396484375,985.7859497070312,56.12874,10.0,1,28.200823
3,553,985.1634225845337,372.2850399017334,891.9888916015625,451.8180847167969,47.40233,8.0,1,23.155836
1332,553,745.7238473892212,480.5102291107178,652.54931640625,560.0432739257812,32.610786,20.0,-1,16.568893
2,553,1476.9502878189087,354.91425132751465,1383.7757568359375,434.4472961425781,31.183172,8.0,1,26.189804
6,553,303.42488193511963,303.3288631439209,210.25035095214844,382.8619079589844,9.946639,18.0,-1,9.487632
10,553,511.8453378677368,-1.969827651977539,418.6708068847656,77.56321716308594,7.953708,10.0,-1,18.981348
11,553,360.68948459625244,349.9947261810303,267.51495361328125,429.52777099609375,7.5836844,8.0,1,2.3317525
9,553,1370.9522409439087,1089.347448348999,1277.7777099609375,1168.8804931640625,7.573688,8.0,-1,24.707634
1729,553,113.43091869354248,177.5089168548584,20.25638771057129,257.0419616699219,5.325816,18.0,-1,4.330301
12,553,1073.2942209243774,848.9020137786865,980.1196899414062,928.43505859375,5.0450706,12.0,-1,21.177006
8,553,1413.3663034439087,291.7049617767334,1320.1917724609375,371.2380065917969,3.0981233,10.0,-1,9.897731
1784,553,1709.6873483657837,335.179967880249,1616.5128173828125,414.7130126953125,2.2450705,8.0,-1,14.084546
1417,553,105.2293529510498,1032.0272579193115,12.054821968078613,1111.560302734375,1.5512838,12.0,-1,18.795845
17,553,599.4141244888306,527.5967769622803,506.2395935058594,607.1298217773438,1.3533384,8.0,-1,14.909618
0,554,1372.4141855239868,903.8673305511475,1277.9959716796875,984.0191650390625,100.51178,10.0,1,28.359327
4,554,1184.0572519302368,-3.7560367584228516,1089.6390380859375,76.39579772949219,68.91613,8.0,1,28.14181
1,554,1398.4184579849243,196.36144065856934,1304.000244140625,276.5132751464844,61.09669,8.0,1,26.097734
3,554,986.5757455825806,371.8691921234131,892.1575317382812,452.0210266113281,49.957367,8.0,1,22.144958
2,554,1478.4593515396118,354.86244773864746,1384.0411376953125,435.0142822265625,31.301363,8.0,1,25.949814
1332,554,743.8070688247681,481.2838954925537,649.3888549804688,561.4357299804688,24.596628,20.0,-1,15.551772
10,554,512.8738107681274,-1.623178482055664,418.4555969238281,78.52865600585938,10.851871,10.0,-1,20.145605
9,554,1374.4929208755493,1087.16335105896,1280.07470703125,1167.315185546875,8.188674,8.0,-1,23.1966
6,554,302.1762399673462,302.50942039489746,207.75802612304688,382.6612548828125,7.929632,18.0,-1,8.080261
11,554,359.93106174468994,350.3187770843506,265.5128479003906,430.4706115722656,7.1430335,8.0,1,2.3551629
12,554,1073.3581552505493,846.1989345550537,978.93994140625,926.3507690429688,4.589102,12.0,-1,21.575504
1729,554,112.33551502227783,178.40721702575684,17.917301177978516,258.5590515136719,4.5089436,18.0,-1,3.4279604
8,554,1415.6577157974243,288.60256004333496,1321.239501953125,368.75439453125,3.7014644,10.0,-1,9.237268
1784,554,1708.4281015396118,338.1021022796631,1614.0098876953125,418.2539367675781,3.661803,8.0,-1,17.169256
1417,554,110.31485271453857,1032.727071762085,15.896638870239258,1112.87890625,2.2299368,12.0,-1,19.193007
17,554,599.5233774185181,531.1619472503662,505.10516357421875,611.3137817382812,1.1487082,8.0,-1,14.123768
4,555,1182.372742652893,-3.795015335083008,1087.736328125,76.0121841430664,84.835945,8.0,1,27.983273
1,555,1398.6726694107056,196.36046409606934,1304.0362548828125,276.16766357421875,75.84626,8.0,1,26.608936
0,555,1372.348816871643,904.7292385101318,1277.71240234375,984.5364379882812,60.660458,10.0,1,28.265343
3,555,986.7515268325806,374.0118007659912,892.1151123046875,453.8190002441406,38.594906,8.0,1,21.777712
2,555,1478.841004371643,354.30541038513184,1384.20458984375,434.11260986328125,31.531034,8.0,1,26.70735
1332,555,743.8724374771118,481.83666038513184,649.2360229492188,561.6438598632812,21.194592,20.0,-1,15.358599
10,555,512.1827707290649,-1.4652576446533203,417.5463562011719,78.3419418334961,13.535211,10.0,-1,18.176004
6,555,299.90806674957275,302.51039695739746,205.2716522216797,382.3175964355469,13.282605,18.0,-1,9.557748
11,555,358.78091526031494,350.3565273284912,264.1445007324219,430.1637268066406,12.2192955,8.0,1,1.8170741
9,555,1374.113709449768,1085.272756576538,1279.477294921875,1165.0799560546875,7.700106,8.0,-1,22.288027
12,555,1075.016785621643,846.1643581390381,980.38037109375,925.9715576171875,6.6759353,12.0,-1,19.285435
1729,555,111.53919315338135,176.69945335388184,16.90277862548828,256.50665283203125,4.975946,18.0,-1,3.6733634
8,555,1416.237244606018,288.1974697113037,1321.600830078125,368.0046691894531,4.4872656,10.0,-1,8.414032
1417,555,108.51637744903564,1034.7679958343506,13.879962921142578,1114.5751953125,3.7178032,12.0,-1,16.291685
1784,555,1709.914002418518,338.41795921325684,1615.277587890625,418.22515869140625,3.5598738,8.0,-1,18.41355
17,555,601.7162179946899,530.6859645843506,507.0798034667969,610.4931640625,1.8994379,8.0,-1,15.372798
4,556,1183.2360672950745,-4.528497695922852,1088.30126953125,75.99571228027344,56.470104,8.0,1,26.96711
1,556,1398.0021805763245,197.26378440856934,1303.0673828125,277.7879943847656,51.268047,8.0,1,26.327291
0,556,1373.331404209137,906.8611660003662,1278.3966064453125,987.3853759765625,48.09026,10.0,1,27.2211
2,556,1478.7294754981995,351.55373191833496,1383.794677734375,432.07794189453125,46.450832,8.0,1,27.751986
3,556,986.501570224762,373.50938987731934,891.5667724609375,454.0335998535156,40.210255,8.0,1,23.648642
1332,556,744.117048740387,481.6989345550537,649.1822509765625,562.22314453125,25.807426,20.0,-1,15.709361
10,556,513.5881180763245,-3.9126148223876953,418.6533203125,76.6115951538086,9.860577,10.0,-1,18.787006
9,556,1372.8295731544495,1087.3490810394287,1277.894775390625,1167.873291015625,9.114383,8.0,-1,22.410797
11,556,359.20872354507446,351.35521507263184,264.27392578125,431.8794250488281,8.465535,8.0,1,4.5624723
6,556,299.0951828956604,301.9879665374756,204.16038513183594,382.5121765136719,8.27189,18.0,-1,8.870629
12,556,1074.3014969825745,847.1840419769287,979.36669921875,927.708251953125,5.0980806,12.0,-1,18.624878
1729,556,110.8419394493103,177.0285243988037,15.90714168548584,257.552734375,5.0473604,16.0,-1,2.9227967
1417,556,108.62790632247925,1034.9057216644287,13.693108558654785,1115.429931640625,4.674276,12.0,-1,17.629337
1784,556,1710.4455399513245,339.04176902770996,1615.5107421875,419.56597900390625,4.0997167,8.0,-1,20.506824
8,556,1418.9921708106995,287.98094749450684,1324.057373046875,368.5051574707031,2.653293,12.0,-1,8.271982
17,556,599.949079990387,528.9522304534912,505.0142822265625,609.4764404296875,1.6004919,8.0,-1,17.537144
4,557,1185.297520160675,-4.27678108215332,1090.005859375,77.11189270019531,71.88065,8.0,1,27.850622
0,557,1374.85879945755,906.6844463348389,1279.567138671875,988.0731201171875,67.52204,10.0,1,28.026403
1,557,1398.672520160675,198.66790580749512,1303.380859375,280.05657958984375,55.767384,8.0,1,26.539553
2,557,1479.5503277778625,350.6693706512451,1384.2586669921875,432.05804443359375,33.626072,8.0,1,26.43597
3,557,987.3069195747375,373.995756149292,892.0152587890625,455.3844299316406,27.181366,8.0,1,22.288433
1332,557,742.5154767036438,483.01074028015137,647.2238159179688,564.3994140625,21.304457,18.0,-1,14.050607
10,557,515.1725506782532,-3.8430728912353516,419.8808898925781,77.54560089111328,10.658895,10.0,-1,18.88698
6,557,296.2258496284485,301.71725273132324,200.93418884277344,383.1059265136719,10.159965,18.0,-1,8.6509285
9,557,1371.267735004425,1089.2696514129639,1275.97607421875,1170.6583251953125,8.860457,8.0,-1,23.417048
11,557,359.2544903755188,350.35641288757324,263.96282958984375,431.7450866699219,8.637338,8.0,1,4.203189
1784,557,1709.2997174263,340.74911308288574,1614.008056640625,422.1377868652344,5.592823,8.0,-1,20.121426
1729,557,110.79617261886597,176.12853813171387,15.504511833190918,257.5172119140625,5.4204965,16.0,-1,3.5408614
12,557,1072.0281720161438,849.3551616668701,976.7365112304688,930.7438354492188,4.9052277,12.0,-1,17.863438
1417,557,106.54350805282593,1034.8361797332764,11.251847267150879,1116.224853515625,4.0024476,12.0,-1,13.582868
8,557,1422.8205914497375,286.7673625946045,1327.5289306640625,368.1560363769531,3.4568875,10.0,-1,7.5868983
17,557,596.8985333442688,528.7460918426514,501.60687255859375,610.134765625,2.3964393,8.0,-1,17.382446
4,558,1186.2127842903137,-5.548913955688477,1089.5313720703125,76.29988861083984,59.874767,8.0,1,27.941383
0,558,1374.6500401496887,907.3122081756592,1277.9686279296875,989.1610107421875,51.988316,10.0,1,27.149664
1,558,1398.7566075325012,199.03361320495605,1302.0751953125,280.8824157714844,48.939075,8.0,1,25.822605
3,558,990.2066807746887,374.2309093475342,893.5252685546875,456.0797119140625,46.03134,8.0,1,24.04551
2,558,1481.2507481575012,347.60185050964355,1384.5693359375,429.4506530761719,32.299633,8.0,1,25.561832
1332,558,742.1808018684387,482.7755870819092,645.4993896484375,564.6243896484375,27.297407,18.0,-1,14.461405
6,558,295.98620653152466,302.78577995300293,199.30479431152344,384.63458251953125,11.023991,18.0,-1,8.38493
10,558,515.2398838996887,-5.301881790161133,418.5584716796875,76.54692077636719,9.80112,10.0,-1,15.013352
9,558,1370.0393223762512,1087.0135021209717,1273.35791015625,1168.8623046875,7.757299,8.0,-1,24.965084
11,558,361.32878160476685,351.26368522644043,264.6473693847656,433.11248779296875,7.752043,8.0,1,3.1325593
12,558,1072.0633702278137,850.1679210662842,975.3819580078125,932.0167236328125,5.6146636,12.0,-1,21.821262
1417,558,106.508309841156,1037.7863292694092,9.826897621154785,1119.6351318359375,5.5828767,12.0,-1,14.556546
1784,558,1712.4398350715637,338.2145824432373,1615.7584228515625,420.0633850097656,4.7878,8.0,-1,20.957376
17,558,596.6938328742981,529.3396739959717,500.0124206542969,611.1884765625,3.6150675,8.0,-1,19.654545
8,558,1421.9975743293762,286.07267570495605,1325.316162109375,367.9214782714844,2.7644348,10.0,-1,6.5197983
1729,558,109.22287321090698,173.0257396697998,12.541460990905762,254.87454223632812,2.4918263,16.0,-1,1.9080224
4,559,1185.6176915168762,-7.075510025024414,1088.2423095703125,75.8744125366211,64.0612,8.0,1,25.59012
1,559,1399.5164952278137,199.37725639343262,1302.14111328125,282.3271789550781,62.574543,8.0,1,26.244656
0,559,1373.4679112434387,907.4421672821045,1276.092529296875,990.39208984375,54.906067,10.0,1,27.119656
3,559,991.2642369270325,374.34631156921387,893.8888549804688,457.2962341308594,44.300426,8.0,1,22.870848
2,559,1481.3642735481262,347.87728691101074,1383.9888916015625,430.82720947265625,32.835205,8.0,1,27.341003
1332,559,741.0821690559387,483.38229179382324,643.706787109375,566.3322143554688,24.414598,18.0,-1,14.742528
10,559,513.3581395149231,-6.790376663208008,415.9827575683594,76.1595458984375,11.333755,10.0,-1,17.004787
9,559,1367.6114659309387,1086.898099899292,1270.236083984375,1169.8480224609375,10.957221,8.0,-1,26.151419
6,559,294.6782383918762,303.838529586792,197.3028564453125,386.7884521484375,9.176087,18.0,-1,7.73298
11,559,361.21525621414185,349.1895122528076,263.8398742675781,432.1394348144531,8.70892,8.0,1,5.919157
12,559,1071.050980091095,848.156156539917,973.6755981445312,931.1060791015625,4.6575933,12.0,-1,22.33173
17,559,597.3542943000793,529.0165691375732,499.9789123535156,611.9664916992188,4.5904536,8.0,-1,20.872759
1729,559,111.0022349357605,171.72848320007324,13.626852989196777,254.67840576171875,3.778886,16.0,-1,1.3371321
1784,559,1714.9201817512512,340.7344036102295,1617.5447998046875,423.684326171875,3.0823386,8.0,-1,17.657898
8,559,1424.8740391731262,288.83749198913574,1327.4986572265625,371.78741455078125,2.5043304,10.0,-1,8.476387
1417,559,107.82174730300903,1036.9768352508545,10.446365356445312,1119.9267578125,2.2008202,14.0,-1,7.0410233
4,560,1185.567928314209,-9.230325698852539,1087.8984375,74.20764923095703,95.33051,8.0,1,28.238882
1,560,1401.7047691345215,198.17481803894043,1304.0352783203125,281.61279296875,53.967625,8.0,1,25.170542
0,560,1373.5514488220215,907.7967052459717,1275.8819580078125,991.2346801757812,50.654697,10.0,1,26.653553
3,560,991.5648155212402,374.51905632019043,893.8953247070312,457.95703125,44.891743,8.0,1,23.143082
2,560,1481.4083824157715,348.0927562713623,1383.7388916015625,431.5307312011719,33.821453,8.0,1,25.985197
1332,560,740.496639251709,483.68421745300293,642.8271484375,567.1221923828125,21.532831,18.0,-1,14.232187
11,560,360.405574798584,348.31596183776855,262.736083984375,431.7539367675781,11.915078,8.0,1,5.3555007
6,560,294.989315032959,304.39933586120605,197.31982421875,387.8373107910156,10.570081,18.0,-1,8.429889
9,560,1365.694393157959,1085.954725265503,1268.02490234375,1169.3927001953125,10.098214,8.0,-1,27.215158
10,560,514.6990623474121,-7.057130813598633,417.0295715332031,76.38084411621094,8.48639,10.0,-1,18.135416
12,560,1069.9241905212402,848.8539562225342,972.2546997070312,932.2919311523438,5.784065,10.0,-1,25.57566
1729,560,111.05179023742676,170.5897045135498,13.382299423217773,254.02767944335938,4.2268844,18.0,-1,3.3473449
17,560,595.5648460388184,528.8438243865967,497.8953552246094,612.2817993164062,4.0574327,6.0,-1,21.612955
1784,560,1715.856502532959,340.4008617401123,1618.18701171875,423.8388366699219,3.5957172,8.0,-1,20.978724
8,560,1423.2267417907715,290.5325450897217,1325.5572509765625,373.97052001953125,2.8681052,10.0,-1,9.186206
1417,560,107.77763843536377,1040.152479171753,10.108147621154785,1123.5904541015625,1.6624013,14.0,-1,7.0145845
4,561,1183.7299461364746,-10.748376846313477,1085.9500732421875,72.36072540283203,73.97073,8.0,1,27.084677
0,561,1373.314296722412,907.1869792938232,1275.534423828125,990.2960815429688,59.66389,10.0,1,27.910858
3,561,991.7933006286621,376.96130180358887,894.013427734375,460.0704040527344,58.826275,8.0,1,22.881718
1,561,1402.314296722412,198.18600273132324,1304.534423828125,281.29510498046875,41.60453,8.0,1,24.605452
2,561,1479.538661956787,346.24621391296387,1381.7587890625,429.3553161621094,40.86768,8.0,1,26.796272
1332,561,740.2681541442871,486.35909843444824,642.48828125,569.4682006835938,20.115812,18.0,-1,12.832237
9,561,1366.397060394287,1086.813138961792,1268.6171875,1169.9222412109375,11.113498,8.0,-1,30.245289
6,561,294.6896781921387,303.6733684539795,196.90980529785156,386.782470703125,10.760995,18.0,-1,9.226396
10,561,515.3351097106934,-7.682588577270508,417.55523681640625,75.426513671875,8.130836,10.0,-1,17.323788
11,561,360.9645347595215,347.36251640319824,263.1846618652344,430.47161865234375,5.672644,8.0,1,8.419025
12,561,1067.504970550537,850.3691692352295,969.72509765625,933.478271484375,5.355673,10.0,-1,26.598015
1784,561,1713.240566253662,340.8066997528076,1615.460693359375,423.9158020019531,4.0957775,8.0,-1,17.116346
1729,561,111.7796049118042,170.00675773620605,13.99973201751709,253.11585998535156,3.8020277,18.0,-1,2.7053971
17,561,597.1952171325684,532.532865524292,499.41534423828125,615.6419677734375,3.6377761,8.0,-1,18.09362
8,561,1422.497646331787,290.52136039733887,1324.7177734375,373.6304626464844,3.1135855,10.0,-1,12.194019
1417,561,108.46676921844482,1042.0019817352295,10.686896324157715,1125.111083984375,1.4032322,14.0,-1,7.8636274
4,562,1184.0647883415222,-10.477640151977539,1085.9739990234375,72.09671783447266,95.53799,8.0,1,28.719902
1,562,1400.0780940055847,199.59510612487793,1301.9873046875,282.1694641113281,72.43095,8.0,1,26.652739
0,562,1372.3935236930847,907.8698558807373,1274.302734375,990.4442138671875,53.697006,10.0,1,27.207739
3,562,992.441436290741,377.90714836120605,894.3506469726562,460.48150634765625,36.808445,8.0,1,22.33989
2,562,1479.2326350212097,346.1384105682373,1381.141845703125,428.7127685546875,31.65439,8.0,1,26.062305
1332,562,740.277373790741,485.9991283416748,642.1865844726562,568.573486328125,16.289732,18.0,-1,13.0162945
6,562,292.2655634880066,303.3434886932373,194.17477416992188,385.9178466796875,11.624465,18.0,-1,9.586437
9,562,1364.5230402946472,1086.5187816619873,1266.4322509765625,1169.0931396484375,8.198918,8.0,-1,29.297686
10,562,518.382110118866,-9.282228469848633,420.29132080078125,73.29212951660156,7.6396136,10.0,-1,14.845165
11,562,359.66970777511597,346.3434886932373,261.57891845703125,428.9178466796875,6.2697215,8.0,1,9.937983
1729,562,111.77038526535034,171.17298698425293,13.679595947265625,253.74734497070312,4.53642,16.0,-1,1.6512334
12,562,1067.8682551383972,850.476972579956,969.7774658203125,933.0513305664062,4.253421,10.0,-1,29.44792
17,562,596.0773310661316,532.9790477752686,497.9865417480469,615.5534057617188,4.0164294,8.0,-1,21.680119
1784,562,1714.2240900993347,339.80238151550293,1616.13330078125,422.3767395019531,3.4975233,8.0,-1,13.119865
8,562,1423.0618586540222,289.7238597869873,1324.9710693359375,372.2982177734375,3.2806368,10.0,-1,14.471593
1417,562,110.31807565689087,1043.2525463104248,12.227286338806152,1125.826904296875,0.9732561,14.0,-1,6.50787
4,563,1184.2515406608582,-10.55882453918457,1085.9366455078125,71.89968872070312,74.60734,8.0,1,27.461813
0,563,1371.3251490592957,909.1546459197998,1273.01025390625,991.6131591796875,57.24918,10.0,1,26.58764
1,563,1400.7344508171082,199.60999870300293,1302.4195556640625,282.0685119628906,54.67677,8.0,1,25.89786
2,563,1478.3562769889832,347.3878917694092,1380.0413818359375,429.8464050292969,38.852,8.0,1,26.52107
3,563,993.8065333366394,377.89225578308105,895.4916381835938,460.35076904296875,32.457935,8.0,1,23.169395
1332,563,737.9517359733582,485.14201164245605,639.6368408203125,567.6005249023438,20.895164,18.0,-1,13.503534
6,563,290.4132685661316,302.26786613464355,192.09837341308594,384.72637939453125,10.361537,18.0,-1,9.514868
10,563,520.8958888053894,-8.06004524230957,422.58099365234375,74.39846801757812,9.724938,10.0,-1,17.892654
9,563,1363.7326197624207,1087.3859691619873,1265.417724609375,1169.844482421875,9.192397,8.0,-1,32.191807
11,563,359.9795985221863,346.2307872772217,261.6647033691406,428.6893005371094,5.695516,8.0,1,10.882184
12,563,1066.6651759147644,849.3820629119873,968.3502807617188,931.840576171875,5.524206,10.0,-1,31.79135
1784,563,1710.3590846061707,339.61512565612793,1612.044189453125,422.0736389160156,4.468496,8.0,-1,11.994678
8,563,1423.5846705436707,289.7520580291748,1325.269775390625,372.2105712890625,3.7081442,10.0,-1,18.52112
1729,563,111.96743822097778,172.11625480651855,13.652543067932129,254.57476806640625,2.9210863,16.0,-1,2.1754005
17,563,595.8905787467957,530.4366283416748,497.57568359375,612.8951416015625,2.6692617,8.0,-1,20.221813
1417,563,111.00627660751343,1044.8283519744873,12.691381454467773,1127.286865234375,1.4129761,14.0,-1,7.0928655
4,564,1184.8000330924988,-10.440195083618164,1085.952880859375,72.06258392333984,82.95959,8.0,1,27.831846
0,564,1370.6562342643738,906.473295211792,1271.80908203125,988.97607421875,48.84006,10.0,1,26.84907
1,564,1402.6464686393738,200.19537162780762,1303.79931640625,282.6981506347656,48.435993,8.0,1,26.441261
3,564,993.7587733268738,379.68139457702637,894.91162109375,462.1841735839844,40.44617,8.0,1,22.065445
2,564,1478.9157557487488,345.64721488952637,1380.068603515625,428.1499938964844,35.68742,8.0,1,27.619102
1332,564,736.2574305534363,485.0642375946045,637.4102783203125,567.5670166015625,17.236057,18.0,-1,12.981085
10,564,520.7026209831238,-8.451639175415039,421.85546875,74.05113983154297,15.577432,10.0,-1,18.953896
9,564,1363.6398768424988,1085.7207317352295,1264.792724609375,1168.2235107421875,10.797604,8.0,-1,32.221157
8,564,1424.4710536003113,289.6803569793701,1325.6239013671875,372.1831359863281,7.718024,10.0,-1,21.775677
6,564,285.6216731071472,302.33956718444824,186.77452087402344,384.84234619140625,7.062389,18.0,-1,9.156058
11,564,361.21626234054565,346.14327812194824,262.3691101074219,428.64605712890625,6.489859,8.0,1,13.586295
12,564,1066.71293592453,849.596342086792,967.8657836914062,932.09912109375,4.905148,10.0,-1,32.12542
1729,564,113.51938009262085,171.12731742858887,14.67222785949707,253.63009643554688,4.8837876,16.0,-1,2.9978273
1784,564,1708.9496912956238,341.6438579559326,1610.1025390625,424.1466369628906,3.4916353,8.0,-1,14.0465555
17,564,595.5347743034363,530.9927654266357,496.6876220703125,613.4955444335938,2.3940203,8.0,-1,21.207462
1417,564,111.22150564193726,1045.262357711792,12.374353408813477,1127.76513671875,2.3172257,14.0,-1,7.3665648
4,565,1185.3907008171082,-10.211748123168945,1086.175537109375,72.05682373046875,82.82311,8.0,1,26.682905
0,565,1371.2256617546082,908.0735912322998,1272.010498046875,990.3421630859375,60.30626,10.0,1,27.30058
3,565,993.2812647819519,379.7287120819092,894.0661010742188,461.9972839355469,57.016846,8.0,1,22.000692
1,565,1401.4103541374207,201.38834953308105,1302.1951904296875,283.65692138671875,50.772125,8.0,1,25.19686
2,565,1479.9717555046082,345.50379753112793,1380.756591796875,427.7723693847656,29.574144,8.0,1,26.811428
1332,565,732.9917140007019,487.2829418182373,633.7765502929688,569.551513671875,22.454416,18.0,-1,11.266953
9,565,1362.9314723014832,1087.5192699432373,1263.71630859375,1169.787841796875,11.985065,8.0,-1,35.393436
10,565,522.8433375358582,-9.941095352172852,423.628173828125,72.32747650146484,11.014428,10.0,-1,17.406288
8,565,1421.4380640983582,289.6330394744873,1322.222900390625,371.901611328125,10.756524,8.0,-1,22.393997
6,565,284.14184522628784,301.89723014831543,184.9266815185547,384.1658020019531,10.218867,18.0,-1,10.22961
11,565,361.0077967643738,345.25660514831543,261.7926330566406,427.5251770019531,9.117234,8.0,1,18.298069
12,565,1065.6995387077332,849.3497142791748,966.484375,931.6182861328125,7.936739,10.0,-1,31.932005
1784,565,1709.1581568717957,341.86710929870605,1609.9429931640625,424.13568115234375,5.4542403,8.0,-1,16.84193
1729,565,114.24562215805054,175.31837272644043,15.030458450317383,257.5869445800781,3.9143093,18.0,-1,3.3479629
17,565,596.1060328483582,529.7929515838623,496.890869140625,612.0615234375,2.726065,8.0,-1,19.974047
1417,565,112.97825956344604,1044.4965648651123,13.76309585571289,1126.76513671875,2.3543417,16.0,-1,9.0044155
0,566,1369.6735682487488,909.879602432251,1270.2530517578125,992.3953857421875,57.219532,10.0,1,27.29086
4,566,1185.8124842643738,-10.169981002807617,1086.3919677734375,72.3458023071289,51.668915,8.0,1,27.594925
1,566,1399.7333827018738,201.15072059631348,1300.3128662109375,283.66650390625,42.287823,8.0,1,25.490467
3,566,990.9564051628113,378.0012149810791,891.535888671875,460.5169982910156,31.512472,8.0,1,22.154774
2,566,1483.0837244987488,346.0469608306885,1383.6632080078125,428.562744140625,26.973799,8.0,1,27.087172
1332,566,730.563766002655,487.241174697876,631.1432495117188,569.7569580078125,19.10506,18.0,-1,12.188833
9,566,1358.6878504753113,1089.4004764556885,1259.267333984375,1171.916259765625,9.692857,8.0,-1,32.765156
6,566,284.84016370773315,303.4414005279541,185.41964721679688,385.9571838378906,9.105779,18.0,-1,9.74308
10,566,522.4643702507019,-9.992170333862305,423.0438537597656,72.52361297607422,8.292771,10.0,-1,15.925661
12,566,1064.3447108268738,847.971643447876,964.9241943359375,930.4874267578125,7.790768,10.0,-1,33.402847
11,566,361.38676404953003,345.108118057251,261.96624755859375,427.6239013671875,6.0324054,8.0,1,13.3130045
8,566,1422.9629969596863,289.0364017486572,1323.54248046875,371.55218505859375,5.839065,8.0,-1,21.97982
1784,566,1713.4201502799988,343.07341957092285,1613.9996337890625,425.5892028808594,3.8187082,8.0,-1,16.35724
17,566,597.0038905143738,531.823938369751,497.5833740234375,614.3397216796875,2.6645558,8.0,-1,19.421797
1417,566,115.90558385848999,1043.9131717681885,16.48506736755371,1126.428955078125,1.8811282,14.0,-1,8.001701
1729,566,111.75867700576782,176.60311317443848,12.338160514831543,259.118896484375,1.8233358,18.0,-1,2.0678477
1,567,1399.9071192741394,201.58109855651855,1300.0465087890625,284.86083984375,55.619232,8.0,1,25.801926
4,567,1187.302505016327,-10.185686111450195,1087.44189453125,73.09405517578125,48.01337,8.0,1,27.330687
0,567,1368.1197657585144,910.5438060760498,1268.2591552734375,993.8235473632812,45.83499,10.0,1,28.072012
3,567,990.1995997428894,377.6651439666748,890.3389892578125,460.94488525390625,34.934437,8.0,1,21.567497
2,567,1484.9967188835144,344.5346202850342,1385.1361083984375,427.8143615722656,28.994577,8.0,1,27.707472
1332,567,730.3346095085144,485.9081859588623,630.4739990234375,569.1879272460938,15.045367,18.0,-1,12.066
6,567,283.5441737174988,305.29716300964355,183.68356323242188,388.576904296875,12.879795,20.0,-1,11.718536
9,567,1359.7552638053894,1088.8132762908936,1259.8946533203125,1172.093017578125,11.845359,8.0,-1,33.652733
8,567,1423.7406153678894,290.8018627166748,1323.8800048828125,374.08160400390625,11.033597,8.0,-1,27.746027
10,567,523.2776026725769,-9.617097854614258,423.4169921875,73.66264343261719,10.465897,10.0,-1,17.325672
11,567,366.0425868034363,345.12382316589355,266.1819763183594,428.403564453125,8.983035,8.0,1,13.209233
12,567,1064.1709742546082,848.6109447479248,964.3103637695312,931.8906860351562,8.007211,8.0,-1,36.114082
1784,567,1714.1207423210144,337.4245128631592,1614.2601318359375,420.7042541503906,2.5757887,8.0,-1,14.963079
1729,567,110.6033034324646,178.25526237487793,10.742692947387695,261.5350036621094,2.0418322,18.0,-1,2.8339334
1417,567,115.4316782951355,1042.0242137908936,15.571067810058594,1125.303955078125,1.9008511,14.0,-1,9.713531
17,567,592.3745265007019,531.6882762908936,492.513916015625,614.968017578125,1.041346,8.0,-1,14.614736
4,568,1187.9958791732788,-11.891084671020508,1087.78369140625,72.42057800292969,63.001446,8.0,1,28.457684
1,568,1399.8877248764038,201.4922924041748,1299.675537109375,285.803955078125,57.811966,8.0,1,26.814566
3,568,990.2899465560913,377.72270011901855,890.0777587890625,462.03436279296875,56.460423,8.0,1,22.969837
0,568,1366.1907033920288,908.387861251831,1265.978515625,992.6995239257812,43.40985,10.0,1,28.25031
2,568,1486.3937063217163,344.37956047058105,1386.1815185546875,428.69122314453125,28.050665,8.0,1,27.617844
1332,568,731.4273366928101,486.0224437713623,631.2151489257812,570.3341064453125,19.88387,18.0,-1,10.937062
6,568,281.66754055023193,305.2396068572998,181.45535278320312,389.55126953125,12.956078,20.0,-1,10.836498
12,568,1065.5206594467163,848.9336376190186,965.3084716796875,933.2453002929688,9.387582,10.0,-1,34.941826
10,568,523.4443044662476,-11.031335830688477,423.23211669921875,73.28032684326172,8.934823,10.0,-1,18.6112
9,568,1358.4941701889038,1087.2498607635498,1258.281982421875,1171.5615234375,8.171964,8.0,-1,33.41626
8,568,1421.6915578842163,291.36552238464355,1321.4793701171875,375.67718505859375,7.8111777,8.0,-1,23.12581
11,568,364.9781484603882,346.0579357147217,264.7659606933594,430.3695983886719,7.6817226,8.0,1,10.790453
1784,568,1714.6482229232788,336.48502922058105,1614.43603515625,420.79669189453125,2.2723372,8.0,-1,14.482375
1729,568,110.6226978302002,179.2353343963623,10.410510063171387,263.5469970703125,2.0647838,18.0,-1,0.063268244
17,568,591.2088918685913,535.4629344940186,490.9967041015625,619.7745971679688,2.0443852,8.0,-1,18.9009
1417,568,114.45261192321777,1044.2811107635498,14.240424156188965,1128.5927734375,1.9256945,14.0,-1,14.636263
0,569,1364.6590476036072,907.4934978485107,1264.504150390625,992.0148315429688,85.50094,10.0,1,28.75518
4,569,1188.0178122520447,-12.682619094848633,1087.8629150390625,71.83871459960938,72.98037,8.0,1,28.648428
1,569,1397.8917136192322,201.29257011413574,1297.73681640625,285.81390380859375,69.817856,8.0,1,26.726128
3,569,988.6158957481384,376.97582817077637,888.4609985351562,461.4971618652344,40.335358,8.0,1,19.70261
2,569,1488.2209372520447,344.27404594421387,1388.0660400390625,428.7953796386719,30.668196,8.0,1,28.265533
1332,569,729.2877707481384,488.75399589538574,629.1328735351562,573.2753295898438,17.741388,18.0,-1,11.111683
6,569,281.93782567977905,302.68832206726074,181.78292846679688,387.20965576171875,14.226066,20.0,-1,11.348018
10,569,522.6096701622009,-10.681596755981445,422.45477294921875,73.83973693847656,11.053983,10.0,-1,19.040783
12,569,1066.3076071739197,848.1341228485107,966.1527099609375,932.6554565429688,9.339982,10.0,-1,35.531334
8,569,1421.4106345176697,293.8510112762451,1321.2557373046875,378.3723449707031,9.042541,8.0,-1,26.253828
9,569,1358.9763083457947,1087.355375289917,1258.8214111328125,1171.876708984375,9.015235,8.0,-1,32.821255
11,569,366.28670263290405,346.35925102233887,266.1318054199219,430.8805847167969,7.277315,8.0,1,9.833951
1784,569,1714.2036032676697,339.27441215515137,1614.0487060546875,423.7957458496094,3.544012,8.0,-1,15.659273
17,569,592.3561606407166,534.6427898406982,492.2012634277344,619.1641235351562,2.474636,8.0,-1,18.11659
1862,569,1049.0654196739197,254.48092460632324,948.9105224609375,339.00225830078125,2.3525794,14.0,-1,23.710175
1417,569,114.4306788444519,1044.869535446167,14.275781631469727,1129.390869140625,2.1148093,12.0,-1,15.556522
1729,569,111.10424566268921,179.42205619812012,10.949348449707031,263.9433898925781,1.5612302,18.0,-1,1.4301986
0,570,1365.6197409629822,907.5088634490967,1265.4600830078125,992.1302490234375,79.71553,10.0,1,29.163887
4,570,1188.2602438926697,-12.91392707824707,1088.1005859375,71.70745849609375,70.80533,8.0,1,27.46868
1,570,1397.6337790489197,201.2772045135498,1297.47412109375,285.8985900878906,52.713757,8.0,1,26.262817
3,570,987.9957175254822,377.3614330291748,887.8360595703125,461.9828186035156,43.71747,8.0,1,23.75576
2,570,1489.6978659629822,342.80335807800293,1389.5382080078125,427.42474365234375,27.404593,8.0,1,28.75403
1332,570,728.1000876426697,491.6225109100342,627.9404296875,576.243896484375,16.076357,18.0,-1,11.234838
10,570,520.3444418907166,-10.86918830871582,420.1847839355469,73.752197265625,13.485963,10.0,-1,19.477428
6,570,280.4690451622009,306.05778312683105,180.30938720703125,390.6791687011719,10.759647,20.0,-1,13.685571
8,570,1422.0151267051697,293.3294200897217,1321.85546875,377.9508056640625,9.457105,8.0,-1,23.546335
9,570,1360.2974753379822,1086.3697032928467,1260.1378173828125,1170.9910888671875,9.396493,8.0,-1,30.963991
12,570,1066.3739523887634,847.8483409881592,966.2142944335938,932.4697265625,8.690549,8.0,-1,35.928917
11,570,367.79707860946655,345.41847038269043,267.6374206542969,430.03985595703125,6.8063407,8.0,1,6.9042797
17,570,592.389974117279,535.5404796600342,492.2303161621094,620.161865234375,3.0024173,8.0,-1,18.915533
1784,570,1714.1697897911072,339.7477855682373,1614.0101318359375,424.3691711425781,2.714058,8.0,-1,14.323824
1729,570,109.02428865432739,183.04887199401855,8.864630699157715,267.6702575683594,2.313302,18.0,-1,3.0659668
1417,570,113.2507586479187,1046.5352306365967,13.091100692749023,1131.1566162109375,1.2530066,12.0,-1,17.96042
0,571,1366.2599081993103,907.0778331756592,1266.01611328125,992.0825805664062,89.004875,10.0,1,28.917185
4,571,1190.1308798789978,-13.121004104614258,1089.8870849609375,71.88374328613281,71.359856,8.0,1,29.4626
1,571,1399.2791953086853,202.85639762878418,1299.035400390625,287.86114501953125,49.555054,8.0,1,25.344337
3,571,986.8067831993103,379.53370475769043,886.56298828125,464.5384521484375,30.67269,8.0,1,20.524242
2,571,1489.9757285118103,343.47855949401855,1389.73193359375,428.4833068847656,21.686546,8.0,1,29.238249
1332,571,726.4118247032166,489.74281120300293,626.1680297851562,574.74755859375,19.695791,18.0,-1,11.34963
6,571,280.4690451622009,308.21351432800293,180.22525024414062,393.21826171875,16.071123,22.0,-1,13.526939
8,571,1424.1648154258728,291.00648307800293,1323.9210205078125,376.01123046875,10.720414,10.0,-1,21.83214
12,571,1065.6960654258728,847.1006603240967,965.4522705078125,932.1054077148438,10.579173,8.0,-1,35.986027
9,571,1363.2899374961853,1085.092420578003,1263.046142578125,1170.09716796875,10.250658,8.0,-1,30.50701
10,571,519.9689536094666,-10.07078742980957,419.72515869140625,74.9339599609375,8.943212,10.0,-1,19.21023
11,571,366.27107763290405,344.9481029510498,266.02728271484375,429.9528503417969,8.868846,8.0,1,5.0993233
17,571,592.8082175254822,535.5404796600342,492.5644226074219,620.5452270507812,2.9505653,8.0,-1,20.307022
1784,571,1714.0141806602478,340.06376457214355,1613.7703857421875,425.0685119628906,2.9033558,8.0,-1,13.38968
1417,571,112.43466234207153,1047.2917613983154,12.19086742401123,1132.2965087890625,1.5828313,10.0,-1,23.931221
0,572,1365.617238521576,905.6085109710693,1266.002197265625,990.77685546875,69.38688,10.0,1,28.82168
4,572,1190.124562740326,-13.121004104614258,1090.509521484375,72.0473403930664,58.42409,8.0,1,28.03659
1,572,1400.5504660606384,203.0703945159912,1300.9354248046875,288.2387390136719,49.836674,8.0,1,25.123962
3,572,986.1353659629822,380.60341453552246,886.5203247070312,465.7717590332031,37.877712,8.0,1,19.718163
2,572,1490.1229758262634,344.6216335296631,1390.5079345703125,429.78997802734375,32.116608,8.0,1,27.520922
6,572,279.4198966026306,307.6241054534912,179.8048553466797,392.7924499511719,18.872389,20.0,-1,13.215921
1332,572,725.5775046348572,486.36717796325684,625.9624633789062,571.5355224609375,17.112154,18.0,-1,12.620429
9,572,1361.988576412201,1085.0418605804443,1262.37353515625,1170.210205078125,10.800706,8.0,-1,31.885448
10,572,519.3859457969666,-8.976953506469727,419.7709045410156,76.19139099121094,10.353104,10.0,-1,21.078417
8,572,1425.654347896576,291.4229030609131,1326.039306640625,376.59124755859375,9.666675,8.0,-1,23.18689
12,572,1067.2670798301697,849.3371486663818,967.6520385742188,934.5054931640625,9.434978,10.0,-1,34.427094
11,572,366.27107763290405,346.46205711364746,266.6560363769531,431.6304016113281,7.745971,8.0,1,5.1113634
1862,572,1048.2003073692322,254.3521327972412,948.5852661132812,339.5204772949219,4.911004,14.0,-1,22.920841
17,572,595.1523337364197,534.8300075531006,495.53729248046875,619.9983520507812,3.480614,8.0,-1,21.074842
1784,572,1715.9369406700134,339.0830898284912,1616.3218994140625,424.2514343261719,3.3098137,8.0,-1,11.930903
1417,572,113.21557664871216,1046.2723293304443,13.60053539276123,1131.440673828125,2.900102,10.0,-1,22.526564
1729,572,107.95128870010376,182.8356227874756,8.336247444152832,268.00396728515625,2.672766,18.0,-1,2.2998621
0,573,1364.6115851402283,905.1642055511475,1265.63037109375,990.1211547851562,70.35842,10.0,1,29.579803
4,573,1186.9770636558533,-12.762247085571289,1087.995849609375,72.1947021484375,69.86202,8.0,1,28.754145
1,573,1400.6920294761658,203.0132350921631,1301.7108154296875,287.9701843261719,52.390636,8.0,1,26.730206
3,573,984.9326910972595,381.03014183044434,885.9514770507812,465.9870910644531,42.44471,8.0,1,23.378656
2,573,1490.1872687339783,344.29527854919434,1391.2060546875,429.2522277832031,29.26094,8.0,1,27.453556
1332,573,723.6894659996033,485.1775722503662,624.708251953125,570.134521484375,17.083384,18.0,-1,10.968344
6,573,279.35560369491577,306.9462184906006,180.3743896484375,391.9031677246094,14.812011,20.0,-1,12.198692
12,573,1067.9036993980408,851.1264247894287,968.9224853515625,936.0833740234375,11.291558,10.0,-1,32.111256
9,573,1359.4998908042908,1086.6513271331787,1260.5186767578125,1171.6082763671875,9.532602,8.0,-1,33.222782
10,573,519.6043219566345,-11.418413162231445,420.62310791015625,73.53853607177734,8.541558,10.0,-1,19.192078
8,573,1426.6566290855408,291.1786708831787,1327.6754150390625,376.1356201171875,7.97613,8.0,-1,22.006397
11,573,367.1446051597595,346.5192165374756,268.16339111328125,431.4761657714844,6.1217957,14.0,-1,0.25355887
17,573,595.2776312828064,536.21217918396,496.2964172363281,621.1691284179688,2.7974374,8.0,-1,20.621943
1417,573,110.66161680221558,1048.9662685394287,11.680402755737305,1133.9232177734375,2.1567647,10.0,-1,20.485071
1784,573,1720.6905646324158,340.5420742034912,1621.7093505859375,425.4990234375,1.9852982,8.0,-1,13.183839
1729,573,107.52467012405396,180.99193382263184,8.543456077575684,265.9488830566406,1.2931134,20.0,-1,2.865248
0,574,1364.8865485191345,905.076696395874,1265.214111328125,989.8969116210938,70.21346,10.0,1,29.203362
4,574,1190.183789730072,-10.813020706176758,1090.5113525390625,74.00719451904297,68.25308,8.0,1,27.789314
1,574,1400.4170660972595,203.2135066986084,1300.74462890625,288.0337219238281,65.57719,8.0,1,25.333296
2,574,1490.548535823822,343.90021324157715,1390.8760986328125,428.7204284667969,38.141262,8.0,1,27.744555
3,574,983.5089240074158,381.3746700286865,883.8364868164062,466.19488525390625,33.918697,8.0,1,22.4718
6,574,280.75542974472046,305.4450435638428,181.08299255371094,390.2652587890625,22.114845,20.0,-1,12.782382
1332,574,722.8076300621033,483.6463985443115,623.1351928710938,568.4666137695312,20.7433,18.0,-1,10.6695175
10,574,521.6294074058533,-10.593988418579102,421.95697021484375,74.22622680664062,12.793858,10.0,-1,19.846123
12,574,1067.0676398277283,853.7270259857178,967.3952026367188,938.5472412109375,11.222615,10.0,-1,30.203087
1879,574,1721.7024664878845,96.81480979919434,1622.030029296875,181.63502502441406,11.03202,6.0,1,5.1808796
9,574,1358.976514339447,1087.3046627044678,1259.3040771484375,1172.1248779296875,9.5043955,8.0,-1,30.956596
11,574,368.8807806968689,345.0985164642334,269.2083435058594,429.9187316894531,7.00215,14.0,-1,3.1243443
8,574,1428.7219977378845,291.1400508880615,1329.049560546875,375.96026611328125,5.877632,8.0,-1,21.696808
1862,574,1043.6320929527283,252.78717613220215,943.9596557617188,337.6073913574219,4.3264003,16.0,-1,17.72846
17,574,594.4465460777283,535.2194576263428,494.77410888671875,620.0396728515625,4.0905986,8.0,-1,19.986227
1784,574,1721.466504573822,342.8697872161865,1621.7940673828125,427.69000244140625,2.6368055,8.0,-1,15.092241
1729,574,106.75566101074219,181.03055381774902,7.083223819732666,265.85076904296875,2.3626816,20.0,-1,2.3167992
1417,574,108.40142774581909,1048.4500484466553,8.72899055480957,1133.270263671875,1.4896011,10.0,-1,18.152086
4,575,1192.5135626792908,-13.080606460571289,1091.9569091796875,71.92898559570312,71.620155,8.0,1,29.143818
0,575,1364.8624396324158,906.9611110687256,1264.3057861328125,991.970703125,58.6825,10.0,1,28.283466
1,575,1400.3910040855408,203.29213523864746,1299.8343505859375,288.3017272949219,55.767593,8.0,1,26.719433
3,575,983.5330328941345,381.29604148864746,882.9763793945312,466.3056335449219,29.492516,8.0,1,21.966396
2,575,1489.6374640464783,342.62123680114746,1389.080810546875,427.6308288574219,27.87584,8.0,1,27.530077
1332,575,720.6878790855408,483.31627464294434,620.1312255859375,568.3258666992188,22.35977,16.0,-1,10.398306
12,575,1068.0073370933533,856.9901638031006,967.45068359375,941.999755859375,14.075447,10.0,-1,30.99634
6,575,281.7979712486267,301.41737937927246,181.24131774902344,386.4269714355469,12.806762,20.0,-1,13.724291
1879,575,1720.4686408042908,95.59062767028809,1619.9119873046875,180.6002197265625,11.9010935,6.0,1,6.1693707
10,575,522.173291683197,-10.173601150512695,421.61663818359375,74.83599090576172,10.949047,10.0,-1,19.035086
11,575,367.31345891952515,347.4280300140381,266.7568054199219,432.4376220703125,8.705714,14.0,-1,4.029234
9,575,1356.4143195152283,1088.336477279663,1255.857666015625,1173.3460693359375,8.353908,8.0,-1,29.038168
8,575,1431.2464728355408,292.3651943206787,1330.6898193359375,377.3747863769531,5.606762,8.0,-1,21.51703
1784,575,1719.3667120933533,343.1462917327881,1618.81005859375,428.1558837890625,3.4487135,8.0,-1,18.510323
17,575,596.8485541343689,530.9743556976318,496.2919006347656,615.9839477539062,2.9355965,8.0,-1,18.699732
1417,575,108.76099920272827,1046.609182357788,8.204345703125,1131.6187744140625,1.1348102,12.0,-1,13.828239
0,576,1364.488690853119,905.7507266998291,1264.0130615234375,990.2645874023438,71.023994,10.0,1,29.198574
4,576,1192.504315853119,-13.680387496948242,1092.0286865234375,70.8334732055664,63.641293,8.0,1,29.051281
1,576,1401.0398383140564,203.39602088928223,1300.564208984375,287.9098815917969,56.464176,8.0,1,25.82919
2,576,1488.994061946869,339.8885440826416,1388.5184326171875,424.40240478515625,39.041695,8.0,1,26.58437
3,576,985.1064887046814,383.0132694244385,884.630859375,467.5271301269531,31.75699,8.0,1,20.236721
1879,576,1718.539716243744,97.42969703674316,1618.0640869140625,181.9435577392578,23.250711,6.0,1,4.739924
6,576,284.6997046470642,301.00994300842285,184.2240753173828,385.5238037109375,15.585728,20.0,-1,13.500631
1332,576,720.5572943687439,486.0576114654541,620.0816650390625,570.5714721679688,15.08545,16.0,-1,11.297446
10,576,520.7965521812439,-10.277486801147461,420.3209228515625,74.23637390136719,11.121293,10.0,-1,20.451317
12,576,1068.0165839195251,856.3030948638916,967.5409545898438,940.8169555664062,7.8350806,10.0,-1,29.499792
8,576,1432.496259212494,291.5199222564697,1332.0206298828125,376.0337829589844,7.762964,8.0,-1,23.861647
11,576,366.2427496910095,350.89141273498535,265.7671203613281,435.4052734375,7.633594,14.0,-1,4.8449535
9,576,1356.343915462494,1090.8453922271729,1255.8682861328125,1175.3592529296875,6.5652027,8.0,-1,25.829311
1784,576,1720.215253353119,345.38909339904785,1619.7396240234375,429.9029541015625,5.2237773,8.0,-1,19.522488
17,576,598.2433905601501,531.4681949615479,497.76776123046875,615.9820556640625,4.1120887,8.0,-1,20.344872
1417,576,109.50826025009155,1045.2842350006104,9.032630920410156,1129.798095703125,0.6909506,12.0,-1,12.941982
1,577,1401.3084540367126,203.39602088928223,1300.33203125,287.9197692871094,59.620697,8.0,1,26.289055
0,577,1366.2740302085876,904.4042301177979,1265.297607421875,988.927978515625,54.661594,10.0,1,29.383202
4,577,1191.7194647789001,-14.483076095581055,1090.7430419921875,70.0406723022461,52.45128,8.0,1,28.74603
2,577,1488.8328680992126,339.2482852935791,1387.8564453125,423.77203369140625,43.477158,8.0,1,28.32906
3,577,985.1064887046814,383.4526615142822,884.1300659179688,467.9764099121094,30.298632,8.0,1,21.90526
1332,577,721.0430731773376,489.70952796936035,620.066650390625,574.2332763671875,18.553652,16.0,-1,11.76329
1879,577,1718.8835272789001,99.16257667541504,1617.9071044921875,183.6863250732422,17.502424,6.0,1,4.831897
6,577,283.1936774253845,304.1927433013916,182.21725463867188,388.71649169921875,15.216755,22.0,-1,13.340219
9,577,1354.6812567710876,1089.4686832427979,1253.704833984375,1173.992431640625,12.73827,8.0,-1,33.23896
12,577,1066.0127997398376,856.9125308990479,965.036376953125,941.436279296875,10.507862,10.0,-1,28.765224
10,577,521.223096370697,-12.526899337768555,420.2466735839844,71.9968490600586,9.61453,10.0,-1,20.270815
8,577,1431.4091620445251,291.5904788970947,1330.4327392578125,376.1142272949219,9.10105,8.0,-1,24.067734
11,577,365.2725348472595,350.816125869751,264.2961120605469,435.3398742675781,5.206496,14.0,-1,7.642553
1784,577,1721.3090643882751,341.4538822174072,1620.3326416015625,425.9776306152344,4.3879523,8.0,-1,18.01809
17,577,598.3173651695251,533.5916690826416,497.3409423828125,618.1154174804688,3.717677,8.0,-1,20.912426
0,578,1365.922772884369,902.9085636138916,1264.073974609375,988.2385864257812,72.94328,10.0,1,28.748571
4,578,1193.8901801109314,-13.121984481811523,1092.0413818359375,72.20803833007812,72.49828,8.0,1,29.268139
1,578,1403.3950629234314,203.39602088928223,1301.5462646484375,288.7260437011719,43.141514,8.0,1,26.358856
2,578,1487.6518988609314,337.1158084869385,1385.8031005859375,422.4458312988281,39.67258,8.0,1,27.805584
3,578,986.5706000328064,382.5321292877197,884.7218017578125,467.8621520996094,32.231674,8.0,1,21.016455
1332,578,717.6349921226501,490.9752140045166,615.7861938476562,576.3052368164062,17.819445,16.0,-1,10.738193
6,578,282.99192571640015,304.168420791626,181.14312744140625,389.4984436035156,15.4619055,22.0,-1,13.671148
1879,578,1716.473309993744,97.16884803771973,1614.62451171875,182.49887084960938,12.9091425,6.0,1,5.764681
11,578,365.2725348472595,350.8924808502197,263.4237365722656,436.2225036621094,8.832545,14.0,-1,7.9808846
9,578,1355.5034613609314,1089.0399723052979,1253.6546630859375,1174.3699951171875,8.348481,8.0,-1,28.104252
10,578,520.7282843589783,-11.537389755249023,418.8794860839844,73.79263305664062,8.312673,10.0,-1,18.235834
12,578,1070.6623358726501,858.2886905670166,968.8135375976562,943.6187133789062,8.291198,10.0,-1,26.621212
8,578,1432.088788509369,292.0215091705322,1330.239990234375,377.3515319824219,6.5184464,8.0,-1,20.167841
1862,578,1045.146405696869,250.73018836975098,943.297607421875,336.0602111816406,4.3772283,14.0,-1,23.615307
1784,578,1720.7395453453064,338.8206424713135,1618.8907470703125,424.1506652832031,3.0571702,8.0,-1,19.41986
17,578,599.5396552085876,536.6617984771729,497.69085693359375,621.9918212890625,2.4314082,8.0,-1,18.237366
0,579,1365.9346747398376,902.2863254547119,1263.8463134765625,987.6491088867188,67.62534,10.0,1,29.159466
4,579,1192.3145575523376,-13.173772811889648,1090.2261962890625,72.18901062011719,53.026386,8.0,1,28.682722
1,579,1403.9446845054626,205.04184913635254,1301.8563232421875,290.4046325683594,37.726215,8.0,1,25.656744
3,579,988.2104315757751,382.7797336578369,886.1220703125,468.14251708984375,32.64671,8.0,1,22.533072
2,579,1487.6399970054626,338.14490699768066,1385.5516357421875,423.5076904296875,30.66297,8.0,1,27.083454
6,579,283.88026189804077,305.5505771636963,181.79190063476562,390.9133605957031,15.340903,22.0,-1,12.806679
1332,579,715.9561591148376,490.53736305236816,613.8677978515625,575.900146484375,15.140286,16.0,-1,9.39304
1879,579,1715.2436347007751,96.6989688873291,1613.1552734375,182.06175231933594,14.372945,6.0,1,5.252023
9,579,1352.1071600914001,1088.5323581695557,1250.018798828125,1173.8951416015625,12.8131,8.0,-1,30.532045
10,579,524.2903265953064,-11.413267135620117,422.20196533203125,73.94951629638672,12.276558,10.0,-1,23.524942
12,579,1071.3294501304626,859.0911960601807,969.2410888671875,944.4539794921875,12.043836,10.0,-1,27.223976
11,579,366.14256048202515,350.66358375549316,264.05419921875,436.0263671875,11.754115,14.0,-1,8.477342
8,579,1430.4567694664001,292.65125465393066,1328.368408203125,378.0140380859375,7.2078805,10.0,-1,19.969116
1784,579,1720.0085272789001,338.78635597229004,1617.920166015625,424.1491394042969,4.4736624,8.0,-1,20.642113
1862,579,1045.390302181244,250.7644748687744,943.3019409179688,336.12725830078125,3.2074172,14.0,-1,23.551352
17,579,599.3168768882751,536.0517063140869,497.228515625,621.4144897460938,2.1309974,8.0,-1,18.755005
0,580,1363.9074530601501,900.3248081207275,1262.186279296875,985.9324340820312,73.491295,10.0,1,27.967625
4,580,1191.7906317710876,-13.358831405639648,1090.0694580078125,72.24879455566406,61.588577,8.0,1,28.64711
3,580,987.7833685874939,382.37314796447754,886.0621948242188,467.98077392578125,51.59674,8.0,1,22.454836
1,580,1405.5015692710876,205.13868141174316,1303.7803955078125,290.7463073730469,47.00115,8.0,1,25.612314
2,580,1488.0755438804626,338.9748935699463,1386.3543701171875,424.58251953125,32.72505,8.0,1,26.616796
1332,580,715.8676581382751,490.44053077697754,614.146484375,576.0481567382812,16.411314,16.0,-1,9.028514
6,580,282.5162024497986,306.97644996643066,180.79502868652344,392.5840759277344,15.448402,22.0,-1,11.930645
12,580,1070.1336493492126,860.6409091949463,968.4124755859375,946.24853515625,13.768959,10.0,-1,24.79215
1879,580,1716.1325507164001,94.92939186096191,1614.411376953125,180.53701782226562,13.254981,6.0,1,5.615543
9,580,1351.6895575523376,1089.9601230621338,1249.9683837890625,1175.5677490234375,12.356389,8.0,-1,31.568462
8,580,1431.8361639976501,294.26062965393066,1330.114990234375,379.8682556152344,12.184085,8.0,-1,25.547785
10,580,525.4648566246033,-14.567968368530273,423.7436828613281,71.03965759277344,8.780777,10.0,-1,21.770594
11,580,366.76319646835327,349.99463844299316,265.0420227050781,435.6022644042969,5.4218936,14.0,-1,9.590015
1862,580,1045.4788031578064,252.15281105041504,943.7576293945312,337.76043701171875,5.108834,14.0,-1,24.868196
1784,580,1716.4979071617126,336.6955051422119,1614.7767333984375,422.3031311035156,3.593323,8.0,-1,20.27512
17,580,599.4716925621033,537.0831699371338,497.7505187988281,622.6907958984375,2.5752642,8.0,-1,18.471056
0,581,1366.0650458335876,900.200963973999,1264.35107421875,986.1063232421875,66.81623,10.0,1,27.950562
2,581,1487.8493475914001,340.2899532318115,1386.1353759765625,426.1953125,60.66702,8.0,1,25.37633
4,581,1191.7365546226501,-12.777292251586914,1090.0225830078125,73.12806701660156,54.249958,8.0,1,27.833002
1,581,1405.5556464195251,203.72543907165527,1303.8416748046875,289.63079833984375,51.450428,8.0,1,26.18848
3,581,988.7943549156189,383.1547908782959,887.0803833007812,469.0601501464844,20.850294,8.0,1,21.31806
1332,581,715.7987494468689,492.4612789154053,614.0847778320312,578.3666381835938,19.540247,16.0,-1,11.917412
6,581,278.7238440513611,304.2594966888428,177.00987243652344,390.16485595703125,14.30951,22.0,-1,13.029849
1879,581,1719.0922675132751,93.08669090270996,1617.3782958984375,178.99205017089844,12.376676,6.0,1,5.5466623
12,581,1069.3065009117126,861.9100093841553,967.592529296875,947.8153686523438,11.469274,10.0,-1,25.758286
10,581,527.0901618003845,-14.561983108520508,425.3761901855469,71.34337615966797,10.302791,10.0,-1,20.9556
9,581,1352.1523261070251,1089.954137802124,1250.4383544921875,1175.8594970703125,10.175905,8.0,-1,30.742481
8,581,1432.8074774742126,293.8412837982178,1331.093505859375,379.74664306640625,9.510856,8.0,-1,26.341848
11,581,366.7002387046814,351.44513511657715,264.98626708984375,437.3504943847656,7.0088615,14.0,-1,9.515261
1784,581,1713.6764960289001,333.6730709075928,1611.9625244140625,419.57843017578125,3.7031004,8.0,-1,19.247488
1862,581,1044.166425228119,252.24118614196777,942.4524536132812,338.14654541015625,3.5908115,14.0,-1,25.668049
17,581,601.7425360679626,535.5275630950928,500.028564453125,621.4329223632812,2.641815,8.0,-1,19.616785
0,582,1366.0227484703064,900.521032333374,1264.4970703125,986.9608154296875,56.580242,10.0,1,28.293821
1,582,1405.7849555015564,203.5985164642334,1304.25927734375,290.0382995605469,50.975708,8.0,1,25.678333
2,582,1487.4539008140564,340.3348751068115,1385.92822265625,426.774658203125,43.42784,8.0,1,26.062912
4,582,1192.0620551109314,-11.82817268371582,1090.536376953125,74.61161041259766,39.82227,8.0,1,27.980309
3,582,987.5406317710876,381.2979793548584,886.0149536132812,467.7377624511719,34.795464,8.0,1,21.667547
1332,582,715.8410468101501,497.068151473999,614.3153686523438,583.5079345703125,20.03496,18.0,-1,12.770853
6,582,278.46961736679077,303.0242977142334,176.94393920898438,389.4640808105469,14.984767,24.0,-1,11.7290535
1879,582,1720.053876399994,93.46300315856934,1618.5281982421875,179.9027862548828,14.795524,6.0,1,4.2836304
10,582,529.4536871910095,-14.288949966430664,427.9280090332031,72.15083312988281,13.160127,10.0,-1,23.460026
12,582,1069.9289374351501,863.4423580169678,968.4032592773438,949.8821411132812,11.28648,10.0,-1,29.533388
9,582,1352.8679633140564,1089.6673946380615,1251.34228515625,1176.107177734375,9.28346,8.0,-1,30.551908
11,582,365.1326422691345,350.2927303314209,263.6069641113281,436.7325134277344,8.350215,14.0,-1,10.108002
8,582,1433.971601009369,294.249547958374,1332.4459228515625,380.6893310546875,7.188389,8.0,-1,24.387972
17,582,601.4910407066345,533.5542964935303,499.9653625488281,619.9940795898438,4.1519814,8.0,-1,18.877861
1784,582,1713.1965765953064,333.6281490325928,1611.6708984375,420.06793212890625,3.968734,8.0,-1,20.181208
1862,582,1041.9634222984314,251.18829917907715,940.437744140625,337.6280822753906,3.3144214,14.0,-1,20.774292
0,583,1365.8992133140564,899.9397792816162,1263.992431640625,986.638671875,67.22498,10.0,1,28.78052
1,583,1407.807294368744,205.00795555114746,1305.9005126953125,291.70684814453125,59.895977,8.0,1,26.152222
4,583,1191.863690853119,-11.17875862121582,1089.9569091796875,75.52013397216797,51.860016,8.0,1,27.769957
2,583,1485.9309515953064,340.01646995544434,1384.024169921875,426.7153625488281,49.751965,8.0,1,25.9825
3,583,989.2386298179626,379.3261318206787,887.3318481445312,466.0250244140625,31.809282,8.0,1,22.001251
1332,583,716.1788153648376,499.48158836364746,614.2720336914062,586.1804809570312,23.12233,18.0,-1,12.608617
1879,583,1718.5850043296814,91.25029563903809,1616.67822265625,177.94918823242188,15.557522,6.0,1,4.2388144
12,583,1070.0524725914001,863.760763168335,968.1456909179688,950.4596557617188,12.676364,10.0,-1,29.654737
10,583,532.338330745697,-14.899065017700195,430.4315490722656,71.7998275756836,11.828114,10.0,-1,22.38252
6,583,273.5170874595642,304.1089382171631,171.6103057861328,390.8078308105469,11.196781,22.0,-1,12.839214
11,583,365.76731634140015,351.0441188812256,263.86053466796875,437.7430114746094,11.069531,14.0,-1,9.6036415
9,583,1353.898114681244,1088.9059658050537,1251.9913330078125,1175.6048583984375,9.977958,8.0,-1,31.462646
8,583,1433.843427181244,297.51772117614746,1331.9366455078125,384.21661376953125,8.606281,8.0,-1,24.913158
1862,583,1043.2046332359314,250.8500270843506,941.2978515625,337.5489196777344,4.0436945,14.0,-1,21.536354
17,583,601.3081183433533,531.34987449646,499.4013366699219,618.0487670898438,3.701255,8.0,-1,19.311287
1784,583,1709.229413509369,335.10402488708496,1607.3226318359375,421.80291748046875,3.0693455,8.0,-1,17.686125
1897,583,1563.8108344078064,109.0408992767334,1461.904052734375,195.7397918701172,0.9307901,16.0,-1,0.31684715
0,584,1366.2566962242126,899.644208908081,1264.053955078125,986.255859375,85.29858,10.0,1,28.862951
1,584,1406.4509100914001,205.13905143737793,1304.2481689453125,291.7507019042969,48.047016,8.0,1,26.384153
4,584,1190.7740302085876,-11.17875862121582,1088.5712890625,75.43289184570312,40.52963,8.0,1,26.561338
2,584,1485.3696112632751,339.8987865447998,1383.1668701171875,426.51043701171875,37.491367,8.0,1,25.478601
3,584,990.3221869468689,378.1854076385498,888.1194458007812,464.79705810546875,31.240679,8.0,1,22.923035
6,584,275.5953803062439,305.4688243865967,173.39263916015625,392.0804748535156,16.918167,22.0,-1,11.958921
1332,584,716.1332221031189,503.03764152526855,613.9304809570312,589.6492919921875,15.279082,18.0,-1,12.772643
1879,584,1719.3202948570251,89.34492301940918,1617.1175537109375,175.95657348632812,13.098488,6.0,1,5.7911153
10,584,536.138867855072,-14.857553482055664,433.9361267089844,71.75409698486328,12.459296,10.0,-1,25.20635
9,584,1354.2342352867126,1084.736249923706,1252.031494140625,1171.347900390625,10.335666,8.0,-1,34.66252
8,584,1434.1587958335876,296.96265983581543,1331.9560546875,383.5743103027344,8.561442,8.0,-1,25.794592
11,584,364.7483649253845,350.27308464050293,262.5456237792969,436.8847351074219,8.046581,14.0,-1,8.931311
12,584,1068.5229926109314,866.7225170135498,966.3202514648438,953.3341674804688,6.761251,10.0,-1,28.5267
1862,584,1043.2046332359314,250.0976390838623,941.0018920898438,336.70928955078125,5.059002,14.0,-1,19.031385
1784,584,1707.8550848960876,335.32642936706543,1605.65234375,421.9380798339844,3.781145,8.0,-1,21.553375
17,584,603.6215949058533,532.064863204956,501.4188537597656,618.676513671875,2.1197615,8.0,-1,17.253944
1897,584,1557.1602606773376,111.40882682800293,1454.95751953125,198.02047729492188,0.696954,18.0,-1,1.2438545
0,585,1367.2309699058533,900.1406078338623,1264.3646240234375,986.4876708984375,73.56692,10.0,1,28.494642
4,585,1192.6764044761658,-12.104196548461914,1089.81005859375,74.24286651611328,62.79875,8.0,1,29.24194
2,585,1484.8045783042908,340.5207347869873,1381.938232421875,426.8677978515625,41.29694,8.0,1,24.385149
1,585,1407.7948126792908,206.0159740447998,1304.928466796875,292.363037109375,37.21283,8.0,1,25.41768
3,585,989.760205745697,377.5460033416748,886.8938598632812,463.89306640625,34.17348,8.0,1,21.383749
1332,585,716.7979254722595,505.47453117370605,613.9315795898438,591.8215942382812,22.799873,18.0,-1,11.69424
6,585,273.63409185409546,305.0105724334717,170.7677459716797,391.3576354980469,15.242639,22.0,-1,11.468777
1879,585,1721.2523322105408,88.77999687194824,1618.385986328125,175.12705993652344,13.456912,6.0,1,2.7470999
10,585,534.703320980072,-14.272638320922852,431.83697509765625,72.07442474365234,10.635221,10.0,-1,26.252457
12,585,1069.0498785972595,867.6805248260498,966.1835327148438,954.027587890625,10.632514,10.0,-1,28.711071
11,585,364.7483649253845,350.27308464050293,261.88201904296875,436.6201477050781,7.7731533,14.0,-1,10.894239
1862,585,1043.5839972496033,252.31056022644043,940.7176513671875,338.6576232910156,7.2805347,14.0,-1,19.367739
9,585,1352.9107794761658,1081.7293529510498,1250.04443359375,1168.076416015625,7.2196445,8.0,-1,25.449068
8,585,1433.0488409996033,296.94889640808105,1330.1824951171875,383.29595947265625,5.6744323,8.0,-1,26.105896
1784,585,1709.4522833824158,335.1822338104248,1606.5859375,421.529296875,3.412982,8.0,-1,20.284342
17,585,603.5861029624939,532.5494213104248,500.7197570800781,618.896484375,2.1681263,8.0,-1,17.256418
1897,585,1553.7044806480408,109.44384574890137,1450.838134765625,195.79090881347656,1.6263218,8.0,1,1.0817268
0,586,1368.082227230072,900.1406078338623,1264.957763671875,986.2312622070312,75.46834,10.0,1,28.857645
4,586,1194.9380621910095,-14.127450942993164,1091.8135986328125,71.96320343017578,59.378647,8.0,1,29.526316
1,586,1408.937940120697,205.76127433776855,1305.8134765625,291.8519287109375,51.69591,8.0,1,25.87953
2,586,1483.8345465660095,343.37342643737793,1380.7100830078125,429.4640808105469,36.069653,8.0,1,23.564701
3,586,990.8001837730408,375.3607921600342,887.6757202148438,461.4514465332031,22.020037,8.0,1,21.941813
1332,586,716.8075079917908,507.46696281433105,613.6830444335938,593.5576171875,17.792093,18.0,-1,12.305218
6,586,272.89642095565796,304.1076488494873,169.77195739746094,390.19830322265625,16.452188,22.0,-1,12.863225
1879,586,1721.487988948822,89.48896598815918,1618.363525390625,175.57962036132812,15.078317,6.0,1,2.2796538
10,586,534.3872809410095,-13.918191909790039,431.2628173828125,72.1724624633789,14.334588,8.0,-1,24.8393
11,586,365.3008551597595,349.74293327331543,262.1763916015625,435.8335876464844,10.441787,14.0,-1,10.616678
12,586,1069.0498785972595,869.212080001831,965.9254150390625,955.302734375,9.3216095,10.0,-1,24.883198
9,586,1351.2139410972595,1076.0491161346436,1248.0894775390625,1162.1397705078125,9.243871,8.0,-1,29.243483
1862,586,1041.144727230072,250.01588249206543,938.020263671875,336.1065368652344,5.9846764,16.0,-1,24.840006
8,586,1431.092725276947,300.2474193572998,1327.96826171875,386.33807373046875,5.387857,8.0,-1,26.047718
17,586,600.7953314781189,531.9829540252686,497.6708679199219,618.0736083984375,4.200551,8.0,-1,21.29729
1784,586,1709.487256526947,339.54667472839355,1606.36279296875,425.6373291015625,2.3702946,8.0,-1,20.548805
1897,586,1553.469434261322,109.67751884460449,1450.344970703125,195.76817321777344,2.1782887,8.0,1,0.7238251
0,587,1367.369824886322,900.0961818695068,1264.0751953125,986.3295288085938,84.57353,10.0,1,28.715788
4,587,1197.407666683197,-16.264528274536133,1094.113037109375,69.96881866455078,68.552086,8.0,1,28.718163
1,587,1408.6875739097595,205.3706569671631,1305.3929443359375,291.60400390625,51.756245,8.0,1,25.397303
3,587,991.3531622886658,371.8119716644287,888.0585327148438,458.0453186035156,45.88049,8.0,1,22.44731
2,587,1483.8345465660095,343.7099208831787,1380.5399169921875,429.9432678222656,44.538055,8.0,1,25.34383
1332,587,717.0756964683533,507.7512722015381,613.7810668945312,593.984619140625,26.030533,18.0,-1,11.862204
1879,587,1723.132276058197,87.60651206970215,1619.837646484375,173.83985900878906,18.304972,6.0,1,3.9495196
6,587,271.34312200546265,302.3132839202881,168.04849243164062,388.546630859375,14.879864,22.0,-1,12.843205
9,587,1349.0674567222595,1074.2181911468506,1245.7728271484375,1160.4515380859375,11.835918,8.0,-1,33.4539
10,587,535.3230109214783,-13.918191909790039,432.02838134765625,72.31515502929688,10.604378,10.0,-1,25.412666
12,587,1067.5428595542908,869.3285427093506,964.2482299804688,955.5618896484375,8.700089,10.0,-1,29.359108
8,587,1429.666699886322,303.05052757263184,1326.3720703125,389.28387451171875,8.477857,8.0,-1,24.355768
11,587,365.6007513999939,347.60216331481934,262.3061218261719,433.83551025390625,7.8513603,14.0,-1,11.441884
1862,587,1041.3197150230408,250.6776638031006,938.0250854492188,336.9110107421875,6.996135,14.0,-1,24.428314
1784,587,1707.3926520347595,341.80544090270996,1604.0980224609375,428.0387878417969,3.9014122,8.0,-1,22.235935
17,587,597.4956183433533,533.5211696624756,494.20098876953125,619.7545166015625,2.787365,8.0,-1,20.650652
1897,587,1553.840528011322,109.81345176696777,1450.5458984375,196.0467987060547,1.1229584,6.0,1,0.76186454
0,588,1368.0706305503845,901.6769924163818,1263.6888427734375,988.0779418945312,80.75292,10.0,1,28.908789
4,588,1198.346143245697,-16.189844131469727,1093.96435546875,70.21110534667969,67.31494,8.0,1,30.160498
1,588,1408.650830745697,205.35512351989746,1304.26904296875,291.7560729980469,49.51502,8.0,1,26.035536
2,588,1483.7923102378845,345.57668113708496,1379.4105224609375,431.9776306152344,33.65323,8.0,1,25.155632
3,588,990.848828792572,370.1806240081787,886.467041015625,456.5815734863281,20.963167,8.0,1,22.217712
1332,588,719.9602179527283,507.7512722015381,615.5784301757812,594.1522216796875,20.055868,18.0,-1,11.569312
6,588,272.7268042564392,300.90456199645996,168.3450164794922,387.3055114746094,12.90829,22.0,-1,12.018562
1879,588,1723.863233089447,86.23996543884277,1619.4814453125,172.6409149169922,11.456913,6.0,1,4.5462074
10,588,536.9283576011658,-14.559839248657227,432.54656982421875,71.84111022949219,11.102618,10.0,-1,26.34721
9,588,1346.871289730072,1075.5204372406006,1242.489501953125,1161.92138671875,10.112099,8.0,-1,32.61397
11,588,366.6625189781189,348.55028343200684,262.2807312011719,434.95123291015625,9.7483225,14.0,-1,13.621772
12,588,1067.798779964447,868.8721218109131,963.4169921875,955.2730712890625,8.923308,10.0,-1,25.461958
8,588,1428.0747809410095,305.30006980895996,1323.6929931640625,391.7010192871094,7.525316,8.0,-1,27.427893
1862,588,1039.5626349449158,250.48045921325684,935.1808471679688,336.88140869140625,6.344013,14.0,-1,27.713161
1784,588,1706.4121832847595,339.4469509124756,1602.0303955078125,425.847900390625,5.486954,8.0,-1,22.879486
17,588,596.9488654136658,535.6511135101318,492.56707763671875,622.0520629882812,2.6178138,8.0,-1,19.785471
1897,588,1553.840528011322,111.38315391540527,1449.458740234375,197.7841033935547,0.9134066,8.0,1,0.46910638
0,589,1366.3932013511658,903.6707515716553,1261.9154052734375,989.937744140625,72.95986,10.0,1,28.426315
4,589,1200.0919318199158,-16.23906898498535,1095.6141357421875,70.02792358398438,48.188705,8.0,1,30.537205
1,589,1408.1302618980408,206.04086875915527,1303.6524658203125,292.307861328125,41.691086,8.0,1,25.835924
2,589,1486.3261847496033,349.4427242279053,1381.848388671875,435.709716796875,35.408855,8.0,1,25.415104
3,589,989.8984503746033,365.1544551849365,885.420654296875,451.42144775390625,24.07199,8.0,1,22.080425
1332,589,722.461377620697,505.8846187591553,617.9835815429688,592.151611328125,14.247218,18.0,-1,11.815558
1879,589,1721.4997687339783,87.6196346282959,1617.02197265625,173.88662719726562,13.431739,6.0,1,3.287462
6,589,273.36404180526733,301.6495418548584,168.88624572753906,387.9165344238281,13.005132,24.0,-1,10.828762
10,589,536.9283576011658,-12.028772354125977,432.4505615234375,74.23822021484375,10.618287,10.0,-1,24.678942
9,589,1347.2760138511658,1073.6651363372803,1242.7982177734375,1159.93212890625,8.743365,8.0,-1,33.005993
12,589,1068.374219417572,867.3231563568115,963.8964233398438,953.5901489257812,7.9830384,10.0,-1,26.584013
11,589,364.6592230796814,349.3497371673584,260.1814270019531,435.6167297363281,7.8247814,14.0,-1,11.438508
8,589,1427.5659308433533,305.6910152435303,1323.088134765625,391.9580078125,7.367016,8.0,-1,27.900799
1862,589,1038.5556769371033,249.87680625915527,934.077880859375,336.143798828125,4.4484873,14.0,-1,24.182184
1784,589,1711.2652716636658,337.7785396575928,1606.7874755859375,424.0455322265625,3.9862483,8.0,-1,23.139662
17,589,597.0596137046814,534.357213973999,492.5818176269531,620.6242065429688,2.307779,8.0,-1,17.703407
1897,589,1550.2329230308533,111.38315391540527,1445.755126953125,197.650146484375,1.8075775,8.0,1,0.7412007
0,590,1365.465283870697,903.3772945404053,1260.127685546875,989.343994140625,71.053505,10.0,1,28.004704
4,590,1201.018018245697,-17.939912796020508,1095.680419921875,68.02678680419922,60.205532,8.0,1,30.492336
1,590,1407.636670589447,207.97550010681152,1302.299072265625,293.94219970703125,52.86348,8.0,1,24.021692
3,590,989.2791876792908,364.1778926849365,883.9415893554688,450.14459228515625,37.01946,8.0,1,22.71154
2,590,1491.185986995697,348.89410972595215,1385.848388671875,434.8608093261719,30.600487,8.0,1,25.155483
1332,590,724.314893245697,508.3006954193115,618.977294921875,594.2673950195312,27.088968,18.0,-1,14.299912
1879,590,1720.9763922691345,86.82308006286621,1615.6387939453125,172.78977966308594,14.1562395,6.0,1,4.995825
10,590,535.6074957847595,-10.883638381958008,430.2698974609375,75.08306121826172,11.813682,8.0,-1,25.691023
6,590,273.47788763046265,301.73932456970215,168.14028930664062,387.7060241699219,11.275379,24.0,-1,11.373487
9,590,1348.6719489097595,1073.5585689544678,1243.3343505859375,1159.5252685546875,9.8391905,8.0,-1,32.363766
11,590,363.7217230796814,349.1927242279053,258.3841247558594,435.159423828125,9.417253,14.0,-1,11.931675
8,590,1427.5784430503845,307.6991329193115,1322.2408447265625,393.66583251953125,9.277108,8.0,-1,30.061966
12,590,1068.374219417572,867.8034420013428,963.03662109375,953.7701416015625,7.402592,10.0,-1,29.732903
1862,590,1037.5088629722595,249.23380088806152,932.1712646484375,335.20050048828125,6.423275,14.0,-1,25.512026
1784,590,1710.037793636322,341.35907554626465,1604.7001953125,427.3257751464844,3.091437,8.0,-1,20.160942
17,590,599.3169684410095,534.357213973999,493.9793701171875,620.3239135742188,2.054554,8.0,-1,17.600145
1897,590,1551.806104183197,113.22936058044434,1446.468505859375,199.19606018066406,1.6036744,8.0,1,1.0567613
0,591,1365.4888129234314,902.8490352630615,1259.6600341796875,989.2855224609375,73.94746,10.0,1,28.203924
1,591,1407.748212337494,207.2436580657959,1301.91943359375,293.6801452636719,52.421947,8.0,1,24.775639
4,591,1200.1943793296814,-16.55839729309082,1094.3656005859375,69.87808990478516,51.67039,8.0,1,28.664528
2,591,1491.7363715171814,349.3397579193115,1385.9075927734375,435.7762451171875,46.033203,8.0,1,25.317026
3,591,988.1118597984314,366.4694881439209,882.2830810546875,452.9059753417969,20.9331,8.0,1,21.712057
6,591,269.76141119003296,300.342077255249,163.93263244628906,386.778564453125,20.002655,22.0,-1,12.095686
1332,591,725.5597357749939,511.3649654388428,619.73095703125,597.8014526367188,16.234533,18.0,-1,13.018311
10,591,535.6074957847595,-10.555238723754883,429.7787170410156,75.8812484741211,14.694347,10.0,-1,24.135122
1879,591,1718.1860785484314,83.06436729431152,1612.3572998046875,169.5008544921875,13.89955,6.0,1,6.5943213
9,591,1347.9602484703064,1071.5174922943115,1242.1314697265625,1157.9539794921875,11.655746,8.0,-1,36.162712
8,591,1427.7114691734314,307.3075923919678,1321.8826904296875,393.74407958984375,10.005912,8.0,-1,29.185942
11,591,364.277051448822,346.2724361419678,258.4482727050781,432.70892333984375,9.751719,14.0,-1,13.580564
12,591,1067.5515570640564,867.8034420013428,961.7227783203125,954.2399291992188,9.09984,10.0,-1,32.881733
1862,591,1038.8100409507751,249.89365196228027,932.9812622070312,336.33013916015625,8.01987,14.0,-1,25.2509
1784,591,1707.8621039390564,341.4176998138428,1602.0333251953125,427.85418701171875,3.2944992,8.0,-1,21.468052
17,591,598.3858771324158,534.4496822357178,492.5570983886719,620.8861694335938,2.196158,8.0,-1,18.63508
1897,591,1554.5723090171814,111.72078514099121,1448.7435302734375,198.1572723388672,0.8906584,8.0,1,0.06818265
0,592,1364.1709418296814,903.663610458374,1257.9542236328125,990.1459350585938,105.22001,10.0,1,28.601221
2,592,1490.2180609703064,349.2972774505615,1384.0013427734375,435.77960205078125,55.212574,8.0,1,25.403538
4,592,1200.1943793296814,-17.05545997619629,1093.9776611328125,69.42686462402344,41.49081,8.0,1,29.129297
1,592,1410.2583441734314,204.4387264251709,1304.0416259765625,290.9210510253906,39.48373,8.0,1,24.360405
3,592,988.5565009117126,368.7673397064209,882.3397827148438,455.2496643066406,25.238634,8.0,1,20.792793
6,592,268.5706458091736,301.0258541107178,162.3539276123047,387.5081787109375,23.923975,22.0,-1,12.244375
1879,592,1716.8603949546814,83.71101951599121,1610.6436767578125,170.19334411621094,16.323622,6.0,1,5.2246647
1332,592,724.4730048179626,511.1983394622803,618.2562866210938,597.6806640625,13.953559,18.0,-1,11.766734
11,592,362.00906133651733,345.4659481048584,255.79234313964844,431.9482727050781,10.320935,14.0,-1,16.321898
10,592,536.8519110679626,-12.376192092895508,430.63519287109375,74.10613250732422,9.722679,10.0,-1,21.676432
12,592,1068.2492499351501,867.8034420013428,962.0325317382812,954.2857666015625,7.5741315,10.0,-1,30.202488
9,592,1347.471845149994,1072.2825679779053,1241.255126953125,1158.764892578125,7.568466,8.0,-1,34.093662
1862,592,1039.657147884369,250.64459800720215,933.4404296875,337.1269226074219,7.427158,14.0,-1,22.00264
8,592,1424.868573665619,305.0433101654053,1318.65185546875,391.525634765625,6.777676,8.0,-1,33.140724
1784,592,1708.306806087494,339.7957515716553,1602.090087890625,426.278076171875,5.2222466,8.0,-1,22.972553
17,592,603.7303595542908,535.6849727630615,497.5136413574219,622.1672973632812,2.659516,8.0,-1,16.641085
1897,592,1555.076337337494,115.33002281188965,1448.859619140625,201.81234741210938,0.5442068,10.0,1,0.23054373
0,593,1362.541425228119,901.6067867279053,1256.06787109375,987.8875122070312,72.88372,10.0,1,27.063875
1,593,1410.6006293296814,203.53323936462402,1304.1270751953125,289.81396484375,64.30509,8.0,1,24.78343
4,593,1197.253583431244,-16.33342170715332,1090.780029296875,69.94730377197266,43.060146,8.0,1,28.19166
2,593,1490.6968207359314,349.7275142669678,1384.2232666015625,436.00823974609375,38.013744,8.0,1,24.173876
3,593,988.0605292320251,368.03314781188965,881.5869750976562,454.3138732910156,27.57892,8.0,1,22.981646
6,593,270.03594732284546,299.8837032318115,163.56239318847656,386.1644287109375,17.353346,24.0,-1,11.279034
1332,593,724.3234076499939,509.9562740325928,617.849853515625,596.2369995117188,17.211922,18.0,-1,11.301486
1879,593,1719.606610774994,84.21242332458496,1613.133056640625,170.49314880371094,12.928449,6.0,1,5.5484915
9,593,1348.373944759369,1073.891637802124,1241.900390625,1160.17236328125,11.38421,8.0,-1,34.471714
11,593,361.42031621932983,347.3436336517334,254.94676208496094,433.6243591308594,9.308445,14.0,-1,16.011177
10,593,536.4929022789001,-15.634836196899414,430.01934814453125,70.64588928222656,8.462405,10.0,-1,20.878544
12,593,1068.8835883140564,867.8034420013428,962.4100341796875,954.0841674804688,7.912991,10.0,-1,30.212208
8,593,1426.5786566734314,306.1100826263428,1320.1051025390625,392.39080810546875,7.64847,8.0,-1,27.466276
1862,593,1038.8925604820251,249.38358116149902,932.4190063476562,335.664306640625,6.718454,16.0,-1,25.532045
1784,593,1708.306806087494,337.7688045501709,1601.833251953125,424.0495300292969,4.970923,8.0,-1,22.456516
17,593,604.8257880210876,538.1821041107178,498.35223388671875,624.4628295898438,2.0732386,8.0,-1,18.75648
1897,593,1554.854657649994,117.51724815368652,1448.381103515625,203.7979736328125,1.0437688,8.0,1,0.16299674
0,594,1362.541425228119,898.7800045013428,1256.6087646484375,985.9450073242188,85.57724,10.0,1,28.01089
4,594,1195.811444759369,-15.054155349731445,1089.8787841796875,72.11084747314453,50.872723,8.0,1,28.861937
1,594,1410.244794368744,202.49002647399902,1304.3121337890625,289.655029296875,50.09485,8.0,1,23.718191
2,594,1491.732831478119,350.34174156188965,1385.8001708984375,437.5067443847656,37.577614,8.0,1,25.324936
3,594,989.7942938804626,368.3991451263428,883.8616333007812,455.56414794921875,32.87826,8.0,1,22.457537
1879,594,1720.0566840171814,84.67532920837402,1614.1240234375,171.84033203125,26.13075,6.0,1,3.7438614
1332,594,721.2237372398376,511.4407711029053,615.2910766601562,598.6057739257812,20.794676,18.0,-1,11.327056
6,594,270.38699102401733,300.5866756439209,164.45433044433594,387.7516784667969,15.236421,22.0,-1,12.035457
11,594,362.830029964447,345.74603843688965,256.8973693847656,432.9110412597656,13.890998,16.0,-1,15.312799
8,594,1427.9602484703064,307.1330318450928,1322.027587890625,394.29803466796875,9.424243,8.0,-1,33.63187
9,594,1348.1143012046814,1071.0509395599365,1242.181640625,1158.2159423828125,8.926928,8.0,-1,30.828913
12,594,1067.3194403648376,865.2933101654053,961.3867797851562,952.4583129882812,8.910066,10.0,-1,30.270306
10,594,536.802930355072,-16.79326057434082,430.8702697753906,70.37174224853516,8.412751,10.0,-1,19.365587
1862,594,1040.7439398765564,252.65128135681152,934.811279296875,339.8162841796875,8.242569,14.0,-1,18.216763
17,594,603.9316534996033,534.765417098999,497.9989929199219,621.930419921875,5.4445534,8.0,-1,21.139801
1784,594,1704.6291937828064,337.7688045501709,1598.696533203125,424.9338073730469,3.0646105,8.0,-1,23.296007
1897,594,1552.6833930015564,116.27594566345215,1446.750732421875,203.44094848632812,1.220116,18.0,-1,0.19624063
0,595,1362.4449591636658,897.7433834075928,1255.6337890625,984.904541015625,69.5937,10.0,1,27.805948
4,595,1194.8690314292908,-13.248865127563477,1088.057861328125,73.91229248046875,63.70998,8.0,1,27.180164
1,595,1411.6327033042908,200.94339561462402,1304.821533203125,288.10455322265625,56.892303,8.0,1,25.37541
3,595,988.743115901947,368.8296871185303,881.9319458007812,455.9908447265625,40.417683,8.0,1,22.260347
2,595,1492.8232550621033,350.3544979095459,1386.0120849609375,437.5156555175781,27.648375,8.0,1,25.852251
1879,595,1721.3720831871033,82.87033653259277,1614.5609130859375,170.031494140625,18.606218,6.0,1,2.529748
1332,595,720.7320685386658,513.7733516693115,613.9208984375,600.9345092773438,14.077716,18.0,-1,9.529188
9,595,1349.1455206871033,1070.9222164154053,1242.3343505859375,1158.0833740234375,12.358304,8.0,-1,34.90481
11,595,362.830029964447,343.11957359313965,256.01885986328125,430.2807312011719,11.137509,14.0,-1,15.948076
6,595,267.7768530845642,301.125524520874,160.96568298339844,388.28668212890625,10.268823,20.0,-1,12.805349
10,595,540.9881110191345,-13.984659194946289,434.17694091796875,73.17649841308594,9.316021,10.0,-1,18.47931
1862,595,1042.232861995697,254.01129722595215,935.4216918945312,341.1724548339844,8.971965,14.0,-1,20.45954
12,595,1066.872998714447,865.553258895874,960.0618286132812,952.7144165039062,8.703065,10.0,-1,29.630342
8,595,1428.3437628746033,305.155797958374,1321.5325927734375,392.31695556640625,7.7306666,8.0,-1,28.796556
1784,595,1702.8859992027283,336.75861167907715,1596.0748291015625,423.9197692871094,4.4866195,8.0,-1,23.127247
17,595,604.7826361656189,534.765417098999,497.9714660644531,621.9265747070312,2.3997633,8.0,-1,16.999691
1897,595,1551.4967169761658,113.62460899353027,1444.685546875,200.7857666015625,0.797885,18.0,-1,0.15231305
0,596,1361.0488409996033,896.4644298553467,1253.8697509765625,984.2435913085938,71.716774,10.0,1,27.656172
1,596,1413.2010626792908,201.29029655456543,1306.02197265625,289.0694580078125,55.065556,8.0,1,24.974962
4,596,1195.0160040855408,-12.17381477355957,1087.8369140625,75.6053466796875,44.7525,8.0,1,28.530285
3,596,989.1580939292908,368.24500846862793,881.97900390625,456.024169921875,40.484226,8.0,1,21.931091
2,596,1494.1721320152283,348.5897045135498,1386.9930419921875,436.3688659667969,21.195784,8.0,1,26.410511
6,596,267.04189825057983,299.9832592010498,159.86280822753906,387.7624206542969,19.400335,20.0,-1,12.172956
1879,596,1719.6632208824158,81.69477653503418,1612.484130859375,169.47393798828125,16.246988,6.0,1,3.8835726
1332,596,719.8531622886658,513.1635875701904,612.674072265625,600.9427490234375,15.4688,18.0,-1,10.101462
11,596,361.6525092124939,342.03431510925293,254.47341918945312,429.8134765625,12.119691,14.0,-1,14.30505
1862,596,1044.3701910972595,255.8965892791748,937.1911010742188,343.6757507324219,11.832694,14.0,-1,22.802639
12,596,1066.8452887535095,868.8773326873779,959.6661987304688,956.656494140625,11.285132,10.0,-1,29.028854
9,596,1349.1455206871033,1071.7793102264404,1241.9664306640625,1159.5584716796875,11.08707,8.0,-1,32.827747
10,596,542.1388983726501,-13.984659194946289,434.9598083496094,73.79450225830078,9.763843,10.0,-1,20.573294
8,596,1428.9531378746033,301.5224132537842,1321.7740478515625,389.30157470703125,8.631713,8.0,-1,31.083876
1784,596,1704.4039435386658,336.76893424987793,1597.224853515625,424.548095703125,3.5977468,8.0,-1,22.65159
17,596,602.711865901947,537.2581310272217,495.53277587890625,625.0372924804688,2.0150983,8.0,-1,18.966185
1897,596,1549.6541876792908,115.76505851745605,1442.47509765625,203.54421997070312,0.839794,20.0,-1,0.28979877
0,597,1360.2760138511658,896.0611705780029,1253.2017822265625,984.259033203125,84.84196,10.0,1,27.080767
4,597,1194.8702521324158,-13.79149055480957,1087.7960205078125,74.4063720703125,45.969303,8.0,1,28.749914
3,597,989.1580939292908,369.6770763397217,882.0838623046875,457.87493896484375,45.162827,8.0,1,20.754131
1,597,1414.3198370933533,200.42448234558105,1307.24560546875,288.6223449707031,34.821087,8.0,1,25.475847
1879,597,1716.4984259605408,78.4305248260498,1609.4241943359375,166.62838745117188,28.441658,6.0,1,4.6593027
2,597,1494.9159064292908,345.77235221862793,1387.8416748046875,433.97021484375,25.342329,8.0,1,27.007107
6,597,266.95423650741577,299.9832592010498,159.8800048828125,388.1811218261719,21.615503,20.0,-1,11.721718
1332,597,716.9729743003845,512.5843639373779,609.8987426757812,600.7822265625,19.897272,18.0,-1,10.26214
10,597,540.9701972007751,-16.228219985961914,433.8959655761719,71.96964263916016,11.757857,10.0,-1,19.61877
9,597,1350.9616827964783,1072.1877574920654,1243.887451171875,1160.3856201171875,11.160191,8.0,-1,33.712753
12,597,1068.6209235191345,869.2275524139404,961.5466918945312,957.4254150390625,9.512908,10.0,-1,30.048786
1862,597,1043.732129573822,253.78486442565918,936.6578979492188,341.98272705078125,8.270849,14.0,-1,30.332567
11,597,363.310498714447,343.7254467010498,256.23626708984375,431.9233093261719,8.160312,14.0,-1,11.714539
8,597,1427.1623663902283,304.90650749206543,1320.088134765625,393.1043701171875,8.145775,8.0,-1,31.494106
1784,597,1704.9932990074158,337.82951164245605,1597.9190673828125,426.0273742675781,5.575781,8.0,-1,25.564173
17,597,604.9322333335876,539.3935680389404,497.8580017089844,627.5914306640625,2.6372566,8.0,-1,16.84547
1897,597,1552.2801642417908,117.95326042175293,1445.2059326171875,206.151123046875,1.0682671,10.0,1,0.5788451
0,598,1360.3344855308533,895.8223094940186,1253.2830810546875,984.2767944335938,66.97962,10.0,1,27.33585
1,598,1413.0926642417908,200.76749992370605,1306.041259765625,289.22198486328125,49.098766,8.0,1,25.085337
3,598,989.1580939292908,369.24772453308105,882.106689453125,457.70220947265625,44.704407,8.0,1,20.501434
4,598,1193.2280402183533,-13.968111038208008,1086.1766357421875,74.48637390136719,38.720764,8.0,1,27.8967
1879,598,1714.8365607261658,80.75288200378418,1607.78515625,169.20736694335938,24.387878,6.0,1,5.1979427
2,598,1494.3138556480408,345.12196159362793,1387.262451171875,433.5764465332031,20.882605,8.0,1,25.74685
1332,598,715.152539730072,513.883466720581,608.1011352539062,602.3379516601562,16.206455,18.0,-1,12.852619
1862,598,1044.620557308197,253.63691520690918,937.5691528320312,342.0914001464844,12.98371,14.0,-1,24.25765
6,598,264.956006526947,299.9832592010498,157.90460205078125,388.437744140625,12.056377,20.0,-1,13.184885
9,598,1352.9141974449158,1075.1017894744873,1245.86279296875,1163.5562744140625,11.2453575,8.0,-1,33.497967
10,598,540.804639339447,-13.379579544067383,433.75323486328125,75.07490539550781,10.719308,10.0,-1,19.45659
11,598,363.8141303062439,344.3128490447998,256.7627258300781,432.767333984375,8.939617,14.0,-1,13.344899
12,598,1069.2506232261658,867.1795482635498,962.19921875,955.634033203125,6.214502,10.0,-1,28.8357
8,598,1424.4289679527283,304.88685417175293,1317.3775634765625,393.3413391113281,5.9172235,8.0,-1,28.693586
1784,598,1705.0534796714783,339.18632316589355,1598.0020751953125,427.64080810546875,5.661858,8.0,-1,23.968494
17,598,605.4403510093689,537.6928539276123,498.3889465332031,626.1473388671875,2.9825299,8.0,-1,16.403627
1897,598,1553.4327521324158,119.55135917663574,1446.38134765625,208.00584411621094,2.5026176,20.0,-1,0.4649597
0,599,1359.7304816246033,896.2881908416748,1251.854736328125,985.4290161132812,75.4791,10.0,1,26.110708
4,599,1193.8236212730408,-15.067033767700195,1085.9478759765625,74.07379150390625,69.37419,8.0,1,28.346565
1,599,1413.6113409996033,201.81547355651855,1305.735595703125,290.956298828125,50.333176,8.0,1,25.8588
1879,599,1713.8692755699158,78.06408500671387,1605.9935302734375,167.2049102783203,40.849957,6.0,1,2.1240087
3,599,989.2957892417908,368.87244987487793,881.4200439453125,458.0132751464844,40.747025,8.0,1,22.638628
2,599,1494.3138556480408,345.4630870819092,1386.4381103515625,434.6039123535156,22.672617,8.0,1,24.151873
1332,599,711.665235042572,515.362226486206,603.7894897460938,604.5030517578125,18.920769,18.0,-1,14.999512
6,599,262.69166326522827,297.7240734100342,154.81591796875,386.8648986816406,16.426054,20.0,-1,11.795355
9,599,1351.9090704917908,1074.7903270721436,1244.0333251953125,1163.93115234375,14.447995,8.0,-1,35.64873
12,599,1065.7301154136658,867.908857345581,957.8543701171875,957.0496826171875,10.05482,10.0,-1,25.245846
1862,599,1045.9202399253845,252.17591667175293,938.0444946289062,341.3167419433594,9.65247,14.0,-1,27.736294
11,599,363.9652533531189,341.69325065612793,256.0895080566406,430.8340759277344,9.395772,14.0,-1,11.643665
10,599,542.317090511322,-13.044168472290039,434.44134521484375,76.0966567993164,8.967351,10.0,-1,20.90963
8,599,1424.1650519371033,306.0417003631592,1316.289306640625,395.1825256347656,6.947354,8.0,-1,31.428936
1784,599,1705.4892706871033,340.99064445495605,1597.613525390625,430.1314697265625,6.1041317,6.0,-1,26.164352
17,599,607.5467658042908,535.942792892456,499.6710205078125,625.0836181640625,2.6180012,8.0,-1,17.025896
1897,599,1548.5344367027283,119.55135917663574,1440.65869140625,208.6921844482422,0.60197836,18.0,-1,0.15340227
0,600,1358.4400763511658,899.0759716033936,1250.2611083984375,987.9683837890625,69.41451,10.0,1,26.679125
1,600,1414.5561652183533,203.3107738494873,1306.377197265625,292.20318603515625,59.597897,8.0,1,24.49235
1879,600,1714.3072638511658,76.69042778015137,1606.1282958984375,165.5828399658203,36.769276,6.0,1,1.6752846
4,600,1193.3726935386658,-14.737405776977539,1085.1937255859375,74.1550064086914,34.396526,8.0,1,28.453812
3,600,988.992383480072,368.87244987487793,880.8134155273438,457.7648620605469,27.634514,8.0,1,20.83654
2,600,1494.7259650230408,344.18449211120605,1386.5469970703125,433.076904296875,25.66339,8.0,1,24.011345
1332,600,711.7671027183533,518.8478832244873,603.588134765625,607.7402954101562,19.194397,18.0,-1,14.051948
6,600,259.5390295982361,302.0686779022217,151.3600616455078,390.9610900878906,12.322624,22.0,-1,13.124908
8,600,1422.7917609214783,305.2093334197998,1314.61279296875,394.10174560546875,12.223594,8.0,-1,31.192112
1862,600,1046.9718146324158,250.1695384979248,938.7928466796875,339.06195068359375,11.0147705,14.0,-1,29.299816
9,600,1351.9090704917908,1076.8760204315186,1243.7301025390625,1165.7684326171875,10.268001,8.0,-1,34.747986
11,600,364.25596380233765,341.41663932800293,256.0769958496094,430.3090515136719,9.919145,14.0,-1,11.533342
10,600,544.9690680503845,-13.050165176391602,436.79010009765625,75.84224700927734,8.471781,10.0,-1,19.16203
12,600,1063.577832698822,868.6584911346436,955.3988647460938,957.5509033203125,8.283181,10.0,-1,27.590538
1784,600,1704.3233771324158,341.28373527526855,1596.1444091796875,430.1761474609375,6.07246,8.0,-1,24.269844
17,600,604.7355170249939,534.8567943572998,496.5565490722656,623.7492065429688,2.35806,8.0,-1,18.397234
1897,600,1548.8374152183533,117.5889720916748,1440.658447265625,206.48138427734375,0.63096577,20.0,-1,0.82668394
0,601,1359.1291632652283,898.9031658172607,1250.2908935546875,987.8993530273438,67.74494,10.0,1,26.70224
3,601,989.0042853355408,366.91781425476074,880.166015625,455.91400146484375,49.180058,8.0,1,20.521395
1,601,1417.1298956871033,204.45541191101074,1308.2916259765625,293.45159912109375,47.357483,8.0,1,24.15251
4,601,1193.2961554527283,-13.378976821899414,1084.4578857421875,75.6172103881836,44.542614,8.0,1,26.579649
1879,601,1714.8464484214783,76.69042778015137,1606.0081787109375,165.68661499023438,27.822699,6.0,1,4.6053715
2,601,1495.0124640464783,343.1289348602295,1386.1741943359375,432.1251220703125,25.9849,8.0,1,25.48533
6,601,257.89014959335327,306.218412399292,149.0518798828125,395.214599609375,17.50122,22.0,-1,12.090912
1332,601,708.2790656089783,520.8459758758545,599.4407958984375,609.8421630859375,15.950076,18.0,-1,16.265316
1862,601,1046.9718146324158,251.52776908874512,938.133544921875,340.5239562988281,12.462373,14.0,-1,27.893877
11,601,364.10072088241577,341.11569023132324,255.262451171875,430.11187744140625,9.807805,14.0,-1,11.1952505
12,601,1061.0014777183533,868.7566204071045,952.1632080078125,957.7528076171875,9.116072,10.0,-1,27.700432
10,601,543.2420477867126,-11.946504592895508,434.4037780761719,77.0496826171875,8.685366,10.0,-1,18.461754
8,601,1420.1807990074158,304.4755229949951,1311.342529296875,393.4717102050781,7.621122,8.0,-1,31.91626
1784,601,1704.7271857261658,340.9046001434326,1595.888916015625,429.9007873535156,6.059115,8.0,-1,22.44709
9,601,1349.1748175621033,1078.260404586792,1240.3365478515625,1167.256591796875,5.420702,8.0,-1,27.81929
17,601,607.136182308197,534.3509197235107,498.29791259765625,623.3471069335938,1.6538433,8.0,-1,15.539807
1897,601,1549.5190558433533,113.13203239440918,1440.6807861328125,202.1282196044922,0.740591,24.0,-1,0.70760906
0,602,1359.8156867027283,897.457441329956,1250.6719970703125,986.1470947265625,70.70768,10.0,1,27.00722
1,602,1418.9736456871033,205.35062980651855,1309.8299560546875,294.040283203125,59.46101,8.0,1,25.320505
4,602,1194.1385626792908,-14.631113052368164,1084.994873046875,74.05854034423828,52.031677,8.0,1,27.71134
3,602,989.0042853355408,367.35059928894043,879.860595703125,456.0402526855469,43.646847,8.0,1,23.344486
1332,602,708.4693732261658,522.1553783416748,599.32568359375,610.8450317382812,26.941032,18.0,-1,16.104198
1879,602,1714.3902716636658,78.6574535369873,1605.24658203125,167.34710693359375,24.01974,6.0,1,5.297066
2,602,1495.1215949058533,342.02052116394043,1385.9779052734375,430.7101745605469,22.644926,8.0,1,25.625195
6,602,254.77952337265015,305.42692375183105,145.63583374023438,394.1165771484375,19.81214,22.0,-1,12.71979
12,602,1060.7947516441345,868.792158126831,951.6510620117188,957.4818115234375,12.173603,10.0,-1,26.866966
1862,602,1045.7053961753845,251.3433666229248,936.5617065429688,340.03302001953125,11.895901,14.0,-1,25.641869
10,602,544.8060431480408,-11.946504592895508,435.662353515625,76.74314880371094,9.318628,10.0,-1,19.352652
9,602,1348.4630255699158,1079.439863204956,1239.3193359375,1168.1295166015625,8.9419985,8.0,-1,35.760895
8,602,1419.6545538902283,303.96781730651855,1310.5108642578125,392.657470703125,8.205896,8.0,-1,32.74465
11,602,364.120801448822,341.70084953308105,254.97711181640625,430.3905029296875,6.63409,14.0,-1,8.938297
1784,602,1702.9775519371033,339.67347526550293,1593.8338623046875,428.3631286621094,4.2921925,8.0,-1,22.48719
17,602,609.3612189292908,535.4245433807373,500.217529296875,624.1141967773438,3.1074135,8.0,-1,17.500616
1897,602,1546.9798712730408,111.77343559265137,1437.836181640625,200.4630889892578,0.6787935,18.0,-1,0.5042414
1,603,1419.4165778160095,205.52078819274902,1310.2928466796875,294.0669860839844,71.40438,8.0,1,24.683235
0,603,1360.2290778160095,897.5348567962646,1251.1053466796875,986.0810546875,63.574924,10.0,1,27.246891
4,603,1193.105420589447,-14.631113052368164,1083.981689453125,73.91508483886719,62.80839,8.0,1,27.94979
2,603,1494.130567073822,341.4706172943115,1385.0068359375,430.0168151855469,32.06219,8.0,1,26.103647
1879,603,1715.914990901947,81.48656272888184,1606.791259765625,170.0327606201172,29.637054,6.0,1,3.8565893
3,603,990.3971076011658,369.3305721282959,881.2733764648438,457.87677001953125,26.01443,8.0,1,22.13917
1332,603,708.4693732261658,524.7415218353271,599.3456420898438,613.2877197265625,23.47747,18.0,-1,16.060907
6,603,253.07070684432983,305.2769832611084,143.9469757080078,393.82318115234375,21.722525,20.0,-1,12.767414
10,603,548.691113948822,-12.479974746704102,439.5673828125,76.06622314453125,12.001231,10.0,-1,19.951855
1862,603,1045.2913947105408,251.18625450134277,936.1676635742188,339.7324523925781,11.46083,14.0,-1,25.417044
12,603,1063.2627081871033,868.6308650970459,954.1389770507812,957.1770629882812,10.184478,10.0,-1,26.561863
9,603,1347.914258480072,1079.6388607025146,1238.79052734375,1168.18505859375,8.631364,8.0,-1,33.8991
11,603,364.6046576499939,341.47199058532715,255.48092651367188,430.0181884765625,8.553464,14.0,-1,5.9667974
8,603,1419.003613948822,305.2712459564209,1309.8798828125,393.81744384765625,7.1032963,8.0,-1,33.102554
1784,603,1699.099317073822,341.2472896575928,1589.9755859375,429.7934875488281,5.5295486,8.0,-1,23.758856
17,603,606.0587286949158,534.7252254486084,496.93499755859375,623.2714233398438,1.8423089,8.0,-1,17.4143
1897,603,1546.9900641441345,111.51378440856934,1437.8663330078125,200.0599822998047,0.93151134,20.0,-1,0.093632095
4,604,1195.0070929527283,-16.581613540649414,1085.758544921875,72.21720886230469,67.27466,8.0,1,28.584953
0,604,1360.5185675621033,896.8749446868896,1251.27001953125,985.6737670898438,62.37537,10.0,1,27.07912
1,604,1421.0849738121033,205.96372032165527,1311.83642578125,294.7625427246094,44.90451,8.0,1,26.377253
3,604,989.2498297691345,370.92987632751465,880.0012817382812,459.72869873046875,43.406948,8.0,1,19.827375
1879,604,1717.0793585777283,81.42528343200684,1607.830810546875,170.22410583496094,30.61846,6.0,1,4.9231052
2,604,1493.3629279136658,340.9050045013428,1384.1143798828125,429.7038269042969,29.605608,8.0,1,26.249775
1332,604,708.5183234214783,525.8452816009521,599.269775390625,614.6441040039062,24.031855,18.0,-1,15.080928
1862,604,1045.1184821128845,251.95340538024902,935.8699340820312,340.7522277832031,15.697923,14.0,-1,22.508232
6,604,253.07070684432983,303.8701229095459,143.82215881347656,392.6689453125,15.16023,22.0,-1,13.004835
9,604,1346.9913458824158,1077.242437362671,1237.7427978515625,1166.041259765625,11.726937,8.0,-1,34.454422
10,604,549.8953680992126,-13.488161087036133,440.6468200683594,75.31066131591797,10.206971,10.0,-1,18.298584
12,604,1064.8852667808533,871.4447689056396,955.63671875,960.2435913085938,8.903457,10.0,-1,24.925444
8,604,1417.1961798667908,306.5314083099365,1307.9476318359375,395.3302307128906,8.170531,8.0,-1,32.80813
11,604,365.33558416366577,339.0578670501709,256.0870361328125,427.856689453125,7.768226,14.0,-1,6.0360746
1784,604,1695.3432745933533,341.2472896575928,1586.0947265625,430.0461120605469,5.5197697,8.0,-1,22.479738
17,604,603.0135626792908,535.9915828704834,493.7650146484375,624.7904052734375,3.1109908,8.0,-1,19.492167
1897,604,1544.7260870933533,112.78786277770996,1435.4775390625,201.58668518066406,0.61734504,18.0,-1,0.13790785
0,605,1358.3484015464783,896.3401851654053,1249.1695556640625,985.143798828125,58.06959,10.0,1,26.373264
1,605,1419.5853400230408,207.2990779876709,1310.406494140625,296.1026916503906,52.48944,8.0,1,25.491035
4,605,1196.5404181480408,-16.98130226135254,1087.361572265625,71.82231140136719,45.76807,8.0,1,27.60008
3,605,989.2498297691345,369.9993648529053,880.0709838867188,458.802978515625,31.263535,8.0,1,21.895363
1332,605,709.7095465660095,525.512487411499,600.5307006835938,614.3161010742188,24.69101,18.0,-1,14.732137
2,605,1493.7037482261658,343.6845455169678,1384.52490234375,432.4881591796875,23.385773,8.0,1,24.949148
1879,605,1717.6960577964783,85.1123104095459,1608.5172119140625,173.91592407226562,17.312529,6.0,1,5.7697954
6,605,254.49253606796265,302.560583114624,145.31369018554688,391.36419677734375,15.603501,20.0,-1,13.907803
12,605,1067.1804938316345,871.817663192749,958.0016479492188,960.6212768554688,11.351651,10.0,-1,27.539793
10,605,549.040723323822,-13.986513137817383,439.86187744140625,74.81710052490234,10.84615,10.0,-1,20.040005
9,605,1346.5333380699158,1077.0983638763428,1237.3544921875,1165.9019775390625,10.311564,8.0,-1,32.726143
1862,605,1044.9172492027283,252.38834190368652,935.7384033203125,341.19195556640625,9.461204,14.0,-1,30.095394
8,605,1418.6829962730408,305.84796714782715,1309.504150390625,394.6515808105469,6.598688,8.0,-1,34.18735
1784,605,1695.2992072105408,341.2472896575928,1586.120361328125,430.0509033203125,5.426948,8.0,-1,24.670609
11,605,365.07436895370483,339.2674617767334,255.89552307128906,428.0710754394531,5.390829,14.0,-1,4.908998
17,605,602.424024105072,537.2125606536865,493.24517822265625,626.0161743164062,2.1225276,8.0,-1,19.572563
1897,605,1545.3232550621033,115.24588584899902,1436.1444091796875,204.04949951171875,1.2675234,24.0,-1,1.1857345
0,606,1358.4951300621033,897.294942855835,1250.105712890625,986.4826049804688,63.8815,10.0,1,26.70125
1,606,1418.2386603355408,206.2711696624756,1309.8492431640625,295.4588317871094,55.153965,8.0,1,26.724247
4,606,1196.5404181480408,-18.21158790588379,1088.1510009765625,70.97607421875,35.423283,8.0,1,27.702774
3,606,990.2901740074158,369.9579677581787,881.9007568359375,459.1456298828125,31.552706,8.0,1,21.086115
2,606,1492.0295538902283,342.1025905609131,1383.64013671875,431.2902526855469,26.705116,8.0,1,25.458063
1332,606,707.0839972496033,526.9650478363037,598.694580078125,616.1527099609375,24.635834,18.0,-1,16.605734
1879,606,1718.5197882652283,85.1123104095459,1610.13037109375,174.2999725341797,18.462158,6.0,1,5.1502433
6,606,252.78716802597046,301.4385280609131,144.3977508544922,390.6261901855469,18.11194,20.0,-1,11.723214
1862,606,1042.596631526947,253.1554470062256,934.2072143554688,342.3431091308594,16.742298,14.0,-1,29.674242
10,606,550.1668829917908,-11.303277969360352,441.7774658203125,77.88438415527344,10.45252,10.0,-1,18.470253
9,606,1347.9790167808533,1076.9372158050537,1239.589599609375,1166.1248779296875,10.276033,8.0,-1,34.352818
8,606,1420.5474982261658,305.99135398864746,1312.1580810546875,395.17901611328125,7.381035,8.0,-1,33.079193
12,606,1068.143994808197,873.07301902771,959.7545776367188,962.2606811523438,7.350706,10.0,-1,28.543222
1784,606,1692.3221564292908,342.80187034606934,1583.9327392578125,431.9895324707031,5.9256477,8.0,-1,24.722128
11,606,366.12888860702515,338.83104515075684,257.7394714355469,428.0187072753906,5.8052945,14.0,-1,5.7229023
17,606,602.3778204917908,532.8149013519287,493.9884033203125,622.0025634765625,3.8772924,8.0,-1,17.649296
1897,606,1544.4056525230408,118.71819114685059,1436.0162353515625,207.90585327148438,0.37255004,10.0,1,0.29930776
0,607,1359.9784064292908,896.8083248138428,1251.741943359375,986.3729248046875,67.29458,10.0,1,27.157299
4,607,1197.9463019371033,-19.350961685180664,1089.7098388671875,70.21363830566406,54.763165,8.0,1,29.260874
1,607,1418.2386603355408,206.80747032165527,1310.002197265625,296.3720703125,44.691833,8.0,1,26.462233
3,607,990.6859259605408,370.26105308532715,882.449462890625,459.8256530761719,32.04102,8.0,1,20.50884
1332,607,708.2251715660095,526.2645626068115,599.9887084960938,615.8291625976562,27.507341,20.0,-1,17.186363
2,607,1490.2640509605408,341.0682125091553,1382.027587890625,430.6328125,25.430738,8.0,1,24.738087
1879,607,1716.1867804527283,85.1123104095459,1607.9503173828125,174.67691040039062,24.298218,6.0,1,5.817018
6,607,249.61436223983765,300.62714195251465,141.37789916992188,390.1917419433594,14.331723,20.0,-1,11.825657
10,607,549.7182440757751,-9.792306900024414,441.4817810058594,79.77229309082031,12.491498,10.0,-1,22.135433
1862,607,1042.3797125816345,255.22360801696777,934.1432495117188,344.7882080078125,12.250291,14.0,-1,26.663939
12,607,1069.8497443199158,874.0596675872803,961.61328125,963.624267578125,11.685832,10.0,-1,27.804821
9,607,1346.4466681480408,1078.2645015716553,1238.210205078125,1167.8291015625,9.54959,8.0,-1,33.501568
8,607,1421.3806281089783,306.352819442749,1313.1441650390625,395.91741943359375,8.987897,8.0,-1,34.71996
11,607,364.0427222251892,337.6713619232178,255.80625915527344,427.2359619140625,5.562481,14.0,-1,5.540061
1784,607,1692.7852911949158,340.6043758392334,1584.548828125,430.1689758300781,2.9287138,8.0,-1,20.205847
17,607,603.4401068687439,531.993200302124,495.2036437988281,621.5578002929688,2.3543782,8.0,-1,18.764742
1897,607,1541.8381476402283,120.25499534606934,1433.6016845703125,209.81959533691406,0.27014846,20.0,-1,0.52070266
0,608,1358.6926398277283,896.4522762298584,1250.0567626953125,986.0389404296875,101.81649,10.0,1,26.85781
1,608,1418.8548712730408,208.14740562438965,1310.218994140625,297.73406982421875,51.14751,8.0,1,25.002712
4,608,1197.3049445152283,-21.585901260375977,1088.6690673828125,68.00076293945312,47.40437,8.0,1,28.445467
1332,608,706.669629573822,529.7329158782959,598.0337524414062,619.319580078125,32.41084,20.0,-1,16.566849
2,608,1492.2474493980408,341.2182674407959,1383.611572265625,430.804931640625,31.088928,8.0,1,24.915651
3,608,990.6859259605408,370.117223739624,882.050048828125,459.7038879394531,29.377304,8.0,1,20.805084
1879,608,1715.5874152183533,84.56290245056152,1606.9515380859375,174.14956665039062,20.496595,6.0,1,5.8019524
1862,608,1043.4102301597595,255.22360801696777,934.7743530273438,344.8102722167969,14.880839,14.0,-1,31.222681
6,608,247.01780462265015,301.4774227142334,138.38192749023438,391.0640869140625,14.820329,20.0,-1,11.796831
12,608,1070.553418636322,872.9463558197021,961.9175415039062,962.5330200195312,8.802961,10.0,-1,29.977741
8,608,1422.6578497886658,306.8439083099365,1314.02197265625,396.4305725097656,8.769727,8.0,-1,34.785988
9,608,1347.2533087730408,1080.551519393921,1238.617431640625,1170.13818359375,8.389635,8.0,-1,32.016552
10,608,548.5294623374939,-10.537660598754883,439.8935852050781,79.04900360107422,8.135014,10.0,-1,21.460714
11,608,364.69285345077515,339.4063472747803,256.0569763183594,428.9930114746094,5.4541593,14.0,-1,5.649331
1784,608,1694.6106085777283,337.2426509857178,1585.9747314453125,426.8293151855469,4.520244,8.0,-1,21.092564
17,608,601.8464789390564,533.3247127532959,493.2106018066406,622.911376953125,1.6511148,8.0,-1,17.345291
1897,608,1536.8010382652283,120.0932674407959,1428.1651611328125,209.679931640625,0.74063253,18.0,-1,0.43537647
0,609,1360.6535773277283,896.1175594329834,1251.314208984375,985.5321655273438,66.43443,10.0,1,26.526814
4,609,1197.3049445152283,-25.31180763244629,1087.965576171875,64.10279846191406,59.12914,8.0,1,28.70076
1,609,1419.4317755699158,206.45480918884277,1310.0924072265625,295.8694152832031,47.69928,8.0,1,25.360088
3,609,991.5141730308533,370.4616451263428,882.1748046875,459.8762512207031,42.65315,8.0,1,20.230204
2,609,1490.9063849449158,339.95258140563965,1381.5670166015625,429.3671875,28.379934,8.0,1,23.757614
1879,609,1713.4156622886658,82.52472496032715,1604.0762939453125,171.9393310546875,21.7082,6.0,1,7.260482
1332,609,704.5152716636658,531.2577571868896,595.1759033203125,620.67236328125,19.134174,20.0,-1,16.585974
6,609,242.63853216171265,303.12311363220215,133.29916381835938,392.5377197265625,13.68703,20.0,-1,11.12828
1862,609,1044.5713019371033,257.312536239624,935.23193359375,346.7271423339844,13.284268,14.0,-1,27.161715
10,609,549.3230719566345,-13.180719375610352,439.98370361328125,76.23388671875,12.684089,10.0,-1,22.055838
12,609,1069.969434261322,874.3607234954834,960.6300659179688,963.7753295898438,9.0607,10.0,-1,30.87207
9,609,1345.1140265464783,1079.4448909759521,1235.774658203125,1168.8594970703125,8.769551,8.0,-1,34.1264
8,609,1420.4576544761658,308.4855709075928,1311.1182861328125,397.9001770019531,7.930935,8.0,-1,34.544502
11,609,365.5337653160095,339.4063472747803,256.19439697265625,428.8209533691406,5.0449233,14.0,-1,8.181021
1784,609,1695.3186163902283,337.44769859313965,1585.979248046875,426.8623046875,3.7405941,8.0,-1,21.562483
17,609,598.9983954429626,534.9254817962646,489.6590270996094,624.340087890625,3.702901,8.0,-1,20.537893
1897,609,1539.2601447105408,116.52683067321777,1429.9207763671875,205.94143676757812,0.68788725,18.0,-1,0.55280197
4,610,1193.664014339447,-24.875246047973633,1084.0059814453125,64.2297592163086,62.863327,8.0,1,27.98451
0,610,1361.077344417572,895.329137802124,1251.4193115234375,984.4341430664062,55.77638,10.0,1,27.41424
1,610,1419.3494391441345,205.19412803649902,1309.69140625,294.29913330078125,47.296497,8.0,1,26.555292
2,610,1489.7124762535095,338.5201473236084,1380.054443359375,427.6251525878906,32.14421,8.0,1,23.686981
1332,610,704.6204352378845,530.2531490325928,594.96240234375,619.358154296875,31.834892,18.0,-1,16.837486
3,610,993.569043636322,369.1722164154053,883.9110107421875,458.2772216796875,29.23493,8.0,1,22.84654
1879,610,1709.668164730072,84.98041343688965,1600.0101318359375,174.08541870117188,14.422109,6.0,1,7.6380644
6,610,246.55701971054077,303.8124141693115,136.89898681640625,392.91741943359375,14.002849,20.0,-1,10.297793
9,610,1345.3885016441345,1078.7162837982178,1235.73046875,1167.8212890625,10.24804,8.0,-1,34.267635
1862,610,1043.9066290855408,257.3956356048584,934.2485961914062,346.5006408691406,9.142041,14.0,-1,29.834473
10,610,550.5256781578064,-12.957498550415039,440.8676452636719,76.14750671386719,9.075733,10.0,-1,22.29557
12,610,1069.969434261322,876.5546627044678,960.3114013671875,965.65966796875,8.498237,10.0,-1,31.51003
11,610,365.68995428085327,339.316198348999,256.03192138671875,428.42120361328125,6.615809,14.0,-1,5.970656
8,610,1417.3487067222595,308.4855709075928,1307.690673828125,397.590576171875,5.411064,8.0,-1,32.00599
1784,610,1693.4207282066345,333.3414669036865,1583.7626953125,422.44647216796875,4.747225,8.0,-1,23.49552
17,610,599.5323309898376,537.5983028411865,489.8742980957031,626.7033081054688,3.2462652,8.0,-1,20.687101
1897,610,1535.6883063316345,117.99080467224121,1426.0302734375,207.09580993652344,0.6754702,18.0,-1,0.4500138
0,611,1361.718213558197,896.4897518157959,1251.8458251953125,986.0000610351562,78.21447,10.0,1,26.932589
1,611,1419.535352230072,204.1906795501709,1309.6629638671875,293.70098876953125,49.775757,8.0,1,26.284616
4,611,1193.664014339447,-24.46616554260254,1083.7916259765625,65.04414367675781,41.160355,8.0,1,27.41406
3,611,994.2614874839783,370.42682456970215,884.3890991210938,459.9371337890625,29.616837,8.0,1,20.401062
2,611,1491.888867855072,336.2652950286865,1382.0164794921875,425.7756042480469,27.18538,8.0,1,25.184374
1332,611,702.956250667572,529.7222347259521,593.0838623046875,619.2325439453125,26.31661,20.0,-1,17.803967
1879,611,1706.047070980072,88.06925010681152,1596.1746826171875,177.57955932617188,20.80047,6.0,1,5.7975426
10,611,551.699170589447,-13.499353408813477,441.8267822265625,76.01095581054688,11.589011,10.0,-1,22.38728
6,611,245.26620244979858,301.74445152282715,135.39381408691406,391.2547607421875,10.631574,20.0,-1,10.985213
8,611,1414.224561214447,310.6987361907959,1304.3521728515625,400.20904541015625,10.588651,8.0,-1,31.318485
12,611,1068.534863948822,876.2879085540771,958.6624755859375,965.7982177734375,9.929198,10.0,-1,31.161455
1862,611,1042.429395198822,256.82098960876465,932.5570068359375,346.331298828125,9.020271,14.0,-1,34.770184
9,611,1347.097363948822,1076.6640071868896,1237.2249755859375,1166.17431640625,8.800427,8.0,-1,33.727943
11,611,364.00303411483765,339.316198348999,254.13064575195312,428.8265075683594,7.7992663,14.0,-1,10.774273
1784,611,1691.704785823822,334.950963973999,1581.8323974609375,424.4612731933594,4.3552737,8.0,-1,24.82699
17,611,600.0611090660095,538.4904842376709,490.188720703125,628.0007934570312,3.1468241,8.0,-1,21.197771
1961,611,1732.6018805503845,400.2155513763428,1622.7294921875,489.7258605957031,2.4107049,12.0,-1,2.355954
1897,611,1537.566358089447,118.87526512145996,1427.6939697265625,208.3855743408203,0.50463843,18.0,-1,0.7780854
4,612,1194.699025630951,-22.929445266723633,1084.0120849609375,66.49669647216797,55.359295,8.0,1,27.481493
0,612,1364.138967037201,896.9943904876709,1253.4520263671875,986.4205322265625,54.75543,10.0,1,26.819916
1,612,1419.080861568451,202.51474571228027,1308.3939208984375,291.9408874511719,51.294544,8.0,1,24.365097
2,612,1494.566213130951,335.47406578063965,1383.8792724609375,424.90020751953125,26.367731,8.0,1,25.41233
3,612,996.4243063926697,372.41925621032715,885.7373657226562,461.84539794921875,24.66841,8.0,1,22.322227
1879,612,1704.6398215293884,89.3941707611084,1593.952880859375,178.8203125,20.364428,6.0,1,4.0538673
1332,612,702.5726218223572,531.6302547454834,591.8856811523438,621.056396484375,18.517061,20.0,-1,17.740908
6,612,246.26176977157593,303.0430660247803,135.5748291015625,392.4692077636719,11.159625,18.0,-1,10.275284
9,612,1350.921681880951,1076.4937801361084,1240.2347412109375,1165.919921875,10.204478,8.0,-1,31.45349
10,612,549.3256735801697,-14.571710586547852,438.63873291015625,74.85443115234375,10.091657,10.0,-1,20.937153
1862,612,1042.3551535606384,260.6364498138428,931.668212890625,350.0625915527344,8.807784,14.0,-1,36.100582
11,612,364.07727575302124,341.1544551849365,253.3903350830078,430.5805969238281,8.369708,14.0,-1,12.809852
8,612,1413.791310787201,310.32404136657715,1303.1043701171875,399.75018310546875,8.28209,8.0,-1,34.336555
12,612,1072.4049582481384,876.4581356048584,961.718017578125,965.88427734375,6.4626546,10.0,-1,29.143003
1784,612,1691.002736568451,334.57294273376465,1580.3157958984375,423.99908447265625,5.1715865,8.0,-1,25.741255
1967,612,118.47384262084961,1034.7769832611084,7.786901950836182,1124.203125,4.4980025,10.0,-1,24.383478
17,612,600.799153804779,536.6005916595459,490.1122131347656,626.0267333984375,3.4944935,8.0,-1,18.60245
1961,612,1731.009816646576,399.5418758392334,1620.3228759765625,488.968017578125,2.6742744,12.0,-1,6.552596
1897,612,1536.273976802826,117.19307518005371,1425.5870361328125,206.6192169189453,0.48778227,20.0,-1,0.04732734
0,613,1364.138967037201,897.0890026092529,1253.4913330078125,986.4237670898438,51.997303,10.0,1,26.477575
4,613,1194.850148677826,-22.929445266723633,1084.2025146484375,66.40531921386719,43.80335,8.0,1,27.466621
1,613,1418.156301021576,202.03193473815918,1307.5086669921875,291.36669921875,41.575634,8.0,1,25.485016
2,613,1496.7631125450134,335.06959342956543,1386.115478515625,424.40435791015625,38.632,8.0,1,25.101393
1332,613,702.2878928184509,533.4050426483154,591.6402587890625,622.7398071289062,37.87396,20.0,-1,18.661367
1879,613,1704.8165793418884,90.10194206237793,1594.1689453125,179.43670654296875,28.286116,6.0,1,3.809923
3,613,995.0406394004822,371.2418956756592,884.3930053710938,460.57666015625,20.060144,8.0,1,21.113625
10,613,547.8511252403259,-12.688798904418945,437.2034912109375,76.64596557617188,10.073205,10.0,-1,22.354036
6,613,246.59424352645874,303.2233409881592,135.9466094970703,392.55810546875,9.705165,20.0,-1,9.847837
8,613,1414.850392818451,306.89710807800293,1304.2027587890625,396.23187255859375,9.636439,8.0,-1,30.362856
12,613,1072.7656149864197,873.1542491912842,962.1179809570312,962.489013671875,9.013114,10.0,-1,32.36117
11,613,363.3827109336853,343.5148754119873,252.73507690429688,432.8496398925781,8.588603,14.0,-1,15.942595
9,613,1353.503468990326,1074.7383556365967,1242.8558349609375,1164.0731201171875,8.396724,8.0,-1,35.15599
1961,613,1727.645070552826,398.8997631072998,1616.9974365234375,488.2345275878906,5.525147,12.0,-1,6.1283793
1862,613,1041.2025656700134,258.17777824401855,930.554931640625,347.5125427246094,4.6365695,16.0,-1,41.819595
1784,613,1691.771047115326,333.2217845916748,1581.1234130859375,422.5565490722656,3.3593433,8.0,-1,22.886
17,613,602.4204611778259,537.8640880584717,491.7728271484375,627.1988525390625,3.163206,8.0,-1,18.855864
1967,613,117.82971429824829,1035.2874279022217,7.182080268859863,1124.6221923828125,2.4991703,10.0,-1,21.846941
1897,613,1535.9511008262634,118.12772941589355,1425.303466796875,207.46249389648438,1.2090322,20.0,-1,0.39777476
4,614,1195.345296382904,-22.0488224029541,1083.95751953125,68.05786895751953,67.74305,8.0,1,27.613457
1,614,1419.595296382904,201.989652633667,1308.20751953125,292.0963439941406,61.283337,8.0,1,25.364769
0,614,1362.661946773529,896.1179790496826,1251.274169921875,986.2246704101562,52.916546,10.0,1,27.317781
2,614,1497.3168540000916,334.369047164917,1385.9290771484375,424.4757385253906,31.22936,8.0,1,25.462309
1332,614,703.4416098594666,534.7048931121826,592.0538330078125,624.8115844726562,29.301575,20.0,-1,18.631458
3,614,995.254720211029,371.28417778015137,883.866943359375,461.390869140625,23.963404,8.0,1,21.608969
1879,614,1705.288899898529,87.4045238494873,1593.901123046875,177.51121520996094,16.320997,6.0,1,4.562235
10,614,547.4430747032166,-12.10698127746582,436.0552978515625,77.99971008300781,14.754415,10.0,-1,26.819967
6,614,245.56612157821655,305.731107711792,134.1783447265625,395.8377990722656,12.123786,20.0,-1,10.750133
9,614,1353.289388179779,1073.9261455535889,1241.901611328125,1164.0328369140625,11.629234,8.0,-1,31.190062
11,614,362.39688634872437,341.4456157684326,251.0091094970703,431.55230712890625,10.114869,14.0,-1,14.285184
12,614,1073.5368857383728,874.4285869598389,962.1491088867188,964.5352783203125,8.859857,10.0,-1,30.250034
8,614,1414.3681235313416,303.745756149292,1302.9803466796875,393.8524475097656,6.7472987,8.0,-1,34.79412
1961,614,1726.9369711875916,399.14303398132324,1615.5491943359375,489.2497253417969,6.1918354,12.0,-1,4.883106
1862,614,1040.427815914154,256.681303024292,929.0400390625,346.7879943847656,5.985853,12.0,-1,38.490223
1784,614,1693.3505454063416,335.94637870788574,1581.9627685546875,426.0530700683594,5.4101787,8.0,-1,24.042881
17,614,603.3363852500916,537.3220806121826,491.9486083984375,627.4287719726562,2.6427865,8.0,-1,16.751472
1897,614,1533.676106929779,119.30035209655762,1422.288330078125,209.40704345703125,0.7007399,10.0,1,0.03738171
4,615,1193.760091304779,-22.195226669311523,1082.04052734375,68.06166076660156,69.97025,8.0,1,25.353298
0,615,1362.7047934532166,895.8550510406494,1250.9852294921875,986.1119384765625,57.656387,10.0,1,26.851305
1,615,1419.8839926719666,203.9559726715088,1308.1644287109375,294.2128601074219,53.664387,8.0,1,25.427105
3,615,995.795003414154,371.4305820465088,884.075439453125,461.6874694824219,33.60889,8.0,1,20.101841
2,615,1497.683431148529,334.8344211578369,1385.9638671875,425.09130859375,27.95405,8.0,1,24.083914
1879,615,1706.125569820404,87.62185096740723,1594.406005859375,177.8787384033203,24.262285,6.0,1,5.134349
1332,615,704.776692867279,536.7707004547119,593.05712890625,627.027587890625,20.988989,20.0,-1,17.465805
12,615,1072.2771201133728,875.6972751617432,960.5575561523438,965.9541625976562,12.117991,10.0,-1,28.746256
10,615,547.712728023529,-13.390737533569336,435.9931640625,76.86614990234375,10.646197,10.0,-1,25.112614
6,615,242.1354422569275,308.1157627105713,130.41587829589844,398.3726501464844,10.2508545,20.0,-1,9.870733
9,615,1353.2465415000916,1071.582468032837,1241.5269775390625,1161.83935546875,9.577033,8.0,-1,35.12433
11,615,359.7018942832947,340.2905979156494,247.98233032226562,430.5474853515625,9.369485,16.0,-1,14.771709
8,615,1413.623372554779,303.4859104156494,1301.90380859375,393.7427978515625,7.914807,8.0,-1,37.18399
1784,615,1695.453450679779,335.72934913635254,1583.73388671875,425.9862365722656,5.4108186,8.0,-1,24.781677
1862,615,1039.592122554779,256.90513038635254,927.87255859375,347.1620178222656,5.384399,16.0,-1,44.5355
1961,615,1726.497640132904,400.38401222229004,1614.778076171875,490.6408996582031,5.1739397,12.0,-1,6.3665276
17,615,603.9604086875916,535.1520481109619,492.2408447265625,625.408935546875,2.2424643,8.0,-1,18.93297
1897,615,1532.964437007904,118.88204383850098,1421.244873046875,209.13893127441406,0.75966007,18.0,-1,0.19285372
0,616,1363.6417441368103,895.8563632965088,1251.6102294921875,986.0977172851562,71.35134,10.0,1,27.108486
4,616,1193.6978964805603,-22.103071212768555,1081.6663818359375,68.1382827758789,63.75694,8.0,1,26.47681
1,616,1421.0079550743103,203.6947727203369,1308.9764404296875,293.9361267089844,52.813595,8.0,1,25.171495
2,616,1497.7456259727478,335.4752597808838,1385.714111328125,425.71661376953125,31.232817,8.0,1,24.22639
3,616,998.2347617149353,371.09336280822754,886.2032470703125,461.334716796875,27.656029,8.0,1,19.617172
1332,616,701.728597164154,535.8271884918213,589.6970825195312,626.0685424804688,24.418589,20.0,-1,17.202642
1879,616,1703.9962363243103,86.52631568908691,1591.9647216796875,176.76766967773438,20.148035,6.0,1,4.79527
10,616,547.6312460899353,-10.354207992553711,435.5997314453125,79.88714599609375,12.267894,10.0,-1,24.884186
6,616,239.53095769882202,305.8328342437744,127.49944305419922,396.0741882324219,11.2145605,18.0,-1,9.088214
1961,616,1725.9774374961853,401.86460304260254,1613.9459228515625,492.10595703125,9.663054,12.0,-1,6.724442
8,616,1414.1284384727478,304.91782569885254,1302.096923828125,395.1591796875,9.077796,8.0,-1,34.708332
9,616,1355.9851279258728,1070.6668491363525,1243.95361328125,1160.908203125,8.8408165,8.0,-1,32.864708
11,616,357.6119894981384,338.84678077697754,245.58047485351562,429.088134765625,7.948459,16.0,-1,14.143099
12,616,1073.0968222618103,879.370584487915,961.0653076171875,969.6119384765625,7.7279468,10.0,-1,30.309362
1784,616,1693.3408408164978,335.72803688049316,1581.309326171875,425.9693908691406,4.592033,8.0,-1,23.692322
1862,616,1038.8698325157166,257.75181007385254,926.8383178710938,347.9931640625,4.165525,12.0,-1,43.66644
17,616,608.1085104942322,535.5323886871338,496.0769958496094,625.7737426757812,2.4932878,8.0,-1,17.865713
1897,616,1533.6847128868103,118.77466773986816,1421.6531982421875,209.01602172851562,0.75294185,18.0,-1,0.269091
4,617,1193.6696982383728,-22.03791618347168,1081.5693359375,68.1640396118164,57.65921,8.0,1,26.826988
0,617,1364.0432333946228,896.5220432281494,1251.94287109375,986.7239990234375,56.770214,10.0,1,27.262445
1,617,1422.0420126914978,204.37436866760254,1309.941650390625,294.5763244628906,50.369625,8.0,1,25.498634
1332,617,700.0550742149353,535.7573947906494,587.9547119140625,625.9593505859375,36.158333,20.0,-1,17.251095
2,617,1497.9128623008728,336.96177101135254,1385.8125,427.1637268066406,29.46846,8.0,1,24.770493
3,617,998.2617392539978,368.13318824768066,886.161376953125,458.33514404296875,21.605421,8.0,1,20.63788
1879,617,1703.4437460899353,87.10068702697754,1591.3433837890625,177.30264282226562,16.601583,6.0,1,4.2694645
10,617,548.7798361778259,-9.992826461791992,436.6794738769531,80.2091293334961,11.286794,10.0,-1,27.11279
8,617,1414.1014609336853,306.0307102203369,1302.0010986328125,396.232666015625,10.775638,8.0,-1,33.75105
6,617,238.62572240829468,305.57386207580566,126.52536010742188,395.77581787109375,9.761298,18.0,-1,8.226658
12,617,1073.9719443321228,878.0485935211182,961.87158203125,968.2505493164062,9.501945,10.0,-1,31.319708
9,617,1355.8158164024353,1071.190622329712,1243.7154541015625,1161.392578125,9.044408,8.0,-1,34.32382
1961,617,1725.6191611289978,401.79944801330566,1613.518798828125,492.00140380859375,8.4397335,12.0,-1,5.9869576
11,617,356.48567724227905,338.00721168518066,244.38531494140625,428.20916748046875,7.604772,16.0,-1,14.899027
1862,617,1040.2096762657166,256.5370578765869,928.1093139648438,346.739013671875,6.1898937,12.0,-1,41.700077
1967,617,121.41441488265991,1030.6414279937744,9.31405258178711,1120.8433837890625,4.408859,10.0,-1,20.434845
1784,617,1694.0696005821228,336.9842014312744,1581.96923828125,427.1861572265625,4.33473,8.0,-1,24.510437
17,617,609.8937582969666,534.3088474273682,497.79339599609375,624.5108032226562,3.167284,8.0,-1,18.03314
1897,617,1532.8373007774353,115.97722816467285,1420.7369384765625,206.17918395996094,1.1437929,8.0,1,1.4259738
0,618,1364.9784140586853,897.3190097808838,1251.9732666015625,987.589599609375,70.022026,10.0,1,27.253191
4,618,1194.8727011680603,-22.280492782592773,1081.8675537109375,67.99009704589844,67.90373,8.0,1,26.45304
1,618,1423.1445517539978,205.6852512359619,1310.139404296875,295.9558410644531,57.99088,8.0,1,26.020884
2,618,1497.9128623008728,336.9040927886963,1384.90771484375,427.1746826171875,31.40304,8.0,1,24.211653
1332,618,699.957356929779,534.937479019165,586.9522094726562,625.2080688476562,23.556658,20.0,-1,17.43671
1879,618,1702.8598837852478,83.75966835021973,1589.854736328125,174.03025817871094,23.148851,6.0,1,6.5837917
3,618,997.235921382904,366.0234775543213,884.2307739257812,456.2940673828125,21.582197,8.0,1,20.934633
10,618,547.3367209434509,-8.551679611206055,434.3315734863281,81.71891021728516,13.414955,10.0,-1,24.380848
9,618,1355.0842490196228,1071.8628330230713,1242.0791015625,1162.1334228515625,12.888332,8.0,-1,34.912613
8,618,1412.9914755821228,307.74082374572754,1299.986328125,398.01141357421875,12.394322,8.0,-1,33.702545
11,618,355.4127860069275,338.0559482574463,242.4076385498047,428.3265380859375,11.248549,16.0,-1,15.553003
6,618,237.59287786483765,305.57386207580566,124.58773040771484,395.8444519042969,9.957458,20.0,-1,9.734143
12,618,1077.0021567344666,878.6426792144775,963.9970092773438,968.9132690429688,7.9551067,10.0,-1,29.317423
1961,618,1726.5324912071228,402.64536476135254,1613.52734375,492.91595458984375,6.3178635,12.0,-1,5.9215283
1967,618,122.81350374221802,1027.3961582183838,9.808356285095215,1117.666748046875,6.149567,10.0,-1,20.96478
1862,618,1042.0500693321228,255.6160373687744,929.044921875,345.8866271972656,4.308766,14.0,-1,38.385303
1784,618,1698.8582968711853,336.65699195861816,1585.8531494140625,426.9275817871094,3.3865435,8.0,-1,23.604746
17,618,607.3368124961853,533.6468296051025,494.3316650390625,623.9174194335938,2.4313834,8.0,-1,16.762562
1897,618,1534.0547080039978,118.98395729064941,1421.049560546875,209.25454711914062,1.3226511,8.0,1,0.8843118
4,619,1194.866048336029,-23.836515426635742,1081.6885986328125,66.40230560302734,57.63296,8.0,1,26.222536
2,619,1499.2314047813416,335.7918186187744,1386.053955078125,426.0306396484375,46.293804,8.0,1,25.545849
0,619,1365.554280757904,898.8343601226807,1252.3768310546875,989.0731811523438,46.11781,10.0,1,27.104637
1,619,1421.9943442344666,205.58933448791504,1308.81689453125,295.8281555175781,40.144485,8.0,1,25.136396
3,619,995.9184775352478,365.5659580230713,882.7410278320312,455.8047790527344,25.448992,8.0,1,21.367865
1879,619,1701.0263266563416,81.73902320861816,1587.848876953125,171.97784423828125,18.885237,6.0,1,6.303179
1332,619,697.982747554779,534.0626316070557,584.8052978515625,624.3014526367188,17.538195,20.0,-1,17.350212
6,619,237.2612280845642,308.00354957580566,124.08377838134766,398.24237060546875,14.552311,20.0,-1,9.672149
9,619,1355.090901851654,1073.757516860962,1241.9134521484375,1163.996337890625,13.329646,8.0,-1,36.350845
8,619,1413.094563961029,305.8159885406494,1299.9171142578125,396.0548095703125,13.310287,8.0,-1,33.963375
11,619,355.8408408164978,337.93201637268066,242.66339111328125,428.17083740234375,11.283375,16.0,-1,16.000439
12,619,1078.5855917930603,880.0559787750244,965.4081420898438,970.2947998046875,8.443398,10.0,-1,30.41185
10,619,547.7144064903259,-6.753408432006836,434.5369567871094,83.48541259765625,7.8007126,8.0,-1,26.219418
1961,619,1723.142171382904,402.7412815093994,1609.9647216796875,492.9801025390625,6.1783795,12.0,-1,5.9641466
1784,619,1699.0988364219666,337.7653293609619,1585.92138671875,428.004150390625,5.853379,8.0,-1,23.607277
1967,619,121.83323240280151,1028.695749282837,8.655782699584961,1118.9345703125,3.1541488,10.0,-1,19.729912
17,619,607.6094870567322,531.1479587554932,494.4320373535156,621.3867797851562,1.5244431,8.0,-1,17.60906
1897,619,1531.2963461875916,120.30434608459473,1418.118896484375,210.5431671142578,1.3866467,8.0,1,0.8330705
0,620,1366.7179160118103,899.8651371002197,1253.843017578125,990.06201171875,68.47474,10.0,1,27.522087
4,620,1194.3593955039978,-25.613256454467773,1081.4844970703125,64.5836181640625,42.525948,8.0,1,26.12233
1,620,1422.0803427696228,203.92595863342285,1309.2054443359375,294.1228332519531,42.08321,8.0,1,25.34745
2,620,1502.4914755821228,336.16863441467285,1389.6165771484375,426.3655090332031,35.65305,8.0,1,26.811798
1879,620,1698.9881796836853,82.19277381896973,1586.11328125,172.3896484375,23.360077,6.0,1,5.749254
1332,620,697.3769736289978,533.846887588501,584.5020751953125,624.0437622070312,22.149391,20.0,-1,16.931011
3,620,996.3950400352478,365.507287979126,883.5201416015625,455.70416259765625,16.792902,8.0,1,21.048584
6,620,236.79594945907593,309.0372562408447,123.92105102539062,399.234130859375,12.865204,20.0,-1,11.061611
9,620,1356.8117880821228,1074.2481937408447,1243.9368896484375,1164.445068359375,10.813144,8.0,-1,35.343773
12,620,1079.3280234336853,880.5276126861572,966.453125,970.7244873046875,10.522296,10.0,-1,27.885206
8,620,1410.7990927696228,303.1885013580322,1297.9241943359375,393.3853759765625,9.710818,8.0,-1,29.21851
10,620,545.596028804779,-8.813230514526367,432.72113037109375,81.3836441040039,9.008864,10.0,-1,23.10503
11,620,355.75484228134155,338.2622318267822,242.87994384765625,428.4591064453125,8.813989,14.0,-1,15.207994
1961,620,1722.6340537071228,403.5493106842041,1609.7591552734375,493.7461853027344,7.5140915,12.0,-1,5.918819
1784,620,1700.6992392539978,336.0361576080322,1587.8243408203125,426.2330322265625,4.7392592,8.0,-1,22.290823
17,620,608.5173544883728,529.0866947174072,495.6424560546875,619.2835693359375,3.01809,8.0,-1,17.941366
1967,620,122.86934328079224,1028.7544193267822,9.994444847106934,1118.9512939453125,2.6714466,10.0,-1,18.048777
1862,620,1040.9013266563416,255.64052772521973,928.0264282226562,345.83740234375,2.3956869,16.0,-1,27.964077
1897,620,1526.8674521446228,119.62026405334473,1413.9925537109375,209.817138671875,1.7688571,8.0,1,0.42717713
0,621,1367.3501029014587,901.5483341217041,1253.9066162109375,991.4259643554688,56.63798,10.0,1,27.030964
4,621,1195.6967825889587,-25.875349044799805,1082.2532958984375,64.00228118896484,56.347843,8.0,1,25.84524
2,621,1503.0930228233337,336.09063148498535,1389.6495361328125,425.96826171875,49.92471,8.0,1,26.720007
1,621,1424.7137503623962,204.19399452209473,1311.270263671875,294.0716247558594,36.652267,8.0,1,26.07426
1332,621,695.0778250694275,537.4671573638916,581.6343383789062,627.3447875976562,30.34861,20.0,-1,17.265009
1879,621,1699.3651175498962,82.39081764221191,1585.921630859375,172.26844787597656,22.416101,6.0,1,6.532935
3,621,995.7753958702087,365.7650089263916,882.3319091796875,455.64263916015625,22.227974,8.0,1,18.079828
6,621,237.70836400985718,309.0372562408447,124.26487731933594,398.9148864746094,13.264249,20.0,-1,11.71209
10,621,543.47199010849,-10.119443893432617,430.02850341796875,79.75818634033203,13.146201,10.0,-1,25.812124
9,621,1355.4276175498962,1074.4448795318604,1241.984130859375,1164.322509765625,11.110831,8.0,-1,35.454475
12,621,1080.1084036827087,882.0390567779541,966.6649169921875,971.9166870117188,10.851451,10.0,-1,29.585098
8,621,1409.4970755577087,302.10967445373535,1296.0535888671875,391.9873046875,10.590139,8.0,-1,33.851555
1961,621,1722.8120169639587,402.9079532623291,1609.3685302734375,492.78558349609375,9.975989,12.0,-1,5.765414
11,621,355.75484228134155,340.4414920806885,242.3113555908203,430.3191223144531,9.289554,16.0,-1,15.834846
1784,621,1698.2766165733337,335.7192630767822,1584.8331298828125,425.5968933105469,3.3927076,8.0,-1,22.254776
17,621,607.3655142784119,526.5245304107666,493.9220275878906,616.4021606445312,3.3769102,6.0,-1,22.006527
1862,621,1039.9163870811462,254.60903358459473,926.472900390625,344.4866638183594,3.0300362,24.0,-1,21.217257
1967,621,122.82396841049194,1027.0851383209229,9.380481719970703,1116.9627685546875,2.1718118,10.0,-1,19.773172
1897,621,1527.2445120811462,122.5775089263916,1413.801025390625,212.45513916015625,1.1735158,8.0,1,0.8972085
4,622,1198.2556071281433,-24.339468002319336,1083.5987548828125,65.73274230957031,52.271606,8.0,1,26.83205
0,622,1366.5297770500183,901.6726627349854,1251.8729248046875,991.744873046875,51.23894,10.0,1,26.957659
2,622,1504.5380778312683,335.67986488342285,1389.8812255859375,425.7520751953125,46.38028,8.0,1,25.886477
1,622,1424.7796549797058,205.42879676818848,1310.122802734375,295.5010070800781,34.813873,8.0,1,24.373627
1332,622,693.9570841789246,538.1660709381104,579.3002319335938,628.23828125,26.990591,20.0,-1,17.991215
3,622,996.7748942375183,365.433069229126,882.1180419921875,455.5052795410156,18.704,8.0,1,16.441015
6,622,237.42654371261597,309.1026554107666,122.76969146728516,399.17486572265625,13.957879,20.0,-1,10.852795
1879,622,1697.9683756828308,80.22107887268066,1583.3115234375,170.2932891845703,11.964889,6.0,1,5.7462626
10,622,543.6663737297058,-10.119443893432617,429.009521484375,79.95276641845703,10.55456,10.0,-1,26.036606
1961,622,1720.5998454093933,401.87810707092285,1605.9429931640625,491.9503173828125,10.20432,12.0,-1,5.3139668
9,622,1356.3063883781433,1072.1829166412354,1241.6495361328125,1162.255126953125,10.041735,8.0,-1,33.07901
11,622,355.28176069259644,340.6002140045166,240.62490844726562,430.67242431640625,8.880961,16.0,-1,14.6442175
8,622,1409.3664469718933,303.72893714904785,1294.7095947265625,393.8011474609375,8.756054,8.0,-1,33.343002
12,622,1081.0339274406433,882.1145572662354,966.3770751953125,972.186767578125,8.708866,10.0,-1,29.968996
1967,622,122.82396841049194,1026.3009586334229,8.167116165161133,1116.3731689453125,6.0294366,10.0,-1,24.569504
1784,622,1700.5344157218933,337.9320316314697,1585.8775634765625,428.0042419433594,5.2360044,8.0,-1,22.017805
17,622,607.6530375480652,525.0343570709229,492.9961853027344,615.1065673828125,2.5213687,8.0,-1,20.286562
1862,622,1039.2985758781433,254.26125526428223,924.6417236328125,344.3334655761719,2.1453927,24.0,-1,18.368357
1897,622,1525.4385905265808,121.47097206115723,1410.78173828125,211.54318237304688,1.4459633,8.0,1,0.44872606
4,623,1201.451591014862,-26.70686149597168,1085.931640625,63.66814422607422,58.594753,8.0,1,28.697632
0,623,1365.1609416007996,901.4966983795166,1249.6409912109375,991.8717041015625,49.22429,10.0,1,26.989029
2,623,1505.6018595695496,333.7510929107666,1390.0819091796875,424.1260986328125,46.322224,8.0,1,25.771145
1,623,1427.668632030487,206.23549842834473,1312.148681640625,296.6105041503906,33.757526,8.0,1,24.997217
1332,623,693.0560832023621,538.6440372467041,577.5361328125,629.01904296875,29.024925,20.0,-1,18.157375
3,623,995.8139567375183,365.3730716705322,880.2940063476562,455.7480773925781,24.598959,8.0,1,17.52771
6,623,237.9180827140808,308.9387149810791,122.39813232421875,399.313720703125,21.198523,18.0,-1,11.455595
1879,623,1699.534842967987,79.9177188873291,1584.014892578125,170.292724609375,21.034613,6.0,1,5.8935614
10,623,543.6663737297058,-9.097196578979492,428.14642333984375,81.2778091430664,11.527805,10.0,-1,24.905294
8,623,1409.1306681632996,303.72893714904785,1293.6107177734375,394.10394287109375,8.94606,8.0,-1,31.720081
1961,623,1719.9883341789246,402.5144290924072,1604.4683837890625,492.8894348144531,8.820035,12.0,-1,6.1351604
11,623,355.4219889640808,341.0454349517822,239.90203857421875,431.4204406738281,8.6554,14.0,-1,13.31144
12,623,1079.869315624237,881.8271427154541,964.349365234375,972.2021484375,8.628594,10.0,-1,30.096363
9,623,1359.2476115226746,1073.2315616607666,1243.7276611328125,1163.6065673828125,8.375997,8.0,-1,32.01831
1967,623,125.3456826210022,1025.8865909576416,9.825732231140137,1116.2615966796875,7.347095,10.0,-1,25.461794
1784,623,1699.2219767570496,338.0288028717041,1583.7020263671875,428.40380859375,3.700062,8.0,-1,17.89555
17,623,606.4859843254089,523.7145938873291,490.9660339355469,614.089599609375,3.0083911,8.0,-1,20.08689
1862,623,1040.214774608612,254.36184120178223,924.69482421875,344.7368469238281,2.2153642,10.0,-1,16.215784
1897,623,1524.9600138664246,125.98410987854004,1409.4400634765625,216.35911560058594,1.7912979,8.0,1,0.76281416
4,624,1203.719901561737,-26.30455207824707,1088.0157470703125,63.80824661254883,80.36352,8.0,1,29.1618
0,624,1365.2183146476746,900.9959049224854,1249.51416015625,991.1087036132812,46.1911,10.0,1,26.347729
2,624,1506.5652384757996,333.8470706939697,1390.861083984375,423.9598693847656,39.400166,8.0,1,24.419636
1332,624,694.7468180656433,538.6130313873291,579.0426635742188,628.725830078125,37.660473,20.0,-1,18.877312
1,624,1428.6892619132996,205.6867618560791,1312.985107421875,295.799560546875,36.256527,8.0,1,25.104942
6,624,237.61215162277222,307.5335636138916,121.90799713134766,397.6463623046875,24.483854,20.0,-1,11.180956
1879,624,1699.9358439445496,78.89093971252441,1584.231689453125,169.0037384033203,21.1247,6.0,1,4.6203265
3,624,995.8139567375183,367.67327308654785,880.1098022460938,457.78607177734375,20.086964,8.0,1,17.610603
10,624,545.2851786613464,-8.65498161315918,429.5810241699219,81.45781707763672,15.048683,10.0,-1,26.051281
12,624,1077.8216471672058,879.8207340240479,962.1174926757812,969.9335327148438,12.41286,10.0,-1,26.872456
11,624,354.27922773361206,339.9841251373291,238.5750732421875,430.096923828125,11.8863535,16.0,-1,14.357834
1961,624,1719.233085155487,402.56743812561035,1603.5289306640625,492.68023681640625,9.1845045,12.0,-1,4.882615
9,624,1357.796561717987,1071.979730606079,1242.0924072265625,1162.092529296875,7.663637,8.0,-1,33.526257
8,624,1407.356376171112,305.83465003967285,1291.6522216796875,395.94744873046875,6.877626,8.0,-1,28.9442
1967,624,125.54681825637817,1025.8865909576416,9.842663764953613,1115.9993896484375,5.7975955,10.0,-1,22.498226
1784,624,1697.3608927726746,335.7101078033447,1581.65673828125,425.8229064941406,4.8908753,10.0,-1,15.002112
17,624,607.3373942375183,524.7380924224854,491.63323974609375,614.8508911132812,2.606925,8.0,-1,19.77198
1862,624,1039.532157421112,254.36586952209473,923.8280029296875,344.4786682128906,1.9261128,24.0,-1,16.77166
1897,624,1523.976493358612,131.57590675354004,1408.2723388671875,221.68870544433594,1.5572449,8.0,1,0.5014102
4,625,1203.7600054740906,-27.92991065979004,1087.744873046875,62.03428268432617,65.91671,8.0,1,29.81443
1,625,1430.2426714897156,205.7766513824463,1314.2275390625,295.7408447265625,45.57689,8.0,1,24.600327
2,625,1506.114863872528,333.7650852203369,1390.0997314453125,423.7292785644531,45.037464,8.0,1,25.468868
0,625,1365.2748980522156,900.6226596832275,1249.259765625,990.5868530273438,41.97404,10.0,1,26.31816
1332,625,693.6500811576843,538.7858066558838,577.6349487304688,628.75,31.435234,20.0,-1,18.854975
1879,625,1700.267940044403,77.94216346740723,1584.2528076171875,167.90635681152344,27.012634,6.0,1,5.343563
6,625,237.5720477104187,307.5636692047119,121.55691528320312,397.5278625488281,20.456747,20.0,-1,12.261981
3,625,996.1453814506531,367.64316749572754,880.1302490234375,457.60736083984375,17.858332,8.0,1,17.783484
10,625,545.2040972709656,-10.828794479370117,429.18896484375,79.1353988647461,10.487525,8.0,-1,26.557772
9,625,1356.541377544403,1074.0974521636963,1240.5262451171875,1164.0616455078125,10.403004,8.0,-1,31.542118
11,625,354.4349627494812,340.77808570861816,238.41983032226562,430.7422790527344,8.819213,14.0,-1,12.466303
12,625,1078.7878375053406,876.3365268707275,962.772705078125,966.3007202148438,8.245463,10.0,-1,29.594856
1961,625,1715.6643023490906,403.5907688140869,1599.649169921875,493.5549621582031,8.079895,12.0,-1,6.026549
8,625,1406.5366168022156,303.79993629455566,1290.521484375,393.7641296386719,6.9708524,8.0,-1,31.287817
1784,625,1699.1616168022156,330.68995094299316,1583.146484375,420.6541442871094,2.983309,8.0,-1,16.682201
17,625,606.98006772995,527.2340488433838,490.9649353027344,617.1982421875,2.3176415,8.0,-1,19.30207
1897,625,1526.4116168022156,132.12777137756348,1410.396484375,222.0919647216797,1.5823134,8.0,1,0.80535126
1862,625,1038.942012310028,256.08555030822754,922.9268798828125,346.04974365234375,1.4375952,24.0,-1,16.483133
4,626,1204.4680438041687,-29.466779708862305,1087.8841552734375,60.422828674316406,63.981506,8.0,1,30.102654
0,626,1368.2911639213562,899.7308139801025,1251.707275390625,989.6204223632812,44.49293,10.0,1,26.137045
1332,626,692.5165057182312,538.94993019104,575.9326171875,628.8395385742188,37.064186,20.0,-1,16.80988
2,626,1507.2181658744812,333.58045387268066,1390.63427734375,423.4700622558594,31.405272,8.0,1,25.14868
1,626,1427.5095477104187,206.12195777893066,1310.9256591796875,296.0115661621094,30.688002,8.0,1,24.861338
6,626,237.07012510299683,309.6659336090088,120.48623657226562,399.5555419921875,16.19183,20.0,-1,10.6874275
1879,626,1703.3753924369812,78.46639442443848,1586.79150390625,168.3560028076172,14.543645,6.0,1,5.104006
3,626,994.9980731010437,367.02939796447754,878.4141845703125,456.91900634765625,13.86137,8.0,1,18.480719
10,626,546.6762042045593,-10.649541854858398,430.0923156738281,79.24006652832031,10.553811,10.0,-1,25.211498
11,626,355.61442136764526,339.59449195861816,239.03053283691406,429.4841003417969,8.022689,14.0,-1,12.68303
8,626,1406.4939227104187,302.65683937072754,1289.9100341796875,392.54644775390625,7.4033427,8.0,-1,29.260899
1961,626,1715.3012957572937,405.18345069885254,1598.7174072265625,495.07305908203125,7.033884,12.0,-1,6.7604795
12,626,1077.6963763237,878.2882480621338,961.1124877929688,968.1778564453125,6.104536,10.0,-1,29.338968
9,626,1361.1291766166687,1074.0974521636963,1244.5452880859375,1163.987060546875,5.154251,8.0,-1,28.052305
17,626,606.98006772995,529.2247714996338,490.39617919921875,619.1143798828125,2.3424375,8.0,-1,20.523283
1784,626,1695.7243914604187,326.26270484924316,1579.1405029296875,416.1523132324219,1.970843,10.0,-1,13.950795
1897,626,1526.9642596244812,131.4171085357666,1410.38037109375,221.3067169189453,1.9117527,8.0,1,1.816704
1967,626,124.02480411529541,1024.2309970855713,7.440915584564209,1114.12060546875,1.3205489,8.0,-1,27.04612
4,627,1206.7587695121765,-28.491945266723633,1089.9921875,60.23183059692383,61.1268,8.0,1,28.86749
0,627,1371.210063457489,898.9761142730713,1254.4434814453125,987.6998901367188,47.38387,10.0,1,26.287075
1,627,1426.3180956840515,207.50937843322754,1309.551513671875,296.233154296875,47.046986,8.0,1,26.050608
2,627,1510.1213183403015,334.5877170562744,1393.354736328125,423.3114929199219,29.905884,8.0,1,24.676678
1332,627,693.042338848114,538.6255283355713,576.2757568359375,627.3493041992188,26.867828,20.0,-1,16.256163
3,627,994.613627910614,367.3303623199463,877.8470458984375,456.05413818359375,25.912027,8.0,1,20.943531
1879,627,1702.439311504364,77.83901405334473,1585.6727294921875,166.5627899169922,20.093851,6.0,1,5.235731
6,627,235.28389310836792,312.8122959136963,118.5173110961914,401.53607177734375,15.365726,20.0,-1,10.988731
10,627,548.1934924125671,-12.197553634643555,431.4269104003906,76.5262222290039,11.357284,8.0,-1,26.992313
1961,627,1715.313579082489,405.02918434143066,1598.5469970703125,493.7529602050781,10.6640415,12.0,-1,6.148503
9,627,1360.7155566215515,1073.0677280426025,1243.948974609375,1161.79150390625,10.095136,8.0,-1,28.984428
12,627,1078.0202441215515,878.2147006988525,961.253662109375,966.9384765625,9.21417,8.0,-1,30.056425
11,627,355.60213804244995,339.6636447906494,238.83555603027344,428.3874206542969,8.820992,14.0,-1,12.536012
8,627,1404.9990038871765,303.37522315979004,1288.232421875,392.0989990234375,7.3339863,8.0,-1,31.89896
17,627,610.8712573051453,529.1556186676025,494.10467529296875,617.87939453125,5.2391725,8.0,-1,21.626892
1784,627,1692.7946581840515,327.0526828765869,1576.028076171875,415.7764587402344,3.2483227,8.0,-1,19.063562
1967,627,126.25638818740845,1023.983377456665,9.489806175231934,1112.7071533203125,3.0421286,8.0,-1,26.72409
1897,627,1524.927104473114,132.0854434967041,1408.1605224609375,220.80921936035156,1.1634039,8.0,1,0.8342335
4,628,1208.7907519340515,-26.95619773864746,1091.802490234375,61.990455627441406,69.763695,8.0,1,30.021654
0,628,1371.164165019989,897.0603046417236,1254.1759033203125,986.0069580078125,59.72311,10.0,1,26.502298
2,628,1510.921489238739,334.23803901672363,1393.9332275390625,423.1846923828125,40.454815,8.0,1,25.597918
1,628,1425.2531542778015,209.3952350616455,1308.264892578125,298.3418884277344,35.18291,8.0,1,26.462755
1332,628,692.9899706840515,539.8086566925049,576.001708984375,628.7553100585938,27.421015,20.0,-1,16.752146
1879,628,1701.8635058403015,76.26190376281738,1584.875244140625,165.20855712890625,20.781757,6.0,1,5.3052
3,628,994.133891582489,367.43802070617676,877.1456298828125,456.3846740722656,14.472932,8.0,1,17.662048
6,628,233.919536113739,312.11087226867676,116.9312744140625,401.0575256347656,13.671668,20.0,-1,10.108437
11,628,355.8325152397156,339.2908344268799,238.84425354003906,428.23748779296875,11.646,14.0,-1,15.44453
10,628,550.7607531547546,-12.237615585327148,433.7724914550781,76.70903778076172,10.782078,10.0,-1,25.973688
8,628,1404.842631816864,300.1044635772705,1287.8543701171875,389.0511169433594,8.955337,8.0,-1,28.292337
12,628,1077.5187182426453,879.2695941925049,960.5304565429688,968.2162475585938,8.774037,10.0,-1,30.809343
9,628,1360.7614550590515,1073.1077899932861,1243.773193359375,1162.054443359375,8.418283,8.0,-1,30.650755
1961,628,1715.5488085746765,402.2792682647705,1598.560546875,491.2259216308594,6.6519513,12.0,-1,6.53203
1967,628,126.77366495132446,1025.3841571807861,9.78540325164795,1114.330810546875,5.901966,8.0,-1,25.479383
1784,628,1695.6984667778015,327.71521186828613,1578.710205078125,416.661865234375,2.347641,8.0,-1,18.217255
17,628,612.0055956840515,525.8424701690674,495.017333984375,614.7891235351562,2.2856262,8.0,-1,19.805523
1897,628,1524.3595995903015,134.75706672668457,1407.371337890625,223.70372009277344,1.0714747,8.0,1,1.1561053
0,629,1372.9466814994812,895.2455539703369,1255.491943359375,983.9977416992188,65.55189,10.0,1,27.100681
4,629,1207.4631609916687,-26.898954391479492,1090.0084228515625,61.853233337402344,60.59921,8.0,1,28.000916
1,629,1425.3012957572937,211.01389503479004,1307.8465576171875,299.7660827636719,40.452618,8.0,1,27.799948
2,629,1509.2624773979187,333.64988136291504,1391.8077392578125,422.4020690917969,37.372833,8.0,1,27.50082
1332,629,691.2750506401062,539.7102756500244,573.8203125,628.4624633789062,24.33196,20.0,-1,17.925186
3,629,991.5876727104187,369.7168674468994,874.1329345703125,458.46905517578125,16.346313,8.0,1,16.443293
1879,629,1700.6515154838562,75.93824195861816,1583.19677734375,164.6904296875,14.484723,6.0,1,6.189413
10,629,551.3407855033875,-12.638189315795898,433.88604736328125,76.11399841308594,12.536653,8.0,-1,28.41659
6,629,234.4810290336609,314.2272434234619,117.02629089355469,402.97943115234375,11.849389,20.0,-1,10.882984
11,629,357.53727293014526,339.8058567047119,240.08253479003906,428.55804443359375,10.502495,14.0,-1,15.257444
8,629,1403.5353045463562,299.13294410705566,1286.08056640625,387.8851318359375,8.627378,8.0,-1,31.076876
1961,629,1713.8911395072937,401.91648292541504,1596.4364013671875,490.6686706542969,7.2422557,12.0,-1,6.0313907
12,629,1075.5350604057312,880.9315891265869,958.080322265625,969.6837768554688,6.9395046,10.0,-1,31.727745
9,629,1360.8149676322937,1073.0505466461182,1243.3602294921875,1161.802734375,6.35425,8.0,-1,25.87995
1784,629,1698.1572527885437,331.0608310699463,1580.7025146484375,419.8130187988281,3.5528955,8.0,-1,20.187353
17,629,611.9574542045593,526.8977756500244,494.5027160644531,615.6499633789062,2.8065891,8.0,-1,18.363787
1967,629,129.92295694351196,1026.6551609039307,12.468218803405762,1115.4073486328125,1.7690836,8.0,-1,28.344172
1897,629,1525.8053240776062,132.6923313140869,1408.3505859375,221.44451904296875,0.84377533,8.0,1,1.0196558
4,630,1205.8466448783875,-25.96397590637207,1088.326416015625,62.01179885864258,65.95977,8.0,1,28.557632
0,630,1371.5356097221375,894.2351016998291,1254.015380859375,982.2108764648438,59.256668,10.0,1,26.454952
1,630,1427.4245257377625,212.3155460357666,1309.904296875,300.29132080078125,38.999348,8.0,1,27.542278
2,630,1509.3366351127625,334.0935916900635,1391.81640625,422.0693664550781,38.96398,8.0,1,26.999762
1332,630,692.289882183075,541.2518863677979,574.7696533203125,629.2276611328125,28.89595,20.0,-1,16.454624
1879,630,1699.673671245575,75.74811744689941,1582.1534423828125,163.72389221191406,28.681892,6.0,1,4.9807634
6,630,233.73765897750854,313.9908084869385,116.2174301147461,401.9665832519531,21.681635,20.0,-1,10.147258
11,630,359.800395488739,341.77251625061035,242.28016662597656,429.748291015625,13.323269,14.0,-1,12.979729
3,630,987.5588641166687,369.86858558654785,870.0386352539062,457.8443603515625,10.714066,8.0,1,10.497427
10,630,552.9899249076843,-13.495046615600586,435.4696960449219,74.48072814941406,10.526967,8.0,-1,27.593334
12,630,1076.0046648979187,879.9334049224854,958.4844360351562,967.9091796875,8.766486,10.0,-1,26.727812
1961,630,1713.5055804252625,400.1347904205322,1595.9853515625,488.1105651855469,8.426019,12.0,-1,6.8945937
9,630,1357.9855608940125,1075.8047428131104,1240.46533203125,1163.780517578125,7.489863,10.0,-1,21.692432
8,630,1402.4877581596375,298.9812259674072,1284.967529296875,386.9570007324219,4.663383,8.0,-1,27.849806
1784,630,1698.0830950737,334.5996036529541,1580.5628662109375,422.57537841796875,2.8713882,8.0,-1,18.162317
17,630,612.5657916069031,528.8585147857666,495.0455627441406,616.8342895507812,2.5195854,8.0,-1,21.694351
1967,630,129.99833250045776,1026.3536930084229,12.478103637695312,1114.3294677734375,1.6485225,10.0,-1,26.425844
1897,630,1525.9401507377625,132.0771884918213,1408.419921875,220.05296325683594,0.94681686,8.0,1,1.0586879
4,631,1205.8513445854187,-25.897676467895508,1087.8277587890625,61.91829299926758,61.663548,8.0,1,29.241064
1332,631,693.8061175346375,542.4415988922119,575.7825317382812,630.257568359375,42.886623,20.0,-1,17.572302
1,631,1429.5987811088562,212.24924659729004,1311.5751953125,300.0652160644531,38.28546,8.0,1,27.328028
0,631,1373.0613055229187,895.2469577789307,1255.0377197265625,983.0629272460938,36.184967,10.0,1,25.779367
2,631,1511.4234881401062,333.24854469299316,1393.39990234375,421.06451416015625,24.554388,8.0,1,26.238085
6,631,230.9111819267273,318.1362705230713,112.8875961303711,405.9522399902344,15.0968275,20.0,-1,9.917837
1879,631,1699.6667742729187,74.59528541564941,1581.6431884765625,162.4112548828125,15.081391,6.0,1,5.1078134
3,631,985.7252459526062,368.4980869293213,867.70166015625,456.3140563964844,11.574557,8.0,1,11.1873865
12,631,1075.9999651908875,878.3792209625244,957.9763793945312,966.1951904296875,9.598773,10.0,-1,30.67077
10,631,555.2277178764343,-15.058614730834961,437.2041320800781,72.75735473632812,8.953401,8.0,-1,28.91056
11,631,359.90824460983276,340.3241672515869,241.88465881347656,428.14013671875,7.9055495,14.0,-1,12.984724
1961,631,1715.5671648979187,399.7582492828369,1597.5435791015625,487.57421875,7.5207787,12.0,-1,5.5579276
9,631,1358.2351336479187,1077.3145236968994,1240.2115478515625,1165.1304931640625,5.846625,10.0,-1,21.14627
8,631,1400.6891131401062,300.15598487854004,1282.66552734375,387.9719543457031,4.362927,8.0,-1,26.594194
17,631,612.4262042045593,530.1795139312744,494.4026184082031,617.9954833984375,4.2692885,6.0,-1,22.122807
1784,631,1696.3675799369812,336.5012912750244,1578.343994140625,424.3172607421875,3.5370777,8.0,-1,20.261557
1967,631,128.3167872428894,1025.390329360962,10.293201446533203,1113.206298828125,2.2257252,10.0,-1,26.593307
1897,631,1523.9958758354187,134.41060829162598,1405.9722900390625,222.22657775878906,1.1758717,8.0,1,0.9239218
4,632,1203.9614214897156,-24.17519187927246,1084.78369140625,63.67185974121094,37.25749,8.0,1,27.824467
1,632,1431.917842388153,212.05977821350098,1312.7401123046875,299.9068298339844,32.041588,8.0,1,27.199776
1332,632,692.9782061576843,543.6350650787354,573.8004760742188,631.4821166992188,30.268538,20.0,-1,18.382551
0,632,1375.203242778778,894.9463443756104,1256.0255126953125,982.7933959960938,27.832848,10.0,1,25.113932
2,632,1511.7460894584656,333.4380130767822,1392.568359375,421.2850646972656,24.055641,8.0,1,25.473387
1879,632,1703.2712359428406,75.47475624084473,1584.093505859375,163.32180786132812,23.868608,6.0,1,5.809675
3,632,987.8558306694031,368.1899356842041,868.6781005859375,456.0369873046875,17.972826,8.0,1,11.173166
6,632,225.67030668258667,319.456995010376,106.4925765991211,407.3040466308594,10.977593,20.0,-1,10.226746
10,632,555.2960162162781,-13.894918441772461,436.1182861328125,73.95213317871094,10.704204,10.0,-1,30.014887
12,632,1075.525264263153,877.8346500396729,956.3475341796875,965.6817016601562,7.7342362,10.0,-1,30.600307
1961,632,1714.726191997528,399.0864505767822,1595.5484619140625,486.9335021972656,7.554891,12.0,-1,5.962283
11,632,359.839946269989,339.71526527404785,240.66221618652344,427.56231689453125,6.7729363,14.0,-1,13.238104
8,632,1402.937373638153,299.8958377838135,1283.7596435546875,387.7428894042969,6.284427,8.0,-1,22.986193
9,632,1360.3867144584656,1080.787591934204,1241.208984375,1168.6346435546875,6.007917,8.0,-1,25.603464
1784,632,1694.472285747528,336.02605628967285,1575.2945556640625,423.87310791015625,4.929659,8.0,-1,23.915691
17,632,611.2027544975281,534.0574283599854,492.0250244140625,621.9044799804688,4.713592,8.0,-1,21.152756
1967,632,130.67382287979126,1024.252923965454,11.496092796325684,1112.0999755859375,1.9115206,10.0,-1,25.746082
1897,632,1521.4350543022156,135.08313941955566,1402.25732421875,222.93019104003906,0.8395346,8.0,1,0.58911425
4,633,1202.6747241020203,-22.284475326538086,1083.389892578125,66.12074279785156,42.650467,8.0,1,27.444244
0,633,1374.7247729301453,893.3052310943604,1255.43994140625,981.71044921875,41.666317,10.0,1,24.141088
1,633,1435.3263354301453,213.0184268951416,1316.04150390625,301.42364501953125,35.3064,8.0,1,27.226482
1879,633,1705.5358080863953,73.01862525939941,1586.2509765625,161.42384338378906,24.682123,6.0,1,4.3118925
1332,633,690.638286113739,542.3738346099854,571.3534545898438,630.779052734375,24.238108,20.0,-1,17.036013
2,633,1511.5569262504578,334.70501136779785,1392.2720947265625,423.1102294921875,22.380766,8.0,1,26.111414
6,633,223.40978574752808,321.35271644592285,104.12495422363281,409.7579345703125,17.815145,20.0,-1,10.842495
3,633,990.002055644989,368.28264808654785,870.7172241210938,456.6878662109375,13.28402,8.0,1,12.653555
10,633,555.4351305961609,-12.457944869995117,436.1502990722656,75.94727325439453,12.30542,10.0,-1,28.637617
12,633,1075.971293926239,877.7419376373291,956.6864624023438,966.1471557617188,10.956136,8.0,-1,32.79928
8,633,1403.3494067192078,299.7066898345947,1284.0645751953125,388.1119079589844,10.476621,8.0,-1,25.269093
11,633,359.50651121139526,339.387414932251,240.2216796875,427.7926330566406,10.362948,14.0,-1,12.975428
1961,633,1712.0145678520203,397.32830238342285,1592.729736328125,485.7335205078125,9.176393,14.0,-1,6.790553
9,633,1362.7460131645203,1083.7169742584229,1243.461181640625,1172.1221923828125,7.422011,8.0,-1,26.803268
1784,633,1695.3414721488953,335.4893436431885,1576.056640625,423.8945617675781,5.975287,8.0,-1,23.599253
1897,633,1519.4283862113953,136.23391151428223,1400.1435546875,224.63912963867188,1.8080319,8.0,1,0.536671
1967,633,133.08671712875366,1022.3143863677979,13.801885604858398,1110.7196044921875,1.4572085,10.0,-1,26.739193
17,633,611.0636401176453,534.6037540435791,491.77880859375,623.0089721679688,1.1743174,8.0,-1,16.87434
4,634,1200.9223437309265,-22.64681053161621,1081.7318115234375,66.27510070800781,68.62758,8.0,1,26.295979
0,634,1375.8359179496765,893.429895401001,1256.6453857421875,982.351806640625,46.262684,10.0,1,26.06094
1,634,1435.2814745903015,212.95705604553223,1316.0909423828125,301.87896728515625,41.153133,8.0,1,27.550312
1332,634,690.1108813285828,541.8147830963135,570.9203491210938,630.7366943359375,29.04397,18.0,-1,15.972765
1879,634,1706.979106426239,73.84418678283691,1587.78857421875,162.76609802246094,26.39103,6.0,1,4.598731
2,634,1511.8989062309265,334.5367679595947,1392.7083740234375,423.45867919921875,22.904146,8.0,1,26.823101
3,634,989.4535937309265,366.477746963501,870.2630615234375,455.399658203125,18.066746,8.0,1,14.081716
6,634,221.79953336715698,321.7589054107666,102.60900115966797,410.6808166503906,16.41358,20.0,-1,10.648067
1961,634,1707.6948046684265,399.1962833404541,1588.5042724609375,488.1181945800781,11.398185,14.0,-1,6.7710104
10,634,556.0069079399109,-11.871885299682617,436.8163757324219,77.0500259399414,10.83084,10.0,-1,28.15422
11,634,359.4465899467468,339.43840980529785,240.2560577392578,428.3603210449219,10.601136,14.0,-1,13.296881
8,634,1403.3942675590515,299.7907962799072,1284.2037353515625,388.71270751953125,9.848974,8.0,-1,26.13873
12,634,1078.0919604301453,877.879602432251,958.9014282226562,966.801513671875,8.183122,8.0,-1,32.53842
9,634,1365.157573223114,1079.648889541626,1245.967041015625,1168.57080078125,7.8058,8.0,-1,25.989197
1784,634,1696.930034160614,333.5178165435791,1577.739501953125,422.4397277832031,4.482554,8.0,-1,23.736223
17,634,607.1486620903015,530.7738285064697,487.9581298828125,619.6957397460938,3.7303426,8.0,-1,19.14102
1967,634,135.08021593093872,1022.263391494751,15.889683723449707,1111.185302734375,2.013695,10.0,-1,24.000261
1897,634,1516.825053691864,137.2320957183838,1397.634521484375,226.1540069580078,0.6507446,16.0,-1,0.14185387
4,635,1200.9030413627625,-22.36890983581543,1081.7220458984375,66.4669418334961,45.130116,8.0,1,26.673248
0,635,1377.1446185112,893.6344242095947,1257.963623046875,982.4702758789062,43.916073,10.0,1,25.42631
1,635,1434.842128276825,213.81197547912598,1315.6611328125,302.6478271484375,43.39504,8.0,1,27.625376
1332,635,688.51717710495,543.261926651001,569.336181640625,632.0977783203125,31.14417,20.0,-1,16.505573
2,635,1513.1838030815125,333.39653968811035,1394.0028076171875,422.2323913574219,22.776283,8.0,1,27.285095
6,635,218.24910306930542,323.2290897369385,99.06810760498047,412.06494140625,19.619837,20.0,-1,10.279816
3,635,989.4013323783875,364.9542179107666,870.2203369140625,453.7900695800781,19.22964,8.0,1,17.29399
1879,635,1706.6573138237,72.68136024475098,1587.476318359375,161.5172119140625,19.030489,6.0,1,4.011657
11,635,359.0493426322937,339.6279239654541,239.86834716796875,428.4637756347656,12.91698,14.0,-1,14.591123
10,635,557.6446795463562,-10.643239974975586,438.46368408203125,78.19261169433594,12.512681,10.0,-1,29.084267
1961,635,1706.6606097221375,398.97295570373535,1587.4796142578125,487.8088073730469,9.054487,12.0,-1,5.4060383
9,635,1367.3241839408875,1079.370569229126,1248.1431884765625,1168.2064208984375,8.630193,10.0,-1,24.084532
12,635,1079.7520403862,877.6900882720947,960.571044921875,966.5259399414062,7.7560143,8.0,-1,33.025463
8,635,1404.496913433075,297.994592666626,1285.31591796875,386.8304443359375,6.2542796,8.0,-1,25.874517
1967,635,136.3412299156189,1027.2117557525635,17.160234451293945,1116.047607421875,5.5604234,10.0,-1,20.627653
1784,635,1697.163905620575,334.8237247467041,1577.98291015625,423.6595764160156,4.996182,8.0,-1,24.083948
17,635,607.1679644584656,526.8846683502197,487.9869689941406,615.7205200195312,3.3142452,6.0,-1,21.439503
1897,635,1514.8544573783875,136.95774269104004,1395.6734619140625,225.79359436035156,0.5806205,20.0,-1,0.55968547
4,636,1200.2571444511414,-22.83759880065918,1080.5648193359375,65.90727996826172,37.148556,8.0,1,24.593273
1,636,1433.0560946464539,215.65432167053223,1313.36376953125,304.3992004394531,36.938515,8.0,1,27.234074
0,636,1379.0874667167664,892.5613346099854,1259.3951416015625,981.3062133789062,32.562954,10.0,1,24.03577
1332,636,689.0164828300476,543.8758487701416,569.3241577148438,632.6207275390625,31.050545,18.0,-1,15.364817
2,636,1513.0955233573914,333.8652286529541,1393.4031982421875,422.610107421875,22.328657,8.0,1,27.353428
1879,636,1707.6244540214539,75.09406471252441,1587.93212890625,163.8389434814453,19.098843,6.0,1,4.9554543
6,636,219.35943937301636,325.34929847717285,99.6671142578125,414.09417724609375,14.501237,20.0,-1,9.658981
3,636,989.0379672050476,365.512414932251,869.3456420898438,454.2572937011719,13.728734,8.0,1,15.061101
10,636,559.8214755058289,-12.502706527709961,440.129150390625,76.24217224121094,12.876731,10.0,-1,27.882002
11,636,359.1376223564148,340.4811954498291,239.44529724121094,429.22607421875,11.365148,16.0,-1,15.914822
12,636,1077.7108798027039,877.0793399810791,958.0185546875,965.82421875,9.341935,10.0,-1,29.30522
1961,636,1706.4877352714539,398.5040225982666,1586.79541015625,487.2489013671875,7.8227706,12.0,-1,6.028141
9,636,1366.5816073417664,1082.804437637329,1246.8892822265625,1171.54931640625,5.9620094,10.0,-1,20.409374
8,636,1404.6498446464539,296.444299697876,1284.95751953125,385.1891784667969,5.780106,8.0,-1,27.504633
17,636,609.459933757782,525.1584415435791,489.7676086425781,613.9033203125,3.6722853,6.0,-1,21.705633
1784,636,1696.4246249198914,333.3780765533447,1576.7322998046875,422.1229553222656,3.6476395,8.0,-1,23.945852
1967,636,137.29828023910522,1027.803461074829,17.605955123901367,1116.54833984375,2.7350082,10.0,-1,19.1084
1897,636,1511.0968661308289,133.66599464416504,1391.404541015625,222.41087341308594,1.3275961,20.0,-1,0.15926608
4,637,1202.4409823417664,-24.224515914916992,1081.5697021484375,64.10248565673828,54.3775,8.0,1,27.193378
1,637,1432.8978915214539,214.63311195373535,1312.026611328125,302.9601135253906,42.40325,8.0,1,27.05704
0,637,1379.6190829277039,895.1595706939697,1258.747802734375,983.486572265625,34.930096,10.0,1,24.575048
1332,637,690.0396761894226,544.5308475494385,569.1683959960938,632.8578491210938,27.316338,18.0,-1,14.997221
2,637,1513.4339022636414,336.1356449127197,1392.5626220703125,424.462646484375,23.20003,8.0,1,26.30082
1879,637,1707.1519198417664,77.60883522033691,1586.2806396484375,165.9358367919922,20.739525,6.0,1,5.5132766
6,637,221.4167513847351,324.54509925842285,100.54547119140625,412.8721008300781,16.59661,20.0,-1,11.20944
3,637,987.1310458183289,364.713098526001,866.259765625,453.04010009765625,16.116253,8.0,1,13.305406
10,637,559.005343914032,-10.516035079956055,438.1340637207031,77.81096649169922,13.642887,10.0,-1,25.699621
11,637,358.88663053512573,339.9502811431885,238.01535034179688,428.27728271484375,12.234193,16.0,-1,15.414828
1961,637,1706.6459383964539,398.0064945220947,1585.774658203125,486.33349609375,11.330855,14.0,-1,5.946408
12,637,1076.4376254081726,877.220178604126,955.5663452148438,965.5471801757812,11.079201,8.0,-1,33.814953
9,637,1365.1930575370789,1085.9619388580322,1244.32177734375,1174.2889404296875,9.280967,10.0,-1,23.56164
8,637,1406.3126864433289,295.1534671783447,1285.44140625,383.48046875,5.899004,8.0,-1,26.425787
1784,637,1694.6923251152039,335.49151039123535,1573.821044921875,423.8185119628906,4.709522,8.0,-1,21.636257
1967,637,137.6496958732605,1027.6626224517822,16.77841567993164,1115.9896240234375,3.9034817,10.0,-1,25.096565
17,637,612.7254977226257,523.3570194244385,491.8542175292969,611.6840209960938,2.7107065,8.0,-1,18.354023
1897,637,1508.8140292167664,134.5100803375244,1387.9427490234375,222.8370819091797,0.80086595,22.0,-1,0.48977757
4,638,1201.47510099411,-24.097658157348633,1080.056396484375,64.10028076171875,64.97033,8.0,1,26.056387
1,638,1435.096438884735,216.03973197937012,1313.677734375,304.2376708984375,43.27974,8.0,1,27.748383
0,638,1380.321536540985,895.0327129364014,1258.90283203125,983.2306518554688,36.76044,10.0,1,25.56465
1332,638,689.7410311698914,542.9863872528076,568.3223266601562,631.184326171875,26.079927,18.0,-1,15.071391
2,638,1514.60596036911,333.9439067840576,1393.187255859375,422.141845703125,24.844933,8.0,1,26.998545
1879,638,1707.8358187675476,79.86269950866699,1586.4171142578125,168.06063842773438,23.718689,6.0,1,1.9773273
3,638,987.6237826347351,363.6454448699951,866.205078125,451.8433837890625,22.380432,8.0,1,15.735958
6,638,221.1101565361023,324.21908378601074,99.69145202636719,412.4170227050781,20.59546,20.0,-1,10.936246
10,638,559.3836398124695,-8.870576858520508,437.9649353027344,79.32736206054688,12.533806,10.0,-1,25.915283
12,638,1074.3881258964539,878.0484600067139,952.9694213867188,966.2463989257812,11.084134,8.0,-1,34.41637
11,638,359.22365140914917,339.596097946167,237.80494689941406,427.7940368652344,9.292063,16.0,-1,14.979018
9,638,1363.1241488456726,1087.5071392059326,1241.7054443359375,1175.705078125,8.84592,8.0,-1,26.335197
1961,638,1704.762942790985,399.5501079559326,1583.34423828125,487.748046875,8.727569,14.0,-1,6.0000176
8,638,1405.912356853485,293.98950004577637,1284.49365234375,382.18743896484375,7.45517,8.0,-1,25.210346
1967,638,135.9453158378601,1025.4979839324951,14.526611328125,1113.6959228515625,5.2537475,10.0,-1,26.53821
1784,638,1694.990970134735,337.78707695007324,1573.572265625,425.9850158691406,4.624613,8.0,-1,20.819756
17,638,618.0682406425476,521.7770977020264,496.6495361328125,609.9750366210938,2.4659562,8.0,-1,19.572819
1897,638,1505.7428011894226,138.01237297058105,1384.3240966796875,226.21031188964844,0.9364055,18.0,-1,0.50369716
0,639,1381.1165804862976,894.9596080780029,1259.3896484375,983.8955688476562,53.92934,10.0,1,26.138935
4,639,1201.479251384735,-26.603376388549805,1079.7523193359375,62.332584381103516,47.337376,8.0,1,27.165192
1,639,1436.2042269706726,218.0558910369873,1314.477294921875,306.9918518066406,40.539665,8.0,1,25.77012
2,639,1514.601809978485,333.38603019714355,1392.8748779296875,422.3219909667969,26.184484,8.0,1,26.43339
1332,639,687.5202670097351,545.2706432342529,565.7933349609375,634.2066040039062,24.386724,18.0,-1,15.354742
1879,639,1707.9920687675476,80.86697196960449,1586.26513671875,169.8029327392578,19.683945,6.0,1,0.026471853
3,639,987.8621859550476,362.94730949401855,866.13525390625,451.8832702636719,18.386717,8.0,1,12.047634
6,639,217.8918490409851,325.3236827850342,96.1649169921875,414.2596435546875,14.912308,20.0,-1,11.362997
11,639,359.0456576347351,338.98649406433105,237.3187255859375,427.9224548339844,11.644463,16.0,-1,14.648696
10,639,558.406466960907,-8.690942764282227,436.6795349121094,80.2450180053711,11.60088,10.0,-1,23.981379
9,639,1363.61572599411,1087.1488780975342,1241.8887939453125,1176.0848388671875,11.465793,10.0,-1,23.697887
1961,639,1702.2335238456726,399.63444328308105,1580.506591796875,488.5704040527344,9.887969,14.0,-1,7.314644
12,639,1074.7244296073914,879.1588878631592,952.9974975585938,968.0948486328125,9.704917,8.0,-1,33.6789
8,639,1405.1304965019226,293.81925773620605,1283.403564453125,382.7552185058594,6.698293,8.0,-1,25.640684
17,639,617.7710604667664,521.3548717498779,496.04412841796875,610.2908325195312,3.5126226,8.0,-1,21.367817
1784,639,1696.7796664237976,339.02055168151855,1575.052734375,427.9565124511719,3.473156,8.0,-1,23.145136
1967,639,134.87499380111694,1022.2639904022217,13.148061752319336,1111.199951171875,3.1725328,10.0,-1,26.966524
1897,639,1506.246341228485,138.0854778289795,1384.5194091796875,227.0214385986328,0.9370103,20.0,-1,1.0517002
1,640,1435.454806804657,218.62341117858887,1314.0826416015625,307.9494323730469,81.73939,8.0,1,27.560637
4,640,1201.262179851532,-27.164335250854492,1079.8900146484375,62.161685943603516,68.49435,8.0,1,27.722305
0,640,1381.3887667655945,893.3491497039795,1260.0166015625,982.6751708984375,35.874355,10.0,1,23.9126
1332,640,684.5262789726257,544.9616985321045,563.1541137695312,634.2877197265625,27.97526,18.0,-1,15.426088
2,640,1516.5779757499695,334.29565238952637,1395.205810546875,423.6216735839844,20.914762,8.0,1,26.81831
1879,640,1707.7698702812195,82.05622673034668,1586.397705078125,171.3822479248047,20.314108,6.0,1,0.69387543
6,640,216.0431170463562,326.0886821746826,94.67095184326172,415.4147033691406,20.25163,20.0,-1,10.90339
3,640,989.1623873710632,362.7768840789795,867.7902221679688,452.1029052734375,13.683217,8.0,1,11.390178
1961,640,1701.5291476249695,399.64062309265137,1580.156982421875,488.9666442871094,11.099507,14.0,-1,5.769663
11,640,358.4864993095398,337.9854106903076,237.1143341064453,427.3114318847656,10.404897,16.0,-1,17.228586
10,640,557.2445406913757,-8.120271682739258,435.87237548828125,81.20574951171875,9.887654,10.0,-1,24.162235
8,640,1405.772189617157,293.82382011413574,1284.4000244140625,383.14984130859375,8.550895,8.0,-1,25.842003
12,640,1074.8704562187195,879.7649211883545,953.498291015625,969.0909423828125,8.123349,8.0,-1,34.03903
9,640,1364.009006023407,1087.1443157196045,1242.6368408203125,1176.4703369140625,6.8066406,10.0,-1,22.047337
1784,640,1697.1026339530945,339.4092082977295,1575.73046875,428.7352294921875,4.123882,8.0,-1,24.242083
17,640,619.0261874198914,519.998197555542,497.6540222167969,609.32421875,2.9393575,8.0,-1,20.084843
1967,640,135.52151346206665,1019.258451461792,14.149348258972168,1108.58447265625,2.3003516,8.0,-1,26.483707
1897,640,1506.100314617157,134.72688102722168,1384.7281494140625,224.0529022216797,0.5789096,22.0,-1,1.2610791
1,641,1433.9573092460632,219.07404899597168,1312.5863037109375,307.9444580078125,52.181797,8.0,1,26.531715
4,641,1203.3011813163757,-25.988161087036133,1081.93017578125,62.88224792480469,47.856094,8.0,1,28.061415
0,641,1382.5094332695007,894.7794933319092,1261.138427734375,983.64990234375,42.404957,10.0,1,25.785553
2,641,1515.8139986991882,333.18885612487793,1394.4429931640625,422.05926513671875,32.771507,8.0,1,27.742537
6,641,217.0365023612976,325.6380443572998,95.66549682617188,414.5084533691406,27.975008,20.0,-1,10.209643
1879,641,1707.2073092460632,80.82624626159668,1585.8363037109375,169.6966552734375,26.469742,10.0,-1,1.1174502
1332,641,684.684054851532,546.8961925506592,563.3130493164062,635.7666015625,25.209394,20.0,-1,15.997911
3,641,987.5947604179382,364.85124015808105,866.2237548828125,453.7216491699219,13.5025,8.0,1,13.248203
11,641,357.6969790458679,338.4961681365967,236.3259735107422,427.3665771484375,9.995429,16.0,-1,17.27277
8,641,1405.6144137382507,293.2823009490967,1284.243408203125,382.1527099609375,9.86579,8.0,-1,29.82448
1961,641,1701.8635592460632,400.5031566619873,1580.4925537109375,489.3735656738281,9.1354,14.0,-1,5.511207
10,641,558.1790804862976,-8.643144607543945,436.8080749511719,80.22726440429688,8.85255,10.0,-1,21.313679
12,641,1076.3308444023132,879.1914196014404,954.9598388671875,968.0618286132812,7.891772,10.0,-1,35.599335
9,641,1363.2418551445007,1084.7332286834717,1241.870849609375,1173.6036376953125,5.9217906,10.0,-1,21.149551
1784,641,1695.3959078788757,343.0589122772217,1574.02490234375,431.9293212890625,5.7757187,8.0,-1,24.635494
17,641,619.5892062187195,519.1050548553467,498.21820068359375,607.9754638671875,4.4510484,8.0,-1,20.029623
1967,641,138.93627882003784,1015.1398448944092,17.56527328491211,1104.01025390625,2.9238918,10.0,-1,25.508629
2032,641,455.4480929374695,-81.0235390663147,334.07708740234375,7.846869945526123,2.2125125,8.0,1,9.809253
1897,641,1505.8956637382507,135.28893852233887,1384.524658203125,224.1593475341797,0.97962886,24.0,-1,1.0077741
1,642,1433.3443942070007,216.32992506027222,1311.9749755859375,304.7111511230469,51.63786,8.0,1,26.447824
4,642,1203.9983248710632,-28.011475086212158,1082.62890625,60.3697509765625,44.36378,8.0,1,28.651045
0,642,1383.8840670585632,896.0901484489441,1262.5146484375,984.4713745117188,40.662434,10.0,1,25.337128
1332,642,687.5023531913757,552.0494379997253,566.1329345703125,640.4306640625,39.13662,20.0,-1,17.711853
2,642,1514.6959567070007,333.58328199386597,1393.3265380859375,421.9645080566406,30.003817,8.0,1,27.600868
1879,642,1707.6267428398132,81.48875379562378,1586.25732421875,169.86997985839844,24.007872,10.0,-1,1.2386618
3,642,985.6065402030945,365.3389277458191,864.2371215820312,453.72015380859375,23.36345,8.0,1,13.896754
6,642,215.8388476371765,326.99475049972534,94.46942901611328,415.3759765625,13.845847,20.0,-1,12.0377035
8,642,1405.1411471366882,293.18350172042847,1283.771728515625,381.5647277832031,10.936845,8.0,-1,26.419449
10,642,557.1498141288757,-8.64271593093872,435.7803955078125,79.73851013183594,9.986245,10.0,-1,23.347664
11,642,356.4288363456726,337.86987257003784,235.05941772460938,426.2510986328125,9.740948,16.0,-1,15.008905
1961,642,1701.0487399101257,399.80044507980347,1579.6793212890625,488.1816711425781,8.918506,12.0,-1,4.71364
12,642,1077.2472262382507,878.2637324333191,955.8778076171875,966.6449584960938,8.732026,8.0,-1,33.91168
9,642,1363.0784029960632,1085.9815669059753,1241.708984375,1174.36279296875,7.538383,10.0,-1,24.315895
1784,642,1695.3959078788757,344.1477961540222,1574.0264892578125,432.5290222167969,4.5656285,8.0,-1,25.55553
17,642,621.2634615898132,517.6739497184753,499.89404296875,606.05517578125,3.8021467,8.0,-1,19.36836
1967,642,140.86030340194702,1014.4337153434753,19.49088478088379,1102.81494140625,2.5823228,8.0,-1,29.170967
2032,642,455.9284701347351,-81.0235390663147,334.5590515136719,7.357686996459961,2.2068536,8.0,1,12.15839
1897,642,1506.5762057304382,134.0885615348816,1385.206787109375,222.46978759765625,0.76396155,22.0,-1,1.6875988
4,643,1205.1714205741882,-28.011475086212158,1083.9718017578125,60.4359130859375,69.22812,8.0,1,29.63433
1,643,1433.3443942070007,213.25472974777222,1312.144775390625,301.7021179199219,51.96152,8.0,1,26.973156
0,643,1385.5972018241882,896.0861201286316,1264.3975830078125,984.5335083007812,37.628796,10.0,1,25.383356
1332,643,686.4350924491882,554.4993281364441,565.2354736328125,642.9467163085938,34.98021,18.0,-1,17.704536
2,643,1515.3907809257507,331.8515009880066,1394.191162109375,420.29888916015625,27.523016,8.0,1,27.413097
1879,643,1708.7815279960632,82.81932020187378,1587.5819091796875,171.26670837402344,23.944067,10.0,-1,1.1027176
3,643,985.2433199882507,364.38870191574097,864.043701171875,452.8360900878906,17.009325,8.0,1,14.373109
1961,643,1701.1400485038757,399.0001826286316,1579.9404296875,487.44757080078125,13.143416,14.0,-1,5.1344533
6,643,215.33388090133667,328.1548762321472,94.13426208496094,416.6022644042969,11.402618,18.0,-1,9.970261
11,643,355.0724673271179,337.67578077316284,233.8728485107422,426.1231689453125,10.153783,16.0,-1,15.011407
8,643,1403.3540377616882,293.82827711105347,1282.1544189453125,382.2756652832031,9.605441,8.0,-1,20.604692
10,643,555.5455660820007,-9.798256397247314,434.345947265625,78.64913177490234,9.53245,10.0,-1,23.446135
12,643,1079.0501437187195,878.4848017692566,957.8505249023438,966.9321899414062,7.897331,8.0,-1,33.07295
9,643,1364.0475192070007,1088.3726801872253,1242.847900390625,1176.820068359375,6.1507583,10.0,-1,21.347092
1784,643,1694.0204195976257,341.57803297042847,1572.82080078125,430.0254211425781,5.185232,8.0,-1,24.86877
1967,643,143.19384717941284,1009.8110346794128,21.99422836303711,1098.2584228515625,4.57475,10.0,-1,22.846558
17,643,625.1041293144226,518.5662226676941,503.9045104980469,607.0136108398438,2.7283247,8.0,-1,19.485168
2032,643,455.4713168144226,-80.95239973068237,334.2716979980469,7.494988441467285,2.157564,8.0,1,8.047438
1897,643,1505.8381686210632,134.91848707199097,1384.6385498046875,223.36587524414062,0.55690545,20.0,-1,0.6148654
4,644,1206.0303072929382,-28.05833864212036,1084.6846923828125,60.02024459838867,65.408875,8.0,1,28.583649
1,644,1431.6249117851257,212.67700147628784,1310.279296875,300.7555847167969,44.073765,8.0,1,26.280476
0,644,1387.4527926445007,896.4386897087097,1266.107177734375,984.5172729492188,38.110653,10.0,1,23.784735
2,644,1513.3104586601257,331.88293409347534,1391.96484375,419.9615173339844,36.975918,8.0,1,27.883844
1332,644,686.2644381523132,558.6482844352722,564.9188232421875,646.7268676757812,26.471865,20.0,-1,16.938837
1879,644,1708.6697115898132,81.39065504074097,1587.3240966796875,169.46923828125,19.505878,10.0,-1,1.3046567
3,644,985.3499484062195,367.98278760910034,864.0043334960938,456.0613708496094,17.209951,8.0,1,13.866412
6,644,214.70766019821167,328.42236280441284,93.36204528808594,416.5009460449219,16.404898,18.0,-1,10.636514
11,644,355.6696047782898,340.05471754074097,234.32398986816406,428.13330078125,12.056333,16.0,-1,15.776343
10,644,553.643527507782,-9.798256397247314,432.29791259765625,78.28032684326172,10.762661,10.0,-1,23.43971
12,644,1077.2262301445007,877.9352107048035,955.880615234375,966.0137939453125,10.547471,8.0,-1,33.488476
9,644,1366.6400485038757,1087.9147028923035,1245.29443359375,1175.9932861328125,9.483592,10.0,-1,25.643126
1961,644,1700.6717867851257,398.4208369255066,1579.326171875,486.4994201660156,9.095015,14.0,-1,3.588317
8,644,1403.3540377616882,293.5968623161316,1282.0084228515625,381.6754455566406,7.8552513,10.0,-1,18.056784
1784,644,1691.4593844413757,340.22866773605347,1570.11376953125,428.3072509765625,5.2659926,8.0,-1,22.215248
1967,644,147.4131999015808,1010.2560114860535,26.067584991455078,1098.3345947265625,3.8687255,8.0,-1,29.106071
17,644,625.2297701835632,517.8768000602722,503.8841552734375,605.9553833007812,3.7504709,8.0,-1,20.584812
2032,644,457.81500577926636,-80.86423015594482,336.4693908691406,7.214353084564209,1.4488368,8.0,1,9.972464
1897,644,1506.7938570976257,136.61471509933472,1385.4482421875,224.69329833984375,0.70587707,22.0,-1,0.6959841
4,645,1205.5948519706726,-28.394493579864502,1083.7130126953125,60.02391815185547,65.655,8.0,1,29.899128
1,645,1433.98926115036,210.99934339523315,1312.107421875,299.4177551269531,48.54785,8.0,1,27.288755
0,645,1389.742923259735,895.2047572135925,1267.861083984375,983.6231689453125,39.81314,10.0,1,25.561268
1332,645,685.2448763847351,561.5240321159363,563.363037109375,649.9424438476562,30.136719,20.0,-1,17.386919
2,645,1512.776126384735,331.78385877609253,1390.894287109375,420.2022705078125,28.7883,8.0,1,27.15359
1879,645,1710.0455355644226,81.39065504074097,1588.1636962890625,169.80906677246094,21.48565,10.0,-1,2.2784262
11,645,357.40953397750854,340.9147791862488,235.52769470214844,429.33319091796875,15.608476,16.0,-1,18.806236
6,645,216.6699709892273,328.2862696647644,94.78813171386719,416.7046813964844,15.560712,18.0,-1,9.632894
3,645,985.3007235527039,367.23701429367065,863.4188842773438,455.6554260253906,13.341056,8.0,1,14.156841
1961,645,1701.0955843925476,399.4774012565613,1579.2137451171875,487.89581298828125,11.716931,14.0,-1,3.2631702
8,645,1403.5340609550476,293.6595606803894,1281.6522216796875,382.0779724121094,8.341197,10.0,-1,18.91663
9,645,1367.5147738456726,1086.6671595573425,1245.6329345703125,1175.0855712890625,8.341169,10.0,-1,24.212503
12,645,1076.32568693161,879.2151942253113,954.44384765625,967.6336059570312,8.141903,8.0,-1,33.06237
10,645,553.643527507782,-11.665192127227783,431.7616882324219,76.75321960449219,7.5055213,10.0,-1,21.080029
1967,645,149.06310987472534,1011.04740858078,27.181270599365234,1099.4658203125,4.465096,10.0,-1,27.142557
1784,645,1687.9473910331726,341.44551038742065,1566.0655517578125,429.8639221191406,3.40222,8.0,-1,22.62208
17,645,624.4586215019226,513.8361048698425,502.5767822265625,602.2545166015625,2.1822283,8.0,-1,17.952642
2032,645,457.65228605270386,-79.83069276809692,335.77044677734375,8.587718963623047,2.1142855,8.0,1,5.3042097
1897,645,1504.098880290985,140.59728956222534,1382.217041015625,229.0157012939453,0.57913285,18.0,-1,1.031662
4,646,1204.3860201835632,-27.62886095046997,1081.93359375,60.31182861328125,69.52829,8.0,1,28.814726
1,646,1433.6417574882507,211.92378187179565,1311.1893310546875,299.8644714355469,48.08559,8.0,1,27.289288
0,646,1390.2657809257507,893.21537733078,1267.8133544921875,981.1560668945312,41.474716,10.0,1,26.589743
1332,646,683.2888522148132,564.104781627655,560.83642578125,652.0454711914062,33.120693,20.0,-1,17.51261
2,646,1512.0980563163757,330.83158826828003,1389.6456298828125,418.77227783203125,25.718042,8.0,1,25.24221
1879,646,1712.2193942070007,80.35349988937378,1589.7669677734375,168.294189453125,18.648035,6.0,1,2.3319976
3,646,984.6248507499695,367.23701429367065,862.1724243164062,455.1777038574219,18.424177,8.0,1,15.493671
6,646,215.98732328414917,328.0958094596863,93.53489685058594,416.0364990234375,13.261448,20.0,-1,11.059694
1961,646,1700.6420016288757,399.82026624679565,1578.1895751953125,487.7609558105469,12.142463,14.0,-1,4.836961
11,646,358.47867155075073,342.5605616569519,236.0262451171875,430.5012512207031,10.657405,16.0,-1,18.067768
12,646,1076.864230632782,879.7995448112488,954.4118041992188,967.740234375,9.141877,10.0,-1,33.595737
9,646,1368.8851656913757,1089.2203211784363,1246.4327392578125,1177.1610107421875,8.352229,10.0,-1,23.13025
10,646,553.3064608573914,-12.197784900665283,430.8540344238281,75.74290466308594,8.055203,10.0,-1,22.797537
8,646,1402.6997408866882,292.1006007194519,1280.247314453125,380.0412902832031,7.539453,10.0,-1,17.447515
1784,646,1688.5224947929382,339.8771815299988,1566.070068359375,427.81787109375,5.296253,8.0,-1,21.927578
1967,646,152.9893717765808,1011.1437830924988,30.536945343017578,1099.08447265625,4.506999,10.0,-1,24.509356
17,646,624.4586215019226,511.7481532096863,502.0061950683594,599.6888427734375,4.120747,6.0,-1,21.796137
2032,646,458.38235807418823,-77.0558819770813,335.929931640625,10.884807586669922,2.3414757,8.0,1,2.6410663
1897,646,1505.2202486991882,139.98753309249878,1382.767822265625,227.92822265625,1.0921781,16.0,-1,0.06361383
0,647,1392.054904460907,892.6215662956238,1269.343505859375,980.0701904296875,65.155846,10.0,1,26.672468
4,647,1202.304904460907,-25.27713441848755,1079.593505859375,62.17148971557617,63.435566,8.0,1,27.728443
1,647,1436.749484539032,211.01628065109253,1314.0380859375,298.46490478515625,52.53282,8.0,1,27.63757
1332,647,683.745578289032,564.9406580924988,561.0341796875,652.3892822265625,23.74314,18.0,-1,16.611265
2,647,1513.860080242157,330.23408460617065,1391.148681640625,417.6827087402344,22.413147,8.0,1,26.355915
1879,647,1711.4366183280945,80.29504346847534,1588.7252197265625,167.74366760253906,20.558475,6.0,1,0.37756014
6,647,213.8890872001648,328.00862073898315,91.17768859863281,415.4572448730469,18.063421,20.0,-1,10.986613
11,647,358.4832797050476,343.30561780929565,235.77188110351562,430.7542419433594,16.519564,16.0,-1,18.376194
3,647,984.6248507499695,367.24787855148315,861.9134521484375,454.6965026855469,15.591175,8.0,1,16.206827
10,647,552.4066500663757,-11.07887315750122,429.69525146484375,76.3697509765625,10.823096,10.0,-1,22.390797
1961,647,1698.236545085907,402.0938868522644,1575.525146484375,489.5425109863281,10.43334,14.0,-1,5.82763
9,647,1368.6336398124695,1092.5066981315613,1245.9222412109375,1179.955322265625,9.224144,10.0,-1,23.796614
12,647,1076.9703097343445,879.27787733078,954.2589111328125,966.7265014648438,8.178681,10.0,-1,32.231037
8,647,1401.1668429374695,292.09126234054565,1278.4554443359375,379.5398864746094,5.8102784,10.0,-1,16.14683
1967,647,153.21796941757202,1011.1437830924988,30.50657081604004,1098.5924072265625,4.929801,10.0,-1,23.221634
2032,647,460.10538053512573,-76.13281393051147,337.39398193359375,11.315810203552246,3.1974747,8.0,1,2.0326753
1784,647,1686.5901827812195,341.3709864616394,1563.8787841796875,428.8196105957031,2.5368054,8.0,-1,18.895634
17,647,625.2492709159851,509.91313123703003,502.5378723144531,597.3617553710938,2.0511842,8.0,-1,17.638222
1897,647,1504.1756319999695,138.0508418083191,1381.4642333984375,225.4994659423828,1.0677056,8.0,1,0.08562648
4,648,1201.7003664970398,-23.866333484649658,1077.690673828125,64.02772521972656,69.80813,8.0,1,27.614841
1,648,1438.1235842704773,210.30516004562378,1314.1138916015625,298.19921875,51.88988,8.0,1,26.570293
0,648,1391.7275881767273,894.21391248703,1267.7178955078125,982.1079711914062,47.34022,10.0,1,25.779905
1332,648,684.9661135673523,569.02543592453,560.9564208984375,656.9194946289062,26.427567,18.0,-1,16.172203
3,648,984.5515627861023,366.63777112960815,860.5418701171875,454.5318298339844,18.472849,8.0,1,14.76713
1879,648,1711.3228030204773,79.99737501144409,1587.3131103515625,167.8914337158203,18.36455,6.0,1,4.0761747
6,648,212.5637469291687,328.0437159538269,88.5540542602539,415.9377746582031,17.285143,18.0,-1,10.234353
2,648,1516.7836184501648,328.1876368522644,1392.77392578125,416.0816955566406,17.029406,8.0,1,26.553043
11,648,358.4832797050476,341.9549403190613,234.4735870361328,429.8489990234375,12.649475,16.0,-1,18.885134
10,648,554.4011416435242,-10.89942979812622,430.3914489746094,76.99462890625,8.78062,10.0,-1,21.660454
1961,648,1697.7457766532898,401.1156153678894,1573.736083984375,489.0096740722656,8.7664795,14.0,-1,4.451429
12,648,1077.1572756767273,882.2079920768738,953.1475830078125,970.10205078125,8.218491,8.0,-1,35.250423
9,648,1368.4736819267273,1095.4686121940613,1244.4639892578125,1183.3626708984375,7.120873,8.0,-1,29.756073
8,648,1402.7264895439148,292.09126234054565,1278.716796875,379.9853210449219,5.5380597,10.0,-1,18.383625
1784,648,1685.8475832939148,344.41117811203003,1561.837890625,432.30523681640625,5.197007,8.0,-1,24.64804
2032,648,460.5550112724304,-76.7299132347107,336.5453186035156,11.164145469665527,3.2723262,12.0,-1,0.20706081
1967,648,153.66332387924194,1014.5887293815613,29.65363121032715,1102.4827880859375,2.8336785,10.0,-1,21.021154
17,648,630.8008303642273,508.3652186393738,506.7911376953125,596.25927734375,2.6202133,8.0,-1,20.39866
1897,648,1502.7961916923523,134.99600172042847,1378.7864990234375,222.8900604248047,1.6560969,8.0,1,0.7467232
1,649,1438.2568850517273,210.22282361984253,1314.16845703125,297.8673095703125,60.386745,8.0,1,27.9719
0,649,1390.2969241142273,894.4501185417175,1266.20849609375,982.0946044921875,56.95131,10.0,1,25.072706
4,649,1202.5374026298523,-21.55286455154419,1078.448974609375,66.09162139892578,53.582336,8.0,1,26.216862
1332,649,684.2183108329773,569.02543592453,560.1298828125,656.669921875,29.049599,18.0,-1,16.488525
3,649,984.5515627861023,366.4817957878113,860.463134765625,454.12628173828125,25.335386,8.0,1,17.394041
1879,649,1711.7727541923523,79.21667432785034,1587.684326171875,166.8611602783203,20.302273,6.0,1,3.9449267
2,649,1517.2545657157898,326.95902967453003,1393.1661376953125,414.603515625,17.861258,8.0,1,27.07826
6,649,211.24450254440308,327.68754529953003,87.15607452392578,415.33203125,17.318344,20.0,-1,11.281721
10,649,554.9999575614929,-9.86383867263794,430.9115295410156,77.78064727783203,12.460881,10.0,-1,21.128689
11,649,358.37330961227417,343.66142225265503,234.28488159179688,431.305908203125,10.817353,16.0,-1,19.151865
1961,649,1697.2361330986023,401.11039686203003,1573.147705078125,488.7548828125,10.681027,14.0,-1,4.3659744
12,649,1075.8082766532898,881.5601649284363,951.7198486328125,969.2046508789062,8.727893,8.0,-1,33.203827
9,649,1368.8007082939148,1094.083785533905,1244.7122802734375,1181.728271484375,8.363581,8.0,-1,30.601397
1967,649,153.58429288864136,1016.448043346405,29.495864868164062,1104.092529296875,7.16625,12.0,-1,18.957197
1784,649,1687.7330813407898,346.3162684440613,1563.6446533203125,433.96075439453125,5.385217,8.0,-1,24.768965
17,649,632.1331667900085,510.35539197921753,508.04473876953125,597.9998779296875,4.114331,8.0,-1,20.634455
8,649,1404.9552493095398,294.1523585319519,1280.8668212890625,381.7968444824219,3.5798938,10.0,-1,17.38318
2032,649,460.03465604782104,-75.95865488052368,335.94622802734375,11.685831069946289,2.6868956,12.0,-1,0.9717598
1897,649,1499.9382815361023,132.3983759880066,1375.849853515625,220.04286193847656,2.2617145,10.0,1,1.2697854
4,650,1203.1803469657898,-21.55286455154419,1078.9404296875,66.06846618652344,48.218273,8.0,1,25.921072
0,650,1390.9935793876648,893.9982371330261,1266.753662109375,981.6195678710938,36.25198,10.0,1,25.227411
1,650,1438.9647707939148,210.80414533615112,1314.724853515625,298.42547607421875,35.248787,8.0,1,27.345661
1332,650,683.2676272392273,568.3642039299011,559.0277099609375,655.9855346679688,24.47377,18.0,-1,14.741791
1879,650,1714.2213625907898,77.87134504318237,1589.9814453125,165.49267578125,19.310877,6.0,1,4.112768
2,650,1516.4861330986023,328.67270612716675,1392.2462158203125,416.2940368652344,18.796225,8.0,1,26.850357
6,650,208.71119260787964,328.17319440841675,84.47127532958984,415.7945251464844,17.422989,20.0,-1,11.502105
3,650,986.0485110282898,367.65854597091675,861.80859375,455.2798767089844,14.145084,8.0,1,15.640263
12,650,1075.1405520439148,884.3778147697449,950.900634765625,971.9991455078125,12.722707,8.0,-1,30.382618
11,650,357.74380826950073,344.90854597091675,233.50389099121094,432.5298767089844,8.647696,16.0,-1,19.655907
1967,650,152.24811506271362,1017.9348216056824,28.008197784423828,1105.55615234375,7.663202,10.0,-1,20.346539
10,650,558.3161196708679,-8.092796802520752,434.0762023925781,79.52853393554688,7.50973,10.0,-1,21.114632
1961,650,1697.2361330986023,401.3103098869324,1572.9962158203125,488.931640625,6.934019,14.0,-1,5.537735
9,650,1367.9280276298523,1093.6991038322449,1243.6881103515625,1181.3204345703125,6.5194297,8.0,-1,29.025026
8,650,1407.9807620048523,292.6853404045105,1283.7408447265625,380.3066711425781,6.3442917,8.0,-1,19.8901
17,650,630.313464641571,508.6244578361511,506.07354736328125,596.2457885742188,4.5321755,8.0,-1,21.786932
1784,650,1689.9736819267273,344.3586497306824,1565.7337646484375,431.97998046875,4.0495343,8.0,-1,22.919905
2032,650,459.7008852958679,-77.31051397323608,335.4609680175781,10.310816764831543,2.7753155,14.0,-1,3.8282676
1897,650,1500.8667483329773,132.31667280197144,1376.6268310546875,219.93800354003906,1.0986902,10.0,1,0.53737783
4,651,1201.7579836845398,-24.235702991485596,1077.299072265625,64.25818634033203,38.820534,8.0,1,27.230785
1,651,1442.0297122001648,211.02643537521362,1317.57080078125,299.52032470703125,38.48557,8.0,1,28.73949
0,651,1391.5482668876648,892.3764109611511,1267.08935546875,980.8703002929688,38.288593,10.0,1,25.7045
1332,651,683.6221804618835,569.3754343986511,559.1632690429688,657.8693237304688,28.72006,18.0,-1,14.371265
2,651,1515.5159182548523,329.6304392814636,1391.0570068359375,418.12432861328125,20.18194,8.0,1,27.859299
3,651,986.7640261650085,367.9841990470886,862.3051147460938,456.47808837890625,18.874475,8.0,1,13.137804
1879,651,1714.1619143486023,79.17099714279175,1589.7030029296875,167.66488647460938,14.568638,6.0,1,5.720072
6,651,206.4761462211609,326.71689558029175,82.0172348022461,415.2107849121094,13.7719,20.0,-1,11.295276
11,651,358.5646548271179,344.9509348869324,234.10574340820312,433.44482421875,13.600638,16.0,-1,20.3967
9,651,1371.9515872001648,1091.6242747306824,1247.49267578125,1180.1181640625,11.711623,8.0,-1,32.41133
10,651,556.628161907196,-8.092796802520752,432.16925048828125,80.40109252929688,10.79507,10.0,-1,22.080221
12,651,1074.1683840751648,882.4283518791199,949.70947265625,970.9222412109375,10.547997,8.0,-1,28.479677
1961,651,1695.6367678642273,402.9583201408386,1571.1778564453125,491.45220947265625,7.765032,12.0,-1,4.682527
8,651,1404.7502932548523,292.1142649650574,1280.2913818359375,380.608154296875,6.3645024,10.0,-1,17.64474
17,651,631.791247844696,507.9409861564636,507.33233642578125,596.4348754882812,3.3402388,8.0,-1,21.296024
1967,651,153.49557828903198,1017.9500803947449,29.036666870117188,1106.4439697265625,3.079622,10.0,-1,16.331924
1784,651,1685.9890627861023,347.3735728263855,1561.5301513671875,435.8674621582031,2.609876,8.0,-1,18.632956
1897,651,1500.8667483329773,131.5559458732605,1376.4078369140625,220.04983520507812,2.447326,16.0,-1,0.25663805
2032,651,464.19472074508667,-80.4641661643982,339.7358093261719,8.029723167419434,1.5698239,8.0,1,4.4202337
1,652,1443.2777590751648,209.59116315841675,1317.9315185546875,298.63165283203125,49.14568,8.0,1,28.63448
0,652,1392.2822756767273,891.1830821037292,1266.93603515625,980.2235717773438,45.653103,10.0,1,26.443396
4,652,1199.6145510673523,-25.110966205596924,1074.268310546875,63.92952346801758,38.980366,8.0,1,26.002306
1879,652,1713.8691897392273,80.82038068771362,1588.52294921875,169.86087036132812,21.785059,6.0,1,2.6660175
1332,652,681.8625979423523,572.7568125724792,556.516357421875,661.7973022460938,20.466635,18.0,-1,13.114473
3,652,987.8276858329773,365.84616804122925,862.4814453125,454.88665771484375,17.007814,8.0,1,11.553026
2,652,1517.4269289970398,331.1128306388855,1392.0806884765625,420.1533203125,15.342258,8.0,1,27.505823
6,652,205.41580533981323,327.6165232658386,80.06956481933594,416.6570129394531,14.368293,20.0,-1,11.189267
12,652,1077.0013308525085,883.1360850334167,951.6550903320312,972.1765747070312,13.55243,10.0,-1,30.795315
11,652,357.32545804977417,344.41818952560425,231.97921752929688,433.45867919921875,11.23813,16.0,-1,20.727253
10,652,555.7766604423523,-8.78546953201294,430.430419921875,80.25502014160156,10.260552,10.0,-1,23.521652
1961,652,1695.6367678642273,402.4963450431824,1570.29052734375,491.5368347167969,8.230175,14.0,-1,5.20487
9,652,1371.0811038017273,1090.7046275138855,1245.73486328125,1179.7451171875,7.673674,8.0,-1,28.287188
8,652,1407.7069582939148,292.1142649650574,1282.3607177734375,381.1547546386719,4.6077533,10.0,-1,19.047888
17,652,634.2657046318054,509.2278208732605,508.9194641113281,598.268310546875,2.8438501,8.0,-1,22.1431
2032,652,464.31569242477417,-77.49712800979614,338.9694519042969,11.54336166381836,2.7944953,14.0,-1,4.6438465
1967,652,153.29891729354858,1016.567298412323,27.95267677307129,1105.6077880859375,2.4220612,12.0,-1,14.827873
1784,652,1682.8843264579773,349.87485456466675,1557.5380859375,438.91534423828125,2.3628771,8.0,-1,19.838203
1897,652,1503.2725100517273,132.68819379806519,1377.92626953125,221.7286834716797,0.8737647,8.0,1,0.3241577
0,653,1391.4224123954773,890.63627576828,1265.964599609375,980.1233520507812,52.40587,10.0,1,26.709187
4,653,1200.5632815361023,-29.39534044265747,1075.10546875,60.09173583984375,52.165333,8.0,1,27.163143
1332,653,679.3807864189148,576.4933314323425,553.9229736328125,665.9804077148438,34.922314,18.0,-1,12.031002
1,653,1442.3418459892273,208.35542249679565,1316.884033203125,297.8424987792969,31.2435,8.0,1,27.947443
1879,653,1715.5295901298523,80.15258741378784,1590.07177734375,169.63966369628906,21.675621,6.0,1,2.6019466
2,653,1518.0702395439148,333.1701502799988,1392.6124267578125,422.6572265625,17.680151,8.0,1,27.672821
3,653,990.2512698173523,367.2304530143738,864.79345703125,456.717529296875,14.04565,8.0,1,10.557695
6,653,205.2087893486023,330.5101161003113,79.7509765625,419.9971923828125,13.001731,20.0,-1,12.091841
11,653,357.5269351005554,345.3803858757019,232.06912231445312,434.8674621582031,10.712407,16.0,-1,20.442116
1961,653,1694.1472659111023,402.14701795578003,1568.689453125,491.63409423828125,10.611632,14.0,-1,5.121908
10,653,555.8020205497742,-8.78546953201294,430.3442077636719,80.70160675048828,10.016567,8.0,-1,23.8744
9,653,1369.2914309501648,1086.9035487174988,1243.8336181640625,1176.390625,9.018474,8.0,-1,26.331768
12,653,1078.0134768486023,883.2604212760925,952.5556640625,972.7474975585938,8.132975,8.0,-1,24.932384
8,653,1407.7069582939148,292.6161952018738,1282.2491455078125,382.103271484375,7.653635,10.0,-1,20.79175
1784,653,1681.1211428642273,348.84440565109253,1555.663330078125,438.33148193359375,4.1551933,8.0,-1,21.278177
2032,653,465.8052248954773,-77.6007809638977,340.347412109375,11.886295318603516,4.1105123,12.0,-1,1.8997155
17,653,633.4506106376648,510.63005018234253,507.9927978515625,600.1171264648438,3.7081578,8.0,-1,19.85488
1967,653,154.4107222557068,1018.3061366081238,28.952909469604492,1107.793212890625,2.1427262,10.0,-1,12.438109
1897,653,1503.1198000907898,132.3026728630066,1377.6619873046875,221.7897491455078,1.5874761,8.0,1,0.78326535
0,654,1392.1373782157898,892.3297572135925,1265.972412109375,982.1052856445312,47.016968,10.0,1,25.96026
1,654,1442.3418459892273,207.9419093132019,1316.1768798828125,297.7174377441406,46.19839,8.0,1,26.116789
4,654,1201.7943606376648,-29.534862995147705,1075.62939453125,60.240665435791016,45.84196,8.0,1,27.776024
1332,654,678.095447063446,580.3805384635925,551.9304809570312,670.1560668945312,35.14757,18.0,-1,11.242119
1879,654,1717.6561770439148,79.46568250656128,1591.4912109375,169.2412109375,21.400225,6.0,1,3.1348615
2,654,1517.9888186454773,331.70561170578003,1391.8238525390625,421.48114013671875,19.574749,8.0,1,26.945793
3,654,992.5020632743835,366.9588770866394,866.3370971679688,456.7344055175781,18.555271,8.0,1,10.794987
6,654,206.04159879684448,329.93781995773315,79.87663269042969,419.7133483886719,18.440477,20.0,-1,11.267875
11,654,354.81988859176636,346.01582288742065,228.65492248535156,435.7913513183594,13.477807,16.0,-1,18.154358
8,654,1408.0787844657898,294.4967188835144,1281.913818359375,384.2722473144531,13.142533,8.0,-1,23.659954
10,654,556.7507815361023,-9.85395860671997,430.5858154296875,79.92156982421875,10.536536,8.0,-1,25.33234
12,654,1077.6504397392273,883.2604212760925,951.4854736328125,973.0359497070312,10.043048,8.0,-1,24.788115
1961,654,1692.4303469657898,403.9206690788269,1566.265380859375,493.6961975097656,9.6553545,14.0,-1,5.12354
9,654,1366.0706057548523,1083.9468836784363,1239.9056396484375,1173.722412109375,4.715833,10.0,-1,22.135393
2032,654,468.04433012008667,-77.82209539413452,341.8793640136719,11.9534330368042,3.1487277,14.0,-1,1.0759284
1784,654,1683.9591555595398,349.4480128288269,1557.794189453125,439.2235412597656,3.0312252,8.0,-1,20.68502
17,654,630.9138674736023,512.8028407096863,504.7489013671875,602.578369140625,2.472636,10.0,-1,13.651808
1967,654,154.1946578025818,1019.4677577018738,28.029691696166992,1109.2432861328125,1.9113246,12.0,-1,11.915022
1897,654,1499.0918459892273,132.3770136833191,1372.9268798828125,222.1525421142578,1.293411,16.0,-1,0.18757266
0,655,1394.3500247001648,891.6676478385925,1267.0421142578125,981.8984375,53.45753,10.0,1,26.23677
4,655,1203.8816409111023,-29.279503345489502,1076.57373046875,60.95128631591797,39.95562,8.0,1,26.157503
1,655,1443.5426516532898,207.36424207687378,1316.2347412109375,297.59503173828125,38.431915,8.0,1,26.099453
1332,655,675.9150881767273,582.2951502799988,548.607177734375,672.5259399414062,28.315718,18.0,-1,11.164308
2,655,1519.8439211845398,331.70561170578003,1392.5360107421875,421.9364013671875,22.27954,8.0,1,28.683153
6,655,204.00870847702026,330.12434339523315,76.70079803466797,420.3551330566406,18.434402,20.0,-1,11.369306
1879,655,1717.6561770439148,79.84562635421753,1590.3482666015625,170.076416015625,16.748676,6.0,1,5.2743587
1961,655,1691.3124270439148,404.6126551628113,1564.0045166015625,494.84344482421875,16.15891,14.0,-1,4.8985095
10,655,558.9333987236023,-10.507843494415283,431.62548828125,79.72294616699219,14.461316,10.0,-1,23.979303
12,655,1077.5081057548523,881.7745203971863,950.2001953125,972.0053100585938,14.30647,10.0,-1,28.798605
3,655,994.1377444267273,367.69575452804565,866.829833984375,457.9265441894531,13.806778,8.0,1,9.559469
11,655,353.76944303512573,345.56022596359253,226.46153259277344,435.791015625,11.385803,16.0,-1,18.528288
8,655,1409.3519778251648,294.2116541862488,1282.0440673828125,384.44244384765625,8.256277,10.0,-1,21.095984
9,655,1364.5702395439148,1083.58695936203,1237.2623291015625,1173.8177490234375,8.047407,10.0,-1,24.49022
2032,655,469.86864042282104,-74.56495904922485,342.56072998046875,15.665830612182617,6.3904757,14.0,-1,5.7400246
1967,655,153.6728549003601,1019.4347376823425,26.364944458007812,1109.66552734375,4.636225,12.0,-1,15.714177
1784,655,1681.4381594657898,348.2188563346863,1554.1302490234375,438.44964599609375,3.4671957,8.0,-1,21.206882
17,655,631.0759768486023,515.12943983078,503.76806640625,605.3602294921875,2.6419618,8.0,-1,17.820692
1897,655,1497.3528323173523,133.27535963058472,1370.044921875,223.5061492919922,1.4971137,14.0,-1,1.1775656
2080,655,878.0394778251648,-57.07233476638794,750.7315673828125,33.15845489501953,0.22603263,14.0,-1,2.9188905
0,656,1394.4095034599304,891.1936182975769,1266.582763671875,981.59912109375,49.0136,10.0,1,26.067661
4,656,1205.9549136161804,-29.743061542510986,1078.128173828125,60.66244125366211,38.561337,8.0,1,26.990383
1,656,1444.8411440849304,205.0306544303894,1317.014404296875,295.4361572265625,35.77696,8.0,1,26.261715
2,656,1519.615680217743,331.63801527023315,1391.7889404296875,422.04351806640625,25.320368,8.0,1,29.042215
1961,656,1689.9969058036804,405.3088526725769,1562.170166015625,495.71435546875,20.120186,16.0,-1,5.599535
1332,656,674.6947817802429,582.6991114616394,546.8680419921875,673.1046142578125,20.102026,18.0,-1,12.278269
1879,656,1720.2556948661804,78.05541944503784,1592.428955078125,168.46092224121094,17.572744,6.0,1,6.944188
3,656,995.6892886161804,369.20991468429565,867.862548828125,459.61541748046875,16.63422,8.0,1,8.128766
6,656,202.88197660446167,329.8030848503113,75.05523681640625,420.2085876464844,15.31641,20.0,-1,11.275242
11,656,353.9535708427429,344.7753748893738,226.1268310546875,435.1808776855469,13.0073805,16.0,-1,17.722183
10,656,560.8741335868835,-9.876274585723877,433.0473937988281,80.52922821044922,10.498845,10.0,-1,25.597517
12,656,1075.9851870536804,883.0608668327332,948.158447265625,973.4663696289062,9.856276,8.0,-1,23.850407
9,656,1363.557818889618,1081.5367579460144,1235.7310791015625,1171.9422607421875,8.857264,10.0,-1,23.453764
8,656,1409.3733706474304,293.80851697921753,1281.546630859375,384.2140197753906,7.9557023,8.0,-1,20.332445
2032,656,470.2611575126648,-74.70974588394165,342.4344177246094,15.695756912231445,5.379412,14.0,-1,8.751774
1967,656,151.41826391220093,1020.1235499382019,23.591524124145508,1110.529052734375,4.318895,10.0,-1,15.34721
1784,656,1680.2520327568054,351.01667737960815,1552.42529296875,441.42218017578125,4.211832,8.0,-1,20.00632
17,656,633.8987917900085,515.1970362663269,506.0720520019531,605.6025390625,3.7017486,8.0,-1,19.33413
1897,656,1495.2190737724304,135.36471509933472,1367.392333984375,225.7702178955078,0.8888909,14.0,-1,0.4077655
2080,656,878.0180850028992,-56.89202547073364,750.1913452148438,33.51347732543945,0.3416308,10.0,-1,3.7954311
4,657,1206.5592455863953,-31.369057178497314,1078.130126953125,58.54186248779297,50.153065,8.0,1,27.138727
0,657,1394.9492602348328,892.199492931366,1266.5201416015625,982.1104125976562,40.10619,10.0,1,26.120687
1,657,1446.1543383598328,204.53451490402222,1317.7252197265625,294.4454345703125,37.759144,8.0,1,27.85362
1332,657,674.6259570121765,582.295684337616,546.1968383789062,672.2066040039062,27.373991,18.0,-1,14.064997
1961,657,1688.4447436332703,406.7228388786316,1560.015625,496.6337585449219,21.775434,16.0,-1,6.120308
3,657,996.621928691864,369.90566968917847,868.1928100585938,459.81658935546875,20.616083,8.0,1,5.888632
2,657,1522.2501635551453,332.91052198410034,1393.821044921875,422.8214416503906,20.099213,8.0,1,28.927233
1879,657,1719.4155688285828,75.87237501144409,1590.9864501953125,165.78329467773438,18.82717,6.0,1,3.764955
6,657,201.27351713180542,331.89355421066284,72.84439849853516,421.8044738769531,14.88892,20.0,-1,12.30843
11,657,354.0223956108093,345.77261304855347,225.59327697753906,435.68353271484375,11.683881,16.0,-1,16.922764
10,657,560.4866137504578,-8.63282060623169,432.0574951171875,81.2780990600586,9.921018,8.0,-1,25.561863
12,657,1075.3210253715515,882.882110118866,946.8919067382812,972.7930297851562,9.735578,8.0,-1,25.75305
8,657,1406.6243090629578,294.4430842399597,1278.1951904296875,384.35400390625,8.208118,8.0,-1,22.280441
2032,657,470.7707018852234,-76.30619287490845,342.3415832519531,13.604726791381836,7.86124,14.0,-1,10.067119
9,657,1365.3342700004578,1079.7070002555847,1236.9051513671875,1169.617919921875,6.8081746,10.0,-1,24.547863
1784,657,1677.9393725395203,350.4205012321472,1549.51025390625,440.3314208984375,4.090079,10.0,-1,18.595242
17,657,633.187602519989,514.5008845329285,504.75848388671875,604.4118041992188,3.3789396,8.0,-1,19.238163
1967,657,148.85338926315308,1018.9007258415222,20.424270629882812,1108.8116455078125,2.095898,10.0,-1,12.963211
1897,657,1497.2589526176453,135.5434718132019,1368.829833984375,225.4543914794922,1.0477457,14.0,-1,0.8744986
2080,657,879.026469707489,-53.83590745925903,750.5973510742188,36.07501220703125,0.2947418,12.0,-1,2.7821035
4,658,1206.323588848114,-30.486351490020752,1077.695556640625,59.98609161376953,61.541134,8.0,1,26.650032
0,658,1395.8935351371765,891.5942072868347,1267.2655029296875,982.066650390625,54.593197,10.0,1,26.57147
1,658,1446.813823223114,204.82601881027222,1318.185791015625,295.2984619140625,32.767235,8.0,1,25.681423
1961,658,1688.4833788871765,405.3159785270691,1559.8553466796875,495.7884216308594,23.841751,16.0,-1,6.5224643
2,658,1522.925883769989,331.93737745285034,1394.2978515625,422.4098205566406,21.273592,8.0,1,28.171211
1332,658,676.7917895317078,582.5903010368347,548.1637573242188,673.062744140625,20.648191,18.0,-1,12.459971
1879,658,1716.8913378715515,75.57043409347534,1588.2633056640625,166.04287719726562,18.552214,6.0,1,5.8521795
3,658,996.7201952934265,371.4362177848816,868.0921630859375,461.9086608886719,17.763487,8.0,1,6.698709
6,658,198.38812589645386,330.37295484542847,69.76009368896484,420.84539794921875,14.043239,20.0,-1,11.718853
9,658,1366.655620098114,1075.2038264274597,1238.027587890625,1165.67626953125,10.76814,8.0,-1,26.588266
11,658,352.7257037162781,345.5691523551941,224.09767150878906,436.0415954589844,9.865981,16.0,-1,16.997309
12,658,1075.2823901176453,880.8518977165222,946.6543579101562,971.3243408203125,8.850574,8.0,-1,24.66967
10,658,561.1823840141296,-7.790611743927002,432.5543518066406,82.68183135986328,8.432361,8.0,-1,23.689997
2032,658,472.52711057662964,-78.23607969284058,343.8990783691406,12.236363410949707,6.8580003,14.0,-1,8.723728
8,658,1406.003764629364,297.61343336105347,1277.375732421875,388.08587646484375,6.834685,10.0,-1,19.655346
1784,658,1677.4189257621765,350.6239619255066,1548.7908935546875,441.0964050292969,2.5577633,10.0,-1,15.869068
17,658,633.9534106254578,513.688262462616,505.32537841796875,604.1607055664062,2.0648131,8.0,-1,17.718573
1967,658,148.15247678756714,1019.2596125602722,19.524444580078125,1109.7320556640625,1.9467927,10.0,-1,20.318342
1897,658,1496.633403301239,139.81172132492065,1368.00537109375,230.28416442871094,1.0986363,14.0,-1,1.0553055
2080,658,878.6716723442078,-52.34501314163208,750.0436401367188,38.1274299621582,0.27500954,10.0,-1,2.4427657
4,659,1207.0627245903015,-29.070751667022705,1078.0220947265625,61.81386184692383,52.987125,8.0,1,24.976643
0,659,1395.1071581840515,889.6856989860535,1266.0665283203125,980.5703125,37.404827,10.0,1,26.275126
1,659,1448.7905077934265,205.77181959152222,1319.7498779296875,296.65643310546875,35.101063,8.0,1,27.548574
2,659,1523.657084941864,332.97131299972534,1394.616455078125,423.8559265136719,22.986267,8.0,1,27.965082
1879,659,1717.092875957489,75.06878614425659,1588.05224609375,165.95339965820312,22.236443,6.0,1,5.0197725
1332,659,677.9285082817078,578.8741145133972,548.8878784179688,669.7587280273438,21.281874,18.0,-1,13.0718
6,659,198.42049741744995,330.37295484542847,69.37986755371094,421.257568359375,19.772411,20.0,-1,11.048962
3,659,995.4310717582703,372.10708570480347,866.3904418945312,462.99169921875,14.21675,8.0,1,5.3638287
10,659,562.3049120903015,-6.795532703399658,433.2642822265625,84.08908081054688,12.820371,8.0,-1,26.266455
1961,659,1688.9980273246765,404.5276484489441,1559.9573974609375,495.4122619628906,12.745026,16.0,-1,6.7663465
11,659,352.57239866256714,347.24038648605347,223.53176879882812,438.125,9.955975,16.0,-1,17.901846
12,659,1073.264262676239,882.4620661735535,944.2236328125,973.3466796875,9.289567,8.0,-1,28.465925
8,659,1405.5014452934265,299.08694410324097,1276.4608154296875,389.9715576171875,7.8058724,8.0,-1,21.237457
9,659,1364.143413066864,1073.340606212616,1235.102783203125,1164.2252197265625,7.229009,8.0,-1,25.566195
2032,659,472.4689440727234,-79.16888761520386,343.4283142089844,11.715725898742676,4.5720315,14.0,-1,10.438262
1784,659,1672.669536113739,349.34179639816284,1543.62890625,440.2264099121094,3.9060075,8.0,-1,17.741367
17,659,637.5928149223328,512.7740168571472,508.55218505859375,603.6586303710938,2.4281185,8.0,-1,16.43504
1967,659,147.02937078475952,1020.0782771110535,17.988740921020508,1110.962890625,2.0466177,10.0,-1,21.919641
1897,659,1496.633403301239,137.4024043083191,1367.5927734375,228.28701782226562,0.6524418,14.0,-1,0.6040249
4,660,1209.055034160614,-30.69675874710083,1079.9013671875,59.7730598449707,59.500614,8.0,1,27.578043
0,660,1393.4255175590515,889.3221125602722,1264.2718505859375,979.7919311523438,45.705456,10.0,1,25.689579
1,660,1448.912211894989,206.13537549972534,1319.758544921875,296.6051940917969,38.999283,8.0,1,27.77095
1961,660,1688.9980273246765,403.46960401535034,1559.8443603515625,493.9394226074219,25.675272,18.0,-1,7.099924
2,660,1524.2748827934265,333.8026728630066,1395.1212158203125,424.2724914550781,21.35646,8.0,1,28.108181
1332,660,677.4393725395203,578.647979259491,548.2857055664062,669.1177978515625,20.49111,18.0,-1,12.48773
1879,660,1717.907817363739,76.36363172531128,1588.754150390625,166.8334503173828,20.209463,6.0,1,4.780573
6,660,197.00740385055542,329.95971632003784,67.8537368774414,420.4295349121094,18.667215,20.0,-1,12.589985
3,660,996.9924120903015,371.94155836105347,867.8387451171875,462.411376953125,14.193512,8.0,1,8.594934
10,660,562.9813647270203,-6.664185047149658,433.82769775390625,83.80563354492188,13.99186,8.0,-1,25.950472
12,660,1071.6469531059265,881.0035700798035,942.4932861328125,971.473388671875,9.700425,10.0,-1,27.604876
11,660,352.2755846977234,350.3137812614441,223.12191772460938,440.7835998535156,9.54203,16.0,-1,17.676743
9,660,1362.490336894989,1073.340606212616,1233.336669921875,1163.8104248046875,6.6575027,8.0,-1,27.70191
8,660,1405.791850566864,299.8304133415222,1276.63818359375,390.30023193359375,4.2784343,10.0,-1,19.591454
1784,660,1668.682231426239,351.2125849723816,1539.528564453125,441.6824035644531,3.8414202,8.0,-1,18.988777
17,660,637.252543926239,513.6891169548035,508.098876953125,604.158935546875,2.8100631,10.0,-1,13.701647
2032,660,472.5005602836609,-81.59381151199341,343.3468933105469,8.876007080078125,2.1922152,14.0,-1,9.614916
1967,660,148.40577459335327,1021.268340587616,19.252107620239258,1111.7381591796875,2.0337183,10.0,-1,22.617903
1897,660,1492.4777636528015,135.8198847770691,1363.3240966796875,226.28970336914062,1.3588176,14.0,-1,1.0882559
2080,660,877.070659160614,-56.005985736846924,747.9169921875,34.46383285522461,0.24538326,10.0,-1,2.7270374
4,661,1208.0282397270203,-32.73690891265869,1078.614501953125,58.056373596191406,45.591415,8.0,1,27.099009
1,661,1449.5596117973328,207.66368770599365,1320.1458740234375,298.45697021484375,38.16166,8.0,1,26.309546
0,661,1393.6782641410828,885.2111120223999,1264.2645263671875,976.00439453125,37.546688,10.0,1,25.36708
1879,661,1715.4412035942078,75.17146968841553,1586.0274658203125,165.96475219726562,28.746046,6.0,1,4.1988583
1332,661,677.035747051239,579.5331335067749,547.6220092773438,670.326416015625,25.455248,18.0,-1,12.292647
1961,661,1689.2522387504578,405.0339574813843,1559.8385009765625,495.8272399902344,21.966219,18.0,-1,8.491292
2,661,1523.9680590629578,334.1410436630249,1394.5543212890625,424.934326171875,17.915857,8.0,1,24.734121
3,661,997.8517870903015,371.4370336532593,868.4380493164062,462.2303161621094,14.953034,8.0,1,12.017673
10,661,561.1644396781921,-7.229416847229004,431.7507019042969,83.5638656616211,14.657086,10.0,-1,27.12612
6,661,195.96237516403198,331.75633907318115,66.54863739013672,422.54962158203125,14.517642,20.0,-1,11.6259
11,661,352.75069761276245,352.0091161727905,223.3369598388672,442.8023986816406,11.284176,16.0,-1,17.363646
12,661,1070.6792407035828,879.5693273544312,941.2655029296875,970.3626098632812,8.451429,10.0,-1,32.354897
9,661,1358.4173998832703,1073.936453819275,1229.003662109375,1164.729736328125,6.201374,10.0,-1,22.864126
8,661,1406.6084399223328,298.51634883880615,1277.1947021484375,389.30963134765625,4.1774335,10.0,-1,16.49752
2032,661,473.69462156295776,-81.93218231201172,344.2808837890625,8.861100196838379,3.6515818,14.0,-1,9.482879
1784,661,1669.4978442192078,352.4322118759155,1540.0841064453125,443.2254943847656,3.5009172,8.0,-1,22.677336
17,661,640.8100695610046,511.00890254974365,511.3963317871094,601.8021850585938,1.9317517,10.0,-1,13.201791
1897,661,1492.2250170707703,137.42015743255615,1362.811279296875,228.21343994140625,1.5237771,14.0,-1,0.007849336
1967,661,151.38858938217163,1020.4193639755249,21.974851608276367,1111.212646484375,1.3133212,10.0,-1,22.015747
2080,661,874.4882616996765,-52.330960273742676,745.0745239257812,38.46232223510742,0.23893599,14.0,-1,2.979928
4,662,1209.088707447052,-33.29859733581543,1078.60791015625,57.999237060546875,49.816605,8.0,1,26.75684
0,662,1394.745689868927,882.317705154419,1264.264892578125,973.6155395507812,43.452072,10.0,1,24.690556
1,662,1449.599205493927,210.3054370880127,1319.118408203125,301.603271484375,30.298872,8.0,1,27.554173
2,662,1524.6828236579895,334.80052375793457,1394.2020263671875,426.0983581542969,25.973297,8.0,1,24.257528
1879,662,1715.4911732673645,73.74266242980957,1585.0103759765625,165.04049682617188,21.354265,6.0,1,3.2505097
1332,662,676.054039478302,579.9504566192627,545.5732421875,671.248291015625,20.213448,18.0,-1,13.84971
1961,662,1690.137047290802,406.21028327941895,1559.65625,497.50811767578125,19.28927,18.0,-1,8.212965
6,662,194.86823320388794,334.31160163879395,64.38743591308594,425.60943603515625,16.907368,20.0,-1,12.196407
3,662,1000.6262440681458,370.9539966583252,870.1454467773438,462.2518310546875,16.729052,8.0,1,11.280003
10,662,562.507652759552,-6.214910507202148,432.02685546875,85.08292388916016,13.778724,8.0,-1,27.976826
11,662,352.6767506599426,350.47981452941895,222.19595336914062,441.77764892578125,11.909757,16.0,-1,17.21616
12,662,1070.7010731697083,882.857011795044,940.2202758789062,974.1548461914062,8.685672,8.0,-1,31.072577
9,662,1355.793297290802,1072.7301197052002,1225.3125,1164.0279541015625,7.5660057,10.0,-1,24.040817
8,662,1405.6344838142395,297.31709480285645,1275.1536865234375,388.61492919921875,3.9871686,10.0,-1,18.008347
1784,662,1667.9867787361145,350.38878059387207,1537.5059814453125,441.6866149902344,3.9139235,8.0,-1,20.888079
17,662,640.707115650177,510.78828620910645,510.226318359375,602.0861206054688,3.1768067,10.0,-1,14.17416
2032,662,474.041832447052,-81.71156597137451,343.56103515625,9.586268424987793,2.8966935,14.0,-1,9.524156
1967,662,151.36675691604614,1021.4044361114502,20.88595962524414,1112.7022705078125,1.3208585,10.0,-1,24.133478
1897,662,1491.3070912361145,138.0141315460205,1360.8262939453125,229.3119659423828,0.83738595,16.0,-1,0.2064924
2080,662,872.183189868927,-53.29770469665527,741.702392578125,38.00012969970703,0.36751533,28.0,-1,3.3325624
4,663,1209.294517993927,-33.57301139831543,1077.60986328125,58.054100036621094,54.457783,8.0,1,27.406136
1,663,1449.2985463142395,210.43392372131348,1317.6138916015625,302.06103515625,45.399582,8.0,1,27.663015
0,663,1396.9801869392395,881.3508548736572,1265.2955322265625,972.9779663085938,36.318157,10.0,1,24.798317
1961,663,1690.0978627204895,406.85210609436035,1558.4132080078125,498.4792175292969,20.42612,18.0,-1,8.579223
1879,663,1714.5067982673645,72.44681739807129,1582.8221435546875,164.0739288330078,18.773655,6.0,1,1.4003772
1332,663,674.8449940681458,582.356409072876,543.1603393554688,673.9835205078125,18.458567,18.0,-1,13.6854105
6,663,194.39967393875122,334.72393226623535,62.71501922607422,426.3510437011719,17.648497,20.0,-1,12.151188
2,663,1525.828453540802,334.38884925842285,1394.143798828125,426.0159606933594,16.6757,8.0,1,20.920404
3,663,1003.6610341072083,371.96575355529785,871.9763793945312,463.5928649902344,14.297498,8.0,1,10.447559
10,663,562.2672963142395,-6.27552604675293,430.5826416015625,85.3515853881836,12.3018,10.0,-1,26.166655
11,663,350.5411458015442,350.5404300689697,218.8564910888672,442.16754150390625,10.17018,16.0,-1,15.729921
12,663,1072.7470936775208,886.1300296783447,941.0624389648438,977.7571411132812,7.5840015,10.0,-1,30.078281
9,663,1355.8324818611145,1071.8479862213135,1224.1478271484375,1163.47509765625,6.1747856,10.0,-1,23.846151
8,663,1406.3959584236145,295.595666885376,1274.7113037109375,387.2227783203125,3.8248594,10.0,-1,18.10512
2032,663,476.3666920661926,-80.03909111022949,344.6820373535156,11.588020324707031,3.7670736,14.0,-1,11.747085
17,663,639.1029286384583,512.925745010376,507.41827392578125,604.5528564453125,2.247166,10.0,-1,13.406949
1967,663,151.4459309577942,1020.6004276275635,19.761276245117188,1112.2275390625,2.1605735,10.0,-1,23.218637
1784,663,1667.132896900177,345.0196475982666,1535.4482421875,436.6467590332031,1.1059448,10.0,-1,14.484576
1897,663,1487.963707447052,139.70803260803223,1356.279052734375,231.33514404296875,0.72928673,18.0,-1,0.09231976
2080,663,873.0895619392395,-55.483285903930664,741.4049072265625,36.14382553100586,0.20526999,18.0,-1,2.418941
4,664,1209.0891213417053,-32.007253646850586,1076.2789306640625,59.92256164550781,39.264313,8.0,1,25.798874
1,664,1452.0252785682678,208.33565711975098,1319.215087890625,300.2654724121094,36.411182,8.0,1,27.588945
0,664,1399.0869240760803,882.0858097076416,1266.2767333984375,974.015625,36.11804,10.0,1,24.16512
1879,664,1715.2833352088928,71.63550758361816,1582.47314453125,163.56532287597656,27.178411,6.0,1,2.8575373
1332,664,675.3762307167053,584.8732852935791,542.5660400390625,676.8031005859375,22.108665,18.0,-1,13.195513
1961,664,1690.5247902870178,408.242395401001,1557.714599609375,500.1722106933594,21.146202,18.0,-1,6.064775
2,664,1526.1274514198303,331.9934024810791,1393.3172607421875,423.9232177734375,18.191797,8.0,1,20.565807
6,664,194.38271951675415,334.8150882720947,61.57252883911133,426.7449035644531,15.156167,20.0,-1,11.656115
11,664,348.4365792274475,351.2095584869385,215.6263885498047,443.1393737792969,14.141978,16.0,-1,17.543447
10,664,560.8662514686584,-6.366682052612305,428.0560607910156,85.5631332397461,13.836826,10.0,-1,27.502716
3,664,1003.6779885292053,370.5417728424072,870.8677978515625,462.4715881347656,13.079999,8.0,1,9.369674
12,664,1075.5192971229553,885.9219303131104,942.7091064453125,977.8517456054688,7.311934,8.0,-1,32.314636
9,664,1356.2777199745178,1069.5364933013916,1223.467529296875,1161.46630859375,6.2032013,10.0,-1,24.80006
1784,664,1666.7741799354553,342.2958927154541,1533.9639892578125,434.2257080078125,4.555521,8.0,-1,23.356476
8,664,1406.2168068885803,296.15703773498535,1273.4066162109375,388.08685302734375,4.3627453,8.0,-1,19.487476
2032,664,478.43668603897095,-81.42667770385742,345.6264953613281,10.503137588500977,4.1999984,14.0,-1,9.028122
1897,664,1486.7945656776428,142.7455234527588,1353.984375,234.6753387451172,2.0367327,6.0,1,1.1273293
17,664,636.2580666542053,515.9680118560791,503.4478759765625,607.8978271484375,1.5339414,10.0,-1,12.516971
1967,664,150.6844277381897,1021.1035099029541,17.874237060546875,1113.0333251953125,1.4584492,10.0,-1,26.152502
2080,664,870.2223610877991,-59.71185874938965,737.4121704101562,32.21795654296875,0.29594728,10.0,-1,2.9216316
4,665,1211.2710299491882,-29.761911392211914,1077.902099609375,62.32450485229492,56.05723,8.0,1,26.895699
1,665,1452.0143160820007,210.1113986968994,1318.6453857421875,302.19781494140625,39.735767,8.0,1,26.61278
1879,665,1717.6119723320007,69.67023658752441,1584.2430419921875,161.75665283203125,32.095867,6.0,1,1.1964526
0,665,1400.2859225273132,881.4887180328369,1266.9169921875,973.5751342773438,29.946854,10.0,1,23.330515
1961,665,1689.3823580741882,407.83603858947754,1556.013427734375,499.9224548339844,26.031944,16.0,-1,6.1838384
1332,665,674.6112399101257,584.0282688140869,541.2423095703125,676.1146850585938,18.312565,18.0,-1,11.666032
2,665,1528.6412692070007,332.8505039215088,1395.2723388671875,424.9369201660156,15.900726,8.0,1,21.721615
3,665,1003.8648409843445,371.7087802886963,870.4959106445312,463.7951965332031,15.660747,8.0,1,9.926773
6,665,193.38301038742065,335.3667392730713,60.01408004760742,427.4531555175781,15.113257,20.0,-1,12.636768
10,665,561.0968661308289,-6.711477279663086,427.7279357910156,85.37493896484375,13.29348,8.0,-1,29.168514
11,665,347.76988554000854,352.14270973205566,214.4009552001953,444.2291259765625,11.942918,16.0,-1,17.583754
9,665,1354.9458346366882,1072.8035984039307,1221.576904296875,1164.8900146484375,7.2104487,10.0,-1,24.018509
12,665,1074.7302584648132,886.1524143218994,941.361328125,978.2388305664062,6.5438094,10.0,-1,32.364597
1784,665,1668.8827242851257,342.06540870666504,1535.5137939453125,434.1518249511719,5.4734454,8.0,-1,23.84663
8,665,1407.2215914726257,295.64304542541504,1273.8526611328125,387.7294616699219,4.7009845,10.0,-1,17.225119
2032,665,477.5448031425476,-81.75835227966309,344.1758728027344,10.32806396484375,3.1076233,14.0,-1,8.162381
17,665,634.8021273612976,517.6302585601807,501.4331970214844,609.7166748046875,2.395519,10.0,-1,13.313824
1967,665,150.6953902244568,1020.5899753570557,17.326459884643555,1112.6763916015625,2.0761173,8.0,-1,26.516819
1897,665,1489.2712740898132,143.93641090393066,1355.90234375,236.0228271484375,1.7287227,6.0,1,0.9743402
2080,665,867.316134929657,-60.28822135925293,733.9472045898438,31.798194885253906,0.2621488,28.0,-1,3.1471086
4,666,1212.0624117851257,-30.404611587524414,1077.7166748046875,61.9222526550293,52.716984,8.0,1,27.578423
0,666,1402.4556002616882,880.1059970855713,1268.10986328125,972.432861328125,40.04063,10.0,1,22.220669
1,666,1450.2136569023132,209.9917697906494,1315.867919921875,302.3186340332031,35.688435,8.0,1,27.59205
1332,666,674.3726534843445,581.7393589019775,540.0269165039062,674.0662231445312,25.934029,18.0,-1,10.840136
6,666,194.24657773971558,336.2923069000244,59.900840759277344,428.6191711425781,24.582895,20.0,-1,11.940018
1879,666,1719.2440524101257,70.58423805236816,1584.8983154296875,162.91110229492188,20.259787,10.0,-1,0.0078001022
3,666,1006.5003390312195,370.72995948791504,872.1546020507812,463.05682373046875,16.129568,8.0,1,10.598776
2,666,1530.5613131523132,333.50220680236816,1396.215576171875,425.8290710449219,15.862511,8.0,1,23.040325
1961,666,1690.5194430351257,408.93860816955566,1556.1737060546875,501.2654724121094,14.4317045,16.0,-1,7.4205265
10,666,560.3313021659851,-3.774045944213867,425.9855651855469,88.55281829833984,10.14392,10.0,-1,25.613365
9,666,1352.2800631523132,1074.1490879058838,1217.934326171875,1166.4759521484375,9.823834,8.0,-1,29.48496
11,666,347.38980436325073,352.26233863830566,213.0440673828125,444.5892028808594,9.034841,14.0,-1,16.282114
12,666,1074.1004366874695,883.3045444488525,939.7546997070312,975.6314086914062,7.17197,10.0,-1,32.2233
8,666,1406.5801119804382,295.16272926330566,1272.234375,387.4895935058594,5.1556554,10.0,-1,19.234528
1784,666,1668.4209322929382,339.39478492736816,1534.0751953125,431.7216491699219,4.6152925,8.0,-1,21.997078
2032,666,476.28399991989136,-79.3452262878418,341.9382629394531,12.981637954711914,3.8843079,14.0,-1,7.4746265
17,666,635.0407137870789,520.3526401519775,500.6949768066406,612.6795043945312,2.2977421,8.0,-1,15.4766245
1967,666,151.30072927474976,1021.2269687652588,16.954992294311523,1113.5538330078125,2.2565403,10.0,-1,23.835325
2080,666,866.3982272148132,-60.82221031188965,732.052490234375,31.504653930664062,0.3917586,12.0,-1,3.3306599
1897,666,1493.7910494804382,142.99251747131348,1359.4453125,235.3193817138672,0.36636075,14.0,-1,0.10948691
1,667,1448.4514803886414,210.44509315490723,1313.8095703125,303.2292175292969,35.466766,8.0,1,27.052916
1879,667,1718.8074374198914,70.65007972717285,1584.16552734375,163.4342041015625,34.251335,10.0,-1,0.6105695
4,667,1211.2116122245789,-31.18861961364746,1076.5697021484375,61.59550476074219,32.4159,8.0,1,25.05486
1332,667,674.2702059745789,581.0995426177979,539.6282958984375,673.8836669921875,32.340305,18.0,-1,9.835326
0,667,1404.1189608573914,877.2844181060791,1269.47705078125,970.0685424804688,29.015862,10.0,1,22.427149
2,667,1531.3696932792664,334.2766361236572,1396.727783203125,427.0607604980469,16.634306,8.0,1,19.840448
3,667,1005.8058505058289,369.4588260650635,871.1639404296875,462.2429504394531,14.944244,8.0,1,15.686326
6,667,191.119056224823,336.2264652252197,56.47714614868164,429.0105895996094,14.772472,20.0,-1,11.998655
10,667,560.9578280448914,-3.925718307495117,426.31591796875,88.85840606689453,10.724296,10.0,-1,26.410473
1961,667,1689.1348299980164,407.02507972717285,1554.492919921875,499.8092041015625,10.400029,16.0,-1,4.929701
11,667,348.1488070487976,353.7930545806885,213.50689697265625,446.5771789550781,9.626128,14.0,-1,17.168306
12,667,1074.573001384735,883.0288028717041,939.9310913085938,975.8129272460938,8.355952,8.0,-1,30.847004
9,667,1352.6454501152039,1074.3168277740479,1218.0035400390625,1167.1009521484375,8.183852,8.0,-1,29.674255
2032,667,477.8918490409851,-76.85163307189941,343.24993896484375,15.932491302490234,6.177536,14.0,-1,5.209547
8,667,1406.6825594902039,295.3560428619385,1272.0406494140625,388.1401672363281,5.2119617,8.0,-1,20.69914
17,667,638.5642123222351,522.7596378326416,503.92230224609375,615.5437622070312,3.975436,10.0,-1,16.526646
1784,667,1668.0409579277039,339.4820804595947,1533.3990478515625,432.2662048339844,3.6754978,8.0,-1,22.5549
1967,667,153.65693044662476,1020.6743717193604,19.0150203704834,1113.45849609375,1.6916367,10.0,-1,23.33663
1897,667,1492.6311678886414,146.51583290100098,1357.9892578125,239.29995727539062,1.290771,6.0,1,0.56094337
2080,667,865.9037508964539,-66.79507827758789,731.2618408203125,25.989046096801758,0.33613774,12.0,-1,3.360206
4,668,1213.7631258964539,-30.89495086669922,1078.0716552734375,62.70328903198242,43.434902,8.0,1,26.307562
0,668,1404.0001864433289,876.6853294372559,1268.3087158203125,970.2835693359375,37.665936,10.0,1,21.77766
1,668,1446.3947176933289,212.08288192749023,1310.7032470703125,305.6811218261719,33.541283,8.0,1,26.446224
1332,668,677.7562899589539,580.1533470153809,542.0648193359375,673.7515869140625,28.642996,18.0,-1,12.27335
1879,668,1719.8289217948914,68.49535751342773,1584.137451171875,162.09359741210938,26.26091,10.0,-1,2.0519981
3,668,1007.8065218925476,368.2621421813965,872.1150512695312,461.8603820800781,25.179274,8.0,1,14.550217
6,668,189.68437910079956,338.214168548584,53.9929084777832,431.8124084472656,18.686993,22.0,-1,12.442312
1961,668,1687.8811678886414,405.788875579834,1552.189697265625,499.3871154785156,16.27122,16.0,-1,6.1498165
10,668,561.5149874687195,-5.039989471435547,425.8235168457031,88.5582504272461,13.474387,10.0,-1,28.364325
2,668,1531.4884676933289,333.982967376709,1395.7969970703125,427.5812072753906,13.2154665,8.0,1,24.598185
11,668,347.60951566696167,354.3480796813965,211.9180450439453,447.9463195800781,10.239617,14.0,-1,15.845748
9,668,1351.5756258964539,1074.7835960388184,1215.8841552734375,1168.3818359375,9.556071,10.0,-1,28.43605
12,668,1075.03320646286,884.8615379333496,939.3417358398438,978.4597778320312,8.003958,10.0,-1,24.365082
8,668,1407.9772372245789,296.2023277282715,1272.2857666015625,389.8005676269531,5.926555,8.0,-1,19.967958
2032,668,477.1976046562195,-77.50554466247559,341.5061340332031,16.092695236206055,4.5673623,14.0,-1,4.7335606
1784,668,1669.2852206230164,337.41381454467773,1533.59375,431.0120544433594,3.3590958,8.0,-1,23.257282
17,668,639.9795870780945,520.3478050231934,504.2881164550781,613.946044921875,1.9520701,10.0,-1,14.958778
1967,668,153.39590978622437,1021.1681175231934,17.704439163208008,1114.766357421875,1.3441844,10.0,-1,23.477041
1897,668,1491.3834872245789,148.63145065307617,1355.6920166015625,242.2296905517578,0.9610315,14.0,-1,0.4487131
2080,668,864.8217806816101,-63.431827545166016,729.1303100585938,30.166412353515625,0.7993996,12.0,-1,3.1101408
4,669,1213.7904086112976,-30.250208854675293,1077.92822265625,64.52252960205078,52.24434,8.0,1,26.23193
0,669,1405.66553068161,875.6419343948364,1269.8033447265625,970.4146728515625,46.864853,10.0,1,23.716183
1332,669,675.8488192558289,579.1117830276489,539.9866333007812,673.884521484375,39.22983,18.0,-1,11.8355
1,669,1447.392825603485,211.7014741897583,1311.5306396484375,306.4742126464844,30.394697,8.0,1,26.374119
6,669,186.80928373336792,339.0387239456177,50.94709777832031,433.81146240234375,26.965395,22.0,-1,13.4242525
1879,669,1716.2398715019226,68.59203815460205,1580.377685546875,163.36477661132812,14.170253,6.0,1,2.715993
3,669,1009.1730380058289,367.12109088897705,873.3108520507812,461.8938293457031,13.001967,8.0,1,14.997764
11,669,347.2384524345398,352.3345003128052,211.3762664794922,447.10723876953125,12.907079,14.0,-1,17.88023
10,669,561.4877047538757,-5.053957939147949,425.6255187988281,89.71878051757812,12.74429,10.0,-1,27.567888
2,669,1531.4488558769226,332.60619831085205,1395.586669921875,427.3789367675781,12.440639,8.0,1,24.826729
12,669,1075.5388827323914,886.6512727737427,939.6766967773438,981.4240112304688,9.291436,8.0,-1,25.845598
1961,669,1688.6329379081726,405.1589937210083,1552.770751953125,499.9317321777344,9.008979,14.0,-1,5.958147
9,669,1351.7384066581726,1075.140103340149,1215.876220703125,1169.912841796875,8.058923,8.0,-1,30.455244
2032,669,477.1697726249695,-77.49157619476318,341.3075866699219,17.28116226196289,4.7298985,12.0,-1,5.9000287
1784,669,1670.0850863456726,337.16662311553955,1534.222900390625,431.9393615722656,4.3090386,8.0,-1,22.751942
8,669,1408.3985629081726,295.55480670928955,1272.536376953125,390.3275451660156,3.1586742,8.0,-1,18.916752
1967,669,152.71721410751343,1023.5900545120239,16.85502815246582,1118.36279296875,2.0140932,8.0,-1,28.07979
1897,669,1490.113040447235,148.83068561553955,1354.2508544921875,243.60342407226562,1.2543026,6.0,1,0.04930926
17,669,643.6243929862976,520.7925081253052,507.76220703125,615.5652465820312,0.8318841,10.0,-1,12.104822
2080,669,861.3353304862976,-62.205748558044434,725.47314453125,32.56698989868164,0.2585141,12.0,-1,3.2099414
4,670,1213.9495272636414,-32.24938488006592,1078.2802734375,63.88744354248047,50.606266,8.0,1,24.457298
0,670,1405.9865145683289,874.5091066360474,1270.3172607421875,970.6459350585938,42.28934,10.0,1,24.004335
1,670,1446.8025546073914,211.79081439971924,1311.13330078125,307.9276428222656,36.981457,8.0,1,26.720255
1332,670,673.6301913261414,577.3824586868286,537.9609375,673.519287109375,28.291918,18.0,-1,12.95057
2,670,1532.0586581230164,333.2663698196411,1396.389404296875,429.4031982421875,20.046213,8.0,1,22.98894
6,670,187.16878080368042,338.94938373565674,51.49952697753906,435.0862121582031,17.866632,20.0,-1,13.020681
3,670,1007.8428378105164,368.1897096633911,872.173583984375,464.3265380859375,15.010743,8.0,1,11.27163
10,670,559.864474773407,-4.012255668640137,424.1952209472656,92.12457275390625,12.618573,10.0,-1,26.988316
1879,670,1714.7272372245789,67.59711933135986,1579.0579833984375,163.73394775390625,11.983921,6.0,1,0.006736517
11,670,347.26588773727417,351.6092348098755,211.5966339111328,447.7460632324219,11.398883,16.0,-1,16.667446
9,670,1353.4801669120789,1073.923840522766,1217.8109130859375,1170.0606689453125,10.152663,8.0,-1,32.374653
1961,670,1687.8623690605164,406.03605365753174,1552.193115234375,502.1728820800781,9.722508,14.0,-1,5.013144
12,670,1076.35449552536,885.5369997024536,940.6852416992188,981.673828125,7.9522667,8.0,-1,25.28824
2032,670,477.1423373222351,-76.6637830734253,341.47308349609375,19.473045349121094,5.5007777,14.0,-1,8.169175
8,670,1409.5523104667664,296.11982440948486,1273.883056640625,392.25665283203125,4.8225036,8.0,-1,19.246817
1784,670,1671.8549227714539,333.6142702102661,1536.1856689453125,429.7510986328125,3.4740803,8.0,-1,19.792135
17,670,645.6547884941101,522.2936525344849,509.98553466796875,618.4304809570312,2.0785534,10.0,-1,13.207823
1967,670,149.58547830581665,1021.4620485305786,13.916224479675293,1117.598876953125,1.9311734,10.0,-1,27.271816
2127,670,1045.0247836112976,274.2319459915161,909.3555297851562,370.3687744140625,1.823145,22.0,-1,13.553233
1897,670,1489.7634921073914,150.87353229522705,1354.09423828125,247.01036071777344,1.3949642,14.0,-1,0.20354587
2080,670,859.5924105644226,-58.462435722351074,723.9231567382812,37.67439270019531,0.64029783,12.0,-1,3.4070675
0,671,1406.0995516777039,875.2779664993286,1270.1546630859375,971.6652221679688,44.813175,10.0,1,24.70297
1,671,1446.0109286308289,210.11906147003174,1310.0660400390625,306.5063171386719,34.65749,8.0,1,26.458632
4,671,1214.9837069511414,-33.00647258758545,1079.038818359375,63.38078308105469,32.429043,8.0,1,25.335848
6,671,189.6699137687683,341.56232929229736,53.72502517700195,437.9495849609375,31.71903,22.0,-1,12.4288845
1332,671,671.3294711112976,577.3824586868286,535.3845825195312,673.7697143554688,30.94663,18.0,-1,12.505635
1879,671,1715.7850985527039,69.36039447784424,1579.8402099609375,165.74765014648438,27.49032,10.0,-1,2.1854072
3,671,1005.8293490409851,367.76810932159424,869.8844604492188,464.1553649902344,15.36153,8.0,1,17.442238
2,671,1530.4060702323914,332.8244752883911,1394.461181640625,429.21173095703125,12.863076,8.0,1,25.714025
11,671,347.8268618583679,353.12104511260986,211.88197326660156,449.50830078125,11.752194,14.0,-1,16.186123
10,671,559.7292513847351,-2.505221366882324,423.78436279296875,93.88203430175781,10.725171,10.0,-1,27.144001
9,671,1355.7815585136414,1073.6073732376099,1219.836669921875,1169.99462890625,10.079801,8.0,-1,32.83702
1961,671,1687.7280917167664,405.8248414993286,1551.783203125,502.21209716796875,8.774171,14.0,-1,5.037874
12,671,1077.04736661911,886.7630128860474,941.1024780273438,983.1502685546875,8.125112,10.0,-1,24.947937
2032,671,480.1674838066101,-78.39616870880127,344.22259521484375,17.991086959838867,7.135594,14.0,-1,8.907987
8,671,1409.8820223808289,296.466534614563,1273.9371337890625,392.8537902832031,3.4851866,10.0,-1,17.429306
1784,671,1669.1588778495789,334.4903688430786,1533.2139892578125,430.87762451171875,2.7902048,8.0,-1,21.357386
2127,671,1046.5850253105164,274.2971315383911,910.64013671875,370.68438720703125,2.465999,20.0,-1,13.515648
17,671,642.7284579277039,519.5941286087036,506.7835693359375,615.9813842773438,2.1210244,10.0,-1,13.562984
1967,671,147.85373735427856,1020.0414552688599,11.908848762512207,1116.4287109375,2.1192894,8.0,-1,27.80709
1897,671,1489.7634921073914,151.66317462921143,1353.818603515625,248.05043029785156,1.1802894,6.0,1,1.0337805
2080,671,855.8061556816101,-58.93078899383545,719.8612670898438,37.45646667480469,0.29349068,28.0,-1,3.255364
0,672,1405.7918124198914,874.0916872024536,1270.009521484375,970.7775268554688,42.720745,10.0,1,26.413347
1,672,1445.6498446464539,210.71955585479736,1309.8675537109375,307.4053955078125,36.325848,8.0,1,26.34331
4,672,1214.9837069511414,-34.44079875946045,1079.201416015625,62.24504089355469,29.41285,8.0,1,27.112486
1332,672,671.1438632011414,579.4102296829224,535.361572265625,676.0960693359375,29.402353,18.0,-1,12.207276
1879,672,1717.8511385917664,68.93493366241455,1582.06884765625,165.6207733154297,27.615494,6.0,1,0.15506029
6,672,185.6426272392273,345.20893573760986,49.86033630371094,441.894775390625,20.824614,20.0,-1,12.10277
3,672,1004.0944247245789,366.6085023880005,868.3121337890625,463.2943420410156,17.283571,8.0,1,14.470225
2,672,1531.8115878105164,330.8782777786255,1396.029296875,427.5641174316406,10.782699,8.0,1,24.90121
12,672,1079.459231853485,886.9242677688599,943.6769409179688,983.610107421875,10.3914585,8.0,-1,26.475647
10,672,560.3937411308289,-2.888697624206543,424.6114501953125,93.7971420288086,10.129798,10.0,-1,27.087992
9,672,1357.5636630058289,1073.6073732376099,1221.7813720703125,1170.293212890625,9.735995,8.0,-1,34.83621
11,672,348.64390897750854,350.1409730911255,212.8616180419922,446.8268127441406,8.349587,16.0,-1,15.060206
1961,672,1686.1624178886414,408.37385272979736,1550.380126953125,505.0596923828125,7.8519974,14.0,-1,6.2384343
2032,672,481.2116732597351,-78.88676357269287,345.42938232421875,17.799076080322266,6.0612373,14.0,-1,8.117134
8,672,1412.3294100761414,296.95341205596924,1276.547119140625,393.6392517089844,5.0127788,10.0,-1,16.951557
1784,672,1665.7471346855164,333.1924867630005,1529.96484375,429.8783264160156,4.315125,8.0,-1,23.180405
1967,672,145.0710253715515,1021.7512941360474,9.288734436035156,1118.4371337890625,3.3326619,10.0,-1,26.13986
2127,672,1044.89453458786,274.0412721633911,909.1122436523438,370.72711181640625,3.134209,20.0,-1,10.723487
17,672,644.5630221366882,520.8135499954224,508.7807312011719,617.4993896484375,1.5533174,10.0,-1,11.578928
1897,672,1490.3759188652039,152.1992769241333,1354.5936279296875,248.88511657714844,1.4016367,16.0,-1,0.48093864
2080,672,854.8272738456726,-57.079779624938965,719.0449829101562,39.60606002807617,0.18189299,10.0,-1,2.9428327
4,673,1215.2227206230164,-34.54500484466553,1080.2109375,62.000850677490234,48.33286,8.0,1,25.58496
0,673,1405.0253329277039,874.5376405715942,1270.0135498046875,971.08349609375,40.938293,10.0,1,26.131832
1879,673,1718.9601473808289,67.24985980987549,1583.9483642578125,163.79571533203125,35.371777,10.0,-1,1.2896204
1,673,1445.4497714042664,210.54618549346924,1310.43798828125,307.092041015625,33.66989,8.0,1,25.25583
6,673,181.6590838432312,347.07087421417236,46.647300720214844,443.6167297363281,22.706255,20.0,-1,11.853684
1332,673,670.3389315605164,580.838604927063,535.3271484375,677.3844604492188,16.848032,18.0,-1,10.618935
3,673,1003.4246249198914,367.2320375442505,868.412841796875,463.77789306640625,14.489728,8.0,1,15.575446
1961,673,1681.7119784355164,407.9561891555786,1546.7001953125,504.5020446777344,12.566081,14.0,-1,5.752795
10,673,561.1427340507507,-2.888697624206543,426.1309509277344,93.65715789794922,11.762283,10.0,-1,28.172789
2,673,1532.5130038261414,330.83466815948486,1397.501220703125,427.3805236816406,11.3604,8.0,1,25.280037
12,673,1076.8514437675476,888.421856880188,941.8396606445312,984.9677124023438,10.274646,10.0,-1,23.177853
11,673,347.2443118095398,349.4271059036255,212.23252868652344,445.97296142578125,8.124799,16.0,-1,16.659897
9,673,1354.5520663261414,1075.3490419387817,1219.540283203125,1171.8948974609375,7.8784313,8.0,-1,31.594807
2032,673,483.066623210907,-79.74255847930908,348.0548400878906,16.80329704284668,6.742161,14.0,-1,10.459801
8,673,1414.7536044120789,297.1775941848755,1279.7418212890625,393.72344970703125,4.848129,10.0,-1,16.60853
2127,673,1045.1004672050476,275.73261737823486,910.0886840820312,372.2784729003906,3.9282541,20.0,-1,13.153218
1784,673,1668.1681551933289,333.18998432159424,1533.1563720703125,429.73583984375,2.744896,8.0,-1,21.84226
1967,673,143.60624742507935,1021.2362489700317,8.594464302062988,1117.7821044921875,2.5149937,10.0,-1,25.033964
17,673,645.4236788749695,520.3021059036255,510.4118957519531,616.8479614257812,1.7242937,12.0,-1,10.657715
1897,673,1490.3759188652039,152.258038520813,1355.3641357421875,248.80389404296875,1.3200933,8.0,1,0.74185205
2140,673,1754.3920321464539,891.5721864700317,1619.3802490234375,988.1180419921875,0.58723754,26.0,-1,1.391022
2080,673,854.9027743339539,-56.02155590057373,719.8909912109375,40.52429962158203,0.5075561,12.0,-1,3.8912978
4,674,1215.046317577362,-34.70476055145264,1079.975830078125,62.550262451171875,41.27181,8.0,1,26.850761
0,674,1406.7732462882996,874.6534242630005,1271.7027587890625,971.908447265625,38.569035,10.0,1,25.643976
1,674,1445.221122264862,209.3875856399536,1310.150634765625,306.6426086425781,34.97762,8.0,1,25.803247
1879,674,1719.1963419914246,64.6583833694458,1584.1258544921875,161.9134063720703,26.61409,10.0,-1,3.4619684
1332,674,668.7098307609558,582.3517274856567,533.6393432617188,679.6067504882812,24.559996,18.0,-1,9.10395
6,674,181.76145124435425,350.54011249542236,46.69096374511719,447.7951354980469,22.053812,20.0,-1,13.294132
3,674,1004.4875407218933,366.4361391067505,869.4170532226562,463.691162109375,17.733072,8.0,1,16.616304
10,674,560.9216532707214,-3.607180595397949,425.8511657714844,93.64784240722656,14.963563,10.0,-1,26.936527
9,674,1352.834891796112,1076.8956117630005,1217.764404296875,1174.150634765625,11.48236,8.0,-1,33.892178
12,674,1077.0767741203308,889.4265565872192,942.0062866210938,986.6815795898438,11.4458275,10.0,-1,25.504728
2,674,1532.8022990226746,330.5344362258911,1397.7318115234375,427.7894592285156,10.3713455,8.0,1,26.117798
11,674,348.4937663078308,350.62092304229736,213.42327880859375,447.8759460449219,7.469339,16.0,-1,18.502802
1961,674,1679.844657421112,408.8238649368286,1544.774169921875,506.0788879394531,7.315523,14.0,-1,5.8295574
2032,674,485.17482709884644,-81.34788227081299,350.1043395996094,15.907140731811523,5.7891603,14.0,-1,11.490691
8,674,1415.6804728507996,292.65116596221924,1280.6099853515625,389.90618896484375,4.6791377,10.0,-1,16.863035
1784,674,1670.1724162101746,332.9635133743286,1535.1019287109375,430.2185363769531,3.3972695,8.0,-1,25.347473
2127,674,1044.706229686737,276.5303773880005,909.6357421875,373.785400390625,3.0861886,20.0,-1,7.3526525
17,674,645.3213114738464,520.1863222122192,510.2508239746094,617.4413452148438,2.2206073,12.0,-1,8.3584175
1967,674,144.20876550674438,1017.4466371536255,9.138278007507324,1114.70166015625,1.5646211,10.0,-1,21.660185
1897,674,1490.017753124237,153.0200319290161,1354.947265625,250.27505493164062,1.3995223,6.0,1,1.0733777
2140,674,1751.594901561737,896.9128847122192,1616.5244140625,994.1679077148438,1.1545359,26.0,-1,1.4062498
2080,674,849.4283976554871,-55.31588649749756,714.35791015625,41.93913650512695,0.40456712,14.0,-1,3.177898
1,675,1444.4102396965027,210.28339862823486,1309.4093017578125,308.0530700683594,39.860287,8.0,1,26.467997
0,675,1408.5937113761902,873.2294130325317,1273.5927734375,970.9990844726562,36.522125,10.0,1,25.551432
1879,675,1718.9906840324402,63.892361640930176,1583.98974609375,161.6620330810547,27.047247,10.0,-1,2.0028875
4,675,1214.2556986808777,-33.13807201385498,1079.2547607421875,64.63159942626953,25.67,8.0,1,25.85706
6,675,179.46635007858276,353.93952655792236,44.46541213989258,451.7091979980469,23.976824,20.0,-1,12.472727
1332,675,668.0782694816589,581.4454774856567,533.0773315429688,679.2151489257812,20.427195,18.0,-1,9.986954
3,675,1005.4990458488464,368.11713886260986,870.4981079101562,465.8868103027344,16.365946,8.0,1,14.405436
2,675,1534.0370707511902,330.71195697784424,1399.0361328125,428.48162841796875,13.888385,8.0,1,25.974274
11,675,349.4351267814636,350.63761615753174,214.43418884277344,448.40728759765625,12.00397,16.0,-1,17.996214
12,675,1080.1338725090027,886.3317079544067,945.1329345703125,984.1013793945312,11.573346,10.0,-1,25.924583
1961,675,1680.0594096183777,408.16840839385986,1545.0584716796875,505.9380798339844,10.754769,14.0,-1,5.8806186
10,675,557.2515788078308,-3.1620664596557617,422.2506408691406,94.60760498046875,10.450009,10.0,-1,25.755375
9,675,1350.3739848136902,1075.130841255188,1215.373046875,1172.9005126953125,6.624748,8.0,-1,31.66068
2032,675,485.4449381828308,-83.08153629302979,350.4440002441406,14.688135147094727,6.3427043,14.0,-1,10.586175
8,675,1412.0231547355652,292.993390083313,1277.022216796875,390.7630615234375,5.478494,10.0,-1,17.777721
2127,675,1044.9118876457214,276.5136842727661,909.9109497070312,374.2833557128906,3.9537373,20.0,-1,2.9633098
1784,675,1673.0606303215027,334.33674335479736,1538.0596923828125,432.1064147949219,2.9563053,8.0,-1,20.835064
17,675,643.8640055656433,521.0284242630005,508.8630676269531,618.798095703125,1.7701777,14.0,-1,6.893107
1967,675,144.51188325881958,1015.2190980911255,9.510945320129395,1112.98876953125,1.6467905,10.0,-1,20.086065
2140,675,1752.9644389152527,897.476544380188,1617.9635009765625,995.2462158203125,0.8700653,26.0,-1,0.84250844
1897,675,1487.7375102043152,152.627911567688,1352.736572265625,250.3975830078125,0.868457,16.0,-1,0.45601162
2080,675,845.1742777824402,-56.99416255950928,710.17333984375,40.775508880615234,0.3750814,10.0,-1,4.4063435
0,676,1409.0066142082214,873.6005563735962,1272.7169189453125,972.67529296875,36.880863,10.0,1,25.673262
4,676,1214.389304637909,-34.1862096786499,1078.099609375,64.8885269165039,36.53054,8.0,1,25.739347
1,676,1444.120749950409,208.2546091079712,1307.8310546875,307.329345703125,31.57031,8.0,1,25.85486
1879,676,1720.588523387909,60.954087257385254,1584.298828125,160.02882385253906,24.576248,6.0,1,0.11608434
3,676,1006.8310770988464,367.0804452896118,870.5413818359375,466.1551818847656,21.307367,8.0,1,15.472831
6,676,181.50948286056519,354.7255868911743,45.21978759765625,453.8003234863281,20.323591,20.0,-1,13.135834
1332,676,666.5523905754089,582.3544626235962,530.2626953125,681.42919921875,20.128626,18.0,-1,10.212654
12,676,1080.0002665519714,882.8066110610962,943.7105712890625,981.88134765625,19.962072,8.0,-1,25.289318
2,676,1534.9839091300964,331.7619333267212,1398.6942138671875,430.836669921875,17.18483,8.0,1,23.786232
11,676,348.245276927948,353.25222873687744,211.95558166503906,452.32696533203125,13.625797,16.0,-1,17.519104
1961,676,1678.2466044425964,406.3156747817993,1541.9569091796875,505.3904113769531,11.844182,14.0,-1,4.766938
10,676,554.6663432121277,-5.831236839294434,418.37664794921875,93.24349975585938,8.937202,10.0,-1,25.408522
9,676,1350.7212138175964,1075.1890573501587,1214.4315185546875,1174.2637939453125,8.174154,8.0,-1,29.56633
8,676,1408.5967020988464,293.47696018218994,1272.3070068359375,392.55169677734375,7.784527,10.0,-1,20.323395
2032,676,484.6800456047058,-85.31941032409668,348.3903503417969,13.755326271057129,6.1157374,14.0,-1,12.248192
1784,676,1676.196433544159,335.5871591567993,1539.90673828125,434.6618957519531,4.6878033,8.0,-1,23.521347
2127,676,1045.547019481659,277.6896677017212,909.25732421875,376.764404296875,4.0387216,16.0,-1,18.792707
1967,676,147.70624780654907,1013.9425973892212,11.416552543640137,1113.017333984375,2.620205,10.0,-1,19.18841
17,676,643.4538187980652,519.3988351821899,507.16412353515625,618.4735717773438,2.2964227,12.0,-1,8.47012
2140,676,1754.3994364738464,897.5354318618774,1618.1097412109375,996.6101684570312,1.726811,24.0,-1,2.3808496
1897,676,1487.071433544159,156.56048679351807,1350.78173828125,255.63522338867188,0.78979474,8.0,1,0.2639499
2080,676,842.1319193840027,-57.05237865447998,705.8422241210938,42.02235794067383,0.5054416,26.0,-1,3.4554121
1,677,1444.8409609794617,206.25418186187744,1307.9869384765625,306.0986022949219,57.906982,8.0,1,25.90321
0,677,1408.9818301200867,872.5161752700806,1272.1278076171875,972.360595703125,46.721783,10.0,1,26.61165
4,677,1214.7129092216492,-33.360304832458496,1077.85888671875,66.48411560058594,37.557762,8.0,1,26.58755
1879,677,1722.7696719169617,58.27035617828369,1585.9156494140625,158.11477661132812,26.745224,6.0,1,1.3621815
2,677,1536.0149111747742,331.4382028579712,1399.160888671875,431.2826232910156,23.853315,8.0,1,24.352037
1332,677,665.9515566825867,581.6792001724243,529.0975341796875,681.5236206054688,18.914286,16.0,-1,8.690638
11,677,346.66942167282104,355.8050546646118,209.81539916992188,455.64947509765625,16.333284,16.0,-1,18.860867
6,677,181.53426694869995,354.69448947906494,44.68024444580078,454.5389099121094,15.880215,20.0,-1,11.942216
3,677,1006.1208682060242,367.56597995758057,869.266845703125,467.410400390625,13.808534,8.0,1,14.833544
10,677,554.8339419364929,-4.048544883728027,417.97991943359375,95.7958755493164,10.515131,10.0,-1,24.33273
12,677,1078.9441714286804,883.6607675552368,942.0901489257812,983.5051879882812,10.037415,8.0,-1,25.727602
1961,677,1676.9876894950867,407.71807956695557,1540.1336669921875,507.5625,9.955477,14.0,-1,5.041733
8,677,1408.8863711357117,295.7663583755493,1272.0323486328125,395.61077880859375,8.023591,8.0,-1,21.718958
9,677,1352.4826846122742,1077.1902475357056,1215.628662109375,1177.03466796875,7.739464,8.0,-1,27.633205
2032,677,484.54091215133667,-87.7334098815918,347.6868896484375,12.111010551452637,7.35776,14.0,-1,9.753114
2127,677,1046.184039592743,277.4371347427368,909.3300170898438,377.28155517578125,4.4629893,14.0,-1,27.204357
1967,677,149.01363229751587,1013.6342172622681,12.1596097946167,1113.4786376953125,4.08563,10.0,-1,17.224276
1784,677,1677.5523867607117,332.13601779937744,1540.6983642578125,431.9804382324219,2.980626,8.0,-1,22.227802
2140,677,1752.9952578544617,900.3360605239868,1616.1412353515625,1000.1804809570312,2.0710495,26.0,-1,2.2720394
17,677,642.1190981864929,519.4299325942993,505.26507568359375,619.2743530273438,1.6629342,12.0,-1,7.587818
1897,677,1486.9651064872742,159.1255807876587,1350.111083984375,258.9700012207031,1.3510686,16.0,-1,0.07361454
2080,677,840.7787661552429,-57.9907865524292,703.9247436523438,41.853633880615234,0.8762749,10.0,-1,3.8856494
1,678,1447.0652041435242,208.0945749282837,1310.03076171875,307.90570068359375,54.741043,8.0,1,25.006588
0,678,1408.9319033622742,872.2118844985962,1271.8974609375,972.0230102539062,54.111465,10.0,1,27.30442
4,678,1214.9843935966492,-31.44406795501709,1077.949951171875,68.36705780029297,45.49042,8.0,1,26.828094
1879,678,1723.2981142997742,57.359681129455566,1586.263671875,157.17080688476562,31.93028,6.0,1,1.4832664
1332,678,665.5007510185242,579.6824045181274,528.46630859375,679.4935302734375,22.47167,16.0,-1,9.219108
2,678,1537.2619814872742,331.5383310317993,1400.2275390625,431.3494567871094,21.125431,8.0,1,23.131163
6,678,178.18169736862183,354.69448947906494,41.147254943847656,454.505615234375,19.272459,20.0,-1,13.110838
3,678,1004.9606509208679,366.83877658843994,867.9262084960938,466.64990234375,16.15325,8.0,1,14.526094
11,678,346.87674283981323,355.78628635406494,209.84230041503906,455.597412109375,15.551684,18.0,-1,20.484428
10,678,557.0968813896179,-3.8918371200561523,420.06243896484375,95.9192886352539,11.184947,10.0,-1,25.042868
12,678,1079.1300234794617,882.2323923110962,942.0955810546875,982.0435180664062,10.360262,8.0,-1,27.015308
1961,678,1677.1539492607117,407.18509006500244,1540.1195068359375,506.9962158203125,8.870067,14.0,-1,6.0915895
9,678,1349.1936221122742,1076.6892404556274,1212.1591796875,1176.5003662109375,7.8173885,10.0,-1,23.030989
8,678,1409.6851992607117,297.26861667633057,1272.6507568359375,397.0797424316406,6.1825423,10.0,-1,16.815277
2032,678,484.6708254814148,-87.31912040710449,347.6363830566406,12.492005348205566,4.893917,14.0,-1,7.8646984
2127,678,1046.184039592743,278.1932077407837,909.1495971679688,378.00433349609375,4.370469,14.0,-1,27.675613
1784,678,1674.9261660575867,331.5417490005493,1537.8917236328125,431.3528747558594,3.49753,8.0,-1,22.781134
2140,678,1752.6883730888367,899.1219186782837,1615.6539306640625,998.9330444335938,2.7803838,24.0,-1,2.387171
17,678,641.7665286064148,522.5598459243774,504.7320861816406,622.3709716796875,1.6948037,14.0,-1,5.11265
1897,678,1485.7832217216492,163.76190280914307,1348.748779296875,263.5730285644531,1.4134421,8.0,1,0.68526864
2080,678,836.1441836357117,-55.380751609802246,699.1097412109375,44.43037414550781,0.3495349,10.0,-1,3.072108
1,679,1449.0462222099304,208.43667697906494,1312.0614013671875,308.7631530761719,53.131847,8.0,1,23.80298
0,679,1408.776568889618,872.4456796646118,1271.791748046875,972.7721557617188,44.461304,10.0,1,27.253038
4,679,1215.3142886161804,-31.682623863220215,1078.3294677734375,68.64385223388672,30.219254,8.0,1,25.32557
6,679,177.61581754684448,354.69448947906494,40.63099670410156,455.0209655761719,21.75934,20.0,-1,13.5060005
1879,679,1725.306109905243,57.28169345855713,1588.3212890625,157.60816955566406,19.821772,6.0,1,1.5520594
2,679,1535.298785686493,329.60659885406494,1398.31396484375,429.9330749511719,18.75194,8.0,1,23.080221
1332,679,666.4909243583679,581.1036386489868,529.506103515625,681.4301147460938,16.241856,16.0,-1,8.735035
3,679,1004.9606509208679,366.35293674468994,867.975830078125,466.6794128417969,13.493256,8.0,1,9.887592
11,679,347.5769991874695,355.62054538726807,210.59217834472656,455.947021484375,10.718635,18.0,-1,20.942131
1961,679,1676.5923647880554,404.5928964614868,1539.6075439453125,504.91937255859375,9.488339,14.0,-1,6.244234
9,679,1349.099322795868,1077.4072885513306,1212.114501953125,1177.7337646484375,9.094388,10.0,-1,17.992176
10,679,557.8872256278992,-3.407118797302246,420.90240478515625,96.91935729980469,8.507384,10.0,-1,23.752012
12,679,1080.6961245536804,881.0725717544556,943.7113037109375,981.3990478515625,7.847288,8.0,-1,28.44475
8,679,1412.1011538505554,293.74832248687744,1275.1163330078125,394.0747985839844,6.7980194,8.0,-1,17.78471
1784,679,1672.977252483368,331.00906467437744,1535.992431640625,431.3355407714844,4.9357815,8.0,-1,24.854202
2032,679,484.9571108818054,-86.61394786834717,347.9722900390625,13.712528228759766,3.9453182,14.0,-1,6.8815546
2127,679,1045.2934756278992,278.8806161880493,908.3086547851562,379.20709228515625,3.889202,14.0,-1,24.039118
2140,679,1752.1497378349304,898.5142221450806,1615.1649169921875,998.8406982421875,3.0098035,24.0,-1,2.6401923
17,679,644.165271282196,525.0412607192993,507.1804504394531,625.3677368164062,1.6264254,14.0,-1,5.175357
1897,679,1483.919147014618,164.3547067642212,1346.934326171875,264.6811828613281,0.92732924,8.0,1,1.0573016
2080,679,835.2347598075867,-52.43358898162842,698.2499389648438,47.892887115478516,0.4557539,10.0,-1,4.0395155
1,680,1449.8553042411804,208.60037326812744,1312.132568359375,310.5199890136719,41.266304,8.0,1,24.458637
0,680,1410.5415835380554,871.3157968521118,1272.81884765625,973.2354125976562,40.70905,10.0,1,26.73539
4,680,1215.7671694755554,-32.593268394470215,1078.04443359375,69.32634735107422,37.19538,8.0,1,25.53193
1879,680,1727.993609905243,56.13034152984619,1590.2708740234375,158.04995727539062,26.61904,6.0,1,0.39469624
6,680,177.57810926437378,355.56277561187744,39.85537338256836,457.4823913574219,24.3199,20.0,-1,13.300486
2,680,1535.298785686493,325.44220066070557,1397.5760498046875,427.36181640625,20.985506,8.0,1,24.297373
1332,680,668.1062197685242,580.8723154067993,530.3834838867188,682.7919311523438,19.578259,16.0,-1,8.609925
3,680,1004.3166689872742,366.4606943130493,866.5939331054688,468.38031005859375,13.748077,8.0,1,7.1326456
11,680,349.3260073661804,354.6404733657837,211.603271484375,456.5600891113281,10.778153,18.0,-1,20.222725
10,680,556.368396282196,-2.5670156478881836,418.6456604003906,99.35260009765625,9.120064,10.0,-1,21.892307
9,680,1350.788775920868,1078.2214975357056,1213.0660400390625,1180.14111328125,7.86331,10.0,-1,18.080229
12,680,1079.855670452118,880.0161752700806,942.1329345703125,981.935791015625,7.267834,8.0,-1,29.29597
1961,680,1676.1245913505554,405.1573190689087,1538.40185546875,507.0769348144531,6.805207,14.0,-1,5.544662
8,680,1410.2102847099304,292.6485605239868,1272.487548828125,394.56817626953125,4.882403,10.0,-1,15.052021
1784,680,1672.910113811493,334.07315158843994,1535.1873779296875,435.9927673339844,4.532165,8.0,-1,23.855673
2032,680,485.62828397750854,-86.36918067932129,347.9055480957031,15.550435066223145,4.201203,14.0,-1,3.8638575
2127,680,1044.2923769950867,277.82330417633057,906.5696411132812,379.742919921875,4.099933,16.0,-1,19.589647
2140,680,1747.3909487724304,898.5142221450806,1609.668212890625,1000.433837890625,3.6835387,24.0,-1,3.532836
17,680,645.9520754814148,525.4972543716431,508.2293395996094,627.4168701171875,1.2619243,14.0,-1,4.341299
1897,680,1483.325152873993,161.74322605133057,1345.6024169921875,263.662841796875,1.2062742,8.0,1,1.6783705
2080,680,835.4838442802429,-52.12948131561279,697.7611083984375,49.79013442993164,1.0686278,12.0,-1,4.038328
0,681,1413.1919436454773,869.7499399185181,1275.1259765625,971.8974609375,43.543285,10.0,1,26.824692
1,681,1451.9545168876648,209.33459568023682,1313.8885498046875,311.48211669921875,39.80238,8.0,1,24.964195
4,681,1215.4014163017273,-32.28822994232178,1077.33544921875,69.85929107666016,39.287216,8.0,1,26.654543
6,681,176.03628873825073,352.12930393218994,37.97032165527344,454.2768249511719,25.884193,22.0,-1,12.244984
2,681,1533.9631838798523,325.40469455718994,1395.897216796875,427.5522155761719,22.819786,8.0,1,26.944199
1879,681,1731.8689455986023,56.75788974761963,1593.802978515625,158.90541076660156,20.395994,6.0,1,3.2948623
3,681,1004.4648928642273,367.93463230133057,866.39892578125,470.0821533203125,17.607553,8.0,1,10.833696
1332,681,666.8208498954773,580.8723154067993,528.7548828125,683.0198364257812,16.467695,16.0,-1,9.554173
11,681,351.8662905693054,355.24368381500244,213.80032348632812,457.3912048339844,12.167384,16.0,-1,20.394169
8,681,1409.3188967704773,291.85076999664307,1271.2529296875,393.998291015625,8.095625,8.0,-1,19.8435
2140,681,1746.3921389579773,899.2213754653931,1608.326171875,1001.368896484375,7.798369,24.0,-1,3.8460073
1961,681,1675.9902834892273,404.0257577896118,1537.92431640625,506.17327880859375,7.732754,14.0,-1,4.8291388
12,681,1080.8504519462585,876.6523447036743,942.7844848632812,978.7998657226562,7.170237,10.0,-1,24.855064
10,681,555.2046389579773,-0.7222890853881836,417.138671875,101.42523193359375,6.2657127,12.0,-1,18.678125
2032,681,486.66493558883667,-86.38627815246582,348.5989685058594,15.761242866516113,5.882557,14.0,-1,4.1342516
9,681,1353.5432620048523,1077.303650856018,1215.477294921875,1179.451171875,5.475554,12.0,-1,13.1740675
1784,681,1670.0786623954773,335.88055515289307,1532.0126953125,438.028076171875,4.398557,8.0,-1,22.969362
2127,681,1046.6064944267273,280.5523386001587,908.54052734375,382.6998596191406,3.8391886,14.0,-1,22.074104
17,681,645.9520754814148,525.0200204849243,507.8861083984375,627.1675415039062,2.14277,14.0,-1,2.6716545
1897,681,1482.2175784111023,160.0544137954712,1344.151611328125,262.2019348144531,1.8861055,8.0,1,0.36905915
2080,681,837.054919719696,-50.462294578552246,698.9889526367188,51.68522644042969,0.9476402,10.0,-1,3.717213
1,682,1454.4530520439148,207.08819675445557,1315.8258056640625,310.4278564453125,49.308765,8.0,1,25.96362
4,682,1214.4990725517273,-34.92782497406006,1075.871826171875,68.41183471679688,42.968098,8.0,1,26.20677
0,682,1414.5510745048523,867.7501230239868,1275.923828125,971.0897827148438,40.232357,10.0,1,26.147041
2,682,1532.9969973564148,326.1154489517212,1394.3697509765625,429.4551086425781,22.154512,8.0,1,25.31253
1332,682,666.9737429618835,580.9829111099243,528.3464965820312,684.3225708007812,21.729704,16.0,-1,8.861447
3,682,1004.9195437431335,366.5018014907837,866.2922973632812,469.8414611816406,21.45787,8.0,1,16.237356
6,682,175.09965085983276,349.3028268814087,36.47240447998047,452.6424865722656,16.960337,20.0,-1,13.029503
1879,682,1736.2579836845398,56.707993507385254,1597.6307373046875,160.0476531982422,14.982101,6.0,1,3.7950444
11,682,354.70985746383667,355.4428415298462,216.08261108398438,458.7825012207031,12.706306,16.0,-1,21.539637
12,682,1080.8504519462585,872.9668588638306,942.2232055664062,976.3065185546875,8.616635,8.0,-1,27.632828
8,682,1408.3467288017273,290.54559421539307,1269.719482421875,393.88525390625,7.884829,8.0,-1,21.135563
1961,682,1677.3870120048523,404.1595468521118,1538.759765625,507.49920654296875,6.9455433,14.0,-1,5.1906757
10,682,553.1919436454773,0.11185550689697266,414.564697265625,103.4515151977539,5.8058305,12.0,-1,17.674685
2140,682,1743.7892336845398,900.9190683364868,1605.1619873046875,1004.2587280273438,5.6803393,22.0,-1,4.129554
1784,682,1672.6558108329773,334.54495334625244,1534.028564453125,437.8846130371094,5.6749935,8.0,-1,23.94831
9,682,1353.0312991142273,1077.303650856018,1214.404052734375,1180.643310546875,5.5747566,12.0,-1,13.439335
2032,682,486.05870389938354,-87.29985332489014,347.43145751953125,16.039806365966797,4.4401402,12.0,-1,1.3957525
2127,682,1047.726062297821,282.07159519195557,909.0988159179688,385.4112548828125,3.4172153,18.0,-1,12.032038
17,682,647.4858889579773,525.5101327896118,508.858642578125,628.8497924804688,1.5688599,14.0,-1,4.3958426
1897,682,1480.7657961845398,161.07513523101807,1342.1385498046875,264.414794921875,1.5495912,8.0,1,1.0629922
2080,682,836.3109622001648,-49.95934200286865,697.6837158203125,53.38031768798828,0.45644644,12.0,-1,3.5562642
0,683,1416.1455569267273,867.7501230239868,1277.2100830078125,971.3607177734375,36.685753,10.0,1,25.665113
4,683,1214.8586916923523,-37.12436580657959,1075.9232177734375,66.4862289428711,32.02972,8.0,1,25.743298
1,683,1455.9956545829773,207.09845066070557,1317.0601806640625,310.70904541015625,31.311035,8.0,1,26.378962
1332,683,666.8240847587585,582.3818979263306,527.8886108398438,685.9924926757812,27.551743,16.0,-1,8.526656
6,683,174.22771406173706,349.0939950942993,35.292240142822266,452.70458984375,24.650087,20.0,-1,13.4545765
2,683,1532.9969973564148,325.3898935317993,1394.0615234375,429.00048828125,21.078684,8.0,1,26.19493
1879,683,1740.8704104423523,57.23945713043213,1601.9349365234375,160.8500518798828,20.537903,6.0,1,0.17373109
3,683,1003.5127444267273,363.68573093414307,864.5772705078125,467.29632568359375,14.455213,8.0,1,16.91631
2127,683,1044.7816653251648,274.62698459625244,905.84619140625,378.2375793457031,10.412742,16.0,-1,33.15913
11,683,356.39613676071167,354.75027561187744,217.46066284179688,458.3608703613281,9.753637,16.0,-1,20.00789
1961,683,1678.8077883720398,404.5284128189087,1539.872314453125,508.1390075683594,9.306851,14.0,-1,5.1402445
12,683,1083.4996218681335,872.3452157974243,944.5641479492188,975.955810546875,8.592496,8.0,-1,27.56139
8,683,1408.7972903251648,288.59491062164307,1269.86181640625,392.20550537109375,7.600182,8.0,-1,24.371445
10,683,553.4513735771179,0.7251749038696289,414.5158996582031,104.33576965332031,7.101763,12.0,-1,19.867188
9,683,1351.7053713798523,1079.9802255630493,1212.7698974609375,1183.5908203125,6.6509433,12.0,-1,15.864164
2140,683,1743.8938479423523,900.6395883560181,1604.9583740234375,1004.2501831054688,4.7424235,24.0,-1,4.6324215
2032,683,482.95009183883667,-85.70502185821533,344.0146179199219,17.90557289123535,4.496675,12.0,-1,3.2725785
1784,683,1671.1660647392273,335.45416355133057,1532.2305908203125,439.06475830078125,2.7446434,8.0,-1,19.992476
17,683,642.9251284599304,522.3616952896118,503.9896545410156,625.9722900390625,1.8068146,14.0,-1,6.5392923
1897,683,1478.6090579032898,163.3747262954712,1339.673583984375,266.9853210449219,1.2200263,8.0,1,1.2574742
2080,683,834.5177493095398,-47.66459941864014,695.582275390625,55.94599533081055,0.6818199,10.0,-1,4.6254077
1,684,1457.8492617607117,207.52008152008057,1317.895751953125,311.7327575683594,39.140583,8.0,1,27.415894
0,684,1419.2529482841492,866.3505563735962,1279.2994384765625,970.563232421875,29.684237,10.0,1,24.777346
4,684,1218.1222109794617,-39.543883323669434,1078.168701171875,64.66879272460938,26.776299,8.0,1,25.046728
2,684,1532.0038027763367,325.3898935317993,1392.05029296875,429.6025695800781,23.463198,8.0,1,25.724228
1332,684,663.1284976005554,581.8299875259399,523.1749877929688,686.0426635742188,19.376827,16.0,-1,12.512563
3,684,1004.6873354911804,361.75653171539307,864.7338256835938,465.9692077636719,17.720942,8.0,1,17.046192
6,684,173.83065366744995,351.59393405914307,33.87714385986328,455.8066101074219,17.506779,20.0,-1,13.172418
1879,684,1742.3076357841492,57.667908668518066,1602.3541259765625,161.88058471679688,17.136696,6.0,1,3.1469388
11,684,357.74989652633667,354.2491464614868,217.79638671875,458.4618225097656,10.480814,16.0,-1,19.436752
2127,684,1044.7568545341492,275.19000339508057,904.8033447265625,379.4026794433594,10.195083,14.0,-1,50.183716
12,684,1084.5406680107117,869.5436105728149,944.587158203125,973.7562866210938,9.462377,10.0,-1,22.197905
8,684,1409.8311953544617,285.8278818130493,1269.877685546875,390.0405578613281,7.767742,8.0,-1,25.32526
1961,684,1680.4703555107117,404.86892795562744,1540.516845703125,509.08160400390625,7.1912594,14.0,-1,5.551799
9,684,1350.2926211357117,1081.4023141860962,1210.339111328125,1185.614990234375,7.1521554,10.0,-1,19.505447
1784,684,1670.0055117607117,335.8320016860962,1530.052001953125,440.044677734375,5.9040217,8.0,-1,24.675505
2140,684,1741.6948428153992,902.2330026626587,1601.7413330078125,1006.4456787109375,5.588162,22.0,-1,3.660347
10,684,551.9271121025085,-0.1768484115600586,411.9736022949219,104.03582763671875,5.280523,12.0,-1,22.568556
2032,684,481.5110659599304,-85.62122821807861,341.55755615234375,18.591447830200195,4.1363745,14.0,-1,2.6629949
17,684,642.9251284599304,521.7557687759399,502.97161865234375,625.9684448242188,1.8477454,12.0,-1,7.1184797
1897,684,1483.4646182060242,162.48754978179932,1343.5111083984375,266.7002258300781,1.0019258,8.0,1,1.2251155
2080,684,833.9251894950867,-46.99630260467529,693.9716796875,57.216373443603516,0.47496167,12.0,-1,3.4422235
0,685,1420.6591982841492,867.1190042495728,1279.613037109375,972.1887817382812,42.47775,10.0,1,25.230513
1,685,1458.9619326591492,204.08039951324463,1317.915771484375,309.1501770019531,35.53892,8.0,1,26.546532
4,685,1218.1222109794617,-41.429179191589355,1077.0760498046875,63.64059829711914,27.103563,8.0,1,25.55729
6,685,174.37387418746948,352.659104347229,33.32771301269531,457.7288818359375,22.220198,22.0,-1,12.810393
2,685,1531.1209902763367,326.45600986480713,1390.0748291015625,431.5257873535156,20.411173,8.0,1,26.120808
3,685,1005.2785220146179,361.04121494293213,864.2323608398438,466.1109924316406,20.06373,8.0,1,18.16902
1332,685,661.2752871513367,582.788987159729,520.2291259765625,687.8587646484375,18.760973,18.0,-1,12.347795
1879,685,1740.5008730888367,57.319382667541504,1599.4547119140625,162.38916015625,17.016672,6.0,1,3.3155048
11,685,357.3566164970398,352.5389566421509,216.31045532226562,457.6087341308594,14.427475,16.0,-1,17.317673
1961,685,1681.5340762138367,405.81260776519775,1540.4879150390625,510.88238525390625,9.648721,14.0,-1,4.326933
12,685,1084.503863811493,867.6995706558228,943.4577026367188,972.7693481445312,8.443095,8.0,-1,29.222614
2127,685,1044.3847842216492,277.8858804702759,903.338623046875,382.9556579589844,7.968532,14.0,-1,46.99225
8,685,1409.9861025810242,285.11518955230713,1268.93994140625,390.1849670410156,7.509188,8.0,-1,24.458971
10,685,550.134509563446,-0.1768484115600586,409.0883483886719,104.89292907714844,7.2282276,12.0,-1,20.37893
2140,685,1742.7671084403992,903.858567237854,1601.720947265625,1008.9283447265625,6.6194253,22.0,-1,3.4285681
9,685,1349.4876894950867,1080.220383644104,1208.4415283203125,1185.2901611328125,5.748916,10.0,-1,19.224916
2032,685,481.98656034469604,-84.85739612579346,340.9403991699219,20.21238136291504,4.4078126,12.0,-1,0.79753435
1784,685,1670.9002871513367,336.63279819488525,1529.8541259765625,441.70257568359375,3.7150886,8.0,-1,22.513233
17,685,642.629870891571,522.628830909729,501.5837097167969,627.6986083984375,2.1793365,14.0,-1,4.784969
1897,685,1483.8650088310242,159.09712314605713,1342.81884765625,264.1669006347656,1.108837,8.0,1,0.93063796
2080,685,831.6247744560242,-49.66288661956787,690.57861328125,55.406890869140625,0.5081176,14.0,-1,3.691573
0,686,1420.819293498993,868.2060708999634,1279.75732421875,973.8480834960938,43.55075,10.0,1,25.552137
4,686,1218.217486858368,-41.98486614227295,1077.155517578125,63.65714645385742,28.182646,8.0,1,25.77425
1,686,1460.2061343193054,202.9353494644165,1319.1441650390625,308.5773620605469,27.245766,8.0,1,26.661118
6,686,172.15440320968628,353.68284702301025,31.09243392944336,459.3248596191406,22.608694,20.0,-1,13.367827
1332,686,662.6006045341492,580.6055459976196,521.5386352539062,686.24755859375,22.529573,18.0,-1,11.134886
1879,686,1740.899127483368,56.034653663635254,1599.837158203125,161.67666625976562,20.807917,6.0,1,4.612397
2,686,1529.844439983368,326.6954507827759,1388.782470703125,432.33746337890625,15.865032,8.0,1,26.236765
3,686,1005.2943911552429,361.847092628479,864.232421875,467.4891052246094,15.134128,8.0,1,16.4858
1961,686,1680.287066936493,407.5429849624634,1539.22509765625,513.1849975585938,11.640502,14.0,-1,3.8409522
11,686,359.8468813896179,352.28318881988525,218.784912109375,457.9252014160156,10.903835,16.0,-1,17.666695
2127,686,1044.1308779716492,277.8858804702759,903.0689086914062,383.52789306640625,8.328336,14.0,-1,45.622612
8,686,1410.6990542411804,286.337082862854,1269.6370849609375,391.9790954589844,7.828049,8.0,-1,20.770422
12,686,1083.7405581474304,864.9076089859009,942.6785888671875,970.5496215820312,6.431667,10.0,-1,29.01863
9,686,1347.7010073661804,1081.7013711929321,1206.6390380859375,1187.3433837890625,6.428446,8.0,-1,24.608545
10,686,548.0189394950867,-1.4156484603881836,406.95697021484375,104.22636413574219,6.0058846,12.0,-1,20.611002
2140,686,1737.822223186493,905.6161050796509,1596.76025390625,1011.2581176757812,5.245375,22.0,-1,3.5593553
2032,686,481.98656034469604,-83.59332942962646,340.9245910644531,22.048683166503906,4.1128383,12.0,-1,2.3007114
1784,686,1675.2766909599304,334.0428628921509,1534.2147216796875,439.68487548828125,3.5714,8.0,-1,20.195744
17,686,643.8334536552429,521.4882974624634,502.771484375,627.1303100585938,1.2844018,12.0,-1,6.0525403
2080,686,831.0148501396179,-49.725531578063965,689.952880859375,55.916481018066406,0.91629076,10.0,-1,4.215832
1897,686,1482.3116030693054,159.6621561050415,1341.2496337890625,265.3041687011719,0.6340031,18.0,-1,0.2138597
1,687,1460.9116396903992,200.98353672027588,1319.8052978515625,307.0198974609375,42.401176,8.0,1,27.574266
0,687,1420.6670107841492,867.9626016616821,1279.5606689453125,973.9989624023438,37.499687,10.0,1,25.589312
4,687,1216.6430850028992,-43.69601345062256,1075.5367431640625,62.34034729003906,24.549355,8.0,1,26.614891
3,687,1005.4384341239929,361.79597568511963,864.3320922851562,467.83233642578125,22.45128,8.0,1,13.784578
1879,687,1741.0942568778992,52.655564308166504,1599.9879150390625,158.69192504882812,22.343948,6.0,1,3.4563377
1332,687,661.9890933036804,579.4099893569946,520.8827514648438,685.4463500976562,19.290792,18.0,-1,12.309696
2,687,1530.4703555107117,327.40257358551025,1389.364013671875,433.4389343261719,17.385874,8.0,1,26.971708
6,687,169.3194727897644,353.9033670425415,28.213130950927734,459.9397277832031,14.263715,22.0,-1,13.583081
2127,687,1043.7022891044617,279.932053565979,902.595947265625,385.9684143066406,11.085935,14.0,-1,46.83916
1961,687,1677.7578310966492,406.46089267730713,1536.6514892578125,512.4972534179688,9.409553,14.0,-1,4.2308245
11,687,360.1931185722351,351.5889139175415,219.08677673339844,457.6252746582031,9.063377,16.0,-1,18.094429
2140,687,1736.9807314872742,903.5114908218384,1595.8743896484375,1009.5478515625,8.313876,22.0,-1,4.167306
12,687,1084.8114199638367,861.5954141616821,943.705078125,967.6317749023438,7.8684382,8.0,-1,31.38157
9,687,1349.5341982841492,1082.2386636734009,1208.4278564453125,1188.2750244140625,6.4471364,8.0,-1,27.841433
10,687,548.6086001396179,-0.4799642562866211,407.50225830078125,105.556396484375,6.24625,12.0,-1,20.41278
2032,687,481.98656034469604,-82.4232816696167,340.8802185058594,23.613079071044922,5.748638,14.0,-1,6.5998607
8,687,1407.8890566825867,286.5034341812134,1266.78271484375,392.539794921875,5.7083936,10.0,-1,19.22293
1784,687,1678.7649111747742,334.0428628921509,1537.6585693359375,440.0792236328125,4.605703,8.0,-1,22.43495
17,687,642.0270571708679,524.2718667984009,500.92071533203125,630.3082275390625,1.2986912,14.0,-1,6.3500905
1897,687,1484.2976260185242,160.85414218902588,1343.1912841796875,266.8905029296875,0.92410207,8.0,1,0.037145674
2080,687,828.4740786552429,-49.1677770614624,687.3677368164062,56.86858367919922,0.28769964,10.0,-1,3.830433
4,688,1215.8121523857117,-43.5767240524292,1073.94384765625,62.5118522644043,39.6478,8.0,1,26.410406
0,688,1420.7451357841492,868.161789894104,1278.8768310546875,974.2503662109375,30.909966,10.0,1,25.698515
1,688,1463.1352725028992,200.53242588043213,1321.2669677734375,306.6210021972656,27.345245,8.0,1,26.671064
1332,688,660.8261904716492,578.273606300354,518.9578857421875,684.3621826171875,24.523102,18.0,-1,11.126139
1879,688,1741.5858340263367,53.698914527893066,1599.717529296875,159.78749084472656,21.49066,6.0,1,4.295875
2,688,1531.5604434013367,325.9481363296509,1389.692138671875,432.0367126464844,16.093077,8.0,1,26.952824
6,688,165.61595106124878,356.2041482925415,23.74764633178711,462.292724609375,14.3641205,20.0,-1,13.5394125
3,688,1004.0725893974304,361.15864658355713,862.2042846679688,467.2472229003906,13.866784,8.0,1,15.978273
11,688,359.93138456344604,351.24852085113525,218.06307983398438,457.33709716796875,12.26364,16.0,-1,18.66368
1961,688,1676.2555117607117,407.31480503082275,1534.38720703125,513.4033813476562,11.5016775,14.0,-1,4.9347258
2127,688,1047.2210879325867,279.932053565979,905.352783203125,386.0206298828125,9.342708,14.0,-1,49.07468
9,688,1349.5341982841492,1085.7729959487915,1207.6658935546875,1191.861572265625,8.7049,10.0,-1,26.440514
12,688,1087.109332561493,860.6458597183228,945.2410278320312,966.7344360351562,7.3383694,10.0,-1,31.093983
10,688,548.1993288993835,-4.103339195251465,406.3310241699219,101.98523712158203,6.47101,12.0,-1,19.402914
2032,688,482.13576078414917,-80.30408191680908,340.2674560546875,25.784494400024414,6.3086777,14.0,-1,7.6158876
8,688,1408.2225527763367,282.81550693511963,1266.354248046875,388.9040832519531,4.2725954,10.0,-1,17.674274
2140,688,1736.9619326591492,905.8095560073853,1595.0936279296875,1011.8981323242188,3.8391874,22.0,-1,3.8716865
1784,688,1678.6666445732117,332.50413608551025,1536.79833984375,438.59271240234375,2.9670765,8.0,-1,22.760307
17,688,645.1483645439148,522.0071268081665,503.2800598144531,628.095703125,1.9042711,12.0,-1,5.5338182
1897,688,1484.3632998466492,164.1443338394165,1342.4949951171875,270.23291015625,1.1192741,16.0,-1,0.13586074
2080,688,827.3380312919617,-48.68627452850342,685.4697265625,57.40230178833008,0.8121291,14.0,-1,3.7590222
0,689,1421.1443057060242,867.5340738296509,1277.89013671875,974.108642578125,46.05785,10.0,1,26.797617
4,689,1215.6635928153992,-42.64468288421631,1072.409423828125,63.92988586425781,40.236225,8.0,1,25.012835
1,689,1465.1734805107117,200.53242588043213,1321.9193115234375,307.10699462890625,31.90447,8.0,1,27.56871
6,689,164.6733889579773,357.05244541168213,21.419219970703125,463.62701416015625,22.92309,20.0,-1,14.366251
1879,689,1741.7224307060242,55.03035068511963,1598.46826171875,161.60491943359375,21.955177,6.0,1,3.8560917
1332,689,664.6824526786804,577.0941324234009,521.4282836914062,683.668701171875,21.067057,18.0,-1,12.886753
2,689,1531.1621279716492,325.493332862854,1387.907958984375,432.0679016113281,17.523218,8.0,1,26.5172
3,689,1005.2288393974304,360.72187900543213,861.9746704101562,467.29644775390625,15.206078,8.0,1,18.526144
2127,689,1049.3049502372742,279.33296298980713,906.05078125,385.90753173828125,12.462987,14.0,-1,51.2668
1961,689,1675.6185488700867,408.57869052886963,1532.3643798828125,515.1532592773438,11.133797,14.0,-1,4.9626775
11,689,359.18451261520386,352.7068033218384,215.9303436279297,459.2813720703125,10.595881,16.0,-1,20.120836
12,689,1086.7290835380554,860.4819498062134,943.4749145507812,967.0565185546875,9.636109,8.0,-1,28.725794
9,689,1349.5232119560242,1084.9083414077759,1206.26904296875,1191.48291015625,7.632112,10.0,-1,24.598513
2032,689,481.81895780563354,-78.60264110565186,338.5647888183594,27.971927642822266,7.234837,14.0,-1,9.15698
2140,689,1738.3701357841492,908.6504068374634,1595.115966796875,1015.2249755859375,6.8807206,22.0,-1,3.170751
10,689,548.9420657157898,-3.2379369735717773,405.6878967285156,103.33663177490234,6.637771,12.0,-1,20.715998
8,689,1408.2225527763367,282.73713779449463,1264.9683837890625,389.31170654296875,5.617452,10.0,-1,16.429754
1784,689,1677.5182070732117,332.8551187515259,1534.2640380859375,439.4296875,2.9866788,8.0,-1,23.78769
17,689,644.8874697685242,518.9081583023071,501.63330078125,625.4827270507812,1.3698707,14.0,-1,3.5837834
1897,689,1485.5299258232117,166.93605136871338,1342.2757568359375,273.5106201171875,0.89916295,28.0,-1,0.45937562
2080,689,827.4477725028992,-51.12208843231201,684.193603515625,55.45248031616211,0.86244303,18.0,-1,4.395288
0,690,1421.2784609794617,865.9304971694946,1277.90673828125,972.7056274414062,38.826954,10.0,1,25.48083
4,690,1214.9781680107117,-42.753722190856934,1071.6064453125,64.02140808105469,31.123034,8.0,1,26.491072
1,690,1466.0097842216492,201.15416049957275,1322.6380615234375,307.9292907714844,28.897085,8.0,1,26.760857
1332,690,663.6205019950867,576.6217203140259,520.248779296875,683.3968505859375,23.14354,18.0,-1,12.546483
3,690,1005.4954409599304,360.61497592926025,862.1237182617188,467.3901062011719,20.280666,8.0,1,14.167194
1879,690,1741.4079775810242,57.204712867736816,1598.0362548828125,163.97984313964844,19.683872,6.0,1,4.5296206
2,690,1532.1460146903992,327.84654331207275,1388.7742919921875,434.6216735839844,18.906105,8.0,1,25.314127
1961,690,1675.6185488700867,409.14228916168213,1532.246826171875,515.9174194335938,13.372903,14.0,-1,4.263181
6,690,162.03601217269897,354.56224155426025,18.664289474487305,461.3373718261719,13.271603,20.0,-1,12.249025
11,690,360.0700716972351,353.253098487854,216.69834899902344,460.0282287597656,10.906108,16.0,-1,20.094385
2127,690,1049.9597964286804,278.99177646636963,906.5880737304688,385.76690673828125,10.254416,14.0,-1,50.647408
9,690,1347.0885195732117,1083.9107828140259,1203.716796875,1190.6859130859375,8.338761,8.0,-1,26.97191
2140,690,1739.3532900810242,911.4148111343384,1595.9815673828125,1018.18994140625,7.324697,22.0,-1,3.3408625
2032,690,482.3999819755554,-80.08192157745361,339.02825927734375,26.693208694458008,6.411405,14.0,-1,11.052197
12,690,1087.887408733368,860.4819498062134,944.5156860351562,967.257080078125,6.3928657,10.0,-1,31.722342
10,690,547.5546450614929,-2.78873348236084,404.18292236328125,103.98639678955078,5.733276,12.0,-1,21.821974
8,690,1412.9631533622742,279.66819858551025,1269.5914306640625,386.4433288574219,3.6536236,10.0,-1,16.62306
1784,690,1676.9612002372742,332.122727394104,1533.5894775390625,438.8978576660156,3.0627072,8.0,-1,22.329744
17,690,643.3680605888367,519.7887125015259,499.996337890625,626.5638427734375,2.3677118,14.0,-1,3.0654078
1897,690,1485.5022158622742,170.332688331604,1342.1304931640625,277.1078186035156,1.3319443,24.0,-1,1.6538694
2080,690,825.3497500419617,-50.7481107711792,681.97802734375,56.02701950073242,1.2907866,12.0,-1,4.3545246
0,691,1421.4599795341492,865.2669229507446,1278.1737060546875,972.07568359375,38.040325,10.0,1,25.664915
1,691,1465.5410342216492,201.27449131011963,1322.2547607421875,308.083251953125,28.9887,8.0,1,26.98394
1879,691,1743.3987002372742,58.53218173980713,1600.1124267578125,165.3409423828125,28.645456,6.0,1,1.4991592
4,691,1213.4601016044617,-41.33634853363037,1070.173828125,65.472412109375,26.841509,8.0,1,25.60989
2,691,1530.6137881278992,327.4327554702759,1387.3275146484375,434.24151611328125,22.21301,8.0,1,25.060003
1332,691,663.6189150810242,576.0352945327759,520.3326416015625,682.8440551757812,21.372826,18.0,-1,12.08683
3,691,1007.3412661552429,359.2462320327759,864.0549926757812,466.05499267578125,14.617057,8.0,1,16.79133
6,691,160.08347082138062,353.430100440979,16.797197341918945,460.2388610839844,13.780312,20.0,-1,12.491015
11,691,358.5775942802429,353.253098487854,215.29132080078125,460.0618591308594,11.496863,16.0,-1,17.677824
1961,691,1675.6185488700867,409.63545322418213,1532.332275390625,516.4442138671875,9.750632,14.0,-1,5.59628
9,691,1349.1435732841492,1082.8310098648071,1205.8572998046875,1189.6397705078125,8.236487,8.0,-1,30.626736
2127,691,1050.861041545868,279.03450107574463,907.5747680664062,385.84326171875,7.097057,16.0,-1,43.6568
2032,691,485.21556425094604,-80.87497806549072,341.9292907714844,25.93378257751465,6.938292,14.0,-1,8.84678
1784,691,1677.3455996513367,335.1860513687134,1534.059326171875,441.99481201171875,5.794624,8.0,-1,23.101032
12,691,1089.1159853935242,861.4758462905884,945.8297119140625,968.2846069335938,4.772576,10.0,-1,31.315365
10,691,547.3086123466492,-3.005537986755371,404.0223388671875,103.80322265625,4.6918335,10.0,-1,20.95457
8,691,1413.2046084403992,279.63816928863525,1269.9183349609375,386.4469299316406,4.6347656,10.0,-1,16.967308
2140,691,1737.7292666435242,914.7070474624634,1594.4429931640625,1021.5158081054688,3.8021324,22.0,-1,4.350522
17,691,641.2484011650085,519.9942178726196,497.9621276855469,626.802978515625,2.03356,14.0,-1,1.2399036
1897,691,1486.5434756278992,169.17344760894775,1343.2572021484375,275.9822082519531,0.9705464,26.0,-1,1.2946303
2080,691,820.7846865653992,-49.26795482635498,677.4984130859375,57.54080581665039,0.6748595,10.0,-1,4.070527
0,692,1422.9972109794617,865.2669229507446,1279.8927001953125,972.1448974609375,52.397396,10.0,1,26.948011
1,692,1465.5410342216492,201.24937534332275,1322.4365234375,308.1273498535156,29.900917,8.0,1,27.849335
4,692,1213.8337588310242,-42.21518611907959,1070.729248046875,64.66278839111328,25.393606,8.0,1,24.445675
1879,692,1743.1452822685242,57.04774570465088,1600.040771484375,163.92572021484375,19.455343,6.0,1,2.3141537
2,692,1530.0995059013367,328.96373081207275,1386.9949951171875,435.8417053222656,17.698217,8.0,1,25.931198
1332,692,663.0809512138367,578.6311807632446,519.9764404296875,685.5091552734375,15.399211,18.0,-1,9.645126
1961,692,1673.5537295341492,409.34590244293213,1530.44921875,516.223876953125,13.545493,14.0,-1,5.374462
3,692,1008.6474184989929,359.86274814605713,865.5429077148438,466.74072265625,13.417854,8.0,1,15.570016
11,692,358.58893156051636,353.925705909729,215.4844207763672,460.8036804199219,12.356282,16.0,-1,18.748518
9,692,1351.1108584403992,1082.6842813491821,1208.00634765625,1189.562255859375,10.118001,8.0,-1,30.140089
2032,692,485.99119901657104,-81.2427110671997,342.8866882324219,25.635263442993164,8.067375,14.0,-1,9.252201
10,692,546.1190066337585,-2.6695547103881836,403.0144958496094,104.20841979980469,6.605734,12.0,-1,20.666702
12,692,1088.9238467216492,862.6896524429321,945.8193359375,969.567626953125,6.089193,10.0,-1,33.047665
2140,692,1736.2873721122742,916.5330972671509,1593.182861328125,1023.4110717773438,6.0812297,22.0,-1,3.0203695
2127,692,1051.3831362724304,276.51585483551025,908.2786254882812,383.3938293457031,5.186273,16.0,-1,35.314396
6,692,156.53918886184692,352.0974588394165,13.434678077697754,458.9754333496094,5.128207,20.0,-1,11.559445
8,692,1416.4090762138367,283.510178565979,1273.3045654296875,390.3881530761719,4.9005237,10.0,-1,17.97546
1784,692,1677.8216738700867,335.15220737457275,1534.7171630859375,442.0301818847656,4.373469,8.0,-1,23.527323
17,692,642.3796572685242,515.7072916030884,499.275146484375,622.5852661132812,2.009247,14.0,-1,0.44310695
1897,692,1484.6949648857117,170.327317237854,1341.5904541015625,277.2052917480469,1.5445484,24.0,-1,0.6525627
2080,692,816.9780459403992,-48.66723155975342,673.87353515625,58.21074295043945,0.6142871,12.0,-1,3.860722
0,693,1423.3040957450867,863.5065469741821,1280.1715087890625,970.4624633789062,47.220226,10.0,1,26.774065
4,693,1214.9828066825867,-44.54118633270264,1071.8502197265625,62.414730072021484,36.85075,8.0,1,26.748219
1,693,1465.5410342216492,201.35200595855713,1322.408447265625,308.30792236328125,27.944147,8.0,1,26.897713
1879,693,1743.1748232841492,56.784241676330566,1600.042236328125,163.7401580810547,23.722422,6.0,1,4.758003
1332,693,662.6175112724304,578.4027872085571,519.4849243164062,685.3587036132812,22.725832,18.0,-1,11.647059
2,693,1530.1682314872742,329.0339822769165,1387.03564453125,435.9898986816406,17.607792,8.0,1,26.194698
3,693,1007.9446597099304,358.9747476577759,864.8120727539062,465.9306640625,17.08988,8.0,1,15.639062
11,693,360.17796659469604,353.925705909729,217.04537963867188,460.8816223144531,10.794541,16.0,-1,19.861044
1961,693,1672.2573428153992,411.0346841812134,1529.124755859375,517.9906005859375,9.8690815,14.0,-1,6.992737
9,693,1349.1931338310242,1083.5316324234009,1206.060546875,1190.487548828125,9.077134,10.0,-1,26.605764
2127,693,1052.2489199638367,275.78205966949463,909.1163330078125,382.73797607421875,8.114785,16.0,-1,39.922592
2140,693,1735.4370303153992,915.7564859390259,1592.304443359375,1022.71240234375,7.9340606,22.0,-1,3.0597084
2032,693,482.2812991142273,-80.80975246429443,339.1487121582031,26.146163940429688,6.912887,14.0,-1,9.721614
10,693,546.2771182060242,-3.7822484970092773,403.14453125,103.17366790771484,6.821676,12.0,-1,19.257257
12,693,1090.0808901786804,860.7590494155884,946.9483032226562,967.7149658203125,6.3168874,10.0,-1,29.609423
8,693,1417.4405703544617,283.63938999176025,1274.3079833984375,390.5953063964844,5.4559197,10.0,-1,16.314737
6,693,155.57996320724487,351.21568393707275,12.447376251220703,458.1716003417969,4.759514,20.0,-1,10.142261
1784,693,1679.5150332450867,336.9991617202759,1536.3824462890625,443.955078125,4.3422475,8.0,-1,22.162722
17,693,640.9034609794617,516.8593912124634,497.7708740234375,623.8153076171875,1.9644156,14.0,-1,1.5141238
1897,693,1484.2655215263367,172.3599100112915,1341.1329345703125,279.3158264160156,1.2159874,22.0,-1,0.7233414
2080,693,815.0982851982117,-48.55090618133545,671.9656982421875,58.40501022338867,0.6226947,10.0,-1,4.3168716
0,694,1424.983787059784,865.2759256362915,1281.288330078125,972.48974609375,35.308144,10.0,1,27.371185
4,694,1215.6960673332214,-46.33211421966553,1072.0006103515625,60.88170623779297,30.09366,8.0,1,26.228825
1879,694,1741.8730692863464,56.44455051422119,1598.1776123046875,163.6583709716797,29.426855,6.0,1,2.6710806
1,694,1466.918113231659,202.09584140777588,1323.22265625,309.3096618652344,25.405085,8.0,1,27.182144
2,694,1529.742576122284,330.46809482574463,1386.047119140625,437.6819152832031,18.888847,8.0,1,25.818808
3,694,1008.5647807121277,358.97618198394775,864.8693237304688,466.19000244140625,18.731997,8.0,1,15.537365
1332,694,663.4131083488464,577.6191263198853,519.7176513671875,684.8329467773438,18.080591,18.0,-1,10.327762
1961,694,1669.8479228019714,412.558518409729,1526.1524658203125,519.7723388671875,11.346603,14.0,-1,8.37151
11,694,359.87558698654175,352.39338779449463,216.1801300048828,459.6072082519531,11.262237,16.0,-1,20.033417
2127,694,1052.1281352043152,275.70909214019775,908.4326782226562,382.92291259765625,10.311671,16.0,-1,47.716915
9,694,1349.6184306144714,1084.2600564956665,1205.9229736328125,1191.473876953125,8.518027,8.0,-1,26.687195
6,694,155.57996320724487,352.49079990386963,11.884506225585938,459.7046203613281,7.0048313,20.0,-1,10.7428465
2032,694,481.9014811515808,-79.82263851165771,338.2060241699219,27.39118194580078,6.747997,14.0,-1,9.793524
10,694,546.2682414054871,-4.93363094329834,402.5727844238281,102.28018951416016,5.9226213,12.0,-1,18.231003
12,694,1093.9221415519714,859.2092752456665,950.2266845703125,966.423095703125,5.182714,10.0,-1,32.142273
2140,694,1734.9585185050964,915.600266456604,1591.2630615234375,1022.8140869140625,4.808162,24.0,-1,3.9799967
8,694,1415.490134716034,283.43357944488525,1271.794677734375,390.64739990234375,4.7353015,10.0,-1,16.43563
1784,694,1681.544089794159,337.407639503479,1537.8486328125,444.6214599609375,4.002147,8.0,-1,24.425838
17,694,640.0068583488464,515.2772073745728,496.3114013671875,622.4910278320312,1.4315144,14.0,-1,3.5824604
1897,694,1485.7702860832214,172.3599100112915,1342.0748291015625,279.57373046875,1.0951855,6.0,1,0.15962785
2080,694,815.5340800285339,-47.216403007507324,671.838623046875,59.99741744995117,0.6384955,12.0,-1,4.807479
0,695,1423.1059794425964,866.4054307937622,1278.7508544921875,973.8185424804688,41.556694,10.0,1,25.95891
1879,695,1742.656638622284,54.164509773254395,1598.301513671875,161.57762145996094,26.039917,6.0,1,2.157048
4,695,1215.074851512909,-46.33211421966553,1070.7197265625,61.080997467041016,25.805712,8.0,1,24.361105
1332,695,661.9986186027527,579.5085802078247,517.6434936523438,686.9216918945312,25.745268,18.0,-1,11.114007
1,695,1467.878318309784,201.20908069610596,1323.523193359375,308.6221923828125,24.9198,8.0,1,27.565948
2,695,1531.3032450675964,330.84384632110596,1386.9481201171875,438.2569580078125,19.728045,8.0,1,24.338419
3,695,1009.8568339347839,358.8371629714966,865.501708984375,466.2502746582031,14.516982,8.0,1,15.372919
11,695,357.45542097091675,352.48373889923096,213.1002960205078,459.8968505859375,12.95084,16.0,-1,18.700195
1961,695,1668.773581981659,413.64780139923096,1524.41845703125,521.0609130859375,12.899528,14.0,-1,7.344413
2127,695,1051.0088114738464,276.41708850860596,906.6536865234375,383.8302001953125,9.872639,14.0,-1,50.47972
12,695,1093.9221415519714,858.0967149734497,949.5670166015625,965.5098266601562,8.291167,10.0,-1,32.997215
6,695,155.73457384109497,351.6278123855591,11.379448890686035,459.0409240722656,7.3396325,20.0,-1,9.8949585
2140,695,1738.1433329582214,914.6181383132935,1593.7882080078125,1022.03125,7.24859,24.0,-1,3.2840862
2032,695,481.17937421798706,-78.6594762802124,336.8242492675781,28.75363540649414,5.1721797,14.0,-1,7.837463
10,695,547.1421122550964,-7.3645429611206055,402.7869873046875,100.04856872558594,5.116491,12.0,-1,16.669273
8,695,1418.522605419159,282.1136522293091,1274.16748046875,389.5267639160156,4.4188056,10.0,-1,16.70661
9,695,1344.899802684784,1079.969334602356,1200.544677734375,1187.3824462890625,4.3787875,10.0,-1,22.102638
1784,695,1682.636619091034,337.97308826446533,1538.281494140625,445.3861999511719,3.8648775,8.0,-1,24.349466
17,695,640.1595988273621,515.9715929031372,495.8044738769531,623.3847045898438,2.4961007,14.0,-1,2.0165386
2080,695,813.9106059074402,-47.9215612411499,669.5554809570312,59.49155044555664,1.1339504,12.0,-1,4.992148
1897,695,1485.3960185050964,172.6527452468872,1341.0408935546875,280.06585693359375,0.9258297,6.0,1,1.4228939
0,696,1424.8849711418152,866.3645372390747,1279.4224853515625,974.3822631835938,49.95947,10.0,1,25.832035
4,696,1217.1579203605652,-45.8688383102417,1071.6954345703125,62.148887634277344,35.89081,8.0,1,25.657385
1,696,1469.5483012199402,200.92273426055908,1324.0858154296875,308.9404602050781,31.361061,8.0,1,26.844484
1879,696,1741.5487895011902,51.54373645782471,1596.0863037109375,159.56146240234375,28.063032,6.0,1,2.1794918
1332,696,661.7224345207214,579.5085802078247,516.2599487304688,687.5263061523438,19.666718,18.0,-1,10.320089
3,696,1012.8529887199402,359.88763904571533,867.3905029296875,467.9053649902344,14.540511,8.0,1,13.940486
1961,696,1665.6767191886902,413.99265003204346,1520.2142333984375,522.0103759765625,14.429889,14.0,-1,6.7183075
2,696,1532.2375102043152,330.20151233673096,1386.7750244140625,438.21923828125,12.939597,8.0,1,24.479998
11,696,357.2092967033386,351.45016956329346,211.74681091308594,459.4678955078125,9.250762,16.0,-1,16.23067
2127,696,1051.0088114738464,275.59613513946533,905.5463256835938,383.6138610839844,9.039508,14.0,-1,49.27859
12,696,1094.1301493644714,857.5565538406372,948.6676635742188,965.5742797851562,8.775313,8.0,-1,32.406563
2140,696,1740.4644389152527,915.6295518875122,1595.001953125,1023.6472778320312,7.696893,24.0,-1,3.1073956
9,696,1343.1908793449402,1078.859959602356,1197.7283935546875,1186.877685546875,7.0736847,10.0,-1,22.186422
2032,696,483.0313334465027,-78.1061315536499,337.56884765625,29.91159439086914,6.179573,14.0,-1,7.8782783
10,696,546.5569071769714,-9.294161796569824,401.09442138671875,98.72356414794922,6.0696826,12.0,-1,17.561192
6,696,154.72388410568237,351.8581590652466,9.261398315429688,459.8758850097656,4.8752556,20.0,-1,9.643872
8,696,1422.4976420402527,282.9859666824341,1277.03515625,391.0036926269531,4.2617736,10.0,-1,15.982615
1784,696,1682.9998393058777,341.37985706329346,1537.537353515625,449.3975830078125,2.7510965,8.0,-1,21.543587
17,696,637.4907145500183,516.3220567703247,492.0282287597656,624.3397827148438,1.8257014,14.0,-1,1.4915521
1897,696,1485.2681498527527,170.39178943634033,1339.8056640625,278.4095153808594,1.5077952,6.0,1,0.9317064
2080,696,811.0271220207214,-47.85296154022217,665.5646362304688,60.164764404296875,0.39581236,12.0,-1,3.766346
0,697,1426.487235546112,866.3334856033325,1279.7843017578125,974.2021484375,41.350674,10.0,1,26.55175
1,697,1470.744315624237,200.56920337677002,1324.0413818359375,308.4378662109375,33.00192,8.0,1,27.338108
4,697,1220.2661662101746,-45.62129878997803,1073.563232421875,62.24736404418945,26.18875,8.0,1,25.603973
1332,697,660.3204264640808,580.5250749588013,513.6174926757812,688.3937377929688,18.708776,18.0,-1,10.347942
3,697,1015.2137370109558,360.13820362091064,868.5108032226562,468.0068664550781,17.077091,8.0,1,11.554958
11,697,356.8331370353699,349.8400774002075,210.1302032470703,457.708740234375,17.065525,16.0,-1,16.327127
1879,697,1741.406180858612,51.01274585723877,1594.7032470703125,158.88140869140625,16.443342,6.0,1,1.7274095
1961,697,1664.816337108612,414.19145679473877,1518.1134033203125,522.0601196289062,15.606799,14.0,-1,5.4788885
2,697,1532.068290233612,330.7631731033325,1385.3653564453125,438.6318359375,14.929778,8.0,1,25.209492
9,697,1344.9690470695496,1080.465443611145,1198.26611328125,1188.3341064453125,8.508492,10.0,-1,26.593163
2127,697,1051.1514201164246,275.6271867752075,904.448486328125,383.495849609375,6.867684,16.0,-1,49.59603
10,697,547.7953104972839,-11.776232719421387,401.0923767089844,96.0924301147461,6.832527,12.0,-1,17.99137
12,697,1093.4907755851746,856.336049079895,946.787841796875,964.2047119140625,6.7867637,8.0,-1,34.95914
2032,697,481.64150190353394,-77.3939790725708,334.9385681152344,30.47468376159668,5.3798523,14.0,-1,9.11489
2140,697,1741.9885783195496,913.8486223220825,1595.28564453125,1021.71728515625,4.571142,22.0,-1,3.9071622
8,697,1423.321219921112,279.84734058380127,1276.6182861328125,387.71600341796875,4.070659,10.0,-1,17.90412
1784,697,1682.406180858612,346.50298023223877,1535.7032470703125,454.37164306640625,3.481229,8.0,-1,23.47982
1897,697,1483.0901408195496,171.66100025177002,1336.38720703125,279.5296630859375,1.4900514,28.0,-1,1.640253
17,697,640.5675272941589,515.2526140213013,493.8645935058594,623.1212768554688,1.4282461,14.0,-1,0.82376313
2080,697,806.4778971672058,-48.829543113708496,659.7749633789062,59.039119720458984,1.0391618,10.0,-1,4.170671
0,698,1426.7455668449402,865.0564317703247,1280.6455078125,973.8905029296875,36.701374,10.0,1,26.26195
1332,698,662.1680521965027,581.036229133606,516.0679931640625,689.8703002929688,33.82736,18.0,-1,9.294393
1,698,1469.7304301261902,201.4178819656372,1323.63037109375,310.251953125,32.917854,8.0,1,27.723368
4,698,1219.7762064933777,-44.5056791305542,1073.6761474609375,64.3283920288086,31.469393,8.0,1,26.072464
1879,698,1742.0016703605652,48.95482349395752,1595.901611328125,157.7888946533203,28.851122,6.0,1,1.9611685
2,698,1530.9180521965027,331.26437854766846,1384.8179931640625,440.09844970703125,17.923872,8.0,1,26.032688
11,698,357.91863203048706,348.30710315704346,211.81857299804688,457.14117431640625,13.429341,16.0,-1,16.077263
3,698,1015.6729960441589,360.03342151641846,869.5729370117188,468.86749267578125,12.23701,8.0,1,12.532239
1961,698,1663.9463725090027,413.40244007110596,1517.8463134765625,522.2365112304688,11.581937,14.0,-1,3.9176564
9,698,1342.2243266105652,1079.9778184890747,1196.124267578125,1188.8118896484375,10.000821,10.0,-1,23.503515
2127,698,1051.472800731659,276.84808826446533,905.3727416992188,385.6821594238281,8.122441,14.0,-1,44.70008
2140,698,1738.3227152824402,914.0925645828247,1592.22265625,1022.9266357421875,7.7705727,22.0,-1,3.923585
2032,698,480.2855143547058,-75.5819845199585,334.1854553222656,33.2520866394043,7.3990808,14.0,-1,11.7104025
12,698,1094.3440775871277,856.995701789856,948.2440185546875,965.8297729492188,6.981228,8.0,-1,33.897484
10,698,550.2669596672058,-12.00610637664795,404.1669006347656,96.82796478271484,6.0443616,12.0,-1,17.320889
8,698,1424.5114359855652,279.4514513015747,1278.411376953125,388.2855224609375,4.6415744,10.0,-1,19.576965
1784,698,1680.0783305168152,347.2118272781372,1533.978271484375,456.0458984375,4.335193,8.0,-1,23.573132
17,698,640.3091959953308,515.3573961257935,494.2091369628906,624.1914672851562,2.3853552,16.0,-1,0.7497985
1897,698,1483.5758891105652,167.02252674102783,1337.475830078125,275.8565979003906,1.5419422,8.0,1,0.3496854
2080,698,804.8561625480652,-49.9235258102417,658.756103515625,58.910545349121094,1.0149153,12.0,-1,4.823034
4,699,1221.220878124237,-45.149291038513184,1074.095458984375,63.72721481323242,47.38591,8.0,1,23.886967
0,699,1429.4380412101746,863.9815263748169,1282.3126220703125,972.8580322265625,37.97587,10.0,1,26.626678
1,699,1468.648612499237,201.47856616973877,1321.523193359375,310.3550720214844,31.487528,8.0,1,27.976582
1879,699,1743.3010783195496,49.07011890411377,1596.1756591796875,157.94662475585938,28.92647,10.0,-1,0.743503
3,699,1013.1401896476746,361.19252490997314,866.0147705078125,470.06903076171875,23.236013,8.0,1,13.83046
1332,699,660.9023356437683,583.1795244216919,513.7769165039062,692.0560302734375,21.905638,18.0,-1,9.695543
2,699,1532.3511271476746,330.9301652908325,1385.2257080078125,439.8066711425781,16.991915,8.0,1,26.132624
1961,699,1662.7671427726746,412.9921464920044,1515.6417236328125,521.86865234375,14.012975,14.0,-1,4.720126
11,699,358.85686445236206,346.64052295684814,211.7314453125,455.51702880859375,12.5709915,16.0,-1,16.932066
9,699,1339.4968791007996,1083.319905281067,1192.3714599609375,1192.1964111328125,10.739567,10.0,-1,20.90434
2127,699,1051.2554240226746,277.04057788848877,904.1300048828125,385.9170837402344,9.954927,14.0,-1,47.25973
2032,699,479.39711713790894,-76.86511135101318,332.2716979980469,32.01139450073242,8.938943,14.0,-1,12.604603
10,699,553.0283122062683,-12.708224296569824,405.90289306640625,96.16828155517578,7.0252194,12.0,-1,17.036264
12,699,1095.0950236320496,854.3448076248169,947.9696044921875,963.2213134765625,5.774121,10.0,-1,33.16499
1784,699,1680.2957072257996,347.15114307403564,1533.1702880859375,456.02764892578125,4.545936,8.0,-1,24.475828
8,699,1426.033378124237,280.74907398223877,1278.907958984375,389.6255798339844,4.150623,10.0,-1,18.213314
2140,699,1736.811210155487,916.9799394607544,1589.685791015625,1025.8564453125,3.9826689,24.0,-1,4.2953887
17,699,639.9911723136902,519.3393754959106,492.8657531738281,628.2158813476562,2.0889013,6.0,1,0.24597546
1897,699,1482.4063029289246,171.97243213653564,1335.2808837890625,280.84893798828125,1.331515,8.0,1,0.80103153
2080,699,805.1689372062683,-51.764891624450684,658.0435180664062,57.11161422729492,0.8804936,10.0,-1,4.0668263
0,700,1430.1857829093933,860.5990190505981,1281.339599609375,970.2084350585938,42.815754,10.0,1,26.32125
4,700,1224.7558512687683,-46.73186016082764,1075.90966796875,62.87755584716797,34.780464,8.0,1,25.619995
1,700,1471.6716227531433,202.21901416778564,1322.825439453125,311.82843017578125,27.848831,8.0,1,26.865202
1332,700,657.3763651847839,583.2867021560669,508.5301818847656,692.8961181640625,18.09197,16.0,-1,9.557033
1879,700,1746.1459879875183,49.657551765441895,1597.2998046875,159.2669677734375,17.407799,10.0,-1,0.9118426
2,700,1532.9824137687683,328.6098222732544,1384.13623046875,438.21923828125,14.203248,8.0,1,24.632626
3,700,1013.4208903312683,362.82619190216064,864.57470703125,472.43560791015625,13.92377,8.0,1,8.506055
1961,700,1662.8093180656433,412.37453174591064,1513.963134765625,521.9839477539062,13.632481,14.0,-1,4.3840723
11,700,358.4477610588074,346.14604663848877,209.60157775878906,455.7554626464844,12.13466,16.0,-1,17.666693
2032,700,480.84633588790894,-79.97139644622803,332.0001525878906,29.638019561767578,10.644551,14.0,-1,11.901679
2127,700,1051.2132487297058,276.94279956817627,902.3670654296875,386.5522155761719,9.371607,14.0,-1,42.691284
9,700,1338.9820475578308,1085.3532304763794,1190.1358642578125,1194.962646484375,7.2887535,10.0,-1,19.776463
10,700,550.9832987785339,-13.61841106414795,402.1371154785156,95.99100494384766,6.740402,12.0,-1,19.488762
1784,700,1678.7247233390808,346.60387134552,1529.8785400390625,456.2132873535156,5.782923,8.0,-1,23.910795
2211,700,256.2092890739441,-102.08233737945557,107.36310577392578,7.527078628540039,5.4959817,16.0,-1,17.629086
12,700,1098.9720377922058,851.5643510818481,950.1258544921875,961.1737670898438,5.3332295,10.0,-1,32.43193
2140,700,1740.1409831047058,919.0912675857544,1591.2947998046875,1028.70068359375,5.1717043,24.0,-1,3.7242496
8,700,1424.5856852531433,283.17168140411377,1275.739501953125,392.7810974121094,4.1547647,10.0,-1,18.400297
17,700,639.3403849601746,519.4371538162231,490.49420166015625,629.0465698242188,1.7091366,6.0,1,0.1948309
1897,700,1480.0590739250183,172.83311939239502,1331.212890625,282.4425354003906,0.9561861,8.0,1,2.438573
2080,700,804.5030436515808,-51.62837505340576,655.6568603515625,57.981040954589844,0.76396036,14.0,-1,5.024537
0,701,1430.5233988761902,861.9276933670044,1280.6751708984375,971.6881713867188,37.877266,10.0,1,24.532688
1,701,1473.9195170402527,202.64763355255127,1324.0712890625,312.4081115722656,36.75038,8.0,1,27.722038
4,701,1226.0601420402527,-46.56883144378662,1076.2119140625,63.191646575927734,30.510836,8.0,1,24.962154
3,701,1012.5386576652527,362.25261402130127,862.6904296875,472.0130920410156,16.959564,8.0,1,7.0295086
1332,701,659.1633219718933,583.4412431716919,509.3150939941406,693.2017211914062,16.403719,16.0,-1,8.431197
1879,701,1744.3070902824402,51.427937507629395,1594.4588623046875,161.18841552734375,15.079602,10.0,-1,2.8575346
2,701,1534.3001322746277,325.66273975372314,1384.451904296875,435.4232177734375,13.008441,8.0,1,23.294174
1961,701,1661.5262064933777,413.57985401153564,1511.677978515625,523.34033203125,11.222009,14.0,-1,4.5067964
2127,701,1049.0678324699402,276.6983232498169,899.2196044921875,386.45880126953125,10.85666,14.0,-1,42.102676
11,701,358.0092844963074,344.6912431716919,208.1610565185547,454.45172119140625,9.863726,16.0,-1,17.36533
2032,701,482.2768473625183,-82.47419261932373,332.4286193847656,27.286285400390625,8.895314,14.0,-1,11.818107
9,701,1338.7495951652527,1084.5212602615356,1188.9013671875,1194.28173828125,8.107223,10.0,-1,22.414032
2140,701,1739.4073100090027,918.7748003005981,1589.55908203125,1028.5352783203125,8.041115,22.0,-1,3.3639433
2211,701,255.72713422775269,-102.05726289749146,105.87890625,7.7032151222229,6.8950977,16.0,-1,17.165098
12,701,1103.6812357902527,851.5643510818481,953.8330078125,961.3248291015625,5.8520513,10.0,-1,32.395588
10,701,551.9891886711121,-14.928194999694824,402.1409606933594,94.83228302001953,5.536551,12.0,-1,17.591492
8,701,1424.3507914543152,281.8749895095825,1274.5025634765625,391.6354675292969,5.388183,10.0,-1,18.979116
1784,701,1680.5161967277527,347.0027666091919,1530.66796875,456.76324462890625,2.731848,8.0,-1,23.575706
17,701,639.3403849601746,519.5468950271606,489.4921569824219,629.307373046875,1.8638278,14.0,-1,0.571691
2080,701,803.2893900871277,-50.09264659881592,653.441162109375,59.66783142089844,0.5419416,12.0,-1,3.6861517
1897,701,1482.6618266105652,172.4677324295044,1332.8135986328125,282.22821044921875,0.5278744,8.0,1,1.4730579
0,702,1432.3421626091003,861.7517900466919,1281.8624267578125,971.6062622070312,44.01895,10.0,1,25.517307
4,702,1228.2653803825378,-46.24665355682373,1077.78564453125,63.607818603515625,31.936476,8.0,1,25.715063
1,702,1475.1838374137878,200.18080615997314,1324.7041015625,310.0352783203125,24.739351,8.0,1,27.66156
1332,702,656.3629145622253,584.4084672927856,505.8831787109375,694.262939453125,21.154139,16.0,-1,9.383348
1879,702,1746.3088374137878,50.497029304504395,1595.8291015625,160.35150146484375,14.515658,10.0,-1,2.510593
2,702,1534.9953608512878,324.4925127029419,1384.515625,434.34698486328125,14.514301,8.0,1,22.596525
3,702,1012.5816035270691,362.15300464630127,862.1018676757812,472.0074768066406,13.598949,8.0,1,10.052716
1961,702,1660.0487055778503,414.70497608184814,1509.5689697265625,524.5594482421875,13.56091,14.0,-1,3.7075715
2127,702,1047.6164546012878,275.60149097442627,897.13671875,385.4559631347656,11.3366585,14.0,-1,42.63423
11,702,356.7078547477722,344.3363847732544,206.22811889648438,454.19085693359375,10.586555,16.0,-1,18.300568
2032,702,482.9596552848816,-82.3090295791626,332.47991943359375,27.545442581176758,8.662142,14.0,-1,10.622243
2211,702,255.72713422775269,-101.40667819976807,105.24739837646484,8.447793960571289,7.8215394,16.0,-1,15.61642
12,702,1105.6364130973816,854.6300859451294,955.1566772460938,964.4845581054688,7.25545,10.0,-1,31.84964
2140,702,1736.3134760856628,918.7904253005981,1585.833740234375,1028.6448974609375,7.167073,24.0,-1,4.0245934
9,702,1336.9571528434753,1084.5212602615356,1186.4774169921875,1194.375732421875,6.8974566,10.0,-1,22.141499
10,702,551.8348689079285,-13.951411247253418,401.3551330566406,95.90306091308594,6.54685,12.0,-1,17.718033
8,702,1424.6273188591003,278.60783863067627,1274.1475830078125,388.4623107910156,5.6944923,8.0,-1,20.869041
1784,702,1680.6291499137878,345.03404712677,1530.1494140625,454.8885192871094,2.1235416,8.0,-1,19.543789
17,702,634.7025141716003,517.0684404373169,484.2227783203125,626.9229125976562,1.8047724,14.0,-1,2.2966747
1897,702,1481.1564936637878,175.82542896270752,1330.6767578125,285.6799011230469,1.41435,24.0,-1,3.0030556
2080,702,802.5039668083191,-48.386672019958496,652.0242309570312,61.46780014038086,0.72584367,10.0,-1,4.05457
0,703,1432.5795893669128,861.7780637741089,1282.216796875,971.8433837890625,54.339706,10.0,1,25.422367
4,703,1228.2653803825378,-45.74732685089111,1077.902587890625,64.3179931640625,34.04829,8.0,1,25.302515
1,703,1474.9366450309753,201.0490598678589,1324.5738525390625,311.1143798828125,20.18728,8.0,1,26.715008
1332,703,655.5422968864441,584.1105222702026,505.17950439453125,694.1758422851562,20.077232,16.0,-1,8.262245
3,703,1012.2110590934753,361.937273979187,861.8482666015625,472.0025939941406,16.519297,8.0,1,14.488226
1879,703,1747.3870844841003,48.75134563446045,1597.0242919921875,158.81666564941406,16.18697,10.0,-1,2.6620643
9,703,1332.3428950309753,1086.031725883484,1181.9801025390625,1196.0970458984375,15.588248,10.0,-1,18.019253
1961,703,1661.2281489372253,415.9422483444214,1510.8653564453125,526.007568359375,14.489063,14.0,-1,5.508857
2,703,1536.2130122184753,324.3304319381714,1385.8502197265625,434.395751953125,13.496688,8.0,1,21.535637
11,703,357.9017939567566,345.2283811569214,207.53900146484375,455.293701171875,12.180942,16.0,-1,18.29949
2211,703,256.51039838790894,-99.75028324127197,106.1476058959961,10.31503677368164,10.136182,18.0,-1,16.387365
10,703,552.7024531364441,-14.001553535461426,402.33966064453125,96.06376647949219,6.842903,14.0,-1,15.814777
8,703,1424.8000483512878,277.26155376434326,1274.437255859375,387.3268737792969,6.7462196,10.0,-1,20.000977
2127,703,1044.1940302848816,272.2459592819214,893.8312377929688,382.311279296875,6.5236645,14.0,-1,41.432
2032,703,481.6764826774597,-82.3090295791626,331.3136901855469,27.756290435791016,6.4376545,14.0,-1,8.991305
12,703,1106.898253917694,854.4120969772339,956.5354614257812,964.4774169921875,6.3471417,10.0,-1,32.64688
2140,703,1731.7833247184753,919.1956663131714,1581.4205322265625,1029.260986328125,5.990227,24.0,-1,4.5076165
1784,703,1682.2513422966003,340.8382749557495,1531.8885498046875,450.9035949707031,3.457165,8.0,-1,22.794193
17,703,632.3461604118347,518.0953245162964,481.9833679199219,628.16064453125,1.6669941,14.0,-1,2.0658689
1897,703,1475.8303217887878,174.3170042037964,1325.467529296875,284.38232421875,0.6857912,14.0,-1,3.2260532
2080,703,801.1801753044128,-47.4664888381958,650.8173828125,62.59883117675781,0.57810086,14.0,-1,4.0758324
0,704,1434.2216792106628,858.986086845398,1283.9290771484375,970.0479125976562,50.11584,10.0,1,26.35379
1879,704,1748.3118891716003,48.75134563446045,1598.019287109375,159.81317138671875,39.765316,10.0,-1,4.697592
1,704,1474.9366450309753,199.04959392547607,1324.64404296875,310.1114196777344,25.59128,8.0,1,27.351273
4,704,1228.0834956169128,-45.99903583526611,1077.7908935546875,65.06278991699219,22.207285,8.0,1,22.74584
3,704,1014.2105708122253,359.8212308883667,863.91796875,470.883056640625,17.665682,8.0,1,10.884511
1332,704,654.9644160270691,586.3416166305542,504.67181396484375,697.4034423828125,16.016504,16.0,-1,11.665045
11,704,358.7353358268738,346.41614055633545,208.44273376464844,457.47796630859375,13.990613,16.0,-1,19.258911
9,704,1328.2895503044128,1088.7647123336792,1177.9969482421875,1199.8265380859375,13.559868,10.0,-1,17.929132
2211,704,255.80916547775269,-99.30453300476074,105.51656341552734,11.757292747497559,12.0217285,16.0,-1,17.337774
2,704,1538.3741450309753,324.31946086883545,1388.08154296875,435.38128662109375,11.183655,8.0,1,18.18625
1961,704,1658.6014399528503,415.3803129196167,1508.308837890625,526.442138671875,9.851437,14.0,-1,6.120838
2127,704,1043.531310558319,270.9496183395386,893.2387084960938,382.0114440917969,9.088715,14.0,-1,36.65163
2032,704,480.0855402946472,-81.98486423492432,329.7929382324219,29.076961517333984,7.19927,14.0,-1,11.037582
10,704,548.9036860466003,-17.46519184112549,398.611083984375,93.59663391113281,6.817843,14.0,-1,13.786438
12,704,1110.494445323944,854.3810453414917,960.2018432617188,965.44287109375,6.5178275,10.0,-1,33.96476
2140,704,1731.3747553825378,920.6985502243042,1581.0821533203125,1031.7603759765625,6.242656,22.0,-1,4.228356
8,704,1425.4920649528503,278.07348918914795,1275.199462890625,389.13531494140625,5.0703883,8.0,-1,20.510958
17,704,634.1711115837097,521.5160551071167,483.8785095214844,632.577880859375,1.8565841,14.0,-1,1.5089347
1784,704,1678.3739008903503,341.42236614227295,1528.081298828125,452.48419189453125,0.9495024,8.0,-1,17.213484
1897,704,1477.0832514762878,174.25403118133545,1326.7906494140625,285.31585693359375,0.7618692,14.0,-1,0.6004635
2080,704,802.4371943473816,-45.82742786407471,652.1445922851562,65.2343978881836,0.440442,10.0,-1,4.1098375
0,705,1434.7014155387878,858.986086845398,1283.982421875,971.1744384765625,43.692093,10.0,1,26.232151
1879,705,1746.6807856559753,47.348727226257324,1595.9617919921875,159.53707885742188,24.247602,10.0,-1,3.436315
4,705,1229.0635981559753,-47.467923164367676,1078.3446044921875,64.72042846679688,21.287472,8.0,1,20.804848
1,705,1475.1884760856628,199.86368083953857,1324.469482421875,312.0520324707031,18.242704,8.0,1,27.446194
3,705,1014.6657099723816,356.8841276168823,863.9467163085938,469.0724792480469,15.253123,8.0,1,12.050043
1332,705,652.8337092399597,586.9129667282104,502.1147155761719,699.101318359375,13.869827,16.0,-1,10.448232
11,705,356.7413020133972,346.81726360321045,206.02230834960938,459.005615234375,12.67995,16.0,-1,18.639244
1961,705,1660.1815180778503,413.41015911102295,1509.4625244140625,525.5985107421875,10.873368,14.0,-1,6.3553867
2211,705,254.87294721603394,-97.75218200683594,104.1539535522461,14.436169624328613,10.233038,16.0,-1,18.085138
2032,705,480.9152216911316,-82.32685565948486,330.19622802734375,29.861495971679688,7.7429185,14.0,-1,12.505029
2,705,1539.2689204216003,324.3624906539917,1388.5499267578125,436.55084228515625,7.3672066,8.0,1,15.703883
10,705,548.407012462616,-16.43198871612549,397.6880187988281,95.75636291503906,7.2876034,14.0,-1,14.466653
2140,705,1731.3747553825378,920.587893486023,1580.65576171875,1032.7762451171875,6.468307,24.0,-1,4.6999674
2127,705,1042.3651728630066,269.84350872039795,891.6461791992188,382.0318603515625,5.999207,14.0,-1,33.393818
8,705,1424.6408686637878,280.7669095993042,1273.921875,392.95526123046875,5.88595,10.0,-1,21.95364
9,705,1329.7996821403503,1087.7659940719604,1179.0806884765625,1199.954345703125,5.826347,10.0,-1,16.95127
1784,705,1674.7529292106628,339.9137907028198,1524.033935546875,452.1021423339844,5.5853133,8.0,-1,23.562143
12,705,1112.3728022575378,853.943362236023,961.65380859375,966.1317138671875,5.191612,10.0,-1,33.874958
17,705,633.2663264274597,522.880129814148,482.5473327636719,635.0684814453125,2.024026,6.0,1,0.17670542
1897,705,1480.7608637809753,176.25387859344482,1330.0418701171875,288.4422302246094,0.5508697,24.0,-1,3.948733
2080,705,800.7200922966003,-43.018513679504395,650.0010986328125,69.16983795166016,0.33760473,12.0,-1,2.7109568
0,706,1436.6992182731628,857.3100309371948,1285.652099609375,970.25732421875,49.37874,10.0,1,26.720554
1,706,1476.4772944450378,200.12878704071045,1325.43017578125,313.0760803222656,24.882952,8.0,1,27.588964
4,706,1230.1251215934753,-48.51109027862549,1079.0780029296875,64.43620300292969,21.98453,8.0,1,21.076145
1879,706,1745.8786616325378,44.9595365524292,1594.83154296875,157.90682983398438,20.744741,10.0,-1,3.79918
1332,706,651.3559565544128,588.3193082809448,500.308837890625,701.2666015625,19.60245,16.0,-1,11.584514
1961,706,1663.2413325309753,415.1234464645386,1512.1942138671875,528.0707397460938,16.842419,14.0,-1,6.5382285
2127,706,1042.7919917106628,271.4472379684448,891.744873046875,384.39453125,13.2767725,14.0,-1,34.274113
3,706,1013.2869257926941,354.8713712692261,862.2398071289062,467.81866455078125,12.832501,8.0,1,11.505981
2211,706,255.7150263786316,-97.03187942504883,104.66790771484375,15.915413856506348,12.04795,16.0,-1,16.251104
11,706,356.06741285324097,348.0952787399292,205.02029418945312,461.0425720214844,10.760658,16.0,-1,19.454027
10,706,550.9690852165222,-17.887463569641113,399.9219665527344,95.05982971191406,8.634229,14.0,-1,12.753536
2,706,1540.7181391716003,324.3624906539917,1389.6710205078125,437.3097839355469,8.557119,8.0,1,17.381521
2140,706,1731.3747553825378,920.5204801559448,1580.32763671875,1033.4677734375,8.320732,22.0,-1,3.6207793
2032,706,480.2102656364441,-84.94102191925049,329.16314697265625,28.006271362304688,8.287595,14.0,-1,11.367765
8,706,1420.9464106559753,281.0952482223511,1269.8992919921875,394.04254150390625,7.6392555,8.0,-1,25.207258
9,706,1333.2817378044128,1089.4931364059448,1182.234619140625,1202.4404296875,4.84082,10.0,-1,17.590624
12,706,1109.7584223747253,855.4512662887573,958.7113037109375,968.3985595703125,4.5445895,10.0,-1,32.041416
1784,706,1673.8156733512878,339.2028226852417,1522.7685546875,452.1501159667969,3.504204,8.0,-1,22.487635
17,706,634.8739008903503,518.7579069137573,483.8267822265625,631.7052001953125,2.5158534,14.0,-1,0.53253955
1897,706,1478.4128413200378,170.20544719696045,1327.36572265625,283.1527404785156,1.3328233,18.0,-1,0.062621236
2080,706,799.3009638786316,-39.31791400909424,648.2538452148438,73.62937927246094,0.74688965,10.0,-1,3.8522546
0,707,1438.1907954216003,854.3794584274292,1285.7059326171875,968.1466674804688,49.63432,10.0,1,26.20798
4,707,1230.5141596794128,-47.658169746398926,1078.029296875,66.10903930664062,36.39597,8.0,1,21.62227
1,707,1477.0509028434753,200.36093425750732,1324.5660400390625,314.1281433105469,24.447233,8.0,1,27.20122
1879,707,1744.7015376091003,40.11732769012451,1592.2166748046875,153.88453674316406,23.810425,10.0,-1,7.4331827
1961,707,1663.1456294059753,416.1747465133667,1510.6607666015625,529.9419555664062,18.019136,14.0,-1,6.410075
1332,707,649.9335627555847,587.2208280563354,497.4486999511719,700.988037109375,16.606764,16.0,-1,11.275538
3,707,1014.5509638786316,354.8713712692261,862.0661010742188,468.6385803222656,14.63932,8.0,1,11.759894
2,707,1542.2761225700378,325.7500333786011,1389.791259765625,439.5172424316406,12.054755,8.0,1,12.261472
11,707,355.4687342643738,347.9772062301636,202.98387145996094,461.7444152832031,10.612755,16.0,-1,19.473656
8,707,1424.8128657341003,282.1604642868042,1272.3280029296875,395.92767333984375,10.231736,8.0,-1,27.19616
9,707,1332.5266108512878,1088.1524686813354,1180.041748046875,1201.919677734375,9.317754,12.0,-1,18.848555
10,707,553.2037043571472,-19.8196382522583,400.7188415527344,93.94757080078125,8.084861,14.0,-1,13.589495
2211,707,257.13906049728394,-96.52452564239502,104.6541976928711,17.24268341064453,7.5592637,14.0,-1,16.222572
2032,707,480.2004084587097,-87.83857250213623,327.7155456542969,25.92863655090332,7.531838,14.0,-1,10.469588
12,707,1106.9505610466003,857.7874784469604,954.4656982421875,971.5546875,6.8955216,10.0,-1,30.198412
2127,707,1042.7919917106628,271.8589506149292,890.30712890625,385.62615966796875,6.415638,14.0,-1,31.711569
2140,707,1729.8587641716003,921.786868095398,1577.3739013671875,1035.5540771484375,6.081515,22.0,-1,4.7048907
1784,707,1672.6380610466003,340.2377653121948,1520.1531982421875,454.0049743652344,5.286584,8.0,-1,23.355263
17,707,635.3403925895691,518.001467704773,482.85552978515625,631.7686767578125,1.9841636,14.0,-1,0.5121466
1897,707,1483.0183100700378,166.42904949188232,1330.533447265625,280.1962585449219,1.5788838,28.0,1,1.1721948
2080,707,798.3463740348816,-40.635952949523926,645.8615112304688,73.13125610351562,0.47506952,12.0,-1,3.622855
0,708,1438.2957758903503,853.2632780075073,1285.4388427734375,967.3815307617188,37.34389,10.0,1,26.64106
4,708,1231.3413081169128,-47.718159675598145,1078.484375,66.40009307861328,24.669493,8.0,1,21.885935
1879,708,1744.7768549919128,41.38691997528076,1591.919921875,155.5051727294922,23.040419,10.0,-1,8.005718
1,708,1477.4455561637878,198.16073894500732,1324.588623046875,312.27899169921875,22.06225,8.0,1,27.103144
3,708,1014.5509638786316,354.4844388961792,861.6940307617188,468.6026916503906,14.65771,8.0,1,11.075774
1332,708,647.6798701286316,588.4054288864136,494.82293701171875,702.523681640625,13.439697,16.0,-1,13.047249
1961,708,1664.8939204216003,418.4277677536011,1512.0369873046875,532.5460205078125,13.13355,16.0,-1,7.473344
2,708,1541.8846430778503,325.7500333786011,1389.0277099609375,439.8682861328125,12.544412,8.0,1,4.629963
11,708,353.1447901725769,347.8823575973511,200.28785705566406,462.0006103515625,10.744189,16.0,-1,19.094852
8,708,1426.8804926872253,285.78760051727295,1274.0235595703125,399.9058532714844,10.130443,8.0,-1,26.614208
10,708,554.2506098747253,-21.715184211730957,401.3936767578125,92.40306854248047,9.677159,14.0,-1,10.720909
9,708,1331.3164057731628,1089.6327238082886,1178.45947265625,1203.7509765625,8.824117,12.0,-1,16.26047
2032,708,478.7029414176941,-88.32631778717041,325.84600830078125,25.791934967041016,8.193581,14.0,-1,9.705945
2211,708,257.6708598136902,-96.387282371521,104.81392669677734,17.73097038269043,7.9863677,14.0,-1,15.7608
2140,708,1728.7779536247253,918.0472745895386,1575.9210205078125,1032.16552734375,6.9306245,22.0,-1,5.0182796
2127,708,1042.197570323944,273.7152738571167,889.3406372070312,387.8335266113281,6.7988496,14.0,-1,33.50903
12,708,1106.5182490348816,858.6974821090698,953.6613159179688,972.8157348632812,5.0817285,10.0,-1,31.243528
1784,708,1673.5848383903503,338.0001859664917,1520.7279052734375,452.1184387207031,4.2973604,8.0,-1,21.940798
17,708,638.0104060173035,520.1198453903198,485.1534729003906,634.2380981445312,2.2350476,16.0,-1,0.5874461
1897,708,1482.5291743278503,165.36621379852295,1329.6722412109375,279.4844665527344,0.906943,8.0,1,1.539134
2080,708,796.8266596794128,-39.735859870910645,643.9697265625,74.38239288330078,0.49510267,10.0,-1,2.9520004
0,709,1437.5806879997253,853.2938566207886,1284.2294921875,968.7379150390625,48.788074,10.0,1,26.539549
4,709,1231.3378901481628,-47.53604602813721,1077.9866943359375,67.90801239013672,36.783215,8.0,1,23.239075
1,709,1480.3395991325378,198.26108074188232,1326.9884033203125,313.70513916015625,26.816576,8.0,1,26.977757
1961,709,1663.5151362419128,420.3601408004761,1510.1639404296875,535.80419921875,20.709429,14.0,-1,7.463391
3,709,1015.6650996208191,354.5182828903198,862.3139038085938,469.96234130859375,16.178509,8.0,1,9.76845
1879,709,1746.4333491325378,42.670870780944824,1593.0821533203125,158.11492919921875,16.154554,10.0,-1,5.9164886
1332,709,646.1631464958191,587.2893400192261,492.81195068359375,702.7333984375,13.874999,14.0,-1,12.320251
11,709,351.77636671066284,346.4899015426636,198.4251708984375,461.9339599609375,13.471538,16.0,-1,18.65165
8,709,1427.3793940544128,287.0106840133667,1274.0281982421875,402.4547424316406,11.316731,8.0,-1,25.233446
2,709,1542.9533686637878,323.8993558883667,1389.6021728515625,439.3434143066406,10.508536,8.0,1,6.629779
2211,709,258.01701307296753,-94.5470609664917,104.66581726074219,20.896997451782227,8.970578,16.0,-1,15.039475
2127,709,1044.1568598747253,271.4723539352417,890.8056640625,386.9164123535156,7.449225,14.0,-1,31.901724
10,709,555.8222041130066,-24.51940631866455,402.47100830078125,90.92465209960938,7.316398,14.0,-1,12.027746
2032,709,480.06982374191284,-89.31528568267822,326.7186279296875,26.128772735595703,7.136673,14.0,-1,9.327335
9,709,1331.3164057731628,1087.573763847351,1177.9652099609375,1203.017822265625,6.5492954,12.0,-1,12.706494
12,709,1107.3671870231628,855.7582120895386,954.0159912109375,971.2022705078125,5.270288,10.0,-1,32.45614
2140,709,1725.7629389762878,918.0472745895386,1572.4117431640625,1033.4913330078125,5.030309,24.0,-1,3.0528347
1784,709,1673.5120844841003,336.30432415008545,1520.160888671875,451.7483825683594,3.8808696,8.0,-1,21.881838
17,709,637.3250117301941,517.4211149215698,483.97381591796875,632.8651733398438,2.855341,14.0,-1,1.4739108
1897,709,1480.8601069450378,165.46756267547607,1327.5089111328125,280.91162109375,1.4360404,28.0,-1,0.121047616
2080,709,794.4277949333191,-39.35412311553955,641.0765991210938,76.08993530273438,0.64106804,12.0,-1,3.7157316
0,710,1438.218047618866,853.7132596969604,1284.1790771484375,969.262451171875,45.8418,10.0,1,26.406857
1,710,1482.040801525116,198.79297161102295,1328.0018310546875,314.3421630859375,35.67053,8.0,1,28.191406
4,710,1231.8707575798035,-47.79254627227783,1077.831787109375,67.75664520263672,30.173353,8.0,1,21.487198
1879,710,1747.5514216423035,43.013094902038574,1593.512451171875,158.56228637695312,16.82016,10.0,-1,6.485506
1961,710,1662.638213634491,422.5720853805542,1508.5992431640625,538.1212768554688,14.529774,14.0,-1,7.757337
11,710,351.07388257980347,346.4899015426636,197.034912109375,462.0390930175781,13.81942,16.0,-1,18.10205
2211,710,258.01701307296753,-94.165602684021,103.97804260253906,21.383588790893555,13.487316,16.0,-1,13.860926
1332,710,645.8048090934753,586.5825834274292,491.7658386230469,702.1317749023438,13.365226,14.0,-1,12.932724
3,710,1015.6180720329285,354.1959562301636,861.5791015625,469.7451477050781,10.723666,8.0,1,9.970589
2,710,1541.6551814079285,323.0504789352417,1387.6162109375,438.59967041015625,9.360208,8.0,1,12.012823
2032,710,479.4031367301941,-89.71197986602783,325.3641662597656,25.83721160888672,9.235142,14.0,-1,6.680577
10,710,558.4383234977722,-24.99614429473877,404.39935302734375,90.55304718017578,8.6258,14.0,-1,12.238801
2140,710,1724.4689021110535,918.905764579773,1570.429931640625,1034.4549560546875,6.5541444,24.0,-1,3.2831554
9,710,1328.377959728241,1085.0894804000854,1174.3389892578125,1200.638671875,6.3489265,12.0,-1,10.733022
8,710,1428.1244196891785,286.77551555633545,1274.08544921875,402.32470703125,5.722861,8.0,-1,23.841576
12,710,1108.7231135368347,856.1942167282104,954.6841430664062,971.743408203125,4.8330717,10.0,-1,30.954662
1784,710,1672.2189021110535,336.4769926071167,1518.179931640625,452.02618408203125,3.85092,8.0,-1,21.100597
2127,710,1046.8600764274597,271.3677396774292,892.8211059570312,386.91693115234375,3.2417068,12.0,-1,24.681683
17,710,636.1222529411316,516.866702079773,482.0832824707031,632.4158935546875,1.781817,14.0,-1,2.263153
1897,710,1484.5563044548035,167.5823392868042,1330.517333984375,283.13153076171875,0.8779173,8.0,1,0.43067157
2080,710,794.6625056266785,-34.0654878616333,640.62353515625,81.48370361328125,0.5367756,12.0,-1,3.6875656
0,711,1438.7291560173035,851.3071012496948,1283.8436279296875,967.8632202148438,51.688908,10.0,1,26.980024
3,711,1017.3299860954285,352.3958158493042,862.4444580078125,468.9519348144531,20.85062,8.0,1,13.388958
1,711,1481.5189509391785,198.4796781539917,1326.6334228515625,315.0357971191406,19.13455,8.0,1,26.266157
4,711,1231.5162653923035,-49.5736665725708,1076.6307373046875,66.98245239257812,18.859604,8.0,1,21.92072
1879,711,1749.9505915641785,45.13612651824951,1595.0650634765625,161.69224548339844,18.58048,10.0,-1,4.4929686
1961,711,1664.5834040641785,423.7339811325073,1509.6978759765625,540.2901000976562,17.949816,14.0,-1,4.9782166
1332,711,648.3464045524597,585.4075651168823,493.46087646484375,701.9636840820312,17.408785,14.0,-1,13.396423
2,711,1541.310821056366,323.0504789352417,1386.42529296875,439.6065979003906,14.676994,8.0,1,12.927025
2211,711,259.55110120773315,-93.94220638275146,104.66557312011719,22.61391258239746,12.222222,16.0,-1,15.627109
11,711,351.56191968917847,344.9459562301636,196.6763916015625,461.5020751953125,11.148044,16.0,-1,17.876207
10,711,559.4457392692566,-26.0236177444458,404.5602111816406,90.53250122070312,9.333959,14.0,-1,11.8808365
12,711,1111.3319392204285,857.0205411911011,956.4464111328125,973.57666015625,7.419769,10.0,-1,32.51665
9,711,1326.468047618866,1086.1949796676636,1171.58251953125,1202.7510986328125,6.8637714,12.0,-1,15.054512
2127,711,1045.9792170524597,272.0648527145386,891.0936889648438,388.6209716796875,6.8245044,12.0,-1,27.316149
2140,711,1723.637969493866,919.3725919723511,1568.75244140625,1035.9287109375,6.3339944,24.0,-1,3.2672148
2032,711,481.17211866378784,-89.53929042816162,326.2865905761719,27.016828536987305,5.7864738,14.0,-1,7.037417
8,711,1427.3365778923035,283.2702970504761,1272.4510498046875,399.826416015625,5.5461106,8.0,-1,20.913801
1784,711,1671.4889216423035,333.17517375946045,1516.6033935546875,449.7312927246094,2.7656968,8.0,-1,23.720213
17,711,634.5610346794128,519.5976285934448,479.6755065917969,636.1537475585938,2.2133012,14.0,-1,1.5186228
1897,711,1480.746367931366,164.91586589813232,1325.86083984375,281.47198486328125,1.5715303,8.0,1,0.16040725
2080,711,794.6625056266785,-33.36111927032471,639.7769775390625,83.19499969482422,0.7408826,12.0,-1,3.9053931
0,712,1438.321563243866,849.5222024917603,1282.208984375,966.9859008789062,40.6787,10.0,1,25.883987
1879,712,1754.2328181266785,46.575562477111816,1598.1202392578125,164.0392608642578,29.959394,10.0,-1,6.2862015
1,712,1481.5189509391785,199.84132480621338,1325.4063720703125,317.3050231933594,27.675665,8.0,1,26.925884
4,712,1232.4906306266785,-49.60484981536865,1076.3780517578125,67.85884857177734,19.771112,8.0,1,20.36137
3,712,1018.2962336540222,352.63646030426025,862.1836547851562,470.10015869140625,16.397799,8.0,1,13.655446
2211,712,261.6721034049988,-93.55200099945068,105.55952453613281,23.911697387695312,13.102257,16.0,-1,15.387324
1332,712,651.3163142204285,585.674973487854,495.2037353515625,703.138671875,12.781562,14.0,-1,14.332997
2,712,1542.3319392204285,323.4482889175415,1386.2193603515625,440.9119873046875,12.499729,8.0,1,11.876223
11,712,354.3165431022644,346.4196939468384,198.20396423339844,463.8833923339844,12.33326,16.0,-1,18.607704
10,712,562.5388789176941,-27.286879539489746,406.4263000488281,90.17681884765625,11.462617,14.0,-1,11.863298
1961,712,1663.251494884491,424.87327671051025,1507.138916015625,542.3369750976562,10.872936,14.0,-1,6.5466123
9,712,1324.104766368866,1084.5588846206665,1167.9921875,1202.0225830078125,10.510636,12.0,-1,17.92539
2127,712,1046.803252696991,268.4746255874634,890.690673828125,385.9383239746094,7.3293996,14.0,-1,30.68179
8,712,1430.010283946991,283.17271518707275,1273.897705078125,400.63641357421875,6.458813,8.0,-1,23.451881
2032,712,480.44985914230347,-89.53929042816162,324.3372802734375,27.924407958984375,6.3531346,14.0,-1,8.10099
12,712,1107.701690196991,855.023850440979,951.589111328125,972.487548828125,5.990186,10.0,-1,30.284624
2140,712,1720.8629450798035,918.882737159729,1564.7503662109375,1036.346435546875,3.4884045,24.0,-1,2.3819222
1784,712,1669.5013728141785,332.96186923980713,1513.3887939453125,450.4255676269531,2.1318743,8.0,-1,20.828327
1897,712,1479.445342540741,166.97425937652588,1323.332763671875,284.4379577636719,1.7517018,6.0,1,1.0878025
17,712,633.7674860954285,522.2640237808228,477.6549072265625,639.7277221679688,1.7386475,14.0,-1,1.4956845
2080,712,790.748809337616,-33.61796474456787,634.63623046875,83.84573364257812,0.5806019,10.0,-1,3.5310466
0,713,1439.9874567985535,846.3324060440063,1283.770751953125,964.43310546875,44.694386,10.0,1,26.262932
1,713,1480.2875056266785,199.92777347564697,1324.07080078125,318.0284729003906,33.52618,8.0,1,27.195211
4,713,1233.9010310173035,-49.56008052825928,1077.684326171875,68.54061889648438,22.296797,8.0,1,19.792507
2211,713,262.1917643547058,-95.79819011688232,105.97505950927734,22.302509307861328,19.919155,16.0,-1,15.016249
1879,713,1752.9029841423035,47.18142032623291,1596.686279296875,165.28211975097656,18.434572,10.0,-1,7.2021294
1332,713,652.673125743866,584.4472742080688,496.4564208984375,702.5479736328125,16.64696,14.0,-1,14.502917
1961,713,1662.3746638298035,424.57886600494385,1506.157958984375,542.6795654296875,16.515932,14.0,-1,6.6205554
3,713,1018.4076228141785,349.8008813858032,862.19091796875,467.9015808105469,16.146559,8.0,1,13.324644
11,713,352.35832166671753,344.4796838760376,196.14161682128906,462.58038330078125,15.419553,16.0,-1,18.698755
2,713,1544.7049860954285,323.7887964248657,1388.48828125,441.8894958496094,12.125809,8.0,1,11.163258
9,713,1320.210967540741,1083.6190271377563,1163.9942626953125,1201.7197265625,8.447671,10.0,-1,17.537025
2127,713,1046.803252696991,268.50928592681885,890.5865478515625,386.6099853515625,7.37149,14.0,-1,32.059933
10,713,563.2518000602722,-27.286879539489746,407.03509521484375,90.8138198852539,6.5951653,14.0,-1,12.5711565
12,713,1106.2167048454285,857.4124231338501,950.0,975.5131225585938,6.5874476,10.0,-1,34.02828
2032,713,481.77929639816284,-91.6144380569458,325.5625915527344,26.48626136779785,6.3763633,14.0,-1,6.1909013
8,713,1429.703643321991,285.7152490615845,1273.4869384765625,403.8159484863281,4.6959996,10.0,-1,21.084703
2140,713,1717.4806208610535,921.1008386611938,1561.263916015625,1039.2015380859375,4.4670258,26.0,-1,2.3962584
1784,713,1668.164336681366,333.438027381897,1511.9476318359375,451.5387268066406,3.3380249,8.0,-1,22.955688
17,713,637.6247553825378,522.4505701065063,481.4080505371094,640.55126953125,1.6827579,14.0,-1,1.1004562
1897,713,1480.552276134491,166.69431400299072,1324.3355712890625,284.7950134277344,0.99420744,8.0,1,0.4858516
2080,713,786.2828059196472,-35.27609920501709,630.0661010742188,82.82460021972656,0.5751989,14.0,-1,3.9032063
0,714,1442.5172419548035,845.686074256897,1285.5784912109375,963.8323364257812,50.56544,10.0,1,27.14297
1879,714,1754.935332775116,47.641533851623535,1597.99658203125,165.7877960205078,37.84419,10.0,-1,7.4441195
4,714,1236.7384333610535,-49.58071804046631,1079.7996826171875,68.56554412841797,27.161772,8.0,1,19.166529
1,714,1479.051787853241,198.30313968658447,1322.113037109375,316.44940185546875,22.220833,8.0,1,27.02816
3,714,1018.0133967399597,348.1875696182251,861.0746459960938,466.3338317871094,15.959798,8.0,1,15.297524
1332,714,653.3284602165222,583.3998804092407,496.38970947265625,701.546142578125,14.317052,14.0,-1,12.378985
1961,714,1662.3746638298035,426.6368799209595,1505.4359130859375,544.7831420898438,13.89854,14.0,-1,5.8890057
11,714,352.86096143722534,344.4796838760376,195.92221069335938,462.6259460449219,12.157825,16.0,-1,19.729977
2211,714,262.0493769645691,-95.65636730194092,105.11062622070312,22.48989486694336,11.4745455,16.0,-1,15.44631
2,714,1543.7755427360535,321.61573123931885,1386.8367919921875,439.7619934082031,8.898374,8.0,1,12.948892
9,714,1320.5357966423035,1083.5803003311157,1163.5970458984375,1201.7265625,7.4197145,10.0,-1,19.796923
10,714,562.3112483024597,-26.18894100189209,405.37249755859375,91.95732116699219,6.797554,14.0,-1,12.199256
2032,714,481.72805738449097,-93.07115459442139,324.789306640625,25.07510757446289,5.721844,14.0,-1,5.924588
2127,714,1045.5877375602722,270.5314416885376,888.6489868164062,388.6777038574219,5.4818606,14.0,-1,33.121353
12,714,1108.5661311149597,856.2172632217407,951.6273803710938,974.363525390625,5.4550457,10.0,-1,32.918556
8,714,1430.659453868866,285.8116846084595,1273.720703125,403.95794677734375,5.43424,10.0,-1,19.242134
2140,714,1713.969512462616,921.6790552139282,1557.03076171875,1039.8253173828125,3.9606647,24.0,-1,3.2594209
1784,714,1665.3060603141785,331.91993045806885,1508.3673095703125,450.0661926269531,3.710353,8.0,-1,20.150078
17,714,642.3801875114441,523.7400903701782,485.4414367675781,641.8863525390625,1.709025,6.0,1,0.30424255
1897,714,1478.563018321991,167.4513635635376,1321.624267578125,285.5976257324219,1.1118604,18.0,-1,1.4307352
2080,714,786.4864192008972,-34.41837215423584,629.5476684570312,83.72789001464844,0.97221774,12.0,-1,3.7773664
0,715,1442.8736872673035,843.1709222793579,1285.2054443359375,961.3070068359375,39.67841,10.0,1,27.068386
1,715,1481.844756603241,197.72271060943604,1324.176513671875,315.8587951660156,29.007612,8.0,1,27.292444
1879,715,1757.6456599235535,47.447686195373535,1599.9774169921875,165.58377075195312,23.725725,10.0,-1,7.253009
3,715,1020.0028376579285,347.5139093399048,862.3345947265625,465.6499938964844,22.045052,8.0,1,14.493904
4,715,1235.1561579704285,-49.58071804046631,1077.4879150390625,68.55536651611328,21.592604,8.0,1,21.021244
1961,715,1661.643096446991,427.5765619277954,1503.974853515625,545.712646484375,21.55734,14.0,-1,6.7341695
2211,715,262.16931104660034,-96.1041841506958,104.50106811523438,22.03190040588379,15.176331,16.0,-1,16.040483
1332,715,650.0333857536316,583.9961786270142,492.3651428222656,702.1322631835938,14.197819,14.0,-1,14.9620495
11,715,353.68547010421753,345.6274652481079,196.01722717285156,463.7635498046875,13.9691725,16.0,-1,17.460222
2127,715,1046.1576228141785,271.38582706451416,888.4893798828125,389.52191162109375,8.928207,14.0,-1,33.982582
2,715,1543.7755427360535,320.14275455474854,1386.1072998046875,438.2788391113281,8.41859,8.0,1,14.402624
9,715,1321.4776911735535,1083.7125482559204,1163.8094482421875,1201.8486328125,8.086949,10.0,-1,20.709505
10,715,560.176299571991,-26.56680202484131,402.508056640625,91.56928253173828,7.4468093,14.0,-1,12.987077
12,715,1109.519317150116,856.5580682754517,951.85107421875,974.6941528320312,5.4834647,10.0,-1,31.246
8,715,1428.2489314079285,282.08184146881104,1270.5806884765625,400.2179260253906,5.4664655,10.0,-1,18.198118
1784,715,1663.5624079704285,330.10103702545166,1505.8941650390625,448.23712158203125,5.04367,8.0,-1,20.674892
2032,715,481.2548213005066,-90.95417499542236,323.5865783691406,27.181909561157227,4.775932,14.0,-1,5.4524984
2140,715,1715.7857966423035,924.5117425918579,1558.1175537109375,1042.6478271484375,2.088292,24.0,-1,3.175445
17,715,641.612578868866,527.9764642715454,483.9443359375,646.112548828125,1.5545951,16.0,-1,0.13211247
1897,715,1478.4066462516785,166.62276554107666,1320.7384033203125,284.75885009765625,0.9037631,6.0,1,1.5634855
2080,715,785.5902400016785,-30.388129234313965,627.9219970703125,87.74795532226562,0.5892211,12.0,-1,3.7298274
0,716,1442.4732966423035,843.143609046936,1283.9171142578125,961.5580444335938,45.520794,10.0,1,26.075855
1,716,1481.844756603241,197.6871576309204,1323.28857421875,316.1015930175781,35.084522,8.0,1,27.466269
4,716,1236.5492243766785,-50.177977561950684,1077.9930419921875,68.23645782470703,31.322815,8.0,1,19.716993
1961,716,1660.786406993866,425.3603448867798,1502.230224609375,543.7747802734375,21.99102,14.0,-1,8.22594
1879,716,1757.2950739860535,48.37705326080322,1598.7388916015625,166.79148864746094,18.512177,10.0,-1,4.746673
3,716,1019.3178400993347,347.51241397857666,860.7616577148438,465.9268493652344,15.093708,8.0,1,12.067934
2211,716,264.69438886642456,-92.8082685470581,106.1382064819336,25.60616683959961,14.900601,16.0,-1,15.219029
11,716,355.25878858566284,344.01543521881104,196.70260620117188,462.42987060546875,13.952193,16.0,-1,19.430672
1332,716,650.6414790153503,584.0856256484985,492.0852966308594,702.5000610351562,11.434035,14.0,-1,14.834253
2,716,1544.6949763298035,319.05083560943604,1386.1387939453125,437.46527099609375,10.505166,8.0,1,18.925682
10,716,560.8905634880066,-30.600096702575684,402.3343811035156,87.81433868408203,9.442739,14.0,-1,12.8083935
9,716,1320.3988337516785,1081.0320978164673,1161.8426513671875,1199.446533203125,9.346545,10.0,-1,22.355919
2140,716,1715.4361872673035,927.1028985977173,1556.8800048828125,1045.517333984375,6.8707566,24.0,-1,2.9783525
12,716,1110.782989025116,858.2346124649048,952.226806640625,976.6490478515625,5.1997514,10.0,-1,29.464394
2032,716,483.3980097770691,-89.09062099456787,324.8418273925781,29.323814392089844,5.1429863,12.0,-1,6.1683216
8,716,1425.5165095329285,282.2492914199829,1266.9603271484375,400.6637268066406,4.408602,8.0,-1,20.437223
2127,716,1048.400420665741,271.38582706451416,889.84423828125,389.8002624511719,3.8641884,12.0,-1,32.135178
1784,716,1664.590117931366,330.40987491607666,1506.033935546875,448.8243103027344,2.896077,8.0,-1,17.329247
17,716,639.4084467887878,527.8575372695923,480.8522644042969,646.27197265625,2.6866024,16.0,-1,0.08683142
1897,716,1476.937774181366,167.22130680084229,1318.381591796875,285.6357421875,1.0816349,24.0,1,4.5220375
2080,716,784.1446223258972,-26.78886318206787,625.5884399414062,91.62557220458984,0.85346764,12.0,-1,4.714087
0,717,1442.509551525116,842.7044916152954,1283.8438720703125,961.7606811523438,53.915745,10.0,1,24.9958
1879,717,1757.188506603241,48.37972354888916,1598.5228271484375,167.4359130859375,33.521027,10.0,-1,2.7326407
1,717,1481.8768610954285,197.6871576309204,1323.211181640625,316.74334716796875,27.012589,8.0,1,27.564024
3,717,1020.901397228241,346.72686100006104,862.2357177734375,465.7830505371094,25.607933,8.0,1,10.887886
4,717,1236.213897228241,-49.84483242034912,1077.5482177734375,69.21135711669922,19.178183,8.0,1,16.10979
1961,717,1660.786406993866,424.11031436920166,1502.1207275390625,543.16650390625,18.759785,14.0,-1,6.4256005
2211,717,264.65725660324097,-90.68134593963623,105.9915771484375,28.37484359741211,16.451914,16.0,-1,15.10571
1332,717,650.8720698356628,583.2400140762329,492.2063903808594,702.2962036132812,15.840482,12.0,-1,16.304821
2,717,1543.379668712616,317.1582269668579,1384.7139892578125,436.21441650390625,14.912368,8.0,1,20.570938
11,717,356.62930250167847,342.9250726699829,197.963623046875,461.98126220703125,13.565475,16.0,-1,20.341928
9,717,1320.8238825798035,1080.9016962051392,1162.158203125,1199.9578857421875,10.9469185,10.0,-1,21.019344
8,717,1424.6432185173035,280.9316644668579,1265.9775390625,399.98785400390625,8.893273,10.0,-1,19.390705
2032,717,483.5204463005066,-88.15756893157959,324.8547668457031,30.89862060546875,6.8127713,12.0,-1,5.8241024
10,717,558.2921137809753,-30.015143394470215,399.6264343261719,89.04104614257812,6.1377735,12.0,-1,15.857969
12,717,1111.6231379508972,857.4370965957642,952.9574584960938,976.4932861328125,5.820727,10.0,-1,25.125648
2140,717,1713.875030040741,931.0150995254517,1555.2093505859375,1050.0712890625,5.200818,24.0,-1,2.4088764
1784,717,1665.1651911735535,332.4724054336548,1506.49951171875,451.5285949707031,3.5486925,8.0,-1,18.587624
2127,717,1052.2962336540222,270.67159366607666,893.6305541992188,389.727783203125,3.0939035,12.0,-1,17.18395
17,717,636.9548335075378,529.9208002090454,478.2891540527344,648.9769897460938,2.7090375,6.0,1,0.4324104
2263,717,1039.4225764274597,275.9102716445923,880.7568969726562,394.9664611816406,2.2378259,10.0,-1,32.77314
2080,717,781.9728083610535,-26.383559226989746,623.30712890625,92.6726303100586,0.6609984,10.0,-1,4.4041357
1897,717,1475.485625743866,170.25740909576416,1316.8199462890625,289.3135986328125,0.45206785,8.0,1,1.0435963
0,718,1443.3981623649597,841.3075647354126,1283.8001708984375,959.9122314453125,51.482845,10.0,1,25.432463
1,718,1481.6847834587097,199.57041263580322,1322.0867919921875,318.1750793457031,36.50436,8.0,1,27.09898
4,718,1235.5657649040222,-48.51316738128662,1075.9677734375,70.09149932861328,29.669321,8.0,1,15.640997
1961,718,1661.1552424430847,425.33789920806885,1501.5572509765625,543.9425659179688,21.794853,14.0,-1,6.52913
1879,718,1757.3805842399597,48.017022132873535,1597.7825927734375,166.62168884277344,17.834324,6.0,1,0.011180878
3,718,1024.1314997673035,346.9596338272095,864.5335083007812,465.5643005371094,16.137857,8.0,1,12.407722
2211,718,263.5402293205261,-91.5499963760376,103.9422378540039,27.054670333862305,15.128625,16.0,-1,14.782519
2,718,1544.4192805290222,317.7464990615845,1384.8212890625,436.3511657714844,12.044614,8.0,1,19.816307
11,718,355.92700147628784,341.9428186416626,196.32901000976562,460.5474853515625,11.26735,16.0,-1,17.193283
9,718,1321.2174983024597,1079.9408655166626,1161.6195068359375,1198.5455322265625,8.499167,10.0,-1,22.423403
8,718,1425.1564631462097,278.489296913147,1265.5584716796875,397.0939636230469,7.501175,8.0,-1,19.625994
10,718,557.2143549919128,-28.596983909606934,397.6163635253906,90.00768280029297,7.4465938,14.0,-1,14.444546
1332,718,648.4794001579285,586.1760339736938,488.88140869140625,704.7807006835938,7.2238173,12.0,-1,16.491789
2032,718,484.93423414230347,-88.72656917572021,325.33624267578125,29.878097534179688,6.4324584,14.0,-1,4.8314514
12,718,1112.4036555290222,856.5174036026001,952.8056640625,975.1220703125,6.3414683,10.0,-1,29.420977
2263,718,1043.0687556266785,275.6725244522095,883.4707641601562,394.2771911621094,5.2910695,12.0,-1,33.82985
2127,718,1052.5941462516785,271.7728052139282,892.9961547851562,390.3774719238281,2.8067436,12.0,-1,15.92542
2140,718,1713.4615168571472,930.6640100479126,1553.863525390625,1049.2686767578125,2.6842248,26.0,-1,3.2380702
1784,718,1663.0412287712097,336.1906518936157,1503.4432373046875,454.7953186035156,2.1534386,8.0,-1,17.434536
17,718,636.4387812614441,530.0900964736938,476.8407897949219,648.6947631835938,1.8267232,16.0,-1,0.21005656
1897,718,1473.3842463493347,170.08811283111572,1313.7862548828125,288.6927795410156,1.2065159,8.0,1,1.0788305
2080,718,779.7005305290222,-24.40878200531006,620.1025390625,94.19588470458984,0.651138,14.0,-1,4.1674566
0,719,1443.5674738883972,840.5341596603394,1283.7548828125,959.9076538085938,45.019054,10.0,1,24.802788
1,719,1481.8632502555847,198.82065868377686,1322.0506591796875,318.19415283203125,34.40693,8.0,1,28.242456
1961,719,1657.8523859977722,425.9348554611206,1498.039794921875,545.308349609375,29.016708,16.0,-1,8.122871
3,719,1024.0419001579285,345.32395458221436,864.2293090820312,464.69744873046875,18.807848,8.0,1,8.996964
4,719,1235.8986506462097,-50.845417976379395,1076.0860595703125,68.528076171875,18.736074,8.0,1,12.500609
1879,719,1753.8006281852722,48.62917613983154,1593.988037109375,168.00267028808594,17.177622,10.0,-1,0.10281819
2211,719,263.78684186935425,-91.56199169158936,103.97425079345703,27.81150245666504,12.046963,16.0,-1,14.20746
1332,719,647.7522578239441,587.7853193283081,487.9396667480469,707.1588134765625,10.365438,12.0,-1,16.1798
11,719,356.01660108566284,340.71979808807373,196.20401000976562,460.0932922363281,9.648985,16.0,-1,17.839891
2,719,1542.2799983024597,317.75849437713623,1382.4674072265625,437.1319885253906,9.191968,8.0,1,17.591503
9,719,1320.9777522087097,1078.819010734558,1161.1651611328125,1198.1925048828125,8.242208,10.0,-1,22.373411
10,719,555.564971446991,-29.8464937210083,395.75238037109375,89.5270004272461,7.806457,12.0,-1,14.387358
8,719,1426.2472834587097,277.86054515838623,1266.4346923828125,397.2340393066406,5.8069134,10.0,-1,19.371323
12,719,1113.7977595329285,857.0003461837769,953.9851684570312,976.3738403320312,5.1989655,10.0,-1,30.219574
2032,719,485.81338453292847,-88.7781343460083,326.00079345703125,30.595359802246094,4.914163,12.0,-1,3.940417
1784,719,1663.8565363883972,336.6804304122925,1504.0439453125,456.0539245605469,4.6290812,8.0,-1,16.572405
2140,719,1708.9406428337097,931.8706464767456,1549.1280517578125,1051.244140625,4.1502867,26.0,-1,2.933353
2127,719,1052.2167048454285,272.41767406463623,892.4041137695312,391.7911682128906,3.229457,12.0,-1,21.8209
2263,719,1042.5549006462097,278.9830732345581,882.7423095703125,398.3565673828125,2.3309693,12.0,-1,33.46562
17,719,637.2288813591003,533.2187910079956,477.4162902832031,652.59228515625,2.2503846,14.0,-1,0.08069067
2080,719,781.346709728241,-25.40978717803955,621.5341186523438,93.96370697021484,1.1094455,14.0,-1,4.29747
1897,719,1472.2976984977722,171.21992015838623,1312.485107421875,290.5934143066406,1.0967871,18.0,-1,1.09666
0,720,1443.7161555290222,839.7182874679565,1283.764404296875,958.7379760742188,41.124737,10.0,1,25.05004
1879,720,1752.1121516227722,50.903544425964355,1592.160400390625,169.92323303222656,28.946062,10.0,-1,3.5760448
4,720,1235.7499690055847,-50.68213367462158,1075.7982177734375,68.33755493164062,21.630243,8.0,1,6.55116
3,720,1026.1280207633972,342.7332715988159,866.17626953125,461.7529602050781,21.344887,8.0,1,9.718006
1,720,1479.5788264274597,198.5884656906128,1319.6270751953125,317.608154296875,19.648407,8.0,1,27.96434
1961,720,1654.0447688102722,425.3828992843628,1494.093017578125,544.402587890625,19.536089,16.0,-1,7.3070564
2,720,1539.9191584587097,318.9296827316284,1379.9674072265625,437.9493713378906,15.503742,8.0,1,20.702742
2211,720,263.46762800216675,-91.92881870269775,103.51587677001953,27.090869903564453,14.13952,16.0,-1,13.585705
1332,720,645.6728510856628,589.5174207687378,485.7210998535156,708.537109375,10.768304,12.0,-1,15.928871
11,720,357.10391187667847,340.9132032394409,197.15216064453125,459.9328918457031,10.069749,16.0,-1,18.688793
8,720,1428.4585871696472,279.09621715545654,1268.5068359375,398.11590576171875,6.277251,10.0,-1,19.2292
9,720,1321.3665461540222,1075.7012586593628,1161.414794921875,1194.720947265625,6.269012,10.0,-1,23.639843
2032,720,486.8604121208191,-89.26422786712646,326.9086608886719,29.755460739135742,6.112743,14.0,-1,7.5998306
12,720,1115.1161189079285,856.837061882019,955.1643676757812,975.8567504882812,5.925342,10.0,-1,30.263023
10,720,555.8644099235535,-27.731389045715332,395.91265869140625,91.28829956054688,5.3284225,12.0,-1,16.525335
2140,720,1706.4607844352722,934.8001356124878,1546.509033203125,1053.81982421875,5.1411595,24.0,-1,2.4320507
2127,720,1053.4789729118347,271.99834728240967,893.5272216796875,391.0180358886719,3.602996,12.0,-1,26.339508
1784,720,1664.1814875602722,336.9793348312378,1504.229736328125,455.9990234375,2.7198484,8.0,-1,16.618885
2263,720,1042.1634821891785,276.5977735519409,882.2117309570312,395.6174621582031,2.5148838,24.0,-1,34.07765
17,720,638.0866694450378,538.606593132019,478.1349182128906,657.6262817382812,1.5974318,6.0,1,0.22279106
2080,720,781.0011286735535,-27.1198091506958,621.0493774414062,91.8998794555664,0.81725246,12.0,-1,4.2093506
1897,720,1471.7565608024597,173.07061290740967,1311.8048095703125,292.0903015136719,0.6690731,16.0,-1,0.4526258
0,721,1442.9950861930847,839.2078809738159,1281.8873291015625,958.0189819335938,41.804974,10.0,1,25.359367
1,721,1479.3077082633972,197.36721324920654,1318.199951171875,316.1783142089844,41.23198,8.0,1,26.465443
1879,721,1753.0426936149597,50.99718761444092,1591.9349365234375,169.80828857421875,29.010473,10.0,-1,0.35155892
2,721,1539.3590998649597,318.92129039764404,1378.2513427734375,437.7323913574219,21.80084,8.0,1,19.14763
1961,721,1651.9400324821472,425.02215099334717,1490.832275390625,543.833251953125,19.61382,16.0,-1,7.0865784
3,721,1027.8260188102722,343.6660108566284,866.71826171875,462.47711181640625,14.784738,8.0,1,11.270315
2211,721,264.23349714279175,-89.06250095367432,103.12574005126953,29.748600006103516,13.362039,16.0,-1,13.734668
11,721,358.8411707878113,340.92678356170654,197.73341369628906,459.7378845214844,11.80955,16.0,-1,17.281494
4,721,1237.3619074821472,-49.61539936065674,1076.254150390625,69.1957015991211,11.303407,8.0,1,1.3072927
9,721,1322.9942317008972,1075.6397047042847,1161.886474609375,1194.4508056640625,11.23924,10.0,-1,27.546658
1332,721,645.2314143180847,589.4105176925659,484.1236572265625,708.2216186523438,8.704792,12.0,-1,14.825714
2032,721,487.12536573410034,-88.84346866607666,326.0176086425781,29.967632293701172,8.500533,12.0,-1,4.8030386
10,721,556.0782771110535,-25.47642230987549,394.97052001953125,93.33467864990234,6.439045,12.0,-1,17.871983
8,721,1427.6363215446472,282.4259901046753,1266.528564453125,401.2370910644531,6.434093,8.0,-1,19.251657
12,721,1114.6560969352722,857.6387281417847,953.54833984375,976.4498291015625,6.1131606,10.0,-1,29.281412
2127,721,1055.692412853241,271.0583143234253,894.5846557617188,389.8694152832031,4.8068953,12.0,-1,29.62071
2140,721,1706.2469172477722,933.8394117355347,1545.13916015625,1052.6505126953125,3.4393823,26.0,-1,2.7090337
2263,721,1043.0361018180847,275.7160291671753,881.9283447265625,394.5271301269531,2.6846647,24.0,-1,33.005054
17,721,637.4664607048035,538.9708204269409,476.35870361328125,657.7819213867188,2.0473218,8.0,1,0.7694313
1784,721,1662.6420588493347,336.98772716522217,1501.5343017578125,455.798828125,2.0038764,8.0,-1,15.420955
2080,721,782.9881892204285,-28.90257740020752,621.8804321289062,89.90852355957031,0.93756557,12.0,-1,4.293144
1897,721,1469.6607356071472,171.93670177459717,1308.552978515625,290.747802734375,0.7006831,16.0,-1,0.835232
0,722,1442.8681330680847,837.5417737960815,1281.400634765625,956.7233276367188,32.95385,10.0,1,25.196747
1,722,1479.4346613883972,198.54680919647217,1317.9671630859375,317.7283630371094,30.243948,8.0,1,27.145435
1961,722,1649.7351984977722,424.89699840545654,1488.2677001953125,544.0785522460938,23.190207,16.0,-1,6.8146486
4,722,1237.5726008415222,-51.122952461242676,1076.1051025390625,68.05860137939453,20.140932,8.0,1,2.7159176
2,722,1539.8306574821472,318.58343029022217,1378.3631591796875,437.7649841308594,19.85043,8.0,1,15.411741
1879,722,1756.6202082633972,50.25753307342529,1595.1527099609375,169.4390869140625,17.88212,6.0,1,2.4895365
3,722,1026.639434337616,344.45266246795654,865.1719360351562,463.63421630859375,13.087597,8.0,1,10.045616
2211,722,263.50575971603394,-91.19968509674072,102.03826141357422,27.981868743896484,11.56404,16.0,-1,13.641065
1332,722,643.5891108512878,589.5356702804565,482.1216125488281,708.7172241210938,10.557564,12.0,-1,15.498435
11,722,358.47216749191284,339.2739210128784,197.00466918945312,458.4554748535156,9.79053,16.0,-1,17.682577
9,722,1322.6153254508972,1076.9806776046753,1161.1478271484375,1196.1622314453125,7.751414,8.0,-1,32.651108
10,722,557.0098261833191,-25.020230293273926,395.5423278808594,94.16132354736328,7.3657203,14.0,-1,16.493792
8,722,1429.6101984977722,279.1116590499878,1268.1427001953125,398.293212890625,7.252356,8.0,-1,21.776356
12,722,1113.2452082633972,859.827540397644,951.7777099609375,979.0090942382812,5.19352,10.0,-1,29.880566
2032,722,488.2484736442566,-87.99756336212158,326.7809753417969,31.183990478515625,4.9868474,12.0,-1,5.3880095
2127,722,1052.7865290641785,272.1028699874878,891.3190307617188,391.284423828125,4.8725357,12.0,-1,34.96218
1784,722,1659.5295100212097,338.74148082733154,1498.06201171875,457.92303466796875,4.763355,8.0,-1,19.02706
2140,722,1707.6654963493347,930.7870740890503,1546.197998046875,1049.9686279296875,3.7181013,24.0,-1,1.7096696
2263,722,1040.1075129508972,276.50298595428467,878.6400146484375,395.6845397949219,1.8621093,24.0,-1,31.53328
17,722,638.3617243766785,539.3747205734253,476.89422607421875,658.5562744140625,1.2735844,16.0,-1,0.5567477
2080,722,785.2352595329285,-33.34076404571533,623.7677612304688,85.84078979492188,0.94411373,12.0,-1,4.0120153
1897,722,1469.9010920524597,170.47057628631592,1308.43359375,289.6521301269531,0.6646162,16.0,-1,0.80579436
1,723,1478.803252696991,199.6550054550171,1315.997314453125,319.1449890136719,34.57748,8.0,1,25.316769
0,723,1442.203399181366,837.7836980819702,1279.3974609375,957.273681640625,33.164135,10.0,1,24.48346
1879,723,1758.6991267204285,50.49074459075928,1595.8931884765625,169.98072814941406,26.608763,6.0,1,3.0461385
2,723,1539.125030040741,318.4870672225952,1376.319091796875,437.97705078125,21.47473,8.0,1,17.598732
4,723,1238.982207775116,-51.1930627822876,1076.17626953125,68.29692077636719,16.507383,8.0,1,1.895514
1961,723,1648.912627696991,425.6463689804077,1486.106689453125,545.1363525390625,15.944652,16.0,-1,6.386086
9,723,1324.834258556366,1074.2345037460327,1162.0283203125,1193.7244873046875,12.210789,8.0,-1,35.67874
3,723,1029.7997126579285,346.2575445175171,866.9937744140625,465.7475280761719,10.561031,8.0,1,6.4760437
2211,723,262.3463816642761,-91.5173978805542,99.54044342041016,27.972585678100586,10.508496,16.0,-1,15.3419895
11,723,358.72700452804565,337.6098394393921,195.9210662841797,457.0998229980469,9.552386,16.0,-1,16.349808
8,723,1431.1708064079285,278.2727117538452,1268.3648681640625,397.7626953125,8.094781,10.0,-1,19.632801
1332,723,641.8037714958191,589.748480796814,478.9978332519531,709.2384643554688,7.7226562,14.0,-1,15.872381
10,723,556.9064021110535,-24.173439979553223,394.1004638671875,95.31654357910156,7.3848023,14.0,-1,13.964204
2127,723,1050.7577204704285,271.6091070175171,887.9517822265625,391.0990905761719,7.3190207,12.0,-1,41.51465
12,723,1113.1617732048035,859.897650718689,950.3558349609375,979.3876342773438,6.134043,10.0,-1,29.64771
2281,723,1785.0187067985535,-21.180764198303223,1622.2127685546875,98.30921936035156,5.7751293,8.0,-1,31.567753
2032,723,489.1840510368347,-88.06826686859131,326.37811279296875,31.421716690063477,5.7424564,12.0,-1,5.120728
2140,723,1705.0875544548035,931.5826482772827,1542.2816162109375,1051.0726318359375,3.876852,26.0,-1,3.3199024
1784,723,1661.402129650116,338.92825984954834,1498.59619140625,458.4182434082031,2.5623295,8.0,-1,15.983616
2263,723,1039.2010798454285,278.0165777206421,876.3951416015625,397.5065612792969,2.2478263,26.0,-1,30.049772
17,723,641.3212275505066,536.5994329452515,478.5152893066406,656.0894165039062,1.7499441,18.0,-1,0.63603127
1897,723,1469.9845271110535,169.0574712753296,1307.1785888671875,288.5474548339844,1.0710391,8.0,1,1.6500452
2080,723,786.9889216423035,-34.84884738922119,624.1829833984375,84.6411361694336,0.623119,12.0,-1,4.139433
0,724,1441.387481212616,837.7836980819702,1278.0242919921875,957.40673828125,40.612396,10.0,1,24.54666
1,724,1479.249785900116,200.21353816986084,1315.8865966796875,319.8365783691406,39.104275,8.0,1,26.404968
1879,724,1760.6112360954285,52.06351375579834,1597.248046875,171.68655395507812,22.099901,6.0,1,1.5068567
4,724,1239.1192927360535,-51.50516605377197,1075.756103515625,68.11787414550781,21.551079,8.0,1,4.985274
3,724,1031.274444103241,344.4291753768921,867.9112548828125,464.0522155761719,16.649673,8.0,1,7.126671
1332,724,639.6535029411316,592.683783531189,476.2903137207031,712.3068237304688,14.102145,12.0,-1,16.263474
1961,724,1646.162383556366,424.01520442962646,1482.7991943359375,543.6382446289062,13.3841095,16.0,-1,6.9614744
2,724,1537.115020275116,318.02152156829834,1373.7518310546875,437.6445617675781,12.305325,8.0,1,12.209825
11,724,357.8117823600769,336.84784603118896,194.44859313964844,456.47088623046875,11.349141,16.0,-1,18.552576
8,724,1431.312285900116,282.45551204681396,1267.9490966796875,402.07855224609375,9.968213,8.0,-1,21.022436
2211,724,260.1790690422058,-93.86989116668701,96.81587982177734,25.753149032592773,7.7583814,16.0,-1,15.014228
2281,724,1785.0187067985535,-21.57638645172119,1621.655517578125,98.0466537475586,7.394385,8.0,-1,32.5256
2032,724,489.0253596305847,-87.65397548675537,325.66217041015625,31.969064712524414,5.8230395,14.0,-1,3.8034863
10,724,556.6154475212097,-22.560112953186035,393.25225830078125,97.06292724609375,5.7331524,14.0,-1,14.1970215
12,724,1114.2975153923035,858.8162908554077,950.934326171875,978.4393310546875,5.5184855,10.0,-1,31.19754
2127,724,1051.3426814079285,272.97724056243896,887.9794921875,392.60028076171875,5.4609437,12.0,-1,36.33134
9,724,1328.880645275116,1069.9346990585327,1165.5174560546875,1189.5577392578125,5.4198284,8.0,-1,27.159767
2140,724,1702.523467540741,931.3958806991577,1539.1602783203125,1051.0189208984375,4.34311,24.0,-1,3.3952467
1784,724,1663.472442150116,339.5083990097046,1500.1092529296875,459.1314392089844,4.303543,8.0,-1,16.429392
2263,724,1039.479033946991,280.0596990585327,876.1158447265625,399.6827392578125,2.5968373,24.0,-1,30.510502
17,724,640.6119074821472,538.5845403671265,477.24871826171875,658.2075805664062,1.7179985,16.0,-1,0.25043
2080,724,784.2293391227722,-35.83455753326416,620.8661499023438,83.78848266601562,0.9256906,12.0,-1,4.1912856
1897,724,1470.0233454704285,171.60037899017334,1306.66015625,291.2234191894531,0.8878002,8.0,1,0.110640526
0,725,1442.6278376579285,837.8985052108765,1277.9395751953125,957.759033203125,48.8569,10.0,1,21.618877
1,725,1480.2726130485535,200.39984798431396,1315.5843505859375,320.2603759765625,32.08852,8.0,1,26.05464
1961,725,1646.9335017204285,422.8501043319702,1482.2452392578125,542.7106323242188,18.03147,16.0,-1,6.641388
4,725,1238.5892634391785,-50.57686710357666,1073.9010009765625,69.28366088867188,17.525438,8.0,1,2.2420385
1332,725,641.493438243866,592.278754234314,476.80517578125,712.1392822265625,13.680924,12.0,-1,14.94414
3,725,1031.1551203727722,342.75846004486084,866.4668579101562,462.6189880371094,13.479409,8.0,1,7.2914214
1879,725,1759.794219493866,51.76814937591553,1595.10595703125,171.62867736816406,12.3120775,6.0,1,4.8326817
2,725,1537.115020275116,318.02152156829834,1372.4267578125,437.8820495605469,11.148822,8.0,1,13.986722
11,725,359.70317029953003,337.96124935150146,195.01490783691406,457.82177734375,11.093415,16.0,-1,17.865683
2211,725,259.14358472824097,-95.5539903640747,94.455322265625,24.306537628173828,10.607492,16.0,-1,15.997921
9,725,1333.6068415641785,1068.4014348983765,1168.9185791015625,1188.261962890625,9.66365,8.0,-1,35.110157
8,725,1433.306670665741,283.90762996673584,1268.618408203125,403.7681579589844,8.6093855,8.0,-1,21.857334
2281,725,1782.814483165741,-20.248757362365723,1618.126220703125,99.61177062988281,7.43067,8.0,-1,29.681086
12,725,1114.121856212616,859.333441734314,949.43359375,979.1939697265625,6.7793293,10.0,-1,29.071259
10,725,558.191436290741,-23.006905555725098,393.503173828125,96.85362243652344,5.912415,12.0,-1,15.312591
2032,725,488.75088453292847,-88.04583072662354,324.0626220703125,31.814697265625,5.236433,12.0,-1,4.690053
2127,725,1052.0321955680847,270.7896490097046,887.3439331054688,390.6501770019531,4.548441,12.0,-1,34.70495
2140,725,1700.0528864860535,933.0630559921265,1535.3646240234375,1052.923583984375,3.575734,24.0,-1,3.6693833
2263,725,1039.8194270133972,279.44599056243896,875.1311645507812,399.3065185546875,3.2414448,24.0,-1,31.591745
1784,725,1666.6566462516785,338.0468511581421,1501.9683837890625,457.9073791503906,2.833212,8.0,-1,19.07235
17,725,639.4887690544128,541.5643377304077,474.8005065917969,661.4248657226562,2.435198,10.0,1,0.9004214
1897,725,1467.3729548454285,173.21097469329834,1302.6846923828125,293.0715026855469,0.95989794,18.0,-1,0.30460644
2080,725,782.846709728241,-34.854966163635254,618.158447265625,85.00556182861328,0.6516544,12.0,-1,3.5059884
1,726,1480.1681208610535,201.5026617050171,1314.1983642578125,322.1690368652344,53.326298,8.0,1,24.951643
0,726,1444.150664806366,838.015082359314,1278.180908203125,958.6814575195312,40.50156,10.0,1,19.190119
1961,726,1648.0624079704285,422.94501399993896,1482.0926513671875,543.6113891601562,27.316994,16.0,-1,7.3698373
4,726,1239.8622126579285,-50.28946781158447,1073.8924560546875,70.37690734863281,24.797705,14.0,-1,2.2627947
1879,726,1757.648955821991,52.0386266708374,1591.67919921875,172.7050018310547,20.351612,6.0,1,1.5579736
2,726,1536.0570368766785,317.62979793548584,1370.0872802734375,438.2961730957031,18.613302,8.0,1,14.045245
3,726,1030.1214289665222,341.8583745956421,864.1516723632812,462.5247497558594,16.672369,8.0,1,8.116388
1332,726,642.3382563591003,590.2400579452515,476.3684997558594,710.9064331054688,15.450482,12.0,-1,16.417877
9,726,1334.235625743866,1069.3444890975952,1168.265869140625,1190.0108642578125,13.410518,8.0,-1,35.301075
11,726,358.5026698112488,335.57486629486084,192.5329132080078,456.2412414550781,12.52076,16.0,-1,18.702045
2211,726,261.7375178337097,-96.59157657623291,95.76776123046875,24.074798583984375,11.120652,14.0,-1,14.307981
8,726,1432.5299372673035,280.12140560150146,1266.5601806640625,400.78778076171875,7.198521,8.0,-1,20.74236
2281,726,1782.881865978241,-18.79873752593994,1616.912109375,101.86763763427734,6.6710467,8.0,-1,28.214561
10,726,559.2987666130066,-26.398484230041504,393.3290100097656,94.26789093017578,6.3516736,12.0,-1,18.800598
2032,726,490.7713007926941,-88.96149921417236,324.8015441894531,31.704875946044922,6.1655483,12.0,-1,2.4554787
2127,726,1049.8739924430847,269.0561590194702,883.9042358398438,389.7225341796875,6.1108203,12.0,-1,36.59528
12,726,1113.6834406852722,859.2385320663452,947.7136840820312,979.9049072265625,4.889381,10.0,-1,27.46982
2140,726,1701.797149181366,932.4735174179077,1535.827392578125,1053.139892578125,3.7896461,24.0,-1,2.6049554
17,726,640.5172419548035,542.252875328064,474.5474853515625,662.9192504882812,2.4730067,16.0,-1,0.11736222
1784,726,1666.5892634391785,340.7565679550171,1500.6195068359375,461.4229431152344,2.1249654,8.0,-1,17.233444
1897,726,1465.343535900116,173.8130865097046,1299.373779296875,294.4794616699219,1.9213997,8.0,1,1.972265
2080,726,781.4942317008972,-33.57523441314697,615.5244750976562,87.09114074707031,0.9861562,12.0,-1,4.011215
1,727,1482.5706477165222,200.9900884628296,1316.27734375,322.037841796875,39.59917,8.0,1,25.770638
0,727,1442.6112971305847,836.7548589706421,1276.3179931640625,957.8026123046875,27.402956,10.0,1,12.625236
1961,727,1648.3333430290222,423.85404109954834,1482.0400390625,544.9017944335938,22.062208,16.0,-1,6.990113
1879,727,1758.8747248649597,51.9957799911499,1592.5814208984375,173.0435333251953,20.11527,6.0,1,0.6348692
4,727,1240.0011897087097,-50.78238010406494,1073.7078857421875,70.26537322998047,18.279966,14.0,-1,2.8123229
3,727,1028.6402888298035,342.0005865097046,862.3469848632812,463.04833984375,15.684306,8.0,1,6.8705745
11,727,358.03742933273315,335.61771297454834,191.74412536621094,456.66546630859375,15.149016,16.0,-1,20.957647
2,727,1536.5603938102722,317.1216802597046,1370.26708984375,438.16943359375,13.148744,8.0,1,14.149295
1332,727,642.1992793083191,588.7013311386108,475.9059753417969,709.7490844726562,12.5315695,12.0,-1,16.950638
9,727,1336.4627375602722,1070.124243736267,1170.16943359375,1191.1719970703125,7.953875,8.0,-1,33.595184
2281,727,1783.7865900993347,-16.745240211486816,1617.4932861328125,104.3025131225586,7.305143,8.0,-1,32.50738
8,727,1431.7603449821472,281.0242986679077,1265.467041015625,402.0720520019531,6.998842,8.0,-1,23.892305
2211,727,259.4439158439636,-96.66591548919678,93.1506118774414,24.381837844848633,6.9686913,14.0,-1,16.050451
10,727,557.5407710075378,-25.386834144592285,391.2474670410156,95.66091918945312,5.4304605,12.0,-1,18.601463
2032,727,491.64041090011597,-86.99552249908447,325.34710693359375,34.05223083496094,5.162218,12.0,-1,0.8278425
2140,727,1701.9795832633972,933.2945318222046,1535.686279296875,1054.34228515625,5.135203,24.0,-1,3.9186532
2127,727,1051.9068903923035,268.3219060897827,885.6135864257812,389.3696594238281,4.9933686,12.0,-1,38.39764
12,727,1112.8775324821472,858.6709356307983,946.584228515625,979.7186889648438,4.455321,10.0,-1,22.59225
2263,727,1045.0381770133972,278.2426519393921,878.744873046875,399.2904052734375,2.877538,24.0,-1,32.222683
17,727,641.0540461540222,543.9113531112671,474.7607421875,664.9591064453125,2.2009778,8.0,1,0.48332718
1784,727,1665.5796809196472,340.35758113861084,1499.286376953125,461.40533447265625,2.1780865,8.0,-1,16.629766
1897,727,1462.6907649040222,174.21732234954834,1296.3974609375,295.26507568359375,1.2642529,8.0,1,2.0457063
2080,727,780.2609553337097,-33.92920780181885,613.9676513671875,87.11854553222656,0.80469155,12.0,-1,4.440935
1,728,1483.673614025116,199.62454891204834,1317.8818359375,320.1054382324219,45.080845,8.0,1,27.22957
1879,728,1759.769073009491,51.17690181732178,1593.977294921875,171.6577911376953,38.717846,6.0,1,0.92766356
0,728,1442.0431208610535,836.6573553085327,1276.2513427734375,957.1382446289062,21.81726,10.0,1,4.967485
4,728,1237.7525935173035,-51.32417392730713,1071.9608154296875,69.1567153930664,20.408419,14.0,-1,8.414535
1961,728,1650.370391368866,422.10553646087646,1484.57861328125,542.58642578125,18.996279,16.0,-1,7.4256787
3,728,1026.2808527946472,341.5008611679077,860.4890747070312,461.98175048828125,18.320868,8.0,1,4.082595
11,728,355.72326612472534,335.5990056991577,189.93148803710938,456.07989501953125,17.782404,16.0,-1,20.725445
1332,728,641.7833247184753,588.6849431991577,475.9915466308594,709.1658325195312,11.691308,12.0,-1,15.033262
9,728,1337.640166759491,1073.235297203064,1171.848388671875,1193.7161865234375,11.270874,8.0,-1,36.970444
2,728,1538.7442927360535,317.1380681991577,1372.9525146484375,437.61895751953125,10.956544,8.0,1,13.312377
2281,728,1784.2025446891785,-16.151177406311035,1618.4107666015625,104.3297119140625,7.6644263,8.0,-1,33.45697
2211,728,260.3208842277527,-95.18056201934814,94.52910614013672,25.30032730102539,6.7239146,14.0,-1,15.09134
12,728,1111.770049571991,859.5257024765015,945.978271484375,980.006591796875,6.713529,10.0,-1,27.435717
10,728,557.0835871696472,-24.79732608795166,391.29180908203125,95.68356323242188,6.1853523,12.0,-1,21.50571
2032,728,492.44946241378784,-87.21273899078369,326.6576843261719,33.268150329589844,5.7231045,14.0,-1,6.338129
8,728,1430.1261286735535,282.5823736190796,1264.3343505859375,403.0632629394531,5.0394897,8.0,-1,21.939436
2140,728,1702.937285900116,934.4434270858765,1537.1455078125,1054.92431640625,4.766218,24.0,-1,3.9591155
17,728,642.1509394645691,545.6522283554077,476.3591613769531,666.1331176757812,4.473106,8.0,1,0.7099515
2127,728,1049.9388728141785,266.0502996444702,884.1470947265625,386.53118896484375,4.347762,14.0,-1,32.07673
1784,728,1667.858916759491,337.84915828704834,1502.067138671875,458.3300476074219,3.0368652,8.0,-1,16.087782
1897,728,1459.780303478241,177.40558528900146,1293.988525390625,297.886474609375,1.0284727,20.0,-1,1.0661952
2080,728,776.632354259491,-32.438050270080566,610.840576171875,88.04283905029297,0.6943755,10.0,-1,3.762628
1,729,1483.5938410758972,199.63039588928223,1318.1444091796875,320.7213439941406,39.461796,8.0,1,26.591656
1879,729,1759.8147883415222,48.52787208557129,1594.3653564453125,169.6188201904297,26.414864,12.0,-1,0.2913134
1961,729,1651.2841486930847,422.25225257873535,1485.834716796875,543.3432006835938,22.55971,16.0,-1,6.527859
4,729,1237.3255305290222,-51.02158164978027,1071.8760986328125,70.06936645507812,20.337004,14.0,-1,10.705057
3,729,1025.9228205680847,342.3237552642822,860.473388671875,463.4147033691406,17.356659,8.0,1,6.106567
2,729,1538.0010676383972,315.2617130279541,1372.5516357421875,436.3526611328125,15.195643,8.0,1,8.375256
0,729,1440.5258479118347,835.1486148834229,1275.076416015625,956.2395629882812,14.845759,10.0,1,0.5846461
11,729,355.4870295524597,336.8077640533447,190.03759765625,457.8987121582031,14.124095,16.0,-1,19.441883
1332,729,642.3998103141785,587.5385684967041,476.95037841796875,708.6295166015625,11.621993,12.0,-1,16.277145
9,729,1338.0589289665222,1072.7029972076416,1172.6094970703125,1193.7939453125,11.038201,8.0,-1,35.54702
2211,729,262.09726667404175,-95.18640899658203,96.64783477783203,25.904539108276367,7.028845,16.0,-1,15.100849
2032,729,493.0304865837097,-89.27924919128418,327.5810546875,31.81169891357422,6.7907147,14.0,-1,5.0198894
2140,729,1703.8674006462097,935.6541690826416,1538.41796875,1056.7451171875,6.706534,26.0,-1,2.9883857
10,729,557.1813654899597,-24.773893356323242,391.73193359375,96.31705474853516,6.560206,12.0,-1,21.279196
2281,729,1783.4837336540222,-17.429174423217773,1618.0343017578125,103.66177368164062,6.4334335,8.0,-1,33.459194
12,729,1115.1416926383972,858.6385440826416,949.6922607421875,979.7294921875,6.3448434,10.0,-1,21.248587
8,729,1430.6957697868347,285.0543155670166,1265.246337890625,406.145263671875,5.7484546,8.0,-1,25.119404
2127,729,1047.0716853141785,268.44256019592285,881.6222534179688,389.53350830078125,5.6004987,14.0,-1,38.048195
1784,729,1667.8132014274597,338.602502822876,1502.36376953125,459.6934509277344,2.9175994,8.0,-1,15.595569
17,729,638.8147883415222,544.9267520904541,473.3653564453125,666.0177001953125,2.5932853,8.0,1,0.6736315
1897,729,1460.2535090446472,180.11135292053223,1294.8040771484375,301.2023010253906,1.6029519,6.0,1,0.835951
2080,729,774.2604060173035,-35.151166915893555,608.8109741210938,85.93978118896484,0.68662685,12.0,-1,4.2574663
1,730,1482.9262232780457,198.94158363342285,1316.447998046875,320.1545715332031,25.074682,8.0,1,24.73772
1879,730,1758.9375758171082,48.47361183166504,1592.4593505859375,169.6865997314453,21.440485,12.0,-1,0.17895043
1961,730,1652.8686060905457,422.506555557251,1486.390380859375,543.7195434570312,21.370317,16.0,-1,7.4821973
3,730,1027.7841334342957,341.7163028717041,861.305908203125,462.9292907714844,14.267793,8.0,1,10.227163
2,730,1538.8794703483582,314.58928871154785,1372.4012451171875,435.8022766113281,14.115222,8.0,1,6.5078926
4,730,1237.0214381217957,-51.452802658081055,1070.543212890625,69.76018524169922,13.25666,14.0,-1,8.857748
11,730,356.0574793815613,337.5612735748291,189.57925415039062,458.7742614746094,12.852914,16.0,-1,19.94747
2211,730,264.0611720085144,-94.51468849182129,97.58294677734375,26.698299407958984,12.045322,16.0,-1,14.796036
1332,730,642.40385389328,590.5877323150635,475.9256286621094,711.8007202148438,11.312744,12.0,-1,15.244067
0,730,1439.1536402702332,833.5591678619385,1272.6754150390625,954.7721557617188,11.168328,6.0,-1,0.9751551
2032,730,493.02644300460815,-89.53528213500977,326.5482177734375,31.677705764770508,7.779897,14.0,-1,5.8728266
9,730,1336.8526148796082,1075.9914798736572,1170.3743896484375,1197.2044677734375,7.7111363,8.0,-1,34.215366
2127,730,1049.676772594452,267.2276248931885,883.1985473632812,388.44061279296875,6.808214,12.0,-1,37.74177
8,730,1430.4331812858582,284.3211307525635,1263.9549560546875,405.53411865234375,6.7903,8.0,-1,28.386566
2281,730,1784.2664332389832,-16.710683822631836,1617.7882080078125,104.50230407714844,5.68335,8.0,-1,31.173481
10,730,554.5973048210144,-24.719633102416992,388.11907958984375,96.49335479736328,5.0926914,12.0,-1,21.222298
2140,730,1706.1463160514832,940.9946537017822,1539.6680908203125,1062.2076416015625,4.890133,24.0,-1,3.525354
17,730,633.0725245475769,546.1662845611572,466.59429931640625,667.3792724609375,2.230263,8.0,1,1.0149059
12,730,1115.6466212272644,859.1651859283447,949.1683959960938,980.378173828125,2.1823764,10.0,-1,6.4725904
1784,730,1669.8930201530457,334.8548831939697,1503.414794921875,456.06787109375,1.6066952,8.0,-1,13.162961
1897,730,1459.9672389030457,183.30669593811035,1293.489013671875,304.5196838378906,1.404476,6.0,1,0.8354846
2080,730,773.0239405632019,-35.57716941833496,606.5457153320312,85.63581848144531,0.38930094,12.0,-1,4.359712
1,731,1482.9206080436707,196.81987190246582,1316.0455322265625,318.4925537109375,35.420994,8.0,1,26.17635
1879,731,1756.7764430046082,46.18724250793457,1589.9013671875,167.85992431640625,24.204226,6.0,1,4.916828
4,731,1236.7515406608582,-51.3505916595459,1069.87646484375,70.32209014892578,24.021315,14.0,-1,8.691077
1961,731,1652.9650416374207,424.7468738555908,1486.0899658203125,546.4195556640625,18.105608,16.0,-1,7.148223
2,731,1539.2815699577332,314.2379627227783,1372.406494140625,435.91064453125,15.574066,10.0,1,9.889267
3,731,1028.5101466178894,342.04734992980957,861.6350708007812,463.72003173828125,13.213028,8.0,1,10.090093
11,731,355.0460810661316,338.1141834259033,188.17100524902344,459.786865234375,11.01403,16.0,-1,19.160742
0,731,1439.3972926139832,833.4569568634033,1272.522216796875,955.129638671875,10.545011,6.0,-1,5.046606
1332,731,640.1201319694519,592.4714832305908,473.24505615234375,714.1441650390625,9.21986,12.0,-1,15.759392
9,731,1335.2251734733582,1072.2610340118408,1168.35009765625,1193.9337158203125,9.151195,8.0,-1,36.76704
2211,731,265.13481855392456,-93.22096061706543,98.2597427368164,28.45172119140625,9.149692,14.0,-1,15.931885
2140,731,1704.4311060905457,941.8008289337158,1537.5560302734375,1063.4735107421875,7.6303735,24.0,-1,4.0308504
2032,731,493.57023572921753,-90.70721435546875,326.6951599121094,30.96546745300293,6.68726,12.0,-1,4.824555
8,731,1429.5165553092957,282.11543464660645,1262.6414794921875,403.7881164550781,6.6655583,8.0,-1,26.622334
10,731,551.9070582389832,-24.41212272644043,385.031982421875,97.26055908203125,6.4345365,10.0,-1,23.14795
2281,731,1782.7001490592957,-18.91261100769043,1615.8250732421875,102.76007080078125,5.853598,8.0,-1,26.592894
2127,731,1049.682387828827,267.08455085754395,882.8073120117188,388.7572326660156,5.5218315,12.0,-1,38.130108
12,731,1117.8560328483582,854.3542957305908,950.98095703125,976.0269775390625,5.180253,10.0,-1,10.702907
2263,731,1046.139907360077,276.7596912384033,879.2648315429688,398.432373046875,2.876855,22.0,-1,32.884556
17,731,633.6965479850769,550.0599842071533,466.82147216796875,671.732666015625,2.6556356,14.0,-1,0.46852732
1784,731,1673.3163599967957,337.09675788879395,1506.4412841796875,458.7694396972656,2.1493695,8.0,-1,14.416919
2080,731,770.9360499382019,-34.04199028015137,604.0609741210938,87.63069152832031,0.8567429,14.0,-1,4.108239
1897,731,1459.9857935905457,181.15132331848145,1293.1107177734375,302.8240051269531,0.8331601,6.0,1,1.1379116
1,732,1485.9833521842957,196.75964546203613,1318.9312744140625,318.5097961425781,28.775984,8.0,1,26.602377
1879,732,1758.1693873405457,43.75766181945801,1591.1173095703125,165.5078125,21.268372,6.0,1,2.8421361
3,732,1029.1985621452332,341.54590034484863,862.146484375,463.2960510253906,19.038671,8.0,1,13.510958
9,732,1335.0808863639832,1072.3212604522705,1168.02880859375,1194.0714111328125,15.251344,8.0,-1,36.064804
4,732,1237.2126002311707,-51.437604904174805,1070.1605224609375,70.31254577636719,15.144235,14.0,-1,10.48195
0,732,1440.1129908561707,834.3942584991455,1273.0609130859375,956.1444091796875,13.910359,6.0,-1,6.0213695
2,732,1538.2755885124207,315.2662982940674,1371.2235107421875,437.0164489746094,13.04629,8.0,1,7.2140555
1961,732,1652.6439967155457,427.03396797180176,1485.5919189453125,548.7841186523438,11.263073,16.0,-1,5.9771175
1332,732,639.3593287467957,592.7834796905518,472.3072509765625,714.5336303710938,11.050073,12.0,-1,16.119299
11,732,353.2400965690613,340.5095844268799,186.18801879882812,462.2597351074219,10.110426,16.0,-1,19.370453
2211,732,265.5136179924011,-92.00370597839355,98.46154022216797,29.746444702148438,9.791453,16.0,-1,15.443014
12,732,1120.9513087272644,854.0383625030518,953.8992309570312,975.7885131835938,8.536983,10.0,-1,17.434305
10,732,550.8630518913269,-25.513830184936523,383.81097412109375,96.23632049560547,7.6525292,12.0,-1,22.685677
2127,732,1050.1382594108582,268.8703327178955,883.086181640625,390.6204833984375,7.102791,12.0,-1,38.311153
8,732,1427.6452174186707,277.82031440734863,1260.5931396484375,399.5704650878906,6.6294274,8.0,-1,26.370987
2032,732,492.24516248703003,-91.17303657531738,325.1930847167969,30.57711410522461,5.8026357,12.0,-1,5.4137697
2140,732,1706.2047877311707,941.8908405303955,1539.1527099609375,1063.6409912109375,5.4046764,24.0,-1,4.1909447
2281,732,1780.8601832389832,-20.263090133666992,1613.80810546875,101.487060546875,5.1394095,8.0,-1,24.429243
1784,732,1673.4606471061707,338.22805976867676,1506.4085693359375,459.97821044921875,4.089988,8.0,-1,18.353947
17,732,637.4150233268738,546.8429889678955,470.3629455566406,668.5931396484375,2.032182,14.0,-1,0.0776719
2080,732,769.2315211296082,-32.067304611206055,602.179443359375,89.68284606933594,0.9649891,14.0,-1,3.3961136
1897,732,1457.7948756217957,180.97809028625488,1290.7427978515625,302.7282409667969,0.9567292,8.0,1,1.34568
1,733,1488.5180201530457,196.35692024230957,1320.17529296875,318.2378845214844,46.71748,8.0,1,26.957027
11,733,350.03225660324097,340.4432849884033,181.6895294189453,462.3242492675781,24.255785,16.0,-1,19.220615
1961,733,1653.9530787467957,426.9837818145752,1485.6103515625,548.86474609375,20.891775,16.0,-1,7.0748405
1879,733,1759.9387965202332,45.154130935668945,1591.5960693359375,167.03509521484375,20.273252,6.0,1,1.597921
4,733,1238.0711207389832,-52.73879051208496,1069.7283935546875,69.14217376708984,18.444002,14.0,-1,11.126296
3,733,1030.3092799186707,340.6015796661377,861.966552734375,462.4825439453125,17.54608,8.0,1,14.162066
2,733,1538.2959742546082,316.0567798614502,1369.9532470703125,437.937744140625,11.519774,10.0,1,6.5998855
1332,733,637.8115077018738,594.0272998809814,469.4687805175781,715.9082641601562,11.380549,12.0,-1,15.918529
0,733,1439.0313258171082,833.5822315216064,1270.6885986328125,955.4631958007812,11.35984,6.0,-1,3.9998045
9,733,1334.6377711296082,1073.5794849395752,1166.2950439453125,1195.46044921875,10.018456,8.0,-1,35.13033
2211,733,265.74075269699097,-90.89427947998047,97.39802551269531,30.986684799194336,9.913556,16.0,-1,15.326674
2032,733,490.39619398117065,-90.3561840057373,322.053466796875,31.5247802734375,7.6980014,14.0,-1,8.214184
2140,733,1705.0871119499207,941.6341724395752,1536.744384765625,1063.51513671875,6.6380444,22.0,-1,3.9256327
2281,733,1780.3345484733582,-17.4659481048584,1611.9918212890625,104.4150161743164,6.4088054,8.0,-1,25.911802
10,733,550.2092127799988,-22.359609603881836,381.8664855957031,99.52135467529297,6.204923,12.0,-1,21.37787
8,733,1427.4054713249207,277.8705005645752,1259.062744140625,399.75146484375,5.9259243,8.0,-1,26.110022
2127,733,1052.9427638053894,267.03145027160645,884.6000366210938,388.91241455078125,4.957826,12.0,-1,31.565533
12,733,1123.439467906952,853.5861988067627,955.0967407226562,975.4671630859375,4.6338744,10.0,-1,24.011139
1784,733,1672.6299586296082,338.5135974884033,1504.2872314453125,460.3945617675781,4.0118704,8.0,-1,19.524828
17,733,637.9345240592957,541.8458423614502,469.591796875,663.726806640625,1.9240168,6.0,1,0.23488292
1897,733,1457.7744898796082,180.09172248840332,1289.4317626953125,301.9726867675781,1.0529197,18.0,-1,0.021826863
2080,733,769.3437647819519,-31.947797775268555,601.0010375976562,89.93316650390625,0.79259396,14.0,-1,3.4614391
1,734,1487.8118472099304,196.2783718109131,1318.2437744140625,318.89703369140625,33.621964,8.0,1,25.415852
1879,734,1759.703570842743,45.08516502380371,1590.135498046875,167.70382690429688,30.831856,6.0,1,0.18899155
1961,734,1653.537555217743,428.14403343200684,1483.969482421875,550.7626953125,27.555847,16.0,-1,7.1380854
11,734,350.8545718193054,340.48720359802246,181.2864990234375,463.1058654785156,18.319614,18.0,-1,20.753372
3,734,1030.1822695732117,340.9314479827881,860.6141967773438,463.55010986328125,14.373258,8.0,1,7.149931
0,734,1439.8592104911804,831.7280178070068,1270.2911376953125,954.3466796875,13.684071,6.0,-1,2.2888985
9,734,1337.6184878349304,1069.1264553070068,1168.0504150390625,1191.7451171875,12.674461,8.0,-1,32.984715
2211,734,265.86776304244995,-91.30640029907227,96.29969024658203,31.3122615814209,12.129758,16.0,-1,14.71858
4,734,1238.8848452568054,-50.60721778869629,1069.3167724609375,72.01144409179688,11.510749,14.0,-1,10.436489
1332,734,636.2794070243835,594.2513942718506,466.7113342285156,716.8700561523438,11.243144,12.0,-1,16.662415
2,734,1537.6253237724304,316.3819179534912,1368.0572509765625,439.0005798339844,11.176246,10.0,1,5.782396
10,734,552.4773745536804,-22.403528213500977,382.9093017578125,100.21513366699219,8.320388,10.0,-1,23.508638
2032,734,488.44215726852417,-89.49648475646973,318.87408447265625,33.12217712402344,7.610143,14.0,-1,10.7354145
2281,734,1777.729205608368,-15.27897834777832,1608.1611328125,107.33968353271484,6.543365,8.0,-1,28.010807
2140,734,1706.2932925224304,939.7485256195068,1536.7252197265625,1062.3671875,6.182669,22.0,-1,4.272092
8,734,1430.5115542411804,278.8411159515381,1260.9434814453125,401.45977783203125,5.103974,8.0,-1,22.219013
12,734,1124.020221233368,854.5477199554443,954.4521484375,977.1663818359375,4.5027447,10.0,-1,28.127708
2127,734,1056.2012515068054,264.0157070159912,886.6331787109375,386.6343688964844,4.3019958,12.0,-1,27.874842
17,734,638.6169924736023,540.6595973968506,469.0489196777344,663.2782592773438,3.1507237,6.0,1,0.05571708
1784,734,1671.371295452118,336.4723720550537,1501.80322265625,459.0910339355469,2.8618326,8.0,-1,19.579134
2263,734,1048.6391787528992,272.65465354919434,879.0711059570312,395.2733154296875,2.2904012,12.0,-1,35.73921
1897,734,1457.236041545868,180.3325710296631,1287.66796875,302.95123291015625,1.4073954,6.0,1,0.9065157
2080,734,768.3516421318054,-32.448076248168945,598.7835693359375,90.17058563232422,0.72754115,10.0,-1,3.9987745
3,735,1029.775592327118,340.2664089202881,860.1820068359375,463.87298583984375,31.794794,8.0,1,8.968591
1,735,1486.4710268974304,194.5868740081787,1316.87744140625,318.1934509277344,30.964602,8.0,1,25.657125
1879,735,1759.891314983368,43.247365951538086,1590.2977294921875,166.85394287109375,22.590826,10.0,-1,1.2213266
1961,735,1653.537555217743,427.55260276794434,1483.9439697265625,551.1591796875,20.776419,16.0,-1,7.377013
4,735,1239.4495425224304,-49.710039138793945,1069.85595703125,73.89653778076172,19.498951,14.0,-1,10.406267
0,735,1438.460895061493,830.7523708343506,1268.8673095703125,954.3589477539062,14.488808,6.0,-1,1.7420623
11,735,352.0540804862976,341.48927879333496,182.4604949951172,465.0958557128906,13.826347,18.0,-1,20.678986
2211,735,261.12357664108276,-90.53736305236816,91.52999114990234,33.0692138671875,12.525992,16.0,-1,14.527127
2,735,1539.924762248993,316.7531032562256,1370.3311767578125,440.35968017578125,12.253909,8.0,1,7.586093
8,735,1431.547076702118,278.4300136566162,1261.9534912109375,402.0365905761719,11.834477,8.0,-1,25.625156
1332,735,637.1910281181335,593.9566555023193,467.5974426269531,717.563232421875,10.668964,12.0,-1,14.955808
9,735,1339.679645061493,1064.4416408538818,1170.0860595703125,1188.0482177734375,10.582015,8.0,-1,31.69223
2281,735,1777.3604311943054,-17.6336612701416,1607.766845703125,105.97291564941406,8.897941,8.0,-1,29.572653
12,735,1122.9040713310242,855.5011501312256,953.3104858398438,979.1077270507812,7.715585,10.0,-1,29.755022
10,735,553.7986025810242,-21.936342239379883,384.20501708984375,101.67023468017578,7.140576,10.0,-1,22.814741
2032,735,488.4526858329773,-86.7604923248291,318.8591003417969,36.84608459472656,6.233107,14.0,-1,10.124132
2263,735,1046.3418765068054,272.0618495941162,876.748291015625,395.6684265136719,3.8476484,12.0,-1,36.38164
2127,735,1054.4257998466492,264.78929710388184,884.8322143554688,388.3958740234375,3.7094867,12.0,-1,20.86227
2140,735,1706.362506389618,939.7485256195068,1536.7689208984375,1063.3551025390625,3.574701,22.0,-1,3.9560792
1784,735,1669.0557436943054,338.1765956878662,1499.462158203125,461.7831726074219,3.5525115,8.0,-1,20.577375
17,735,639.638659954071,538.8644313812256,470.0450744628906,662.4710083007812,2.711854,8.0,1,0.83558863
1897,735,1455.8086733818054,183.29393577575684,1286.215087890625,306.9005126953125,1.1589426,8.0,1,0.22636616
2080,735,767.4216494560242,-30.45505714416504,597.8280639648438,93.15151977539062,0.6957376,12.0,-1,4.7693863
1,736,1488.8903994560242,194.39623069763184,1318.97265625,318.08062744140625,32.48221,8.0,1,26.531538
1961,736,1652.6618838310242,426.33336448669434,1482.744140625,550.0177612304688,29.650808,16.0,-1,7.2681117
1879,736,1760.6353945732117,42.18166160583496,1590.7176513671875,165.86605834960938,23.588417,6.0,1,1.8155353
11,736,352.4557681083679,342.3612880706787,182.53802490234375,466.0456848144531,19.497953,16.0,-1,19.821049
0,736,1438.3139834403992,830.7523708343506,1268.396240234375,954.436767578125,19.35946,6.0,-1,2.082083
4,736,1241.4441103935242,-49.48858833312988,1071.5263671875,74.19580841064453,17.29315,14.0,-1,8.418712
3,736,1028.4936709403992,340.1713161468506,858.575927734375,463.855712890625,17.284082,8.0,1,6.848204
2211,736,259.89847898483276,-88.83423042297363,89.9807357788086,34.85016632080078,11.641772,16.0,-1,14.258938
8,736,1431.9660830497742,276.8173427581787,1262.04833984375,400.5017395019531,10.675641,8.0,-1,26.81178
9,736,1339.9027285575867,1063.005666732788,1169.9849853515625,1186.6900634765625,10.469328,8.0,-1,34.61357
2281,736,1778.1861758232117,-17.68950080871582,1608.2684326171875,105.9948959350586,9.687965,8.0,-1,27.775148
10,736,552.2830691337585,-24.363916397094727,382.3653259277344,99.32048034667969,9.421152,10.0,-1,23.361155
2,736,1540.4316592216492,317.49132347106934,1370.513916015625,441.17572021484375,9.112962,10.0,1,6.927633
1332,736,637.1910281181335,594.5482082366943,467.2732849121094,718.2326049804688,9.0469885,12.0,-1,15.657344
2032,736,488.8396792411804,-85.90360069274902,318.92193603515625,37.78079605102539,8.813207,14.0,-1,8.4675665
12,736,1121.5171084403992,858.9758205413818,951.599365234375,982.6602172851562,8.339537,10.0,-1,30.295889
2127,736,1052.1617617607117,263.33897972106934,882.2440185546875,387.02337646484375,3.761418,14.0,-1,21.156961
2140,736,1703.8463320732117,938.9299831390381,1533.9285888671875,1062.6143798828125,3.546888,22.0,-1,3.1874685
2263,736,1044.4061465263367,273.17116355895996,874.4884033203125,396.8555603027344,2.5671768,10.0,-1,34.82505
17,736,637.3698916435242,538.9645290374756,467.4521484375,662.64892578125,2.394769,6.0,1,0.6420256
1784,736,1669.2939639091492,337.84313011169434,1499.376220703125,461.52752685546875,2.2433782,8.0,-1,19.500937
1897,736,1456.0288271903992,185.4490261077881,1286.111083984375,309.1334228515625,2.2286294,8.0,1,2.0346963
2080,736,765.2696108818054,-30.253679275512695,595.3518676757812,93.43071746826172,0.7692585,12.0,-1,4.2390637
1,737,1489.5522646903992,194.39623069763184,1318.0845947265625,318.281982421875,49.090267,8.0,1,25.200054
1879,737,1760.4059023857117,44.63918113708496,1588.938232421875,168.52493286132812,22.431074,6.0,1,0.4473734
1961,737,1652.6295351982117,426.4453639984131,1481.161865234375,550.3311157226562,21.839186,16.0,-1,6.5621705
3,737,1031.5777163505554,340.04723167419434,860.1100463867188,463.9329833984375,21.715439,8.0,1,7.9314775
0,737,1437.4467959403992,829.5793972015381,1265.9791259765625,953.4651489257812,17.779284,10.0,1,1.899428
4,737,1241.4494814872742,-51.01712989807129,1069.9818115234375,72.86862182617188,17.127565,14.0,-1,8.781645
11,737,352.97745084762573,343.7741298675537,181.50978088378906,467.6598815917969,13.778648,18.0,-1,20.921843
9,737,1339.4096865653992,1063.4481105804443,1167.9420166015625,1187.3338623046875,11.221803,8.0,-1,34.07935
1332,737,637.5423159599304,595.0339260101318,466.07464599609375,718.919677734375,9.593977,12.0,-1,12.924582
8,737,1432.8910098075867,278.25368309020996,1261.42333984375,402.1394348144531,9.334332,8.0,-1,25.841732
2211,737,259.8228030204773,-85.42532157897949,88.35513305664062,38.46043014526367,9.304332,16.0,-1,14.659269
2,737,1539.8318057060242,316.6303005218506,1368.3641357421875,440.51605224609375,9.2408,4.0,-1,0.57678103
2140,737,1703.8463320732117,937.1419582366943,1532.378662109375,1061.0277099609375,7.9183145,22.0,-1,3.647276
2281,737,1777.4041934013367,-15.23289680480957,1605.9365234375,108.6528549194336,7.6194324,8.0,-1,29.849508
2032,737,490.5180239677429,-86.61913871765137,319.05035400390625,37.2666130065918,6.6552315,14.0,-1,8.269084
10,737,551.1624636650085,-25.550050735473633,379.6947937011719,98.33570098876953,5.783934,10.0,-1,23.976933
12,737,1123.062701702118,861.0240993499756,951.5950317382812,984.9098510742188,5.6940866,10.0,-1,30.479132
2127,737,1050.6064639091492,264.3850917816162,879.1387939453125,388.2708435058594,4.3498883,12.0,-1,28.95175
1784,737,1671.4381289482117,334.6935634613037,1499.970458984375,458.5793151855469,4.205687,8.0,-1,22.468405
2263,737,1044.0421328544617,274.51747703552246,872.574462890625,398.4032287597656,2.6182907,22.0,-1,34.966908
1897,737,1459.3835635185242,183.85484886169434,1287.9158935546875,307.7406005859375,1.5741382,20.0,-1,0.24209034
17,737,637.4334597587585,538.0269069671631,465.9657897949219,661.9126586914062,1.5509944,6.0,1,0.7388871
2080,737,763.0282778739929,-31.490114212036133,591.5606079101562,92.39563751220703,0.4614925,14.0,-1,4.536433
1,738,1490.3636050224304,193.27513694763184,1318.7073974609375,318.04412841796875,42.38184,8.0,1,25.398203
1961,738,1649.705279827118,426.1855983734131,1478.049072265625,550.95458984375,24.81412,16.0,-1,6.3096094
1879,738,1760.754596233368,42.68544578552246,1589.098388671875,167.45443725585938,22.56568,6.0,1,1.4567697
4,738,1241.5801577568054,-50.36297798156738,1069.9239501953125,74.40601348876953,19.921474,14.0,-1,7.5952816
0,738,1437.552203655243,829.6054592132568,1265.89599609375,954.3744506835938,19.211828,6.0,-1,1.7628284
11,738,353.1933627128601,341.6586513519287,181.5371551513672,466.4276428222656,18.206097,18.0,-1,20.580822
3,738,1032.1849551200867,337.3818874359131,860.5287475585938,462.15087890625,12.068065,8.0,1,4.418252
2211,738,256.35294675827026,-84.93846321105957,84.69673919677734,39.830528259277344,11.780477,16.0,-1,13.914162
1332,738,636.0575137138367,595.0339260101318,464.40130615234375,719.8029174804688,11.449975,14.0,-1,14.805552
2,738,1540.153522014618,317.19823265075684,1368.497314453125,441.96722412109375,8.902791,8.0,1,3.4532259
9,738,1339.299762248993,1064.4652614593506,1167.6435546875,1189.2342529296875,8.334993,8.0,-1,31.946297
8,738,1434.820270061493,278.91347312927246,1263.1640625,403.6824645996094,7.89,8.0,-1,26.841574
2281,738,1777.470660686493,-19.960275650024414,1605.814453125,104.8087158203125,7.5103974,8.0,-1,30.404196
12,738,1122.6917300224304,860.8849391937256,951.0355224609375,985.6539306640625,7.4496,10.0,-1,29.65302
10,738,549.5750308036804,-25.74668312072754,377.9188232421875,99.02230834960938,7.309891,12.0,-1,20.722288
2032,738,491.7427248954773,-86.43911552429199,320.0865173339844,38.32987594604492,7.212354,14.0,-1,11.155886
2140,738,1701.9925112724304,938.8712673187256,1530.3363037109375,1063.6402587890625,7.044853,24.0,-1,3.587377
2127,738,1050.6064639091492,267.2528896331787,878.9502563476562,392.0218811035156,4.595983,12.0,-1,28.255276
1784,738,1671.3667788505554,329.14235496520996,1499.7105712890625,453.9113464355469,3.7430499,8.0,-1,16.911905
2263,738,1040.3017764091492,276.5016384124756,868.6455688476562,401.2706298828125,2.444357,24.0,-1,32.654324
17,738,635.9656863212585,536.5135402679443,464.3094787597656,661.2825317382812,1.9983691,8.0,1,0.24576727
1897,738,1461.8448061943054,184.2412624359131,1290.1885986328125,309.01025390625,1.6447707,8.0,1,1.1482873
2080,738,761.5335268974304,-32.450326919555664,589.8773193359375,92.31866455078125,1.09824,12.0,-1,3.7953324
1,739,1489.425250530243,192.4694652557373,1317.839111328125,317.12054443359375,24.221048,8.0,1,25.716217
1879,739,1761.485553264618,42.55897331237793,1589.8994140625,167.21005249023438,24.128046,6.0,1,0.813364
4,739,1241.4654116630554,-50.25633430480957,1069.8792724609375,74.39474487304688,22.825548,14.0,-1,6.972756
0,739,1437.6060366630554,830.3714427947998,1266.0198974609375,955.0225219726562,16.733335,10.0,1,1.7982812
1961,739,1648.8157534599304,427.5799388885498,1477.2296142578125,552.2310180664062,16.705408,16.0,-1,6.3667855
11,739,351.7507357597351,339.3953685760498,180.1645965576172,464.04644775390625,15.4162035,18.0,-1,21.06438
3,739,1031.118609905243,338.6828441619873,859.532470703125,463.33392333984375,14.640224,14.0,-1,1.7912495
9,739,1341.523150920868,1061.2231884002686,1169.93701171875,1185.874267578125,13.281044,8.0,-1,35.226517
1332,739,633.9383730888367,595.8299388885498,462.35223388671875,720.4810180664062,12.107392,14.0,-1,15.256353
2,739,1540.153522014618,317.7421703338623,1368.5673828125,442.39324951171875,11.935084,8.0,1,5.160505
2211,739,256.26266050338745,-84.93846321105957,84.67652130126953,39.712615966796875,10.655726,16.0,-1,13.300886
2140,739,1700.7764468193054,938.0933055877686,1529.1903076171875,1062.744384765625,7.9674373,22.0,-1,3.398483
2281,739,1777.502398967743,-21.032785415649414,1605.916259765625,103.61829376220703,7.869398,8.0,-1,28.434752
2032,739,492.08580350875854,-87.37098503112793,320.4996643066406,37.280094146728516,7.144339,14.0,-1,9.843486
8,739,1435.509234905243,280.0507640838623,1263.923095703125,404.70184326171875,7.050207,8.0,-1,26.150827
12,739,1120.9301943778992,861.9241771697998,949.3440551757812,986.5752563476562,6.931057,10.0,-1,25.301136
10,739,549.750476360321,-25.57950782775879,378.1643371582031,99.07157135009766,6.6778083,12.0,-1,21.334715
2127,739,1049.7937197685242,267.8838634490967,878.2075805664062,392.5349426269531,3.748024,14.0,-1,28.593466
2263,739,1043.7722353935242,275.8381175994873,872.1860961914062,400.48919677734375,2.949686,22.0,-1,38.874683
1784,739,1672.7395815849304,329.06327629089355,1501.1534423828125,453.71435546875,2.5535884,8.0,-1,15.653675
17,739,637.7818789482117,536.285322189331,466.19573974609375,660.9364013671875,1.7160052,6.0,1,0.059709698
1897,739,1462.8330874443054,183.47004508972168,1291.2469482421875,308.1211242675781,1.4593178,8.0,1,0.08946276
2080,739,757.8180727958679,-29.17418098449707,586.23193359375,95.47689819335938,0.49086526,12.0,-1,4.787382
1,740,1489.425250530243,192.93366813659668,1317.05224609375,318.198974609375,36.514374,8.0,1,24.78899
1961,740,1650.114947795868,429.11292839050293,1477.741943359375,554.3782348632812,22.292269,16.0,-1,6.523084
0,740,1438.475543498993,830.4690685272217,1266.1025390625,955.734375,21.763021,10.0,1,1.593699
3,740,1030.7199892997742,338.7508068084717,858.3469848632812,464.01611328125,20.914326,14.0,-1,5.6731396
1879,740,1759.206012248993,41.91993522644043,1586.8330078125,167.18524169921875,14.708774,6.0,1,1.1982439
4,740,1241.015582561493,-51.98586463928223,1068.642578125,73.2794418334961,13.611207,14.0,-1,9.920446
11,740,352.5247530937195,339.52543449401855,180.15174865722656,464.7907409667969,12.775861,18.0,-1,21.267612
1332,740,632.3202090263367,594.7951793670654,459.94720458984375,720.0604858398438,11.824055,12.0,-1,14.925882
2,740,1540.1919741630554,316.8881359100342,1367.8189697265625,442.1534423828125,10.94667,8.0,1,6.5655913
2211,740,257.0092272758484,-87.3539867401123,84.63622283935547,37.911319732666016,10.57664,16.0,-1,13.3004265
9,740,1344.171100139618,1060.2881603240967,1171.798095703125,1185.553466796875,8.268575,8.0,-1,31.289934
2281,740,1777.174029827118,-21.032785415649414,1604.801025390625,104.2325210571289,8.01102,8.0,-1,29.24577
10,740,550.4719424247742,-29.375276565551758,378.09893798828125,95.89002990722656,7.0571218,12.0,-1,21.329681
2032,740,492.0143313407898,-88.54739570617676,319.6413269042969,36.71791076660156,6.4617763,14.0,-1,9.703938
2140,740,1700.778033733368,939.7761974334717,1528.405029296875,1065.04150390625,6.215477,24.0,-1,3.339785
12,740,1120.041461467743,860.6500988006592,947.66845703125,985.9154052734375,5.9102826,10.0,-1,27.84273
8,740,1435.2676577568054,282.7119884490967,1262.8946533203125,407.977294921875,5.250296,8.0,-1,22.618233
2127,740,1050.6908144950867,268.1886730194092,878.3178100585938,393.4539794921875,4.5548663,12.0,-1,36.674145
17,740,638.4788088798523,537.5385875701904,466.1058044433594,662.8038940429688,2.9388533,16.0,-1,0.055122554
2263,740,1042.2913393974304,278.1303234100342,869.9183349609375,403.3956298828125,2.9239988,24.0,-1,34.2569
1784,740,1675.843707561493,327.7619457244873,1503.470703125,453.0272521972656,1.7935038,8.0,-1,15.869744
1897,740,1461.858355998993,183.67814445495605,1289.4853515625,308.9434509277344,1.7783675,18.0,-1,0.15584588
2080,740,755.0332217216492,-30.59551429748535,582.6602172851562,94.66979217529297,0.47614217,10.0,-1,3.4220614
1,741,1490.001178264618,194.44392204284668,1316.228515625,320.08050537109375,35.18441,8.0,1,24.967073
1879,741,1758.616656780243,38.60645866394043,1584.843994140625,164.2430419921875,20.402098,6.0,1,2.87036
1961,741,1649.465533733368,430.75098991394043,1475.69287109375,556.3875732421875,20.04287,16.0,-1,5.7873435
4,741,1243.614459514618,-50.36405372619629,1069.841796875,75.27252960205078,15.423007,14.0,-1,11.709593
3,741,1032.1075015068054,339.58460807800293,858.3348388671875,465.22119140625,15.226527,14.0,-1,6.1212025
11,741,352.0461001396179,340.60673332214355,178.2734375,466.2433166503906,15.131229,18.0,-1,20.74349
0,741,1438.188189983368,828.4479503631592,1264.41552734375,954.0845336914062,15.099956,10.0,1,1.141894
2,741,1539.889117717743,316.8881359100342,1366.116455078125,442.52471923828125,13.114567,8.0,1,5.819485
2281,741,1777.882770061493,-21.6754093170166,1604.110107421875,103.96117401123047,12.035914,8.0,-1,31.786596
2211,741,257.4188189506531,-86.68990135192871,83.64615631103516,38.94668197631836,12.019741,16.0,-1,13.046915
9,741,1343.393756389618,1062.363172531128,1169.62109375,1187.999755859375,11.860222,8.0,-1,37.592003
1332,741,633.5127139091492,593.3327770233154,459.74005126953125,718.9693603515625,9.007585,12.0,-1,15.374018
8,741,1437.4959292411804,284.78272819519043,1263.7232666015625,410.4193115234375,8.155136,8.0,-1,24.393564
12,741,1123.3399233818054,860.3967418670654,949.5672607421875,986.0333251953125,7.810881,10.0,-1,26.39836
2032,741,493.53636503219604,-87.54327964782715,319.7637023925781,38.09330368041992,6.212563,14.0,-1,10.64054
2127,741,1052.8661074638367,268.35584831237793,879.0934448242188,393.992431640625,6.1028333,12.0,-1,43.320675
10,741,549.5902285575867,-29.660844802856445,375.81756591796875,95.97573852539062,5.857491,12.0,-1,20.1118
2140,741,1700.418902873993,937.4266490936279,1526.646240234375,1063.063232421875,5.146849,24.0,-1,3.7562199
1784,741,1675.843707561493,326.2033214569092,1502.071044921875,451.83990478515625,2.313122,8.0,-1,14.7315
2263,741,1044.3648867607117,276.89738273620605,870.5922241210938,402.5339660644531,2.0390058,24.0,-1,34.034443
1897,741,1460.723102092743,187.4908275604248,1286.950439453125,313.1274108886719,1.4559256,8.0,1,2.2115202
17,741,634.7146182060242,535.4986705780029,460.94195556640625,661.13525390625,1.2849686,16.0,-1,0.88631094
2080,741,749.8794741630554,-31.915979385375977,576.1068115234375,93.7206039428711,0.5541393,14.0,-1,3.5258102
1,742,1490.2134585380554,195.50081825256348,1315.59521484375,321.70892333984375,24.98572,8.0,1,25.485846
1879,742,1758.374957561493,35.39084815979004,1583.7567138671875,161.5989532470703,21.22811,6.0,1,0.36410093
11,742,353.3798403739929,340.18450355529785,178.7615966796875,466.3926086425781,20.152798,18.0,-1,20.245281
2,742,1538.5337710380554,317.2771244049072,1363.91552734375,443.4852294921875,17.168177,8.0,1,13.621772
1961,742,1649.465533733368,429.143030166626,1474.8472900390625,555.3511352539062,16.729654,16.0,-1,6.330703
2211,742,257.97018003463745,-86.68990135192871,83.35193634033203,39.51820373535156,16.163301,16.0,-1,13.140912
0,742,1439.058551311493,827.6231327056885,1264.4403076171875,953.8312377929688,15.424778,10.0,1,1.192672
3,742,1031.4834780693054,340.8208866119385,856.865234375,467.02899169921875,12.794578,14.0,-1,6.7798204
9,742,1342.588336467743,1062.0752201080322,1167.9700927734375,1188.2833251953125,12.002139,8.0,-1,33.800804
4,742,1242.573199748993,-49.61007499694824,1067.9549560546875,76.59803009033203,11.364483,16.0,-1,12.667749
2032,742,494.63795804977417,-84.82065773010254,320.01971435546875,41.387447357177734,10.062083,14.0,-1,13.397263
2281,742,1778.660357952118,-22.897573471069336,1604.0421142578125,103.31053161621094,8.812622,8.0,-1,32.020992
1332,742,634.1707339286804,593.7143802642822,459.552490234375,719.9224853515625,7.682322,12.0,-1,14.304052
8,742,1437.3953433036804,282.26336097717285,1262.777099609375,408.4714660644531,7.3791404,8.0,-1,23.5761
10,742,549.747546672821,-26.857595443725586,375.1293029785156,99.35050964355469,6.1516514,12.0,-1,20.081934
2127,742,1053.213092327118,267.7871341705322,878.5948486328125,393.9952392578125,6.121861,14.0,-1,45.32065
2140,742,1699.201129436493,937.7535648345947,1524.5828857421875,1063.961669921875,5.397634,24.0,-1,4.340113
12,742,1124.1473574638367,863.8781986236572,949.5291137695312,990.0863037109375,4.2518477,10.0,-1,12.173145
1784,742,1672.4131655693054,323.870813369751,1497.794921875,450.07891845703125,3.858736,8.0,-1,20.805517
2263,742,1044.333453655243,275.4825382232666,869.7152099609375,401.6906433105469,2.713957,24.0,-1,33.327415
17,742,636.0273928642273,533.286096572876,461.4091491699219,659.4942016601562,2.4290578,16.0,-1,0.51324886
1897,742,1458.973346233368,188.3715763092041,1284.3551025390625,314.5796813964844,1.1633939,8.0,1,2.3409395
2080,742,748.8692812919617,-29.48890495300293,574.2510375976562,96.71920013427734,1.1295375,12.0,-1,4.6724505
1,743,1492.8427920341492,194.29653358459473,1318.1317138671875,320.6474914550781,25.649918,8.0,1,24.047699
2,743,1536.9138369560242,318.3730716705322,1362.2027587890625,444.7240295410156,24.191376,8.0,1,11.998041
1879,743,1758.4554629325867,35.776010513305664,1583.744384765625,162.12696838378906,24.027512,6.0,1,0.8970007
4,743,1240.5168642997742,-46.53503227233887,1065.8057861328125,79.81592559814453,23.309914,14.0,-1,11.460468
1961,743,1648.4565615653992,426.1979923248291,1473.7454833984375,552.5489501953125,17.104443,16.0,-1,5.727009
0,743,1440.7524600028992,828.4381046295166,1266.0413818359375,954.7890625,16.629105,6.0,-1,1.7122204
3,743,1031.4366641044617,340.2557621002197,856.7255859375,466.6067199707031,16.205904,14.0,-1,4.4942775
11,743,353.35443449020386,340.77190589904785,178.6433563232422,467.12286376953125,15.711482,18.0,-1,19.566204
2211,743,259.0338702201843,-87.66646385192871,84.32279205322266,38.68449401855469,15.022073,16.0,-1,11.919615
2032,743,491.52247953414917,-84.14588737487793,316.8114013671875,42.20507049560547,12.18134,14.0,-1,14.131324
1332,743,635.9055361747742,595.9700870513916,461.1944580078125,722.321044921875,11.760467,12.0,-1,14.459834
9,743,1344.6108584403992,1065.4476261138916,1169.8997802734375,1191.798583984375,10.891441,8.0,-1,35.80292
2127,743,1054.5874209403992,267.7871341705322,879.8763427734375,394.1380920410156,9.611782,12.0,-1,45.20772
2140,743,1699.9781680107117,935.6229190826416,1525.26708984375,1061.973876953125,9.0974045,22.0,-1,3.6150322
8,743,1436.7273135185242,282.1610355377197,1262.0162353515625,408.5119934082031,7.211815,8.0,-1,22.98253
2281,743,1778.6393008232117,-22.763715744018555,1603.92822265625,103.58724212646484,6.809939,8.0,-1,30.314953
12,743,1128.4405703544617,865.0125675201416,953.7294921875,991.363525390625,6.6140194,10.0,-1,27.815826
10,743,549.747546672821,-29.19208335876465,375.0364685058594,97.15887451171875,4.851465,12.0,-1,18.3583
1784,743,1670.7973818778992,323.8601322174072,1496.0863037109375,450.2110900878906,3.4474525,8.0,-1,20.330788
2263,743,1043.533893108368,273.81951332092285,868.8228149414062,400.17047119140625,2.2191734,24.0,-1,32.34925
1897,743,1460.9343447685242,185.6566104888916,1286.2232666015625,312.007568359375,1.503595,8.0,1,1.0561264
17,743,634.8374514579773,528.6492252349854,460.1263732910156,655.0001831054688,1.4739572,16.0,-1,0.8685413
2080,743,750.0976748466492,-28.280858993530273,575.3865966796875,98.07009887695312,0.6338863,12.0,-1,3.7564714
1879,744,1761.189670085907,38.65874671936035,1585.736572265625,165.0677490234375,29.507284,10.0,-1,0.591191
1,744,1493.8975558280945,196.42452430725098,1318.4444580078125,322.8335266113281,20.471415,8.0,1,21.79526
1961,744,1647.9195284843445,425.6312198638916,1472.4664306640625,552.0402221679688,19.746853,16.0,-1,6.4913135
4,744,1239.922824382782,-46.12624931335449,1064.4697265625,80.28275299072266,17.681316,14.0,-1,9.772764
11,744,353.35443449020386,341.0702152252197,177.90133666992188,467.4792175292969,15.021558,18.0,-1,21.204218
3,744,1033.771945476532,342.38298988342285,858.31884765625,468.7919921875,13.907611,14.0,-1,1.3268869
0,744,1442.8763155937195,828.4381046295166,1267.4232177734375,954.8471069335938,13.595899,6.0,-1,0.10823178
2032,744,489.73514127731323,-83.35053062438965,314.28204345703125,43.0584716796875,13.059348,14.0,-1,14.434807
9,744,1347.098849773407,1067.5027408599854,1171.645751953125,1193.9117431640625,13.003415,8.0,-1,36.16074
2127,744,1057.8805270195007,267.7554569244385,882.4274291992188,394.1644592285156,11.692966,12.0,-1,41.85193
2,744,1537.0611300468445,316.2208499908447,1361.6080322265625,442.6298522949219,11.371453,8.0,1,8.311135
1332,744,633.5171847343445,595.8143253326416,458.0640869140625,722.2233276367188,11.074634,12.0,-1,15.106578
2211,744,258.5486102104187,-87.7433910369873,83.09551239013672,38.665611267089844,10.20622,16.0,-1,12.459524
2281,744,1778.6770968437195,-24.34163475036621,1603.2239990234375,102.06736755371094,9.238815,8.0,-1,30.861502
12,744,1129.3898043632507,864.5048770904541,953.9367065429688,990.9138793945312,8.509441,10.0,-1,31.664776
2140,744,1701.3682589530945,936.1079654693604,1525.9151611328125,1062.5169677734375,7.500136,22.0,-1,4.5880284
10,744,546.8324313163757,-26.3457088470459,371.37933349609375,100.06329345703125,6.10709,12.0,-1,16.7422
8,744,1435.671847820282,279.4310550689697,1260.21875,405.8400573730469,5.7925334,8.0,-1,23.494196
1784,744,1670.1722140312195,325.4576358795166,1494.7191162109375,451.86663818359375,3.9216821,8.0,-1,20.248934
2263,744,1047.6936984062195,273.5412540435791,872.2406005859375,399.95025634765625,2.7201612,24.0,-1,33.623238
17,744,633.7187533378601,525.6627750396729,458.2656555175781,652.07177734375,1.3595511,18.0,-1,3.0829897
2080,744,747.660129070282,-28.38868522644043,572.20703125,98.02031707763672,1.0306389,10.0,-1,4.1593714
1897,744,1460.744357585907,187.66555213928223,1285.291259765625,314.0745544433594,0.6010861,22.0,-1,0.4538808
1879,745,1760.0411105155945,37.62233924865723,1583.8349609375,164.30386352539062,23.434908,6.0,1,0.33916527
0,745,1442.989718914032,827.7126407623291,1266.7835693359375,954.3941650390625,21.574274,10.0,1,3.8881698
1961,745,1650.228000164032,426.97112464904785,1474.0218505859375,553.6526489257812,19.900377,14.0,-1,5.3344145
4,745,1240.5130343437195,-46.20577049255371,1064.306884765625,80.47575378417969,18.605356,14.0,-1,8.026697
1,745,1494.9773898124695,198.65764808654785,1318.771240234375,325.33917236328125,15.638755,8.0,1,23.721573
1332,745,630.2096285820007,597.1835880279541,454.00347900390625,723.8651123046875,15.30146,12.0,-1,16.26594
2211,745,259.32467222213745,-86.08725547790527,83.11852264404297,40.594268798828125,13.153211,16.0,-1,13.284699
2032,745,489.0479769706726,-84.27631187438965,312.8418273925781,42.40521240234375,13.009675,14.0,-1,14.405201
9,745,1348.0154757499695,1067.4610538482666,1171.809326171875,1194.142578125,12.654435,8.0,-1,36.07313
11,745,352.4085421562195,338.875452041626,176.202392578125,465.5569763183594,10.404145,16.0,-1,19.76179
3,745,1033.863254070282,343.54216957092285,857.6571044921875,470.22369384765625,9.257503,8.0,1,2.2422264
2,745,1536.9698214530945,317.0740909576416,1360.763671875,443.755615234375,8.797089,10.0,1,0.826782
10,745,544.4024386405945,-26.680830001831055,368.1962890625,100.00069427490234,7.819466,14.0,-1,14.475346
2281,745,1781.1123995780945,-24.966794967651367,1604.90625,101.71472930908203,7.399721,8.0,-1,29.771385
12,745,1129.9748873710632,864.8978214263916,953.7687377929688,991.579345703125,7.2114005,10.0,-1,32.936714
8,745,1435.108615398407,278.25408363342285,1258.9024658203125,404.93560791015625,4.7299943,8.0,-1,21.452778
2140,745,1700.941623210907,936.1496524810791,1524.7354736328125,1062.8311767578125,4.406181,22.0,-1,3.659823
1784,745,1667.0999484062195,323.376916885376,1490.893798828125,450.0584411621094,3.3046227,8.0,-1,20.925903
2127,745,1059.4743990898132,268.5616092681885,883.2682495117188,395.2431335449219,3.2252636,12.0,-1,30.167255
2263,745,1049.0189547538757,276.2934818267822,872.8128051757812,402.9750061035156,2.33802,24.0,-1,31.034698
2335,745,633.9519991874695,533.8350772857666,457.745849609375,660.5166015625,1.9043756,16.0,-1,1.0708549
1897,745,1457.948459148407,188.75502967834473,1281.7423095703125,315.4365539550781,0.8418091,8.0,1,0.28161523
2080,745,746.0543551445007,-29.085111618041992,569.8482055664062,97.5964126586914,0.50431013,10.0,-1,3.673946
4,746,1242.2230563163757,-46.53371238708496,1065.8673095703125,80.80076599121094,30.243242,14.0,-1,9.046033
0,746,1442.7352633476257,826.8283634185791,1266.3795166015625,954.162841796875,28.671402,10.0,1,5.4637346
1879,746,1758.9150729179382,38.40981483459473,1582.559326171875,165.74429321289062,25.517159,6.0,1,0.12369883
1,746,1497.0985445976257,197.58608436584473,1320.7427978515625,324.9205627441406,19.484186,8.0,1,23.43939
2211,746,258.2881350517273,-87.02392768859863,81.93238830566406,40.310550689697266,18.264725,16.0,-1,14.274082
3,746,1033.863254070282,342.69524574279785,857.5075073242188,470.02972412109375,15.8696375,8.0,1,1.365974
11,746,351.62694120407104,338.875452041626,175.2711944580078,466.2099304199219,14.645867,18.0,-1,20.246893
2032,746,488.4313998222351,-87.94695472717285,312.0756530761719,39.38752365112305,12.955361,14.0,-1,14.881002
1961,746,1651.2666354179382,427.7700138092041,1474.910888671875,555.1044921875,12.796635,14.0,-1,4.401515
1332,746,629.276095867157,597.4144229888916,452.92034912109375,724.7489013671875,11.568546,12.0,-1,15.6544285
9,746,1348.9472994804382,1068.5491886138916,1172.591552734375,1195.8836669921875,10.699581,8.0,-1,33.81529
2,746,1536.6658053398132,318.5200443267822,1360.31005859375,445.8545227050781,10.121804,8.0,1,2.9160357
2281,746,1781.9027438163757,-23.525365829467773,1605.5469970703125,103.80911254882812,8.3597,8.0,-1,30.69307
12,746,1130.3091158866882,864.9575138092041,953.953369140625,992.2919921875,8.261708,10.0,-1,30.7201
2140,746,1696.2663912773132,934.5816593170166,1519.91064453125,1061.9161376953125,6.203991,22.0,-1,4.3412886
10,746,539.5549654960632,-22.324338912963867,363.19921875,105.01013946533203,5.245603,14.0,-1,13.511995
8,746,1435.5242037773132,278.7788333892822,1259.16845703125,406.1133117675781,5.185795,8.0,-1,24.143341
1784,746,1666.5514254570007,320.6736698150635,1490.1956787109375,448.0081481933594,4.430551,8.0,-1,20.63654
2263,746,1051.3926119804382,274.4786319732666,875.036865234375,401.8131103515625,4.040726,12.0,-1,33.597057
2127,746,1061.3362765312195,266.7716007232666,884.9805297851562,394.1060791015625,2.7584875,22.0,-1,13.588915
2335,746,636.549045085907,535.1323184967041,460.19329833984375,662.466796875,2.5128014,14.0,-1,3.878136
1897,746,1455.3009371757507,187.96282386779785,1278.9451904296875,315.29730224609375,1.0582887,8.0,1,0.807094
2080,746,746.9470553398132,-28.866941452026367,570.59130859375,98.46753692626953,0.5272641,10.0,-1,3.7456088
0,747,1444.5868563652039,826.3420429229736,1267.6265869140625,954.2590942382812,28.438314,10.0,1,6.948431
4,747,1245.0437655448914,-47.13882255554199,1068.08349609375,80.77822875976562,23.667091,14.0,-1,9.119495
1879,747,1758.9819979667664,38.76587104797363,1582.021728515625,166.68292236328125,23.14775,6.0,1,1.3698779
1,747,1498.4048495292664,197.91324043273926,1321.444580078125,325.8302917480469,22.275558,8.0,1,24.501806
2211,747,257.43685483932495,-87.38061332702637,80.4765853881836,40.53643798828125,19.701525,18.0,-1,15.377342
3,747,1035.25781583786,344.5280475616455,858.2975463867188,472.4450988769531,18.140388,14.0,-1,1.7307429
11,747,348.7407717704773,339.34829902648926,171.78050231933594,467.2653503417969,18.077303,16.0,-1,19.787397
2,747,1535.2033114433289,318.0348834991455,1358.2430419921875,445.9519348144531,16.779192,8.0,1,6.718088
1961,747,1647.6187167167664,426.9188861846924,1470.658447265625,554.8359375,16.430601,14.0,-1,4.9424357
1332,747,629.8373446464539,595.4097919464111,452.8770751953125,723.3268432617188,12.292937,12.0,-1,15.372305
2032,747,487.08380460739136,-88.20746803283691,310.12353515625,39.7095832824707,11.0385475,14.0,-1,14.309568
12,747,1130.8013949394226,863.3083515167236,953.8411254882812,991.2254028320312,9.795943,10.0,-1,29.475237
9,747,1352.5745272636414,1070.8377094268799,1175.6142578125,1198.7547607421875,9.3315935,8.0,-1,37.175423
8,747,1433.5159335136414,277.078218460083,1256.5556640625,404.9952697753906,7.8061543,8.0,-1,21.968393
2140,747,1695.2841219902039,933.9932270050049,1518.3238525390625,1061.9102783203125,7.3339086,22.0,-1,3.392486
2281,747,1782.8131747245789,-23.525365829467773,1605.8529052734375,104.39168548583984,7.0383434,8.0,-1,29.838322
10,747,536.535129070282,-21.11464500427246,359.5748596191406,106.80240631103516,6.734709,14.0,-1,14.118894
1784,747,1667.7387118339539,318.1730670928955,1490.7784423828125,446.0901184082031,3.7285135,8.0,-1,22.592958
2263,747,1049.703372478485,275.86645698547363,872.7431030273438,403.78350830078125,3.1961634,10.0,-1,32.803604
2127,747,1057.5780062675476,267.77224922180176,880.6177368164062,395.6893005371094,2.3953083,12.0,-1,11.622286
2335,747,636.549045085907,537.2634296417236,459.5887756347656,665.1804809570312,1.4297013,16.0,-1,5.386907
1897,747,1454.5026278495789,191.14557075500488,1277.5423583984375,319.0626220703125,0.57100874,8.0,1,0.006309621
2080,747,749.9995760917664,-27.572484970092773,573.039306640625,100.34456634521484,0.4614364,12.0,-1,3.8545756
1879,748,1761.206790447235,38.094987869262695,1583.9564208984375,166.05308532714844,26.873995,10.0,-1,1.4670181
3,748,1035.25781583786,344.01297187805176,858.0074462890625,471.9710693359375,26.85261,14.0,-1,7.700859
4,748,1247.119876384735,-47.85281944274902,1069.8695068359375,80.10527801513672,24.221825,14.0,-1,11.207445
0,748,1443.4783968925476,827.944917678833,1266.22802734375,955.9030151367188,21.306435,10.0,1,3.5963433
2211,748,255.60103940963745,-86.44355201721191,78.35066986083984,41.51454544067383,18.136377,18.0,-1,16.009644
1,748,1496.8253207206726,199.11075019836426,1319.574951171875,327.06884765625,17.504934,8.0,1,20.056196
2,748,1535.2366976737976,316.01724433898926,1357.986328125,443.975341796875,15.380024,8.0,1,11.143861
1961,748,1648.06250333786,425.80215644836426,1470.8121337890625,553.76025390625,14.218144,14.0,-1,5.5266404
11,748,347.7200198173523,339.34829902648926,170.4696502685547,467.306396484375,12.864102,18.0,-1,19.546492
2032,748,483.34341764450073,-88.32511329650879,306.0930480957031,39.63298416137695,12.4195175,14.0,-1,14.629701
1332,748,630.0134615898132,595.6189289093018,452.7630920410156,723.5770263671875,11.382539,12.0,-1,15.253162
9,748,1357.28613615036,1070.3379230499268,1180.0357666015625,1198.2960205078125,10.456046,8.0,-1,31.77405
2140,748,1690.6636996269226,936.3207111358643,1513.413330078125,1064.27880859375,9.416591,22.0,-1,3.4625378
12,748,1127.610599040985,867.139497756958,950.3602294921875,995.0975952148438,7.611614,10.0,-1,31.442394
2281,748,1782.0667757987976,-23.73194694519043,1604.81640625,104.22615051269531,7.2802033,8.0,-1,29.482168
8,748,1434.6197543144226,278.9746723175049,1257.369384765625,406.9327697753906,6.9718957,10.0,-1,20.585232
10,748,535.5545992851257,-19.552854537963867,358.3042297363281,108.40524291992188,6.1768384,14.0,-1,12.174657
1784,748,1671.0504183769226,319.967134475708,1493.800048828125,447.92523193359375,5.290794,8.0,-1,20.917646
2127,748,1057.22656583786,266.27551460266113,879.9761962890625,394.2336120605469,3.210289,12.0,-1,16.566664
2263,748,1049.5396761894226,273.62027168273926,872.289306640625,401.578369140625,3.1766622,12.0,-1,34.68715
2335,748,638.7587924003601,541.925630569458,461.5084228515625,669.8837280273438,2.0324836,14.0,-1,5.085245
1897,748,1454.5760531425476,193.52350044250488,1277.32568359375,321.4815979003906,0.9773631,10.0,1,0.41049975
2080,748,750.7703890800476,-28.100828170776367,573.52001953125,99.85726928710938,0.78343844,10.0,-1,4.205381
1879,749,1761.39892911911,37.896623611450195,1584.0823974609375,165.99803161621094,25.869905,6.0,1,0.8760147
0,749,1443.4783968925476,828.1562213897705,1266.161865234375,956.2576293945312,24.888369,10.0,1,1.7401206
1,749,1497.3773226737976,199.87066841125488,1320.060791015625,327.9720764160156,22.3994,8.0,1,20.620995
3,749,1033.24512052536,341.91885566711426,855.9285888671875,470.020263671875,21.962633,14.0,-1,8.931326
4,749,1247.5897250175476,-47.693716049194336,1070.273193359375,80.4076919555664,18.014437,14.0,-1,12.104589
2,749,1537.8314242362976,316.1894245147705,1360.514892578125,444.29083251953125,17.19849,8.0,1,12.7396145
2211,749,253.85980558395386,-86.14508247375488,76.54327392578125,41.95632553100586,16.789593,16.0,-1,14.681993
11,749,346.9316439628601,337.5458393096924,169.6151123046875,465.6472473144531,15.264755,16.0,-1,20.242134
1961,749,1645.6041293144226,425.80215644836426,1468.28759765625,553.903564453125,14.392238,14.0,-1,5.518793
9,749,1361.14404630661,1069.3020343780518,1183.8275146484375,1197.4034423828125,11.833355,8.0,-1,33.478283
1332,749,627.7345309257507,595.035005569458,450.4179992675781,723.1364135742188,10.868411,12.0,-1,16.911482
2032,749,481.366672039032,-90.35219383239746,304.0501403808594,37.74921417236328,7.8654284,14.0,-1,13.953577
8,749,1435.695559978485,281.16971015930176,1258.3790283203125,409.2711181640625,7.7757516,8.0,-1,21.740175
2281,749,1783.5968050956726,-21.429624557495117,1606.2802734375,106.67178344726562,7.6235256,8.0,-1,27.23759
12,749,1128.5008578300476,868.1814289093018,951.184326171875,996.2828369140625,6.9621425,10.0,-1,32.21369
10,749,533.9344210624695,-19.980031967163086,356.6178894042969,108.12137603759766,6.5102906,14.0,-1,11.121476
2127,749,1057.416751384735,264.150972366333,880.1002197265625,392.25238037109375,6.435148,22.0,-1,23.240955
2140,749,1685.3370394706726,934.0404376983643,1508.0205078125,1062.141845703125,4.8757787,22.0,-1,3.4938107
1784,749,1675.124270915985,320.4808979034424,1497.8077392578125,448.5823059082031,3.2874012,8.0,-1,21.412182
2263,749,1048.0919222831726,273.2746295928955,870.775390625,401.37603759765625,2.72595,24.0,-1,35.4798
1897,749,1449.610110759735,193.85302925109863,1272.2935791015625,321.9544372558594,0.8989524,20.0,-1,0.10431278
2335,749,644.1091952323914,545.1305255889893,466.79266357421875,673.23193359375,0.81078297,16.0,-1,4.791679
2080,749,747.9249911308289,-29.218252182006836,570.6084594726562,98.8831558227539,0.48497114,14.0,-1,4.367057
1961,750,1645.7103152275085,424.38211250305176,1468.0814208984375,552.3651123046875,24.63339,16.0,-1,4.348708
2,750,1539.4525027275085,317.82815742492676,1361.8236083984375,445.8111572265625,20.59411,8.0,1,15.508129
3,750,1032.1729617118835,341.1310749053955,854.5440673828125,469.11407470703125,19.788374,14.0,-1,11.346272
0,750,1443.679187297821,828.8279132843018,1266.05029296875,956.8109130859375,18.729006,10.0,1,5.9128118
1879,750,1757.734363079071,38.23910713195801,1580.10546875,166.22210693359375,18.299099,10.0,-1,1.0626602
4,750,1245.7674441337585,-45.164846420288086,1068.1385498046875,82.81815338134766,16.232595,14.0,-1,13.8705225
2211,750,251.881694316864,-85.77015113830566,74.25279998779297,42.21284866333008,14.771321,16.0,-1,14.824053
1,750,1495.384997844696,199.67590522766113,1317.756103515625,327.6589050292969,14.41866,8.0,1,17.967562
11,750,346.9316439628601,336.43692207336426,169.30274963378906,464.419921875,11.600826,16.0,-1,19.554585
1332,750,625.9984927177429,595.035005569458,448.3695983886719,723.0180053710938,10.944373,12.0,-1,15.370491
10,750,532.7002749443054,-19.81519889831543,355.0713806152344,108.16780090332031,10.109721,14.0,-1,9.870242
9,750,1359.583240032196,1066.7040119171143,1181.954345703125,1194.68701171875,10.050585,8.0,-1,35.380264
2032,750,480.78309965133667,-88.58478736877441,303.1542053222656,39.39821243286133,9.456725,14.0,-1,14.936046
2281,750,1787.1893191337585,-19.989927291870117,1609.5604248046875,107.99307250976562,8.104351,8.0,-1,33.505272
2140,750,1682.4649538993835,933.3255939483643,1504.8360595703125,1061.30859375,6.8176675,24.0,-1,3.2247324
12,750,1129.138904094696,867.9435749053955,951.510009765625,995.9265747070312,6.390739,10.0,-1,34.22295
8,750,1437.8218874931335,279.2284870147705,1260.1929931640625,407.21148681640625,6.3005714,8.0,-1,22.761078
2127,750,1056.3579592704773,263.140962600708,878.7290649414062,391.12396240234375,4.367582,22.0,-1,25.826727
2263,750,1049.2364993095398,272.5361042022705,871.6076049804688,400.51910400390625,4.1070223,22.0,-1,36.66931
1784,750,1675.689929485321,317.90054512023926,1498.06103515625,445.883544921875,3.9799387,8.0,-1,19.723793
2335,750,645.114734172821,545.761323928833,467.48583984375,673.7443237304688,1.4646177,14.0,-1,3.8876667
2080,750,749.760974407196,-27.125455856323242,572.132080078125,100.8575439453125,0.8510771,12.0,-1,4.765195
1897,750,1449.939685344696,198.4164752960205,1272.310791015625,326.39947509765625,0.37733912,20.0,-1,0.75194466
1879,751,1758.3167605400085,34.992265701293945,1580.049072265625,163.22743225097656,33.766186,10.0,-1,2.4163787
0,751,1444.200915813446,829.7047138214111,1265.9332275390625,957.9398803710938,30.814001,10.0,1,3.9233527
1,751,1494.420154094696,198.63665962219238,1316.1524658203125,326.871826171875,23.316149,8.0,1,20.089424
1961,751,1646.2674441337585,424.2366352081299,1467.999755859375,552.4718017578125,22.886267,16.0,-1,4.405607
4,751,1247.1307253837585,-46.00984764099121,1068.863037109375,82.2253189086914,19.074106,14.0,-1,14.378161
2211,751,251.84643125534058,-85.6424388885498,73.57874298095703,42.59272766113281,19.011454,16.0,-1,13.489173
3,751,1032.7139773368835,341.1310749053955,854.4462890625,469.3662414550781,17.337555,14.0,-1,8.698193
11,751,346.1029086112976,335.40457344055176,167.83522033691406,463.6397399902344,16.421125,16.0,-1,20.39697
2032,751,480.90416288375854,-88.47884178161621,302.636474609375,39.756324768066406,14.582306,14.0,-1,14.445689
10,751,534.2760500907898,-18.46576499938965,356.00836181640625,109.76940155029297,13.694385,14.0,-1,11.911753
2,751,1539.136462688446,317.33682441711426,1360.8687744140625,445.5719909667969,12.584929,8.0,1,12.593862
9,751,1359.923327922821,1065.5241107940674,1181.6556396484375,1193.75927734375,12.484876,8.0,-1,35.76654
1332,751,625.5461001396179,594.2300434112549,447.2784118652344,722.4652099609375,11.626058,12.0,-1,15.666957
2281,751,1786.290759563446,-18.110158920288086,1608.0230712890625,110.12500762939453,10.661214,8.0,-1,30.684052
2127,751,1055.829822063446,262.00195503234863,877.5621337890625,390.23712158203125,7.95427,22.0,-1,23.146872
12,751,1131.9751467704773,871.1303730010986,953.7074584960938,999.3655395507812,7.5968094,10.0,-1,29.929272
8,751,1437.8218874931335,278.6163959503174,1259.55419921875,406.8515625,7.2676105,8.0,-1,24.275843
2140,751,1683.8531374931335,934.5305805206299,1505.58544921875,1062.7657470703125,5.9166217,22.0,-1,3.1970477
1784,751,1677.9654421806335,314.20678901672363,1499.69775390625,442.44195556640625,3.5030725,8.0,-1,22.445478
2263,751,1048.7711672782898,272.89981269836426,870.5034790039062,401.1349792480469,3.4075491,12.0,-1,37.451267
2335,751,640.7408328056335,548.1496601104736,462.47314453125,676.3848266601562,1.4516077,14.0,-1,6.106841
1897,751,1447.6790652275085,201.222017288208,1269.411376953125,329.4571838378906,0.71942997,24.0,-1,0.6617629
2080,751,749.081531047821,-26.790502548217773,570.8138427734375,101.44466400146484,0.57286304,14.0,-1,3.7409146
1879,752,1760.7126955986023,33.13107490539551,1582.1126708984375,161.70068359375,35.921047,10.0,-1,2.7937098
0,752,1444.9060549736023,827.722261428833,1266.3060302734375,956.2918701171875,29.815277,10.0,1,3.5214763
3,752,1032.7139773368835,339.4241352081299,854.1139526367188,467.9937438964844,24.14347,14.0,-1,8.046882
1,752,1494.2040286064148,198.346040725708,1315.60400390625,326.9156494140625,24.06721,8.0,1,23.57008
4,752,1246.6417727470398,-46.51801872253418,1068.041748046875,82.05158996582031,23.575052,14.0,-1,14.937886
2211,752,250.61324644088745,-86.32882881164551,72.01322174072266,42.240779876708984,20.27548,16.0,-1,13.936097
11,752,347.1458010673523,337.20413398742676,168.5457763671875,465.77374267578125,19.546028,16.0,-1,19.842352
1961,752,1647.3550295829773,424.87100410461426,1468.7550048828125,553.4406127929688,18.345907,14.0,-1,6.018182
10,752,534.5285220146179,-16.640737533569336,355.9284973144531,111.92887115478516,15.774101,16.0,-1,9.367132
2,752,1539.2568850517273,317.0387897491455,1360.6568603515625,445.6083984375,11.532513,8.0,1,11.24039
9,752,1362.5254397392273,1063.603853225708,1183.9254150390625,1192.1734619140625,10.676127,8.0,-1,35.436596
2032,752,482.3853030204773,-87.87479972839355,303.7852783203125,40.69480895996094,10.355361,14.0,-1,13.420589
1332,752,623.440173625946,594.6039142608643,444.84014892578125,723.1735229492188,8.236051,14.0,-1,16.109121
12,752,1133.3336672782898,869.0917682647705,954.733642578125,997.661376953125,7.0762935,10.0,-1,33.39813
8,752,1436.6835207939148,278.6163959503174,1258.08349609375,407.1860046386719,6.5407677,8.0,-1,24.616432
2281,752,1786.0843997001648,-17.930204391479492,1607.484375,110.639404296875,6.47636,8.0,-1,32.85093
2127,752,1055.5879397392273,264.1510944366455,876.9879150390625,392.720703125,5.2482314,22.0,-1,21.358028
2140,752,1682.9514651298523,936.776216506958,1504.3514404296875,1065.3458251953125,4.884106,22.0,-1,4.136256
1784,752,1680.5345950126648,314.8193988800049,1501.9345703125,443.3890075683594,4.7131476,8.0,-1,23.609121
2263,752,1046.9847903251648,274.501314163208,868.384765625,403.0709228515625,4.2893267,24.0,-1,36.681202
2335,752,639.5113101005554,547.593843460083,460.9112854003906,676.1634521484375,2.0265086,14.0,-1,5.1806006
2080,752,747.1318850517273,-27.2829647064209,568.5318603515625,101.2866439819336,0.46691906,12.0,-1,3.9715245
1897,752,1449.9966311454773,206.771577835083,1271.3966064453125,335.3411865234375,0.43726572,10.0,1,0.00016233325
1,753,1494.2040286064148,197.24669075012207,1315.6898193359375,326.1711120605469,28.821474,8.0,1,24.06549
1879,753,1761.2128176689148,31.321718215942383,1582.6986083984375,160.2461395263672,20.455694,10.0,-1,2.3103375
0,753,1444.9348635673523,827.1142749786377,1266.420654296875,956.0386962890625,20.337439,6.0,-1,0.01070565
3,753,1032.6136965751648,339.4458179473877,854.0994873046875,468.3702392578125,18.876408,14.0,-1,8.89562
2211,753,248.84492826461792,-84.88318824768066,70.33071899414062,44.04123306274414,17.137121,16.0,-1,14.670697
1961,753,1644.0558352470398,424.8814868927002,1465.5416259765625,553.805908203125,15.732146,14.0,-1,3.3898873
4,753,1245.9523196220398,-46.39452934265137,1067.4381103515625,82.52989196777344,14.815528,14.0,-1,15.846579
11,753,349.46243619918823,336.65635871887207,170.94822692871094,465.5807800292969,14.074395,18.0,-1,21.117271
2,753,1539.9758791923523,316.30723762512207,1361.461669921875,445.2316589355469,13.91174,8.0,1,16.836
10,753,531.843982219696,-16.640737533569336,353.32977294921875,112.28368377685547,12.691799,16.0,-1,8.904378
1332,753,621.8705019950867,593.3132495880127,443.3562927246094,722.2376708984375,11.118138,14.0,-1,14.6731205
2032,753,483.2490725517273,-87.49509239196777,304.73486328125,41.42932891845703,8.820807,14.0,-1,15.171464
2281,753,1782.6025881767273,-19.078596115112305,1604.08837890625,109.8458251953125,8.11135,8.0,-1,29.650322
2140,753,1678.1407961845398,936.8198413848877,1499.6265869140625,1065.7442626953125,7.691255,22.0,-1,3.01305
12,753,1133.6832156181335,867.0131397247314,955.1690063476562,995.9375610351562,6.8822455,10.0,-1,34.804405
8,753,1438.0685305595398,278.8923511505127,1259.5543212890625,407.8167724609375,6.2409096,8.0,-1,26.013973
9,753,1363.8214602470398,1061.9204273223877,1185.3072509765625,1190.8448486328125,6.1608033,8.0,-1,29.491276
2127,753,1056.5928835868835,264.74202156066895,878.0786743164062,393.66644287109375,5.9807754,22.0,-1,29.558758
1784,753,1682.3904299736023,311.56343269348145,1503.876220703125,440.48785400390625,4.396538,8.0,-1,24.421333
2263,753,1048.1918215751648,274.68794441223145,869.6776123046875,403.61236572265625,2.3309312,24.0,-1,36.126354
2335,753,635.4880557060242,549.527666091919,456.9738464355469,678.4520874023438,1.3020872,14.0,-1,6.93861
2080,753,743.9775881767273,-28.3023738861084,565.46337890625,100.6220474243164,0.60680217,12.0,-1,3.7238684
1897,753,1444.0857424736023,207.9098072052002,1265.571533203125,336.834228515625,0.33818915,20.0,-1,0.65763974
1879,754,1763.1563601493835,31.19343376159668,1583.3094482421875,160.2605743408203,28.42607,10.0,-1,1.4008383
1,754,1494.0765261650085,197.175443649292,1314.2296142578125,326.2425842285156,26.163574,8.0,1,24.17546
4,754,1245.7554812431335,-44.918230056762695,1065.9085693359375,84.14891052246094,20.634968,16.0,-1,16.4881
10,754,531.1535830497742,-17.37779426574707,351.3066711425781,111.68934631347656,18.11849,16.0,-1,9.162205
1961,754,1643.286120891571,424.1625347137451,1463.439208984375,553.2296752929688,16.945457,14.0,-1,4.2874207
2,754,1539.9622683525085,318.14086723327637,1360.1153564453125,447.2080078125,16.796478,8.0,1,16.22846
0,754,1447.289538860321,826.8582744598389,1267.442626953125,955.9254150390625,16.604246,10.0,1,2.3744113
2032,754,484.55809354782104,-86.96173286437988,304.711181640625,42.10540771484375,12.78854,16.0,-1,16.961761
11,754,352.9102053642273,336.08459281921387,173.06329345703125,465.1517333984375,12.7258,18.0,-1,21.308285
3,754,1032.9031252861023,339.34713554382324,853.0562133789062,468.4142761230469,11.612759,14.0,-1,8.729721
1332,754,623.4298586845398,594.7062358856201,443.58294677734375,723.7733764648438,10.967477,14.0,-1,13.162532
2211,754,251.36220121383667,-84.88318824768066,71.51528930664062,44.18395233154297,10.709926,16.0,-1,13.461549
9,754,1363.5462527275085,1064.8564434051514,1183.6993408203125,1193.923583984375,10.343536,8.0,-1,34.290565
2281,754,1780.021716594696,-22.8872013092041,1600.1748046875,106.17993927001953,10.163457,8.0,-1,29.600403
8,754,1439.815906047821,277.42858695983887,1259.968994140625,406.4957275390625,8.384566,8.0,-1,28.542707
2140,754,1675.5499148368835,937.1920146942139,1495.7030029296875,1066.2591552734375,7.0684223,20.0,-1,3.681547
12,754,1136.861560344696,869.3312358856201,957.0146484375,998.3983764648438,6.0969167,10.0,-1,33.94481
2127,754,1058.2125124931335,265.62450981140137,878.3656005859375,394.691650390625,5.5823684,12.0,-1,28.312695
1784,754,1681.6907839775085,313.11816215515137,1501.8438720703125,442.185302734375,4.029222,8.0,-1,22.480793
2263,754,1049.782458782196,273.9699077606201,869.935546875,403.03704833984375,3.095466,22.0,-1,35.306866
2335,754,634.7376894950867,549.8162212371826,454.8907775878906,678.8833618164062,1.165038,14.0,-1,3.851264
2080,754,743.9775881767273,-25.988534927368164,564.1306762695312,103.07860565185547,0.9851664,12.0,-1,4.496123
1897,754,1439.724597454071,207.21563529968262,1259.877685546875,336.28277587890625,0.30164936,24.0,-1,0.39329416
1,755,1492.072986125946,196.46264457702637,1312.4088134765625,325.4541015625,23.722986,8.0,1,25.648054
1879,755,1761.4400515556335,32.33083915710449,1581.77587890625,161.32229614257812,22.248802,10.0,-1,1.6320341
0,755,1448.0489382743835,829.5330181121826,1268.384765625,958.5244750976562,20.591858,10.0,1,2.3525844
1961,755,1643.326892375946,424.1625347137451,1463.6627197265625,553.1539916992188,17.697779,16.0,-1,4.7597027
11,755,352.754855632782,335.2483196258545,173.09068298339844,464.2397766113281,17.604612,18.0,-1,21.54135
2,755,1539.9622683525085,319.0670757293701,1360.298095703125,448.05853271484375,16.925066,8.0,1,17.119892
3,755,1033.971911907196,337.7250347137451,854.3077392578125,466.71649169921875,16.171783,14.0,-1,6.111437
2032,755,483.8185305595398,-85.93032646179199,304.15435791015625,43.06113052368164,14.79853,14.0,-1,16.844248
10,755,528.0457949638367,-17.354860305786133,348.3816223144531,111.6365966796875,14.116481,16.0,-1,10.350614
4,755,1246.3018679618835,-45.584306716918945,1066.6376953125,83.40715026855469,13.895164,16.0,-1,18.16215
1332,755,622.371081829071,595.3885478973389,442.7069091796875,724.3800048828125,12.867415,14.0,-1,14.968979
2127,755,1058.9625124931335,264.97457695007324,879.29833984375,393.9660339355469,10.629596,12.0,-1,31.62227
2211,755,251.9144549369812,-84.6916332244873,72.25028228759766,44.29982376098633,9.678464,14.0,-1,13.41681
9,755,1361.447497844696,1063.9144268035889,1181.7833251953125,1192.9058837890625,8.553289,8.0,-1,28.569975
8,755,1438.056628704071,276.8872661590576,1258.3924560546875,405.87872314453125,8.497433,8.0,-1,27.483068
12,755,1139.1356692314148,868.8487529754639,959.4714965820312,997.8402099609375,7.8155293,10.0,-1,31.28595
2281,755,1780.227527141571,-21.458642959594727,1600.5633544921875,107.5328140258789,6.1354556,8.0,-1,29.028557
2140,755,1674.3401980400085,935.0545635223389,1494.676025390625,1064.0460205078125,5.334473,22.0,-1,2.988001
1784,755,1682.2012820243835,315.81966972351074,1502.537109375,444.8111267089844,3.8924143,8.0,-1,23.342447
2263,755,1049.7330203056335,274.1510601043701,870.06884765625,403.14251708984375,3.09531,24.0,-1,38.010567
2335,755,634.8227725028992,549.4967632293701,455.1585998535156,678.4882202148438,1.1881723,14.0,-1,4.7690635
1897,755,1437.5682253837585,204.3540325164795,1257.904052734375,333.3454895019531,0.54621196,20.0,-1,0.953386
2080,755,745.2400393486023,-24.446687698364258,565.5758666992188,104.54476928710938,0.52791667,12.0,-1,3.9829993
1,756,1493.816997051239,195.8285427093506,1313.530517578125,325.3367004394531,23.072126,8.0,1,25.242487
1961,756,1646.057963848114,421.26076316833496,1465.771484375,550.7689208984375,19.453152,16.0,-1,4.059926
11,756,351.310405254364,336.2455348968506,171.02392578125,465.7536926269531,18.24684,18.0,-1,21.384022
0,756,1448.0029101371765,828.6203212738037,1267.7164306640625,958.1284790039062,18.089373,10.0,1,4.66005
1879,756,1759.2458300590515,28.4470272064209,1578.9593505859375,157.95518493652344,16.054716,10.0,-1,0.028091371
10,756,526.045756816864,-17.354860305786133,345.75927734375,112.1532974243164,16.02006,14.0,-1,8.509026
2032,756,482.99573850631714,-85.43047142028809,302.7092590332031,44.07768630981445,15.456229,14.0,-1,15.172413
4,756,1247.2199511528015,-44.19487190246582,1066.9334716796875,85.31328582763672,15.347531,16.0,-1,16.692827
3,756,1033.871196269989,338.32350730895996,853.584716796875,467.8316650390625,14.667355,14.0,-1,3.152969
2,756,1541.9513964653015,320.30483055114746,1361.6649169921875,449.81298828125,14.394097,8.0,1,18.293737
9,756,1360.1157031059265,1060.5392055511475,1179.8292236328125,1190.04736328125,13.4779625,8.0,-1,33.36998
1332,756,624.141948223114,594.6951503753662,443.85546875,724.2033081054688,13.099187,14.0,-1,13.54953
2211,756,251.9144549369812,-83.63690757751465,71.62797546386719,45.87125015258789,9.064973,14.0,-1,13.947912
12,756,1143.223002910614,866.3131313323975,962.9365234375,995.8212890625,7.784518,10.0,-1,32.199238
2127,756,1059.960795879364,265.85280418395996,879.67431640625,395.3609619140625,6.879187,12.0,-1,30.135239
8,756,1438.6965136528015,275.8535976409912,1258.4100341796875,405.36175537109375,6.681877,8.0,-1,28.316853
2281,756,1780.3491015434265,-21.98240089416504,1600.0626220703125,107.5257568359375,6.079904,8.0,-1,25.197487
2140,756,1670.5500292778015,936.2079067230225,1490.2635498046875,1065.716064453125,5.228485,24.0,-1,3.113082
2263,756,1050.3408617973328,274.23244285583496,870.0543823242188,403.7406005859375,4.287535,24.0,-1,37.246716
1784,756,1680.9516406059265,318.4554958343506,1500.6651611328125,447.9636535644531,2.7097323,8.0,-1,20.341684
2335,756,633.945903301239,547.5612392425537,453.659423828125,677.0693969726562,2.2253878,14.0,-1,3.8090239
1897,756,1439.4648241996765,204.86672019958496,1259.1783447265625,334.3748779296875,0.7260015,22.0,-1,0.44856942
2080,756,744.332622051239,-24.462411880493164,564.046142578125,105.04574584960938,0.5848884,12.0,-1,3.4171772
1,757,1496.6135058403015,196.65346336364746,1316.1373291015625,325.99261474609375,34.697277,8.0,1,25.841604
0,757,1448.3049120903015,828.6203212738037,1267.8287353515625,957.95947265625,26.450249,10.0,1,10.503388
1879,757,1758.5324511528015,24.731374740600586,1578.0562744140625,154.07052612304688,26.311357,10.0,-1,1.6593912
1961,757,1646.398051738739,418.90907859802246,1465.921875,548.2482299804688,22.711641,16.0,-1,4.956379
11,757,347.94588804244995,335.08730125427246,167.46971130371094,464.42645263671875,17.055155,18.0,-1,20.86678
3,757,1032.8639941215515,338.98427391052246,852.3878173828125,468.32342529296875,16.423075,14.0,-1,1.4352568
4,757,1246.5207324028015,-43.21915626525879,1066.0445556640625,86.1199951171875,15.887994,16.0,-1,15.841531
2,757,1540.362163066864,322.41530418395996,1359.885986328125,451.75445556640625,15.167043,8.0,1,18.0829
1332,757,624.7121081352234,594.82741355896,444.2359313964844,724.1665649414062,12.313193,14.0,-1,15.354393
9,757,1358.6454882621765,1058.9019374847412,1178.1693115234375,1188.2410888671875,11.756534,8.0,-1,34.33034
10,757,526.2565722465515,-15.204523086547852,345.7803955078125,114.13462829589844,11.743478,14.0,-1,12.279758
2211,757,253.23958921432495,-81.6127758026123,72.76341247558594,47.726375579833984,9.11157,14.0,-1,14.173241
2032,757,481.94007444381714,-85.22639274597168,301.4638977050781,44.11275863647461,8.078906,14.0,-1,13.608127
8,757,1440.874125957489,275.0532741546631,1260.39794921875,404.3924255371094,7.045164,8.0,-1,32.094196
2140,757,1669.2604784965515,934.4820156097412,1488.7843017578125,1063.8211669921875,6.7408085,24.0,-1,3.094963
2127,757,1061.0279955863953,265.5045986175537,880.5518188476562,394.84375,6.4651704,12.0,-1,21.70954
2281,757,1778.3715624809265,-18.517122268676758,1597.8953857421875,110.82202911376953,5.924025,8.0,-1,26.135117
12,757,1144.1647753715515,864.881368637085,963.6885986328125,994.2205200195312,5.6241593,10.0,-1,31.582705
2263,757,1051.5013842582703,273.83250999450684,871.0252075195312,403.1716613769531,3.021777,24.0,-1,30.02844
1784,757,1680.9516406059265,320.6053981781006,1500.4754638671875,449.9445495605469,2.1724062,8.0,-1,15.032957
2335,757,631.9108996391296,553.0915126800537,451.4347229003906,682.4306640625,1.8163657,16.0,-1,2.3206391
2080,757,741.4343676567078,-24.726320266723633,560.9581909179688,104.61283111572266,0.7390859,12.0,-1,4.305787
1897,757,1441.637309551239,204.6088161468506,1261.1611328125,333.9479675292969,0.59681594,6.0,-1,0.8036741
0,758,1449.1322436332703,828.0055446624756,1268.189453125,958.0236206054688,29.769693,10.0,1,11.6772995
1,758,1499.2944750785828,197.65224266052246,1318.3516845703125,327.6703186035156,25.479029,8.0,1,26.364677
1961,758,1646.7843432426453,416.14537620544434,1465.841552734375,546.1634521484375,19.791203,16.0,-1,4.705465
4,758,1244.6870532035828,-43.30997657775879,1063.7442626953125,86.70809936523438,17.637823,16.0,-1,15.089125
1879,758,1758.5769457817078,24.73799705505371,1577.6341552734375,154.75607299804688,16.654247,10.0,-1,0.12095094
3,758,1032.9636645317078,337.9412441253662,852.0208740234375,467.9593200683594,16.044897,14.0,-1,3.580148
11,758,347.3333086967468,335.1388759613037,166.39051818847656,465.1569519042969,13.992705,16.0,-1,19.909384
9,758,1358.9632983207703,1058.0618801116943,1178.0205078125,1188.0799560546875,13.321084,8.0,-1,36.05293
2,758,1538.5046801567078,321.24498558044434,1357.5618896484375,451.2630615234375,13.2954,8.0,1,13.65344
1332,758,626.7340807914734,595.5385646820068,445.7912902832031,725.556640625,13.064784,14.0,-1,14.797726
2211,758,253.12005949020386,-81.47732734680176,72.1772689819336,48.540748596191406,9.955497,14.0,-1,14.074581
10,758,526.2565722465515,-16.026941299438477,345.31378173828125,113.99113464355469,9.611081,14.0,-1,11.417785
12,758,1142.0178637504578,863.3885402679443,961.0750732421875,993.4066162109375,8.627212,8.0,-1,33.261868
2032,758,481.9717516899109,-85.75786018371582,301.0289611816406,44.260215759277344,8.299442,14.0,-1,14.120863
8,758,1439.2500414848328,272.61253929138184,1258.3072509765625,402.630615234375,7.713471,8.0,-1,32.483234
2281,758,1776.9425463676453,-17.497133255004883,1595.999755859375,112.52094268798828,7.615093,8.0,-1,23.93447
1784,758,1682.8462328910828,325.81813621520996,1501.9034423828125,455.8362121582031,5.467335,8.0,-1,18.356874
2127,758,1060.4413256645203,267.3362331390381,879.49853515625,397.35430908203125,4.8286977,12.0,-1,25.909643
2140,758,1668.9678149223328,935.0346584320068,1488.0250244140625,1065.052734375,4.0471344,22.0,-1,3.2727678
2335,758,630.9811205863953,554.3478908538818,450.038330078125,684.365966796875,3.0461223,14.0,-1,0.93506813
2263,758,1051.7236742973328,273.83250999450684,870.7808837890625,403.8505859375,2.2263446,24.0,-1,24.911798
2080,758,743.7883105278015,-25.693994522094727,562.8455200195312,104.32408142089844,0.49064097,12.0,-1,3.6014712
1897,758,1437.2333178520203,207.4603786468506,1256.29052734375,337.47845458984375,0.30414668,24.0,-1,1.5275924
0,759,1449.9184756278992,828.2647113800049,1268.0924072265625,958.1387329101562,47.37709,10.0,1,14.8969555
1961,759,1646.1905703544617,418.10070991516113,1464.364501953125,547.9747314453125,30.553154,16.0,-1,6.8328257
1,759,1502.3570742607117,196.41913032531738,1320.531005859375,326.29315185546875,29.963926,8.0,1,26.548962
1879,759,1756.8236269950867,24.185731887817383,1574.99755859375,154.05975341796875,19.356445,10.0,-1,1.7204512
11,759,347.4962649345398,333.77176094055176,165.67019653320312,463.6457824707031,19.147816,16.0,-1,20.669773
10,759,525.9360842704773,-13.787900924682617,344.1100158691406,116.08612060546875,15.815216,14.0,-1,10.3784
3,759,1033.131793498993,337.67019844055176,851.3057250976562,467.5442199707031,15.661134,14.0,-1,2.9244916
2032,759,483.35524320602417,-85.13157081604004,301.5291748046875,44.74245071411133,13.244019,14.0,-1,14.445285
2211,759,251.98632383346558,-82.06573295593262,70.1602554321289,47.80828857421875,12.540002,16.0,-1,14.045217
1332,759,627.3391604423523,595.3822650909424,445.5130920410156,725.2562866210938,12.423804,14.0,-1,14.99213
4,759,1242.9414248466492,-43.153676986694336,1061.1153564453125,86.72034454345703,11.3746195,14.0,-1,13.116432
2,759,1536.1170840263367,319.940523147583,1354.291015625,449.8145446777344,9.197132,8.0,1,2.8705392
9,759,1360.2287783622742,1059.0145282745361,1178.4027099609375,1188.8885498046875,8.626168,8.0,-1,33.48028
2140,759,1666.6152529716492,937.5434589385986,1484.7891845703125,1067.41748046875,7.4958024,20.0,-1,3.4627504
8,759,1440.6894717216492,270.93872261047363,1258.8634033203125,400.812744140625,7.275331,8.0,-1,29.305758
2281,759,1779.7071719169617,-17.27382469177246,1597.881103515625,112.6001968383789,6.7697473,8.0,-1,22.99389
2127,759,1062.9544253349304,266.107271194458,881.1283569335938,395.9812927246094,6.585795,12.0,-1,24.757025
12,759,1139.5406069755554,862.3755512237549,957.7145385742188,992.2495727539062,6.306894,10.0,-1,33.14448
1784,759,1684.1585879325867,327.9836139678955,1502.33251953125,457.8576354980469,3.251261,8.0,-1,17.30768
2335,759,630.8181643486023,551.8377704620361,448.9920959472656,681.7117919921875,2.41875,16.0,-1,0.73867506
2080,759,740.1228823661804,-22.347684860229492,558.2968139648438,107.52633666992188,0.758558,12.0,-1,4.033648
1897,759,1436.9566836357117,212.80481147766113,1255.130615234375,342.6788330078125,0.27919635,24.0,-1,1.2016329
1879,760,1760.2147707939148,25.04173469543457,1577.6878662109375,155.0367431640625,30.005964,10.0,-1,1.062783
0,760,1449.9019045829773,829.1309680938721,1267.375,959.1259765625,28.405434,10.0,1,13.310186
1961,760,1646.0740237236023,419.42149543762207,1463.547119140625,549.41650390625,25.97084,16.0,-1,5.4479566
4,760,1240.6519045829773,-45.6158504486084,1058.125,84.37915802001953,23.702766,14.0,-1,12.898023
1,760,1504.0820803642273,195.38203620910645,1321.55517578125,325.3770446777344,23.685839,8.0,1,26.978678
10,760,528.1873354911804,-15.707136154174805,345.6604309082031,114.28787231445312,17.968256,16.0,-1,9.052879
2211,760,251.2594027519226,-83.21399116516113,68.73249816894531,46.7810173034668,14.832009,16.0,-1,14.173369
11,760,347.3399233818054,333.5527515411377,164.81301879882812,463.5477600097656,13.676625,16.0,-1,20.454998
3,760,1030.0528445243835,337.8876209259033,847.5259399414062,467.88262939453125,13.561126,14.0,-1,4.3297863
2032,760,481.39296293258667,-85.72470664978027,298.8660583496094,44.270301818847656,11.852916,14.0,-1,13.486383
9,760,1360.1538577079773,1059.985948562622,1177.626953125,1189.98095703125,11.182828,8.0,-1,36.577362
1332,760,627.5786929130554,596.5128650665283,445.0517883300781,726.5078735351562,10.61435,12.0,-1,14.714524
8,760,1439.9905276298523,270.1848621368408,1257.463623046875,400.17987060546875,8.378768,8.0,-1,28.337757
2140,760,1664.8007082939148,938.2637805938721,1482.2738037109375,1068.2587890625,7.505909,22.0,-1,3.1707764
2,760,1536.4796633720398,320.4221668243408,1353.9527587890625,450.41717529296875,7.357184,14.0,-1,3.6460464
12,760,1140.8256106376648,860.5685291290283,958.2987060546875,990.5635375976562,6.4060273,10.0,-1,35.602947
2281,760,1780.0460696220398,-14.135015487670898,1597.5191650390625,115.85999298095703,6.2239356,8.0,-1,25.965237
2127,760,1062.9709963798523,267.87764167785645,880.444091796875,397.8726501464844,4.4762254,14.0,-1,27.02544
1784,760,1682.5846438407898,327.76619148254395,1500.0577392578125,457.7611999511719,4.1104054,8.0,-1,17.074738
2335,760,630.9231142997742,550.8176136016846,448.3962097167969,680.8126220703125,1.919494,14.0,-1,0.25248057
1897,760,1441.9557375907898,214.0024585723877,1259.4288330078125,343.9974670410156,0.8532717,22.0,-1,1.5756953
2080,760,740.140124797821,-25.546171188354492,557.6132202148438,104.44883728027344,0.7548609,12.0,-1,4.311212
0,761,1449.9544558525085,830.0740032196045,1266.1551513671875,960.0082397460938,30.515472,10.0,1,13.793021
1,761,1504.4149050712585,194.18099784851074,1320.6156005859375,324.115234375,26.61094,8.0,1,26.40617
1961,761,1644.0591921806335,420.1184368133545,1460.2598876953125,550.0526733398438,24.182318,16.0,-1,7.2862973
4,761,1242.3533816337585,-46.89078712463379,1058.5540771484375,83.04344940185547,17.95952,16.0,-1,14.407019
1879,761,1763.315417766571,23.053449630737305,1579.51611328125,152.98768615722656,16.41666,10.0,-1,0.54645133
10,761,529.948718547821,-15.746881484985352,346.1494140625,114.1873550415039,15.037182,14.0,-1,10.480064
11,761,347.49530363082886,333.59249687194824,163.6959991455078,463.5267333984375,14.715889,18.0,-1,20.373972
2211,761,250.5671420097351,-84.04132652282715,66.76783752441406,45.89291000366211,14.528501,16.0,-1,14.349213
2032,761,483.50075101852417,-82.7814884185791,299.7014465332031,47.152748107910156,13.528415,14.0,-1,15.520847
1332,761,632.1079287528992,595.8537883758545,448.3086242675781,725.7880249023438,12.082668,12.0,-1,15.577251
9,761,1362.2776980400085,1060.1593914031982,1178.4783935546875,1190.0936279296875,10.894687,8.0,-1,35.46858
3,761,1030.0002932548523,336.2854595184326,846.2009887695312,466.2196960449219,10.307808,14.0,-1,6.2427764
12,761,1139.3016848564148,860.065824508667,955.5023803710938,990.0000610351562,7.7743874,10.0,-1,33.00427
2281,761,1780.262927532196,-14.706232070922852,1596.463623046875,115.2280044555664,6.6778674,8.0,-1,29.225374
8,761,1439.292956829071,268.78918266296387,1255.49365234375,398.7234191894531,6.543255,8.0,-1,23.669693
2,761,1535.856677532196,321.38451957702637,1352.057373046875,451.3187561035156,6.397166,14.0,-1,5.3955727
2140,761,1664.4141726493835,935.7710857391357,1480.6148681640625,1065.705322265625,5.459686,22.0,-1,4.1082983
2127,761,1066.0280032157898,269.463285446167,882.2286987304688,399.39752197265625,4.609024,12.0,-1,28.180874
1784,761,1682.180163860321,328.435453414917,1498.380859375,458.36968994140625,3.0233479,8.0,-1,14.975934
2263,761,1058.0676760673523,277.6587200164795,874.2683715820312,407.59295654296875,2.45317,24.0,-1,22.582539
2335,761,628.8942446708679,555.2560710906982,445.0949401855469,685.1903076171875,1.6282212,14.0,-1,0.64430344
2080,761,738.8419070243835,-24.481950759887695,555.0426025390625,105.45228576660156,0.6072584,10.0,-1,3.8790014
1897,761,1441.390368938446,215.27367973327637,1257.591064453125,345.2079162597656,0.56831026,24.0,-1,1.3891418
1,762,1505.612048625946,194.33032035827637,1321.9427490234375,324.4317321777344,35.883762,8.0,1,27.713818
0,762,1450.949206829071,831.1554851531982,1267.2799072265625,961.2568969726562,34.745953,10.0,1,13.713777
1879,762,1763.7203249931335,21.41077995300293,1580.051025390625,151.51219177246094,33.637325,10.0,-1,4.1168594
1961,762,1642.791247844696,419.89449882507324,1459.1219482421875,549.9959106445312,23.094429,16.0,-1,6.3559356
4,762,1242.736804485321,-45.60994911193848,1059.0675048828125,84.49146270751953,18.447588,14.0,-1,14.423519
11,762,347.5710024833679,335.3952007293701,163.90170288085938,465.4966125488281,16.584217,18.0,-1,21.118202
2211,762,248.46739530563354,-84.30043601989746,64.798095703125,45.80097579956055,14.730015,16.0,-1,13.866907
3,762,1027.528308391571,336.2854595184326,843.8590087890625,466.3868713378906,13.548514,14.0,-1,6.7408204
9,762,1363.719470500946,1057.7500286102295,1180.0501708984375,1187.8514404296875,13.018329,8.0,-1,37.343327
1332,762,632.1160769462585,596.1979656219482,448.44677734375,726.2993774414062,10.806908,12.0,-1,16.027414
2032,762,483.2749514579773,-81.15183067321777,299.60565185546875,48.949581146240234,9.920034,14.0,-1,14.691279
8,762,1438.4359011650085,267.86852836608887,1254.7666015625,397.9699401855469,9.459318,8.0,-1,28.679337
10,762,525.7939944267273,-15.412477493286133,342.12469482421875,114.68893432617188,8.979449,14.0,-1,11.19141
2,762,1533.780993938446,320.6835308074951,1350.1116943359375,450.7849426269531,8.019064,14.0,-1,7.3807225
12,762,1138.8909182548523,859.169340133667,955.2216186523438,989.270751953125,6.9502316,10.0,-1,31.840635
2281,762,1781.7564578056335,-16.963762283325195,1598.087158203125,113.13764953613281,6.0020423,8.0,-1,24.59502
2127,762,1066.7218508720398,270.15646171569824,883.0525512695312,400.25787353515625,5.9056435,12.0,-1,32.932987
2140,762,1667.0770144462585,937.343656539917,1483.40771484375,1067.445068359375,3.8041046,26.0,-1,2.8019245
1784,762,1682.3240847587585,324.18856620788574,1498.65478515625,454.28997802734375,2.4024339,8.0,-1,16.66963
2263,762,1058.0676760673523,277.4533061981201,874.3983764648438,407.5547180175781,1.984012,24.0,-1,24.803926
2335,762,622.8162722587585,554.3259563446045,439.14697265625,684.4273681640625,1.2166692,14.0,-1,0.82511324
2080,762,736.8225588798523,-21.88053321838379,553.1532592773438,108.22087860107422,0.42893136,12.0,-1,3.6727762
1897,762,1440.258288860321,218.08392143249512,1256.5889892578125,348.1853332519531,0.42042625,22.0,-1,0.7597948
0,763,1451.4769473075867,831.2431316375732,1267.6077880859375,961.2849731445312,29.330973,10.0,1,12.663976
1,763,1505.8425478935242,192.28381156921387,1321.973388671875,322.3256530761719,26.679483,8.0,1,27.400942
1879,763,1762.4552187919617,20.165311813354492,1578.5860595703125,150.2071533203125,20.255781,10.0,-1,1.6113935
1961,763,1645.7173037528992,423.0569133758545,1461.84814453125,553.0987548828125,17.982752,16.0,-1,6.1071787
3,763,1028.0205874443054,337.58126640319824,844.1514282226562,467.62310791015625,16.30632,14.0,-1,7.929263
4,763,1242.1522402763367,-44.12008094787598,1058.2830810546875,85.92176055908203,15.943597,14.0,-1,10.447908
11,763,347.08192777633667,337.93209648132324,163.2127685546875,467.97393798828125,15.200143,18.0,-1,21.719227
2211,763,248.78814268112183,-83.38269996643066,64.91898345947266,46.659141540527344,12.021178,16.0,-1,13.324045
2032,763,483.5877261161804,-80.25741004943848,299.71856689453125,49.78443145751953,11.1176405,14.0,-1,13.839858
1332,763,633.6907229423523,597.7813396453857,449.8215637207031,727.8231811523438,10.851387,12.0,-1,15.604466
2281,763,1783.6904482841492,-14.00663948059082,1599.8212890625,116.03520202636719,9.765684,8.0,-1,22.638073
8,763,1437.5658144950867,267.5703411102295,1253.6966552734375,397.6121826171875,9.610185,8.0,-1,27.763042
9,763,1361.5283389091492,1056.2937297821045,1177.6591796875,1186.3355712890625,9.584259,8.0,-1,35.985607
2,763,1533.7890810966492,318.4893169403076,1349.919921875,448.5311584472656,8.419388,14.0,-1,11.439623
2127,763,1066.7137637138367,270.06881523132324,882.8446044921875,400.11065673828125,6.856461,12.0,-1,44.008236
10,763,523.7416567802429,-13.822854995727539,339.87249755859375,116.21898651123047,6.357544,12.0,-1,15.017115
12,763,1138.3435244560242,858.8274211883545,954.474365234375,988.8692626953125,5.8444057,8.0,-1,32.625507
2140,763,1663.4726748466492,935.5876750946045,1479.603515625,1065.6295166015625,5.219997,24.0,-1,4.029891
1784,763,1686.8558535575867,322.95507621765137,1502.9866943359375,452.9969177246094,2.4017532,8.0,-1,16.898901
2335,763,620.2341799736023,553.1928386688232,436.3650207519531,683.2346801757812,2.1391165,6.0,1,0.15123454
2080,763,737.5191226005554,-20.809839248657227,553.6499633789062,109.23200225830078,0.4770683,14.0,-1,3.928298
1897,763,1439.0890078544617,212.85287284851074,1255.2198486328125,342.89471435546875,0.39122716,22.0,-1,0.8461126
0,764,1451.7278628349304,831.9605541229248,1268.0633544921875,962.0902709960938,32.469326,10.0,1,12.092501
1,764,1505.791461467743,190.20625114440918,1322.126953125,320.3359680175781,27.06047,8.0,1,27.480886
1879,764,1763.068561077118,17.69556999206543,1579.404052734375,147.82528686523438,24.836988,10.0,-1,1.5081176
1961,764,1645.570758342743,423.59696769714355,1461.90625,553.7266845703125,24.037712,16.0,-1,6.4680552
4,764,1241.5489077568054,-44.357675552368164,1057.8843994140625,85.77204132080078,19.365759,14.0,-1,10.334372
3,764,1027.733844280243,337.1855297088623,844.0693359375,467.31524658203125,17.212608,14.0,-1,9.396048
11,764,345.25934171676636,337.67799186706543,161.59483337402344,467.8077087402344,14.204347,18.0,-1,21.985983
2211,764,247.49948453903198,-83.65064811706543,63.83497619628906,46.479068756103516,13.690239,16.0,-1,13.151073
1332,764,634.4098696708679,598.1348094940186,450.745361328125,728.2645263671875,10.936812,12.0,-1,15.062572
8,764,1437.616900920868,267.71415519714355,1253.952392578125,397.8438720703125,9.810101,8.0,-1,30.49579
9,764,1361.254352092743,1053.3823680877686,1177.58984375,1183.5120849609375,9.205288,8.0,-1,36.775032
12,764,1135.2374453544617,859.4703197479248,951.5729370117188,989.6000366210938,8.250773,8.0,-1,31.814838
2,764,1533.1365542411804,318.37174797058105,1349.4720458984375,448.50146484375,7.585672,14.0,-1,10.983202
2032,764,486.41270780563354,-78.98544883728027,302.7481994628906,51.14426803588867,7.2505746,14.0,-1,14.702086
2140,764,1663.8836245536804,935.705244064331,1480.2191162109375,1065.8349609375,6.682936,24.0,-1,3.4001012
2127,764,1067.4325137138367,268.05555534362793,883.7680053710938,398.1852722167969,5.810503,14.0,-1,40.844116
10,764,523.0521426200867,-14.262308120727539,339.38763427734375,115.8674087524414,5.6078415,12.0,-1,14.547663
2281,764,1785.4033999443054,-12.655733108520508,1601.7388916015625,117.47398376464844,4.5808244,8.0,-1,21.021292
1784,764,1690.2083315849304,317.7156505584717,1506.5438232421875,447.8453674316406,1.9613205,8.0,-1,16.449827
2335,764,618.8181338310242,554.1958446502686,435.15362548828125,684.3255615234375,1.8927884,14.0,-1,0.083452344
2080,764,737.9997744560242,-20.297334671020508,554.3352661132812,109.83238220214844,0.6490477,12.0,-1,3.4490995
1897,764,1439.924029827118,218.13917350769043,1256.259521484375,348.2688903808594,0.2504675,22.0,-1,1.1673968
1879,765,1762.244342327118,17.69556999206543,1578.2149658203125,147.6810760498047,32.42998,10.0,-1,0.90655684
1,765,1506.464068889618,190.20068168640137,1322.4346923828125,320.1861877441406,28.127396,8.0,1,26.648546
0,765,1453.836871623993,833.7487468719482,1269.8074951171875,963.7342529296875,27.23471,10.0,1,10.134434
1332,765,636.3608584403992,596.0617351531982,452.33148193359375,726.0472412109375,15.51817,12.0,-1,14.461481
11,765,345.871554851532,336.89892387390137,161.84217834472656,466.8844299316406,14.632203,18.0,-1,20.934095
1961,765,1646.241168498993,424.10311698913574,1462.2117919921875,554.088623046875,14.438661,16.0,-1,6.9515758
3,765,1029.1989932060242,335.99291801452637,845.1696166992188,465.9784240722656,11.933993,14.0,-1,12.40663
4,765,1240.938922405243,-44.17266273498535,1056.9095458984375,85.8128433227539,10.941098,14.0,-1,11.171295
9,765,1360.020953655243,1054.5539226531982,1175.9915771484375,1184.5394287109375,10.915641,8.0,-1,35.73784
2211,765,247.29552030563354,-85.12879371643066,63.266143798828125,44.856712341308594,10.484588,16.0,-1,12.723918
2032,765,484.3858218193054,-78.24235725402832,300.3564453125,51.74314880371094,9.928467,14.0,-1,15.33875
8,765,1437.1685366630554,268.1658000946045,1253.13916015625,398.15130615234375,8.767706,8.0,-1,26.660856
12,765,1133.7898745536804,858.2675457000732,949.760498046875,988.2530517578125,8.722062,10.0,-1,33.41536
2127,765,1066.5952334403992,266.6382427215576,882.5658569335938,396.6237487792969,7.8085437,12.0,-1,24.54229
2140,765,1664.742633342743,936.9170818328857,1480.7132568359375,1066.902587890625,7.502331,22.0,-1,2.675487
10,765,523.0521426200867,-13.672784805297852,339.02276611328125,116.3127212524414,6.7596087,12.0,-1,14.892535
2,765,1534.159869670868,317.4325542449951,1350.1304931640625,447.4180603027344,5.753469,14.0,-1,12.485306
2281,765,1783.932818889618,-14.950456619262695,1599.9034423828125,115.03504943847656,5.544014,8.0,-1,20.719606
1784,765,1691.8606753349304,314.3709087371826,1507.831298828125,444.3564147949219,3.4135687,8.0,-1,17.63161
2263,765,1057.326129436493,275.5446147918701,873.2967529296875,405.5301208496094,2.6706104,24.0,-1,31.234224
2335,765,620.4203372001648,556.7399578094482,436.3909606933594,686.7254638671875,1.8827018,14.0,-1,0.8804533
2080,765,736.4106631278992,-17.074960708618164,552.3812866210938,112.9105453491211,0.6428259,10.0,-1,3.6456578
4,766,1243.3311343193054,-44.26770210266113,1058.258544921875,85.99215698242188,22.041862,14.0,-1,8.693879
1879,766,1766.7237124443054,16.917280197143555,1581.651123046875,147.17713928222656,21.950274,10.0,-1,0.27559555
0,766,1453.7854800224304,832.7013835906982,1268.712890625,962.9612426757812,21.4561,10.0,1,9.894141
1961,766,1645.4134097099304,424.10311698913574,1460.3408203125,554.3629760742188,21.362167,16.0,-1,8.22466
11,766,345.3831820487976,337.74926567077637,160.3105926513672,468.0091247558594,20.348433,18.0,-1,21.424911
1,766,1506.1294741630554,191.65307426452637,1321.056884765625,321.9129333496094,20.219866,8.0,1,27.006777
3,766,1029.2273135185242,337.3388042449951,844.1547241210938,467.5986633300781,15.698895,16.0,-1,11.03132
1332,766,638.6599612236023,595.9561443328857,453.5873718261719,726.2160034179688,11.181908,12.0,-1,15.038057
2211,766,248.67829847335815,-86.33235740661621,63.605709075927734,43.9275016784668,10.510382,16.0,-1,14.077712
2127,766,1064.4199404716492,269.6647319793701,879.3473510742188,399.9245910644531,8.447038,14.0,-1,28.962408
2281,766,1783.234576702118,-16.33109474182129,1598.1619873046875,113.92876434326172,8.082469,8.0,-1,24.92916
2032,766,483.81434965133667,-79.03278541564941,298.74176025390625,51.227073669433594,7.6574497,14.0,-1,12.919271
8,766,1438.6221499443054,268.78381156921387,1253.549560546875,399.0436706542969,7.563358,8.0,-1,30.415403
9,766,1360.217730998993,1055.5500774383545,1175.1451416015625,1185.8099365234375,7.2050514,8.0,-1,32.042534
2,766,1534.5064272880554,315.67797660827637,1349.433837890625,445.9378356933594,7.158192,14.0,-1,11.104221
10,766,523.0521426200867,-13.937150955200195,337.97955322265625,116.32270812988281,6.1041965,14.0,-1,14.691416
12,766,1131.6148257255554,859.604398727417,946.542236328125,989.8642578125,5.8838744,10.0,-1,31.123716
2140,766,1664.317340373993,938.4785442352295,1479.2447509765625,1068.7384033203125,5.1524916,24.0,-1,3.3953285
1784,766,1693.8042788505554,311.394437789917,1508.731689453125,441.654296875,2.2918105,8.0,-1,16.122623
2335,766,622.9502139091492,559.190336227417,437.87762451171875,689.4501953125,1.9504825,14.0,-1,1.9320563
2080,766,735.3184390068054,-16.818574905395508,550.245849609375,113.4412841796875,0.53553027,12.0,-1,4.0971956
2389,766,1437.375689983368,210.358793258667,1252.3031005859375,340.61865234375,0.27649227,22.0,-1,1.1668508
0,767,1453.707767009735,832.686429977417,1268.0059814453125,963.0243530273438,33.09746,10.0,1,10.58503
1,767,1503.9281039237976,192.23400688171387,1318.226318359375,322.5719299316406,29.405249,8.0,1,25.08811
4,767,1243.589602947235,-43.89689826965332,1057.8878173828125,86.44102478027344,22.338732,14.0,-1,5.35909
1961,767,1645.8931918144226,424.441068649292,1460.19140625,554.7789916992188,19.811434,16.0,-1,7.9103155
1879,767,1766.3641390800476,14.099546432495117,1580.662353515625,144.43746948242188,17.939615,6.0,1,1.5623492
3,767,1031.4459872245789,336.47726249694824,845.7442016601562,466.815185546875,17.204693,14.0,-1,13.642657
11,767,343.50096464157104,337.7642192840576,157.79917907714844,468.1021423339844,15.057828,18.0,-1,21.242682
8,767,1439.7327914237976,267.63110160827637,1254.031005859375,397.9690246582031,14.019006,8.0,-1,30.418642
2211,767,249.7472186088562,-85.92215919494629,64.0454330444336,44.41576385498047,10.926388,16.0,-1,12.377067
1332,767,639.7597079277039,596.4446697235107,454.05792236328125,726.7825927734375,10.806319,12.0,-1,14.772549
2032,767,483.19034147262573,-80.03880882263184,297.4885559082031,50.29911422729492,8.533097,14.0,-1,12.441068
12,767,1129.08349943161,861.4527263641357,943.3817138671875,991.7906494140625,7.455794,10.0,-1,32.920452
9,767,1355.734622478485,1052.8412761688232,1170.0328369140625,1183.17919921875,7.455627,8.0,-1,29.19143
2,767,1534.87012052536,315.8428325653076,1349.1683349609375,446.1807556152344,7.2165513,14.0,-1,14.024798
2281,767,1780.9891390800476,-20.40618324279785,1595.287353515625,109.9317398071289,6.4271145,8.0,-1,23.255293
2127,767,1065.042727947235,269.25085258483887,879.3409423828125,399.5887756347656,5.998656,12.0,-1,24.862368
2140,767,1663.665774822235,939.5070476531982,1477.9639892578125,1069.844970703125,5.487389,24.0,-1,2.5989447
10,767,524.111056804657,-15.226816177368164,338.4092712402344,115.1111068725586,5.035627,12.0,-1,15.6868925
2263,767,1055.7955965995789,277.41930961608887,870.0938110351562,407.7572326660156,3.669924,24.0,-1,32.21701
1784,767,1695.7818636894226,309.36703300476074,1510.080078125,439.7049560546875,3.1060245,8.0,-1,16.619625
2335,767,623.0279269218445,559.043851852417,437.3261413574219,689.3817749023438,1.0666983,14.0,-1,2.266814
2080,767,731.2600131034851,-14.113252639770508,545.5582275390625,116.22467041015625,0.76707584,12.0,-1,3.8961658
2389,767,1435.07715177536,211.40423393249512,1249.3753662109375,341.7421569824219,0.3847485,24.0,-1,0.85801595
1879,768,1767.093707561493,12.719091415405273,1580.1715087890625,143.0884552001953,32.02232,6.0,1,0.50970626
0,768,1454.648639202118,831.918478012085,1267.7264404296875,962.287841796875,27.595167,10.0,1,10.035782
1,768,1506.6013979911804,190.2777614593506,1319.67919921875,320.6471252441406,27.154335,8.0,1,25.836823
1961,768,1645.641559123993,426.18520164489746,1458.7193603515625,556.5545654296875,17.23987,16.0,-1,8.429099
11,768,343.50096464157104,337.5870876312256,156.57876586914062,467.9564514160156,17.182112,20.0,-1,20.944326
3,768,1031.1823916435242,335.96510887145996,844.2601928710938,466.33447265625,14.949894,14.0,-1,10.084854
4,768,1242.0645327568054,-43.33395576477051,1055.142333984375,87.03540802001953,12.624958,14.0,-1,5.7263017
8,768,1441.7188296318054,265.5264186859131,1254.796630859375,395.8957824707031,10.581612,8.0,-1,29.578363
2032,768,484.7708315849304,-78.5777416229248,297.8486328125,51.791622161865234,10.072859,14.0,-1,13.756048
1332,768,637.4561953544617,596.0967617034912,450.53399658203125,726.4661254882812,9.96953,12.0,-1,15.508743
12,768,1132.022174358368,863.3456020355225,945.0999755859375,993.7149658203125,8.361366,10.0,-1,34.065845
9,768,1353.1770815849304,1051.4747524261475,1166.2548828125,1181.8441162109375,8.203771,8.0,-1,30.098892
2,768,1534.349078655243,314.9875087738037,1347.4268798828125,445.35687255859375,7.336471,14.0,-1,9.788191
2211,768,250.19076490402222,-83.24018287658691,63.2685661315918,47.129180908203125,7.0826926,16.0,-1,13.1061735
2127,768,1063.0851016044617,270.96410179138184,876.1629028320312,401.3334655761719,6.523129,16.0,-1,37.277985
10,768,524.2214846611023,-15.226816177368164,337.2992858886719,115.14254760742188,6.4959407,14.0,-1,12.909311
2281,768,1782.567340373993,-21.634965896606445,1595.6451416015625,108.7343978881836,5.778803,8.0,-1,21.612427
2140,768,1667.7954897880554,939.5772914886475,1480.873291015625,1069.9466552734375,5.6914234,22.0,-1,2.9017618
1784,768,1697.8406558036804,307.86012840270996,1510.91845703125,438.2294921875,3.0267134,8.0,-1,14.456705
2263,768,1055.2685732841492,277.50905418395996,868.3463745117188,407.87841796875,2.9660656,24.0,-1,31.633036
2335,768,621.2838625907898,560.4406337738037,434.3616638183594,690.8099975585938,1.2960722,12.0,-1,5.8604083
2080,768,729.2668032646179,-10.527498245239258,542.3446044921875,119.84186553955078,0.8714943,12.0,-1,4.141677
2389,768,1432.5943179130554,211.93971824645996,1245.672119140625,342.30908203125,0.5936684,24.0,-1,0.86702174
0,769,1453.809283733368,831.0961513519287,1265.9637451171875,961.3928833007812,29.81372,10.0,1,9.323411
1961,769,1643.8977847099304,426.80873680114746,1456.05224609375,557.10546875,27.090675,16.0,-1,7.8660836
1,769,1505.9097476005554,189.98793601989746,1318.064208984375,320.28466796875,24.70597,8.0,1,23.78264
1879,769,1769.721148967743,10.129232406616211,1581.8756103515625,140.42596435546875,20.9026,10.0,-1,0.3090155
11,769,342.80995512008667,338.65468406677246,154.96441650390625,468.951416015625,19.305943,20.0,-1,22.48513
3,769,1031.873004436493,335.5342617034912,844.0274658203125,465.83099365234375,17.095182,14.0,-1,7.9359574
4,769,1243.3394351005554,-43.53013801574707,1055.493896484375,86.76659393310547,12.705237,14.0,-1,5.959732
8,769,1441.8196597099304,267.6892604827881,1253.97412109375,397.9859924316406,11.957851,8.0,-1,34.758278
2211,769,248.59322690963745,-82.06842994689941,60.74768829345703,48.228302001953125,10.455415,14.0,-1,13.33098
9,769,1349.957232952118,1050.9981899261475,1162.1116943359375,1181.294921875,10.275893,8.0,-1,33.557438
1332,769,635.9011721611023,596.774923324585,448.0556335449219,727.0716552734375,9.928866,12.0,-1,15.920691
2032,769,485.78590726852417,-78.0169734954834,297.94036865234375,52.27975845336914,8.62906,14.0,-1,14.527523
2,769,1534.684039592743,314.9875087738037,1346.8385009765625,445.28424072265625,7.287638,14.0,-1,2.4606974
10,769,523.0750613212585,-16.1146183013916,335.2295227050781,114.18211364746094,7.249256,14.0,-1,13.411166
2127,769,1061.3604922294617,270.35707664489746,873.5149536132812,400.65380859375,6.5878925,14.0,-1,45.959652
12,769,1132.8363223075867,863.6482753753662,944.9907836914062,993.9450073242188,5.4696307,10.0,-1,33.51573
2281,769,1784.1646304130554,-19.05857276916504,1596.319091796875,111.2381591796875,4.8259854,8.0,-1,22.831272
1784,769,1697.5037417411804,305.8178310394287,1509.658203125,436.11456298828125,4.432039,8.0,-1,16.39689
2140,769,1667.7954897880554,941.0167446136475,1479.949951171875,1071.3134765625,4.0005884,24.0,-1,3.0040789
2263,769,1054.0432314872742,278.2800807952881,866.1976928710938,408.5768127441406,2.611222,24.0,-1,32.248455
2335,769,625.2622866630554,561.7906093597412,437.416748046875,692.0873413085938,1.5130426,12.0,-1,3.8503027
2080,769,729.2868838310242,-12.032304763793945,541.4413452148438,118.2644271850586,0.6206558,12.0,-1,3.8755107
2389,769,1436.2161440849304,211.32741355895996,1248.37060546875,341.6241455078125,0.61460674,22.0,-1,1.0309106
0,770,1452.7439761161804,831.4943141937256,1264.770263671875,962.203369140625,30.515093,10.0,1,10.6778345
1961,770,1643.9121890068054,425.9203395843506,1455.9384765625,556.62939453125,29.540224,16.0,-1,7.42984
11,770,341.23949003219604,338.65468406677246,153.26577758789062,469.3637390136719,26.880295,20.0,-1,22.04867
1879,770,1770.2571597099304,8.749425888061523,1582.283447265625,139.45848083496094,22.53182,10.0,-1,1.4434847
1,770,1506.0386538505554,187.86672019958496,1318.06494140625,318.5757751464844,19.740324,8.0,1,20.317467
3,770,1032.1807436943054,336.79540061950684,844.20703125,467.50445556640625,19.417013,14.0,-1,8.851849
4,770,1239.9170718193054,-43.96311378479004,1051.943359375,86.74594116210938,17.2993,14.0,-1,8.5480795
2211,770,247.77091550827026,-82.34445762634277,59.797203063964844,48.36459732055664,16.397268,16.0,-1,13.729752
2032,770,488.0312075614929,-78.00503349304199,300.0574951171875,52.70402145385742,14.946181,14.0,-1,15.061182
9,770,1349.957232952118,1053.1898708343506,1161.9835205078125,1183.89892578125,13.500793,10.0,-1,27.286577
1332,770,633.9135317802429,595.7956447601318,445.9398193359375,726.5046997070312,12.131774,12.0,-1,15.551985
8,770,1438.2642397880554,267.2517910003662,1250.29052734375,397.9608459472656,10.03522,8.0,-1,31.017649
2,770,1533.532916545868,315.44960594177246,1345.5592041015625,446.1586608886719,9.701679,14.0,-1,2.907109
12,770,1132.5445742607117,860.5817775726318,944.5708618164062,991.2908325195312,9.0563545,10.0,-1,33.130943
2140,770,1668.0865054130554,942.2297878265381,1480.11279296875,1072.9388427734375,8.387431,24.0,-1,3.6849418
10,770,518.1888918876648,-14.434396743774414,330.2151794433594,116.274658203125,7.963219,14.0,-1,12.002228
2127,770,1061.617877483368,270.62535667419434,873.6441650390625,401.33441162109375,7.2852616,14.0,-1,33.188984
2281,770,1784.212604045868,-16.484193801879883,1596.2388916015625,114.22486114501953,6.599179,8.0,-1,23.30798
1784,770,1700.1004214286804,307.4707546234131,1512.126708984375,438.1798095703125,4.473047,8.0,-1,16.09206
2263,770,1054.5210146903992,277.84508323669434,866.5473022460938,408.55413818359375,2.949197,24.0,-1,30.04733
2335,770,620.5445437431335,558.9380397796631,432.5708312988281,689.6470947265625,1.0718573,14.0,-1,6.004862
2080,770,725.7625918388367,-9.94590950012207,537.7888793945312,120.76314544677734,0.34151602,14.0,-1,4.450542
2389,770,1436.814654827118,208.64357566833496,1248.8409423828125,339.3526306152344,0.18625702,24.0,-1,0.23777568
1961,771,1642.065875530243,425.7434597015381,1453.755859375,556.294189453125,24.110487,16.0,-1,7.1500607
0,771,1452.1179995536804,831.2105007171631,1263.8079833984375,961.76123046875,23.557013,10.0,1,10.184341
11,771,340.673312664032,338.07872581481934,152.36329650878906,468.62945556640625,23.466461,20.0,-1,21.589777
1,771,1507.124225139618,187.6964626312256,1318.814208984375,318.2471923828125,23.179243,8.0,1,15.982704
1879,771,1769.942340373993,8.749425888061523,1581.63232421875,139.30015563964844,19.74915,10.0,-1,0.9801041
3,771,1030.5073428153992,337.6314296722412,842.1973266601562,468.1821594238281,17.546513,14.0,-1,10.49973
8,771,1438.2937808036804,267.60732078552246,1249.9837646484375,398.1580505371094,15.413284,8.0,-1,35.24845
2211,771,247.8254427909851,-82.27045631408691,59.51542663574219,48.2802734375,13.64433,16.0,-1,12.879463
4,771,1238.8560366630554,-44.72085762023926,1050.5460205078125,85.82987213134766,12.72399,14.0,-1,10.596389
1332,771,634.4684329032898,596.0595607757568,446.1584167480469,726.6102905273438,10.548409,12.0,-1,14.7254505
2032,771,487.2185549736023,-77.7342472076416,298.9085388183594,52.81648254394531,10.080193,14.0,-1,16.394716
10,771,515.7081789970398,-15.109148025512695,327.3981628417969,115.44158172607422,10.0096855,16.0,-1,10.118499
9,771,1349.928668498993,1053.4718532562256,1161.61865234375,1184.0225830078125,9.375033,10.0,-1,28.023727
2,771,1533.593951702118,315.20958518981934,1345.283935546875,445.76031494140625,8.886411,14.0,-1,3.9376845
12,771,1133.6602969169617,861.1613674163818,945.3502807617188,991.7120971679688,8.777352,10.0,-1,33.066536
2281,771,1784.212604045868,-16.649797439575195,1595.902587890625,113.90093231201172,8.187736,8.0,-1,22.260002
2140,771,1669.9849429130554,945.3916530609131,1481.6749267578125,1075.9423828125,5.533476,22.0,-1,3.01697
2127,771,1062.3218569755554,270.2260341644287,874.0118408203125,400.7767639160156,5.1159043,12.0,-1,23.84109
2263,771,1056.0904726982117,279.0322780609131,867.7804565429688,409.5830078125,3.0953176,22.0,-1,28.844913
1784,771,1700.893756389618,310.02940940856934,1512.583740234375,440.58013916015625,2.4763243,8.0,-1,17.352795
2335,771,618.7828555107117,558.1985378265381,430.47283935546875,688.749267578125,1.3492675,12.0,-1,6.1875296
2080,771,727.0661196708679,-6.570772171020508,538.756103515625,123.9799575805664,0.60113543,14.0,-1,3.692824
2389,771,1430.270709514618,206.56728172302246,1241.960693359375,337.1180114746094,0.2376681,24.0,-1,1.8573668
0,772,1452.6638979911804,829.7931728363037,1264.0538330078125,960.4148559570312,30.609793,10.0,1,10.067434
11,772,339.68060636520386,340.9483242034912,151.07054138183594,471.57000732421875,28.321043,20.0,-1,20.808773
1961,772,1642.453082561493,426.44228172302246,1453.843017578125,557.06396484375,22.680048,16.0,-1,6.8530307
1879,772,1769.9908022880554,8.883749008178711,1581.3807373046875,139.50543212890625,18.290785,10.0,-1,0.83075476
3,772,1029.845416545868,337.75304222106934,841.2353515625,468.3747253417969,17.168955,14.0,-1,13.486066
1,772,1507.9961733818054,187.91856956481934,1319.3861083984375,318.5402526855469,17.119871,8.0,1,20.023664
2211,772,248.93186902999878,-82.51084327697754,60.32180404663086,48.11083984375,13.888103,16.0,-1,10.18126
4,772,1237.1321597099304,-45.141496658325195,1048.5220947265625,85.48018646240234,13.827422,14.0,-1,9.829351
10,772,514.306384563446,-16.205110549926758,325.6963195800781,114.41657257080078,12.905586,16.0,-1,9.880768
9,772,1348.6013979911804,1053.4933071136475,1159.9913330078125,1184.114990234375,12.329918,8.0,-1,30.518835
2032,772,484.9466128349304,-76.80804252624512,296.3365478515625,53.81364059448242,10.633439,14.0,-1,14.8738985
8,772,1438.952594280243,267.2212734222412,1250.342529296875,397.84295654296875,9.970285,8.0,-1,33.381474
2,772,1532.399127483368,315.20958518981934,1343.7890625,445.8312683105469,9.103748,14.0,-1,5.581844
1332,772,634.2749209403992,595.9292812347412,445.66485595703125,726.5509643554688,8.833768,12.0,-1,14.372204
2140,772,1669.8011050224304,943.244649887085,1481.1910400390625,1073.8663330078125,6.249457,24.0,-1,2.0840306
12,772,1133.9107241630554,859.0238246917725,945.3006591796875,989.6455078125,5.575506,10.0,-1,32.807663
2127,772,1062.5272402763367,271.4744167327881,873.9171752929688,402.0960998535156,5.4037957,12.0,-1,21.798695
2281,772,1786.087848186493,-19.859262466430664,1597.477783203125,110.76242065429688,4.6236014,8.0,-1,19.473267
1784,772,1703.476275920868,311.2842311859131,1514.8662109375,441.9059143066406,4.22263,8.0,-1,19.90746
2263,772,1055.0039858818054,279.14366722106934,866.3939208984375,409.7653503417969,3.6393898,22.0,-1,25.437162
2335,772,618.7828555107117,556.7331142425537,430.17279052734375,687.3547973632812,1.600217,12.0,-1,7.1491866
2080,772,728.5515933036804,-4.982873916625977,539.9415283203125,125.63880920410156,0.54992414,10.0,-1,4.2905746
2389,772,1428.5833315849304,204.87209129333496,1239.9732666015625,335.4937744140625,0.2976604,20.0,-1,1.719168
0,773,1452.8235659599304,829.5428066253662,1264.0809326171875,960.5855712890625,27.901785,10.0,1,11.732632
1,773,1509.0955386161804,190.05055809020996,1320.3529052734375,321.09332275390625,25.398985,8.0,1,15.769602
1961,773,1640.904742717743,426.4784755706787,1452.162109375,557.521240234375,23.79473,16.0,-1,7.9529147
2211,773,246.54834699630737,-81.38912773132324,57.80571365356445,49.65363693237305,22.468378,16.0,-1,11.132268
4,773,1236.514117717743,-45.06865119934082,1047.771484375,85.97411346435547,22.467474,14.0,-1,5.7085285
11,773,340.6933627128601,341.43459129333496,151.9507293701172,472.47735595703125,21.258123,20.0,-1,21.50361
1879,773,1770.750445842743,7.599737167358398,1582.0078125,138.6425018310547,17.31499,6.0,1,2.4627683
10,773,515.3983950614929,-18.676904678344727,326.65576171875,112.36585998535156,16.355526,16.0,-1,7.8777003
3,773,1029.0391421318054,335.8344020843506,840.2965087890625,466.8771667480469,14.3942995,14.0,-1,14.01142
8,773,1440.9424624443054,269.1478786468506,1252.1998291015625,400.1906433105469,12.622192,8.0,-1,34.45947
2032,773,483.30028104782104,-76.79866600036621,294.5576477050781,54.24409866333008,12.448719,14.0,-1,14.88246
1332,773,634.7908816337585,595.6101894378662,446.0482482910156,726.6529541015625,10.624135,14.0,-1,15.224116
9,773,1349.979938030243,1051.3991298675537,1161.2373046875,1182.44189453125,10.317937,8.0,-1,31.273357
2,773,1532.595660686493,314.4529628753662,1343.85302734375,445.4957275390625,8.4632635,14.0,-1,5.5136285
12,773,1133.8521304130554,857.01637840271,945.1094970703125,988.0591430664062,7.5466943,10.0,-1,30.356012
2281,773,1783.024127483368,-19.343843460083008,1594.281494140625,111.69892120361328,4.3146496,8.0,-1,17.449188
2127,773,1062.4657168388367,272.06679344177246,873.7230834960938,403.10955810546875,4.2826285,16.0,-1,23.23386
2140,773,1670.7683901786804,941.4523525238037,1482.0257568359375,1072.4951171875,3.9712095,24.0,-1,2.4573574
2263,773,1054.8594546318054,278.5945339202881,866.1168212890625,409.6372985839844,3.2786644,24.0,-1,30.02291
2335,773,620.2605166435242,556.7331142425537,431.51788330078125,687.77587890625,2.3986733,12.0,-1,7.5988746
1784,773,1701.531451702118,310.9831142425537,1512.788818359375,442.02587890625,2.3822715,8.0,-1,18.971588
2080,773,728.5515933036804,-3.2044544219970703,539.8089599609375,127.83831024169922,0.7359597,14.0,-1,3.6349473
2389,773,1423.523150920868,207.04503440856934,1234.780517578125,338.0877990722656,0.36201808,24.0,-1,1.9667326
0,774,1452.8440127372742,828.4597644805908,1263.287353515625,960.0051879882812,24.263855,10.0,1,11.490351
1,774,1510.7220644950867,190.30851936340332,1321.1654052734375,321.85394287109375,22.334547,8.0,1,16.118347
11,774,339.5817904472351,340.81089973449707,150.02513122558594,472.3563232421875,21.015253,20.0,-1,22.931313
10,774,515.2969241142273,-19.291364669799805,325.7402648925781,112.25405883789062,19.57163,16.0,-1,8.895216
1879,774,1771.9998965263367,6.910768508911133,1582.4432373046875,138.45619201660156,19.075113,6.0,1,0.022793055
1961,774,1640.9384951591492,425.5270252227783,1451.3818359375,557.0724487304688,17.819052,16.0,-1,6.7163343
4,774,1235.0658144950867,-44.75739860534668,1045.5091552734375,86.78802490234375,14.555516,14.0,-1,6.522328
3,774,1029.482379436493,336.51558113098145,839.9257202148438,468.0610046386719,14.284729,14.0,-1,13.375375
1332,774,635.663806438446,598.4159412384033,446.1071472167969,729.9613647460938,12.672039,14.0,-1,12.583474
2211,774,246.82290983200073,-81.93264961242676,57.26625061035156,49.61277389526367,12.16864,16.0,-1,11.136047
2,774,1533.2391543388367,316.1760730743408,1343.6824951171875,447.72149658203125,12.053776,14.0,-1,5.6435843
9,774,1349.1988711357117,1050.5163440704346,1159.6422119140625,1182.061767578125,10.243758,8.0,-1,30.244326
2032,774,481.91441679000854,-76.72453498840332,292.3577575683594,54.82088851928711,9.45837,14.0,-1,14.395813
8,774,1441.3592715263367,273.0537586212158,1251.8026123046875,404.59918212890625,8.621156,8.0,-1,28.837494
2127,774,1065.4129824638367,271.99266242980957,875.8563232421875,403.5380859375,6.322262,16.0,-1,27.999578
12,774,1134.042438030243,857.1840076446533,944.4857788085938,988.7294311523438,6.2784786,10.0,-1,28.87912
2140,774,1670.6183047294617,941.7278919219971,1481.0616455078125,1073.2733154296875,5.0832353,24.0,-1,2.8333514
1784,774,1700.5512881278992,310.48753547668457,1510.99462890625,442.032958984375,4.537871,8.0,-1,23.139505
2281,774,1781.7837100028992,-20.14192771911621,1592.22705078125,111.40349578857422,4.224852,10.0,-1,14.70327
2335,774,617.1587100028992,553.5626087188721,427.60205078125,685.1080322265625,1.7305151,12.0,-1,6.794197
2080,774,727.9455142021179,0.3612384796142578,538.3888549804688,131.9066619873047,1.18093,10.0,-1,3.7656648
2389,774,1423.5027041435242,208.70347785949707,1233.946044921875,340.2489013671875,0.39944422,24.0,-1,0.6838521
0,775,1452.6805605888367,826.6028308868408,1262.279541015625,958.26611328125,27.051605,10.0,1,11.968484
11,775,338.8567843437195,338.7316150665283,148.4557647705078,470.3948974609375,26.51523,20.0,-1,22.590551
4,775,1236.1893496513367,-45.394514083862305,1045.788330078125,86.26876831054688,20.577353,14.0,-1,5.211756
1,775,1510.5080752372742,190.20372200012207,1320.1070556640625,321.86700439453125,20.081827,8.0,1,12.201759
3,775,1028.3514590263367,335.6074390411377,837.950439453125,467.2707214355469,16.861832,14.0,-1,13.699688
10,775,513.9685549736023,-17.51886558532715,323.5675354003906,114.14441680908203,16.5502,16.0,-1,7.531691
1879,775,1771.1289248466492,8.776185989379883,1580.7279052734375,140.43946838378906,15.089023,6.0,1,2.1133633
1961,775,1641.7500185966492,426.0585193634033,1451.3489990234375,557.7218017578125,14.975465,14.0,-1,6.403449
8,775,1442.6811709403992,276.23033332824707,1252.2801513671875,407.89361572265625,11.710243,8.0,-1,36.8855
2,775,1530.7995791435242,315.1234607696533,1340.3985595703125,446.7867431640625,11.124047,14.0,-1,2.396006
2032,775,481.13368558883667,-76.59838676452637,290.732666015625,55.06489562988281,11.051388,14.0,-1,14.898304
1332,775,638.0779910087585,600.3909778594971,447.6769714355469,732.0542602539062,10.261256,14.0,-1,12.382015
9,775,1348.2468447685242,1049.9336414337158,1157.8458251953125,1181.596923828125,9.181573,10.0,-1,27.568247
2211,775,246.98636198043823,-81.82785224914551,56.58534240722656,49.83543014526367,8.967164,16.0,-1,11.443854
2140,775,1670.9325137138367,938.2921619415283,1480.531494140625,1069.9554443359375,8.327367,22.0,-1,4.0796084
2127,775,1068.8709292411804,270.8914051055908,878.4699096679688,402.5546875,7.857245,12.0,-1,22.929846
12,775,1133.822955608368,860.2412586212158,943.4219360351562,991.904541015625,6.812763,10.0,-1,33.17988
1784,775,1701.3397402763367,309.96443367004395,1510.938720703125,441.6277160644531,3.5544968,8.0,-1,21.150347
2263,775,1056.577594280243,275.7974109649658,866.1765747070312,407.460693359375,3.2270648,24.0,-1,33.351814
2281,775,1784.8238711357117,-20.63941764831543,1594.4228515625,111.02386474609375,2.7517788,10.0,-1,11.877371
2335,775,616.4621157646179,554.5317859649658,426.06109619140625,686.195068359375,1.0031267,14.0,-1,6.4802394
2080,775,729.7957339286804,2.412508010864258,539.3947143554688,134.07579040527344,0.77832603,14.0,-1,4.239362
2389,775,1428.3912539482117,208.97587776184082,1237.990234375,340.63916015625,0.54333407,22.0,-1,0.17725393
0,776,1452.572482585907,826.9246692657471,1261.02197265625,958.3809204101562,28.15824,10.0,1,12.796343
11,776,338.8567843437195,338.50901985168457,147.3062744140625,469.96527099609375,26.92571,20.0,-1,21.198122
1,776,1511.9344210624695,188.89265632629395,1320.3839111328125,320.3489074707031,21.329008,8.0,1,12.066271
1879,776,1770.4737277030945,12.372072219848633,1578.9232177734375,143.8283233642578,18.797941,10.0,-1,1.0215169
3,776,1028.2449069023132,333.1587390899658,836.6943969726562,464.614990234375,17.983046,14.0,-1,13.053622
10,776,511.259006023407,-19.316152572631836,319.70849609375,112.14009857177734,15.776343,16.0,-1,8.095696
4,776,1236.662082195282,-41.92365837097168,1045.111572265625,89.5325927734375,15.156947,14.0,-1,6.611038
1961,776,1640.3250460624695,424.24070930480957,1448.7745361328125,555.6969604492188,13.800648,16.0,-1,6.361159
2211,776,248.82036542892456,-83.41309928894043,57.26985549926758,48.04315185546875,13.667557,16.0,-1,9.563085
1332,776,637.2460055351257,600.3951892852783,445.69549560546875,731.8514404296875,12.218585,12.0,-1,13.022976
2,776,1529.5894503593445,313.37520027160645,1338.0389404296875,444.8314514160156,11.205115,14.0,-1,0.86183023
8,776,1443.2649874687195,278.24559211730957,1251.7144775390625,409.70184326171875,10.749154,8.0,-1,35.48515
2032,776,480.4621615409851,-73.87172889709473,288.9116516113281,57.58452224731445,10.2633095,14.0,-1,15.018544
2140,776,1671.1426730155945,938.0713367462158,1479.5921630859375,1069.527587890625,9.931924,22.0,-1,3.6994436
9,776,1348.2144503593445,1049.2894763946533,1156.6639404296875,1180.7457275390625,7.827534,8.0,-1,27.699356
12,776,1133.3018527030945,859.5869617462158,941.7513427734375,991.043212890625,6.0759006,10.0,-1,29.835508
2281,776,1785.0862765312195,-21.7347469329834,1593.5357666015625,109.72150421142578,4.4348035,10.0,-1,13.045348
2127,776,1069.4421725273132,270.8914051055908,877.8916625976562,402.34765625,4.029308,12.0,-1,19.911112
1784,776,1703.712131023407,312.94111824035645,1512.16162109375,444.3973693847656,4.029012,8.0,-1,20.643335
2263,776,1059.645480632782,277.22081184387207,868.094970703125,408.67706298828125,2.5864732,22.0,-1,29.588436
2335,776,619.0007967948914,555.8724842071533,427.4502868652344,687.3287353515625,1.7154521,12.0,-1,8.763349
2080,776,732.9176363945007,5.609651565551758,541.3671264648438,137.06590270996094,0.856453,14.0,-1,3.620348
2389,776,1424.704562664032,210.1959400177002,1233.154052734375,341.6521911621094,0.39087918,24.0,-1,0.9679609
0,777,1450.934298992157,827.4576892852783,1258.9002685546875,959.6886596679688,28.304977,10.0,1,13.315386
11,777,339.89879179000854,337.87523078918457,147.86476135253906,470.106201171875,21.718729,20.0,-1,22.22735
1879,777,1770.4737277030945,12.115861892700195,1578.439697265625,144.34683227539062,16.858091,6.0,1,0.4320202
1,777,1513.0354952812195,187.95707893371582,1321.00146484375,320.18804931640625,15.822426,8.0,1,10.061422
4,777,1237.8741183280945,-40.38982963562012,1045.840087890625,91.84114074707031,14.88068,14.0,-1,7.8270054
3,777,1028.5440402030945,334.4953784942627,836.510009765625,466.7263488769531,14.836915,16.0,-1,13.394328
1961,777,1639.4417452812195,424.24070930480957,1447.40771484375,556.4716796875,14.085194,16.0,-1,5.636955
10,777,511.22919034957886,-18.12653923034668,319.1951599121094,114.10443115234375,12.623936,16.0,-1,6.530329
1332,777,637.7800326347351,599.2773303985596,445.7460021972656,731.50830078125,12.611168,12.0,-1,12.881928
2032,777,482.2537875175476,-74.38959693908691,290.2197570800781,57.841373443603516,12.520589,14.0,-1,15.357509
8,777,1442.3838839530945,277.8713855743408,1250.349853515625,410.10235595703125,9.98286,8.0,-1,37.23454
2,777,1530.534640789032,311.95930671691895,1338.5006103515625,444.1902770996094,9.890183,14.0,-1,0.43158102
2211,777,248.0923342704773,-82.33552360534668,56.05830383300781,49.89544677734375,9.814034,16.0,-1,13.193095
9,777,1349.949191570282,1044.4936389923096,1157.9151611328125,1176.724609375,8.53828,10.0,-1,25.752941
2127,777,1072.0643038749695,271.7642078399658,880.0302734375,403.99517822265625,8.4374075,12.0,-1,19.866802
2140,777,1667.659884929657,936.3795032501221,1475.6258544921875,1068.6104736328125,7.1649613,22.0,-1,3.1945748
12,777,1131.4805026054382,857.6810169219971,939.4464721679688,989.9119873046875,5.886294,10.0,-1,29.606215
1784,777,1704.351047039032,315.41819953918457,1512.3170166015625,447.649169921875,3.7923858,8.0,-1,21.862276
2263,777,1060.2496676445007,278.12520027160645,868.2156372070312,410.3561706542969,3.200222,24.0,-1,30.337877
2281,777,1782.6917452812195,-19.190725326538086,1590.65771484375,113.04024505615234,3.036422,10.0,-1,13.925564
2335,777,618.8939852714539,555.7141590118408,426.8599548339844,687.9451293945312,1.3257452,10.0,-1,9.918529
2080,777,732.3387179374695,9.119905471801758,540.3046875,141.3508758544922,0.9210108,16.0,-1,4.6982555
2389,777,1424.6563448905945,214.04771614074707,1232.622314453125,346.2786865234375,0.53049517,20.0,-1,1.3918388
4,778,1238.705310344696,-38.98016929626465,1045.8863525390625,93.94914245605469,25.336103,14.0,-1,8.263225
0,778,1450.3231081962585,823.6414279937744,1257.504150390625,956.5707397460938,21.831522,10.0,1,14.718542
1879,778,1774.7259402275085,14.359170913696289,1581.906982421875,147.28848266601562,19.321602,6.0,1,1.182364
3,778,1026.4344973564148,335.6883945465088,833.6155395507812,468.6177062988281,18.528063,16.0,-1,12.749204
10,778,510.93666410446167,-18.969282150268555,318.1177062988281,113.96002960205078,17.768805,16.0,-1,8.735598
11,778,339.89879179000854,337.91221046447754,147.079833984375,470.8415222167969,16.33908,20.0,-1,21.531424
1,778,1513.536609172821,186.89124488830566,1320.7176513671875,319.820556640625,16.095263,8.0,1,8.288165
1961,778,1640.059314250946,421.0744113922119,1447.2403564453125,554.0037231445312,15.176475,16.0,-1,5.9561696
9,778,1352.995837688446,1043.0594577789307,1160.1768798828125,1175.98876953125,14.026614,8.0,-1,34.195057
8,778,1444.8275027275085,278.7729892730713,1252.008544921875,411.7023010253906,12.972148,8.0,-1,36.003704
1332,778,638.1393618583679,600.9763278961182,445.3204040527344,733.9056396484375,11.9161,12.0,-1,11.631705
2032,778,480.8434329032898,-76.58856773376465,288.02447509765625,56.34074401855469,8.666093,14.0,-1,14.431025
2,778,1530.1111941337585,312.62574195861816,1337.292236328125,445.5550537109375,8.198879,14.0,-1,0.8986569
2140,778,1668.176013469696,935.3029880523682,1475.3570556640625,1068.2322998046875,8.105605,24.0,-1,3.5008035
2211,778,246.7110743522644,-82.06425666809082,53.89211654663086,50.865055084228516,7.721151,16.0,-1,11.638418
12,778,1131.2928957939148,853.8778781890869,938.4739379882812,986.8071899414062,7.370138,10.0,-1,30.395357
2127,778,1070.7728762626648,272.0305576324463,877.9539184570312,404.9598693847656,5.9843717,12.0,-1,21.267557
1784,778,1704.1531863212585,314.7620029449463,1511.334228515625,447.6913146972656,4.1592107,8.0,-1,24.487259
2281,778,1782.425281047821,-19.190725326538086,1589.6063232421875,113.73858642578125,2.9547284,8.0,-1,15.985825
2263,778,1060.8472781181335,276.8351535797119,868.0283203125,409.76446533203125,2.5522883,22.0,-1,26.786898
2335,778,618.404040813446,558.2401218414307,425.5850830078125,691.16943359375,2.318357,12.0,-1,10.586423
2389,778,1430.0840945243835,217.1404209136963,1237.26513671875,350.0697326660156,0.8331504,22.0,-1,0.7325125
2080,778,733.7015261650085,8.980447769165039,540.882568359375,141.90975952148438,0.6637155,16.0,-1,4.0027742
0,779,1449.8722414970398,821.4317264556885,1256.354736328125,954.55908203125,28.76367,10.0,1,12.763466
11,779,340.13609647750854,335.9261112213135,146.61859130859375,469.053466796875,23.601112,18.0,-1,21.934973
3,779,1025.7524905204773,335.7010135650635,832.2349853515625,468.828369140625,21.449015,16.0,-1,12.266839
1961,779,1638.3690676689148,419.4704837799072,1444.8515625,552.5978393554688,21.31735,16.0,-1,6.856167
1,779,1515.7582278251648,187.42922401428223,1322.24072265625,320.55657958984375,18.883497,8.0,1,7.99113
1879,779,1777.3854250907898,10.800134658813477,1583.867919921875,143.927490234375,18.661043,6.0,1,1.4848242
10,779,509.41615629196167,-18.891271591186523,315.8986511230469,114.236083984375,18.194761,16.0,-1,6.3945475
4,779,1239.7058596611023,-38.992788314819336,1046.1883544921875,94.13456726074219,13.868056,14.0,-1,8.1458235
8,779,1444.4186282157898,276.7744388580322,1250.901123046875,409.90179443359375,13.364072,8.0,-1,36.465725
9,779,1354.6078372001648,1045.127649307251,1161.09033203125,1178.2550048828125,9.571485,8.0,-1,33.214314
2,779,1530.1346926689148,313.7693729400635,1336.6171875,446.896728515625,9.4627285,8.0,1,0.9484565
2032,779,480.0125308036804,-76.52401924133301,286.4950256347656,56.603336334228516,8.953374,14.0,-1,15.357695
2140,779,1668.1525149345398,934.334924697876,1474.635009765625,1067.4622802734375,8.26613,22.0,-1,3.5334811
1332,779,639.531238079071,597.7260990142822,446.01373291015625,730.8534545898438,7.323768,12.0,-1,11.6968
2127,779,1072.2830080986023,270.68438148498535,878.7655029296875,403.8117370605469,7.315271,14.0,-1,35.449413
12,779,1131.5295901298523,851.498743057251,938.0120849609375,984.6260986328125,6.834965,10.0,-1,27.635345
2211,779,246.4436755180359,-78.91801643371582,52.926170349121094,54.2093391418457,6.1544614,14.0,-1,14.024974
1784,779,1705.8682131767273,314.89202308654785,1512.3507080078125,448.0193786621094,4.7806993,8.0,-1,24.556664
2281,779,1782.2432131767273,-20.361509323120117,1588.7257080078125,112.7658462524414,3.292719,8.0,-1,14.750401
2335,779,620.0801577568054,560.0870609283447,426.5626525878906,693.2144165039062,2.1191957,10.0,-1,11.487956
2080,779,731.052722454071,10.965600967407227,537.5352172851562,144.09295654296875,1.0109442,12.0,-1,4.38189
2389,779,1428.1199221611023,219.1020450592041,1234.6024169921875,352.2294006347656,0.31699258,22.0,-1,1.5128328
0,780,1450.6075320243835,820.8945751190186,1256.0972900390625,954.0770263671875,37.622494,10.0,1,12.33103
1879,780,1776.758044719696,10.155866622924805,1582.247802734375,143.33831787109375,27.27516,10.0,-1,1.1578764
1961,780,1638.4405398368835,420.36613273620605,1443.9302978515625,553.548583984375,26.334856,16.0,-1,7.2263737
3,780,1026.715564250946,336.13786125183105,832.205322265625,469.3203125,20.857637,14.0,-1,11.861804
11,780,338.83763456344604,336.08708000183105,144.327392578125,469.26953125,17.08167,18.0,-1,21.813044
4,780,1238.902575969696,-39.000558853149414,1044.392333984375,94.18189239501953,16.012846,14.0,-1,7.207199
1,780,1517.1341433525085,189.83454704284668,1322.6239013671875,323.0169982910156,14.217433,8.0,1,4.8002224
10,780,510.01662015914917,-20.602418899536133,315.5063781738281,112.58003234863281,12.405007,16.0,-1,5.6953993
8,780,1444.347156047821,276.9195079803467,1249.8369140625,410.1019592285156,10.50767,8.0,-1,36.58261
2032,780,481.1869692802429,-76.60896873474121,286.6767272949219,56.573482513427734,9.635218,14.0,-1,14.536453
1332,780,639.2757449150085,598.7673168182373,444.7655029296875,731.9497680664062,9.430992,12.0,-1,12.848505
2211,780,245.06325483322144,-76.36975288391113,50.55301284790039,56.81269836425781,8.717002,14.0,-1,13.521249
2,780,1532.0323367118835,313.1494884490967,1337.5220947265625,446.3319396972656,7.907746,8.0,1,6.579116
9,780,1359.413562297821,1044.8997020721436,1164.9033203125,1178.0821533203125,7.2937245,8.0,-1,30.769587
12,780,1131.1893801689148,851.3467235565186,936.6791381835938,984.5291748046875,6.3379254,10.0,-1,23.150211
2127,780,1070.1388430595398,272.69584465026855,875.6286010742188,405.8782958984375,5.8505306,16.0,-1,38.47706
2140,780,1669.4512820243835,933.667890548706,1474.9410400390625,1066.850341796875,5.3002315,22.0,-1,3.4015174
1784,780,1704.573474407196,314.89979362487793,1510.063232421875,448.0822448730469,4.829866,8.0,-1,23.392271
2281,780,1782.8946413993835,-22.01487159729004,1588.3843994140625,111.1675796508789,2.8240147,10.0,-1,12.907128
2335,780,622.541736125946,559.4336986541748,428.031494140625,692.6161499023438,1.6440296,10.0,-1,11.186797
2389,780,1426.7046999931335,224.8699779510498,1232.1944580078125,358.05242919921875,0.9501443,20.0,-1,1.1406316
2080,780,729.8558840751648,12.909650802612305,535.3456420898438,146.09210205078125,0.86390734,10.0,-1,3.873928
1961,781,1636.6055178642273,421.3344249725342,1441.9561767578125,554.2572631835938,31.758888,16.0,-1,6.6583686
0,781,1449.1263918876648,819.5108776092529,1254.47705078125,952.4337158203125,21.612898,10.0,1,9.467901
1879,781,1778.7487063407898,10.025739669799805,1584.099365234375,142.94857788085938,21.175226,10.0,-1,2.888826
10,781,510.41469144821167,-20.917085647583008,315.7653503417969,112.00575256347656,18.50474,16.0,-1,6.2527604
1,781,1519.0183596611023,191.27052116394043,1324.3690185546875,324.193359375,18.088839,8.0,1,5.180723
11,781,337.52334928512573,340.3056163787842,142.87400817871094,473.22845458984375,16.702929,18.0,-1,22.070637
4,781,1237.3520998954773,-38.810625076293945,1042.7027587890625,94.11221313476562,15.174385,14.0,-1,6.917494
3,781,1026.7922854423523,334.2603282928467,832.1429443359375,467.18316650390625,14.665623,14.0,-1,10.791644
9,781,1362.6364016532898,1043.066785812378,1167.987060546875,1175.9896240234375,13.41349,10.0,-1,25.08846
2,781,1532.2688479423523,313.4706859588623,1337.6195068359375,446.3935241699219,12.425218,8.0,1,9.743967
2032,781,482.1273989677429,-75.28923988342285,287.4780578613281,57.63359832763672,10.919052,14.0,-1,15.60627
8,781,1443.3514895439148,274.88920402526855,1248.7021484375,407.8120422363281,10.326013,8.0,-1,34.24084
1332,781,638.5036807060242,597.6809215545654,443.8543395996094,730.603759765625,9.358375,12.0,-1,15.460472
2211,781,243.35690259933472,-77.14245414733887,48.70756149291992,55.7803840637207,8.105361,14.0,-1,11.859395
2127,781,1069.616443157196,272.7222423553467,874.9671020507812,405.64508056640625,7.7442594,18.0,-1,29.380312
12,781,1132.4700808525085,850.8613414764404,937.8207397460938,983.7841796875,5.366459,10.0,-1,28.165314
2140,781,1668.1738772392273,933.6414928436279,1473.5245361328125,1066.5643310546875,3.548714,22.0,-1,3.6407447
1784,781,1706.9777102470398,316.4575939178467,1512.328369140625,449.38043212890625,3.3539813,8.0,-1,21.328316
2281,781,1787.0597414970398,-23.510271072387695,1592.410400390625,109.41256713867188,3.2769098,10.0,-1,12.230175
2335,781,621.1419863700867,559.4870128631592,426.4926452636719,692.4098510742188,3.0772374,10.0,-1,12.485994
2389,781,1426.6279788017273,227.91981315612793,1231.9786376953125,360.8426513671875,1.890824,10.0,1,0.43189168
2080,781,730.367663860321,14.97962760925293,535.7183227539062,147.9024658203125,0.6019841,12.0,-1,3.8698912
1961,782,1637.3382449150085,423.028413772583,1442.1663818359375,555.9906005859375,35.57244,16.0,-1,7.140346
1879,782,1779.188464641571,10.762392044067383,1584.0166015625,143.72457885742188,27.130426,10.0,-1,1.0693648
1,782,1519.401355266571,191.13977241516113,1324.2294921875,324.1019592285156,22.688822,8.0,1,10.908501
0,782,1449.466540813446,819.036226272583,1254.294677734375,951.9984130859375,22.24204,10.0,1,7.6767416
11,782,335.837131023407,342.84305000305176,140.66526794433594,475.80523681640625,15.924945,18.0,-1,21.211536
10,782,509.8790774345398,-20.28925895690918,314.70721435546875,112.67292785644531,14.047368,16.0,-1,7.821792
4,782,1237.9246706962585,-38.536725997924805,1042.7528076171875,94.42546081542969,11.944638,14.0,-1,8.384208
3,782,1026.3570437431335,333.83825874328613,831.1851806640625,466.8004455566406,11.787473,14.0,-1,9.275551
2032,782,481.16383695602417,-74.17293357849121,285.9919738769531,58.78925323486328,10.838322,14.0,-1,15.400564
2,782,1534.707019329071,313.24173164367676,1339.53515625,446.20391845703125,9.69842,8.0,1,9.673519
2211,782,242.4623827934265,-78.52262306213379,47.29051971435547,54.4395637512207,9.1258745,14.0,-1,13.268158
9,782,1364.449206829071,1041.3398151397705,1169.27734375,1174.302001953125,9.037053,10.0,-1,27.64618
1332,782,638.4149966239929,597.6217975616455,443.2431335449219,730.583984375,8.943192,14.0,-1,14.890523
2127,782,1076.0848879814148,270.873628616333,880.9130249023438,403.8358154296875,7.905224,14.0,-1,29.930853
8,782,1443.815417766571,271.90735054016113,1248.6435546875,404.8695373535156,7.778996,8.0,-1,34.864895
2140,782,1664.147937297821,934.085298538208,1468.97607421875,1067.0474853515625,6.1699567,24.0,-1,3.0738025
12,782,1131.335437297821,850.0272541046143,936.16357421875,982.9894409179688,5.1758347,10.0,-1,30.939978
1784,782,1707.066394329071,319.1928424835205,1511.89453125,452.155029296875,4.7854037,8.0,-1,24.207191
2281,782,1788.488269329071,-23.451147079467773,1593.31640625,109.51103973388672,3.7353888,10.0,-1,12.954557
2335,782,616.6009097099304,559.8442096710205,421.4290466308594,692.806396484375,2.0655634,10.0,-1,12.092163
2389,782,1424.022937297821,226.75177192687988,1228.85107421875,359.7139587402344,1.3849893,8.0,1,0.5171944
2080,782,730.0817141532898,16.975557327270508,534.9098510742188,149.937744140625,0.6067028,12.0,-1,3.618061
1879,783,1778.4255328178406,10.437826156616211,1582.1553955078125,143.76353454589844,31.067894,10.0,-1,2.274947
1961,783,1636.5414996147156,424.4420528411865,1440.2713623046875,557.7677612304688,29.256964,18.0,-1,7.078377
0,783,1449.291865825653,816.0087032318115,1253.021728515625,949.3344116210938,17.610737,10.0,1,9.139136
1,783,1521.781123638153,189.04425621032715,1325.510986328125,322.3699645996094,17.300447,8.0,1,18.991844
10,783,510.33919858932495,-15.051454544067383,314.0690612792969,118.27425384521484,16.001022,16.0,-1,5.9823623
3,783,1026.4872393608093,336.02887535095215,830.2171020507812,469.3545837402344,15.984708,14.0,-1,8.141823
4,783,1237.086787700653,-38.16196632385254,1040.816650390625,95.16374206542969,12.758995,14.0,-1,8.6444435
1332,783,639.0550494194031,594.9957027435303,442.784912109375,728.3214111328125,12.677227,14.0,-1,14.996331
11,783,335.7394976615906,343.1240291595459,139.4693603515625,476.4497375488281,11.425967,18.0,-1,20.802872
9,783,1366.109492778778,1040.8627681732178,1169.83935546875,1174.1884765625,11.171028,10.0,-1,26.223482
2032,783,480.6962237358093,-72.63449287414551,284.42608642578125,60.69121551513672,10.874354,14.0,-1,16.36877
2,783,1533.729365825653,314.090856552124,1337.459228515625,447.41656494140625,10.591729,8.0,1,8.853707
2211,783,241.88265180587769,-79.81910514831543,45.61251449584961,53.5066032409668,7.0159497,14.0,-1,14.094435
2127,783,1077.9335894584656,272.95184898376465,881.6634521484375,406.2775573730469,6.9709744,14.0,-1,25.74634
2140,783,1664.6503863334656,933.6210689544678,1468.3802490234375,1066.94677734375,6.3915076,24.0,-1,3.6430666
8,783,1445.2976031303406,274.5900020599365,1249.0274658203125,407.91571044921875,5.802428,8.0,-1,26.22382
12,783,1130.7280230522156,850.023962020874,934.4578857421875,983.3496704101562,5.2019963,10.0,-1,29.19768
1784,783,1706.2380328178406,320.0325679779053,1509.9678955078125,453.3582763671875,4.382974,8.0,-1,22.14126
2281,783,1787.2001910209656,-23.448740005493164,1590.9300537109375,109.87696838378906,3.8671,10.0,-1,14.668804
2335,783,616.6985430717468,559.2731075286865,420.42840576171875,692.5988159179688,2.0651877,10.0,-1,14.126681
2389,783,1424.125361919403,226.74936485290527,1227.855224609375,360.0750732421875,1.18423,8.0,1,1.1069717
2080,783,731.9056963920593,15.141500473022461,535.6355590820312,148.4672088623047,0.5786877,12.0,-1,4.491707
0,784,1448.5137286186218,814.9752178192139,1251.9305419921875,949.6224975585938,27.36617,10.0,1,11.108557
1879,784,1778.7335772514343,10.660306930541992,1582.150390625,145.30758666992188,23.742533,10.0,-1,2.3304217
3,784,1028.5068926811218,336.800931930542,831.9237060546875,471.4482116699219,21.29828,14.0,-1,9.616782
1961,784,1634.8347735404968,427.0270366668701,1438.2515869140625,561.67431640625,21.159782,18.0,-1,7.818176
4,784,1236.2915606498718,-38.31457710266113,1039.7083740234375,96.33270263671875,19.119766,14.0,-1,2.444935
11,784,337.0845904350281,339.66793632507324,140.50140380859375,474.3152160644531,18.526133,18.0,-1,20.719505
10,784,511.89229917526245,-14.676332473754883,315.3091125488281,119.970947265625,14.372761,16.0,-1,6.31319
1,784,1521.0416827201843,186.904447555542,1324.45849609375,321.5517272949219,14.268996,8.0,1,16.952993
8,784,1446.7327227592468,277.32870292663574,1250.1495361328125,411.9759826660156,13.986744,8.0,-1,36.494053
2032,784,480.0024981498718,-74.57621574401855,283.4193115234375,60.07106399536133,12.700333,14.0,-1,16.930984
2,784,1533.3417315483093,313.856351852417,1336.758544921875,448.5036315917969,11.3959,8.0,1,11.758871
1332,784,637.3590960502625,595.3425884246826,440.7759094238281,729.9898681640625,11.39265,14.0,-1,13.876497
9,784,1366.1079668998718,1041.6021099090576,1169.5247802734375,1176.2493896484375,9.34584,8.0,-1,29.99887
2211,784,241.85709714889526,-81.96046257019043,45.27391052246094,52.68681716918945,9.321841,14.0,-1,13.679317
2140,784,1666.5607256889343,933.2118511199951,1469.9775390625,1067.859130859375,5.9615655,24.0,-1,1.3706781
2127,784,1079.8098711967468,271.13012504577637,883.2266845703125,405.77740478515625,5.9061885,12.0,-1,24.645147
12,784,1130.7295489311218,850.8048076629639,934.1463623046875,985.4520874023438,5.0921183,10.0,-1,30.535137
2281,784,1785.5667071342468,-20.863290786743164,1588.9835205078125,113.78398895263672,3.084489,10.0,-1,13.171301
1784,784,1704.0169024467468,320.9717082977295,1507.4337158203125,455.6189880371094,2.815924,8.0,-1,20.124386
2335,784,618.0317034721375,557.6115093231201,421.4485168457031,692.2587890625,2.7370336,10.0,-1,11.885001
2389,784,1426.2161211967468,224.46429252624512,1229.6329345703125,359.111572265625,1.2414634,10.0,1,0.7658072
2080,784,732.1488604545593,15.294111251831055,535.565673828125,149.94139099121094,0.589739,12.0,-1,3.7075796
1879,785,1779.3216814994812,8.929914474487305,1582.0933837890625,143.84226989746094,34.48717,10.0,-1,1.2234299
1961,785,1633.9292254447937,428.47399711608887,1436.700927734375,563.3863525390625,23.691437,18.0,-1,8.52995
0,785,1449.0598406791687,815.7759990692139,1251.83154296875,950.6883544921875,23.375084,10.0,1,12.018651
2032,785,477.5109210014343,-72.80915260314941,280.2826232910156,62.10320281982422,21.209774,16.0,-1,16.925531
4,785,1234.9540057182312,-37.0497989654541,1037.7257080078125,97.86255645751953,21.201939,8.0,1,4.271953
11,785,337.23055601119995,339.29174613952637,140.00225830078125,474.2041015625,16.937567,18.0,-1,21.415644
1,785,1520.4051775932312,187.00912284851074,1323.1768798828125,321.9214782714844,14.20087,8.0,1,14.047389
3,785,1031.1693377494812,335.19506645202637,833.9410400390625,470.107421875,13.77684,14.0,-1,8.72345
2,785,1534.5953631401062,313.54879570007324,1337.3670654296875,448.4611511230469,13.451458,8.0,1,12.8777275
1332,785,636.7737078666687,594.4553813934326,439.54541015625,729.3677368164062,11.199321,14.0,-1,12.782803
9,785,1367.2142596244812,1041.3819561004639,1169.9859619140625,1176.2943115234375,10.228617,8.0,-1,33.454006
10,785,511.7463335990906,-12.629129409790039,314.5180358886719,122.2832260131836,9.688793,16.0,-1,7.930727
2211,785,240.90959882736206,-82.2757511138916,43.68130111694336,52.63660430908203,9.488818,14.0,-1,13.274207
8,785,1450.3034930229187,277.436185836792,1253.0751953125,412.3485412597656,8.803864,8.0,-1,36.13405
12,785,1131.43905210495,850.4299297332764,934.2107543945312,985.34228515625,4.9674363,10.0,-1,30.405348
2127,785,1078.1504168510437,272.92175102233887,880.922119140625,407.8341064453125,4.7253017,16.0,-1,30.196012
1784,785,1701.4168963432312,321.07104301452637,1504.1885986328125,455.9833984375,4.4544444,8.0,-1,23.571022
2140,785,1667.1695818901062,934.0371074676514,1469.9412841796875,1068.949462890625,4.202646,24.0,-1,2.3365235
2281,785,1787.2000994682312,-20.33897590637207,1589.9718017578125,114.57337951660156,2.7766676,10.0,-1,11.119434
2389,785,1424.2035174369812,224.36495780944824,1226.9752197265625,359.2773132324219,1.4506035,8.0,1,0.23905092
2335,785,618.7345843315125,550.5356426239014,421.50628662109375,685.447998046875,1.2367227,12.0,-1,9.840248
2080,785,731.2383685112,14.081480026245117,534.0100708007812,148.99383544921875,0.6020451,14.0,-1,4.160349
1,786,1519.7663226127625,187.2015781402588,1322.232177734375,322.2416687011719,24.969,8.0,1,19.912588
0,786,1450.3825335502625,818.6356296539307,1252.848388671875,953.6757202148438,22.471434,10.0,1,11.818371
1961,786,1630.03182554245,428.1563205718994,1432.4976806640625,563.1964111328125,20.675344,18.0,-1,10.130714
4,786,1233.8526263237,-35.48298454284668,1036.3184814453125,99.5571060180664,18.422613,8.0,1,4.9058323
1879,786,1783.4638323783875,7.603860855102539,1585.9296875,142.64395141601562,17.204765,6.0,1,0.2925017
1332,786,636.9382891654968,592.9859714508057,439.4041442871094,728.0260620117188,14.671914,14.0,-1,13.230074
2,786,1534.50643491745,312.53171730041504,1336.9722900390625,447.5718078613281,14.038325,8.0,1,7.0833716
3,786,1031.8770403862,335.22742652893066,834.3428955078125,470.26751708984375,12.807786,14.0,-1,8.3598175
10,786,510.6190447807312,-12.661489486694336,313.08489990234375,122.37860107421875,12.463178,18.0,-1,8.966283
2032,786,476.2777361869812,-71.5467472076416,278.74359130859375,63.493343353271484,11.66916,16.0,-1,18.220673
2211,786,242.4825358390808,-80.83761405944824,44.94839096069336,54.202476501464844,9.623273,14.0,-1,12.2007475
9,786,1367.3031878471375,1042.9929904937744,1169.76904296875,1178.0330810546875,9.30672,8.0,-1,31.40454
11,786,336.500102519989,339.09913063049316,138.96595764160156,474.13922119140625,8.923744,18.0,-1,20.769987
8,786,1450.1938128471375,276.85154151916504,1252.65966796875,411.8916320800781,8.185466,8.0,-1,32.234295
2127,786,1079.2790179252625,270.48276710510254,881.744873046875,405.5228576660156,6.4952826,12.0,-1,26.99518
2140,786,1665.5024065971375,936.2686252593994,1467.96826171875,1071.3087158203125,5.945267,24.0,-1,3.2498944
12,786,1129.6483416557312,850.5416965484619,932.1141967773438,985.581787109375,5.1026807,10.0,-1,29.06303
1784,786,1703.543300151825,320.4055881500244,1506.0091552734375,455.4456787109375,4.7525067,8.0,-1,24.379343
2281,786,1788.144862651825,-19.26942253112793,1590.6107177734375,115.77066802978516,3.5819948,10.0,-1,10.274088
2335,786,620.3769488334656,550.6145114898682,422.8428039550781,685.6546020507812,1.4087323,10.0,-1,11.13438
2389,786,1419.50643491745,222.49622535705566,1221.9722900390625,357.53631591796875,0.6871794,8.0,1,0.97587365
2080,786,732.1813006401062,11.562906265258789,534.6471557617188,146.60299682617188,0.4709141,12.0,-1,3.3661835
4,787,1233.8922991752625,-34.64700126647949,1035.8271484375,100.42932891845703,25.58911,8.0,1,9.367725
0,787,1450.8412737846375,819.0592288970947,1252.776123046875,954.1355590820312,21.536886,10.0,1,10.844438
1,787,1519.4765276908875,186.93898963928223,1321.411376953125,322.01531982421875,20.138994,8.0,1,21.870481
1961,787,1629.3239398002625,427.4390506744385,1431.2587890625,562.515380859375,19.636202,18.0,-1,9.217601
11,787,334.2531542778015,338.3633670806885,136.18800354003906,473.439697265625,19.612478,18.0,-1,20.716887
3,787,1034.3835711479187,334.68474769592285,836.3184204101562,469.7610778808594,18.761045,14.0,-1,9.628974
1879,787,1786.8080706596375,8.444955825805664,1588.742919921875,143.5212860107422,15.132523,10.0,-1,0.6079358
2032,787,474.52462339401245,-71.74585914611816,276.45947265625,63.33047103881836,14.246964,16.0,-1,17.429379
10,787,509.8557085990906,-11.937444686889648,311.7905578613281,123.13888549804688,13.7530775,18.0,-1,9.745542
1332,787,638.3937029838562,593.0633792877197,440.32855224609375,728.1397094726562,12.312275,14.0,-1,13.188255
8,787,1450.2172503471375,274.801477432251,1252.152099609375,409.8778076171875,12.275772,8.0,-1,34.16382
2,787,1534.48299741745,313.32073402404785,1336.4178466796875,448.3970642089844,10.133414,8.0,1,2.4924457
2211,787,243.95671796798706,-80.9150218963623,45.89156723022461,54.16130828857422,9.168126,14.0,-1,13.333913
2127,787,1077.9028582572937,271.8015995025635,879.8377075195312,406.8779296875,7.348224,12.0,-1,39.08094
9,787,1365.0231585502625,1044.3218631744385,1166.9580078125,1179.398193359375,6.9704795,8.0,-1,32.52289
12,787,1129.9571795463562,848.796106338501,931.8920288085938,983.8724365234375,4.6895394,10.0,-1,28.876347
1784,787,1706.8741106987,322.91094398498535,1508.8089599609375,457.9872741699219,3.7983253,8.0,-1,24.25537
2140,787,1666.0568499565125,938.1211795806885,1467.99169921875,1073.197509765625,3.5170994,24.0,-1,2.3755543
2281,787,1788.6808733940125,-21.466947555541992,1590.61572265625,113.60938262939453,3.4919891,10.0,-1,12.331095
2389,787,1419.35213804245,219.74666786193848,1221.2869873046875,354.822998046875,1.7931226,10.0,1,0.6604893
2335,787,616.4629168510437,552.5328617095947,418.39776611328125,687.6091918945312,1.0294029,10.0,-1,10.656956
2080,787,727.9692645072937,9.025598526000977,529.9041137695312,144.1019287109375,0.89126486,12.0,-1,3.4721298
0,788,1450.7963519096375,820.4991703033447,1252.2171630859375,955.7593383789062,23.57904,10.0,1,7.800104
1961,788,1628.2206683158875,426.898157119751,1429.6414794921875,562.1583251953125,23.10137,18.0,-1,10.101425
1,788,1521.5517230033875,189.1452579498291,1322.9725341796875,324.4054260253906,20.538029,8.0,1,22.33664
1879,788,1786.8529925346375,12.130441665649414,1588.2738037109375,147.39060974121094,20.317062,6.0,1,1.4809259
4,788,1233.355311870575,-35.13819694519043,1034.776123046875,100.1219711303711,15.770953,8.0,1,7.4888015
11,788,332.862651348114,338.737756729126,134.28346252441406,473.9979248046875,15.53213,18.0,-1,21.065178
3,788,1035.50545835495,333.1841068267822,836.92626953125,468.44427490234375,12.98762,14.0,-1,9.74705
2032,788,473.0930438041687,-70.9279842376709,274.51385498046875,64.33218383789062,12.784612,16.0,-1,17.407858
10,788,510.3181719779968,-14.486005783081055,311.7389831542969,120.77416229248047,10.277167,16.0,-1,7.657209
9,788,1366.2856097221375,1042.997766494751,1167.7064208984375,1178.2579345703125,10.138307,8.0,-1,34.5719
1332,788,637.3803362846375,593.3997440338135,438.8011474609375,728.659912109375,9.889412,14.0,-1,14.570224
8,788,1449.4269671440125,274.7649784088135,1250.8477783203125,410.025146484375,9.219333,8.0,-1,32.948116
2211,788,243.61366605758667,-80.87818336486816,45.03447723388672,54.38198471069336,9.219287,14.0,-1,13.805493
2,788,1538.4972796440125,313.5676517486572,1339.9180908203125,448.82781982421875,8.238867,8.0,1,4.1084514
2140,788,1662.7521624565125,938.157678604126,1464.1729736328125,1073.4178466796875,6.2026005,24.0,-1,3.2399077
2127,788,1079.2118182182312,270.2560062408447,880.6326293945312,405.51617431640625,5.471779,16.0,-1,34.20339
12,788,1132.115077495575,846.936975479126,933.535888671875,982.1971435546875,5.0543623,10.0,-1,27.083305
1784,788,1709.5205950737,320.3113040924072,1510.94140625,455.57147216796875,3.0376596,8.0,-1,23.241861
2281,788,1789.7072405815125,-21.163801193237305,1591.1280517578125,114.09636688232422,2.9000397,10.0,-1,12.365183
2335,788,617.4143023490906,550.7207279205322,418.8351135253906,685.9808959960938,1.325692,10.0,-1,12.235435
2389,788,1416.136073589325,225.27272987365723,1217.556884765625,360.53289794921875,1.1068953,8.0,1,0.5582603
2080,788,724.358241558075,6.631723403930664,525.779052734375,141.8918914794922,0.67814016,12.0,-1,3.7257926
1961,789,1629.5243792533875,428.1006717681885,1430.5003662109375,563.406005859375,24.506811,18.0,-1,11.229887
1,789,1521.3116106987,188.89382362365723,1322.28759765625,324.19915771484375,22.860336,8.0,1,22.269964
0,789,1452.159022808075,819.7828617095947,1253.135009765625,955.0881958007812,22.480898,10.0,1,9.016159
4,789,1234.7214007377625,-35.272260665893555,1035.6973876953125,100.03307342529297,19.608822,8.0,1,2.5856202
1879,789,1784.073573589325,16.31109046936035,1585.049560546875,151.61642456054688,19.355669,10.0,-1,0.106498
1332,789,635.3151507377625,595.6751346588135,436.2911376953125,730.98046875,16.45247,14.0,-1,14.202512
3,789,1037.3163104057312,333.9656925201416,838.2922973632812,469.2710266113281,16.393913,14.0,-1,7.4128294
10,789,509.9211382865906,-14.14039421081543,310.8971252441406,121.1649398803711,14.121957,16.0,-1,7.091021
2032,789,470.1126666069031,-70.45114707946777,271.0886535644531,64.85418701171875,13.2602,16.0,-1,17.290281
9,789,1369.1950335502625,1042.3833866119385,1170.1710205078125,1177.688720703125,11.648438,8.0,-1,34.52918
11,789,330.13831663131714,338.224573135376,131.1143035888672,473.5299072265625,10.866867,18.0,-1,19.953281
2,789,1538.7373919487,313.873743057251,1339.71337890625,449.1790771484375,10.25217,8.0,1,5.9783125
2127,789,1080.9540057182312,270.39006996154785,881.9299926757812,405.6954040527344,10.251767,14.0,-1,29.235342
8,789,1450.3356585502625,277.3911991119385,1251.3116455078125,412.696533203125,8.390349,8.0,-1,26.50355
2211,789,244.91221952438354,-81.80268287658691,45.888206481933594,53.50265121459961,7.3782134,14.0,-1,13.230866
2140,789,1658.46053647995,937.5765018463135,1459.4365234375,1072.8818359375,5.4215646,24.0,-1,3.2957642
12,789,1132.9723162651062,844.803186416626,933.9483032226562,980.1085205078125,4.649083,10.0,-1,29.860365
2281,789,1785.687831401825,-22.81190299987793,1586.663818359375,112.4934310913086,3.7534494,10.0,-1,12.678332
1784,789,1708.6576800346375,322.0970706939697,1509.6336669921875,457.40240478515625,3.20981,8.0,-1,22.894754
2335,789,619.3659625053406,548.7831058502197,420.3419494628906,684.0884399414062,2.2131884,10.0,-1,12.928993
2389,789,1412.5392718315125,229.72820472717285,1213.5152587890625,365.0335388183594,1.4213322,8.0,1,0.537001
2080,789,722.595057964325,5.723672866821289,523.571044921875,141.0290069580078,0.6179858,14.0,-1,4.773079
1961,790,1633.2341418266296,429.90394020080566,1434.056640625,565.9235229492188,27.983803,20.0,-1,12.494731
1879,790,1787.0588488578796,16.482065200805664,1587.88134765625,152.50164794921875,23.477188,10.0,-1,2.1194577
0,790,1450.6655383110046,820.0038547515869,1251.488037109375,956.0234375,22.881887,10.0,1,10.3159895
4,790,1237.2325549125671,-36.574689865112305,1038.0550537109375,99.44489288330078,20.055593,8.0,1,4.94042
1,790,1520.7827258110046,189.49472999572754,1321.605224609375,325.5143127441406,19.873503,8.0,1,22.753492
11,790,329.1549029350281,333.9883213043213,129.97740173339844,470.0079040527344,19.65059,18.0,-1,19.628153
2032,790,470.4125475883484,-69.60410118103027,271.23504638671875,66.41548156738281,14.4669,18.0,-1,17.713963
1332,790,635.0152697563171,592.9652194976807,435.8377685546875,728.9848022460938,12.907063,14.0,-1,14.974912
10,790,509.38309812545776,-15.43745231628418,310.2055969238281,120.5821304321289,12.503559,16.0,-1,8.043217
3,790,1037.8208117485046,329.45728492736816,838.643310546875,465.47686767578125,9.909532,14.0,-1,4.432189
2,790,1537.8756213188171,313.70276832580566,1338.6981201171875,449.72235107421875,9.469016,8.0,1,4.1679134
8,790,1451.1384387016296,279.27210426330566,1251.9609375,415.29168701171875,8.171036,8.0,-1,32.74927
2211,790,243.86547803878784,-84.52660942077637,44.6879768371582,51.49297332763672,7.9554906,14.0,-1,14.75259
9,790,1370.0072131156921,1040.914499282837,1170.8297119140625,1176.93408203125,7.557607,8.0,-1,33.390167
2140,790,1654.5178332328796,939.9082736968994,1455.34033203125,1075.9278564453125,6.672016,24.0,-1,4.5138845
2127,790,1081.9718127250671,268.4358615875244,882.7943115234375,404.4554443359375,6.6044984,14.0,-1,33.54413
12,790,1133.4750475883484,847.4885959625244,934.2975463867188,983.5081787109375,5.019847,10.0,-1,27.53378
2281,790,1781.7933459281921,-21.215726852416992,1582.6158447265625,114.8038558959961,5.00854,10.0,-1,14.176253
1784,790,1706.6347765922546,323.31678199768066,1507.457275390625,459.33636474609375,2.931572,8.0,-1,22.509815
2335,790,620.5908923149109,546.3711032867432,421.41339111328125,682.3906860351562,1.5038856,10.0,-1,13.753345
2389,790,1413.4738879203796,232.89304542541504,1214.29638671875,368.9126281738281,0.8790662,16.0,-1,0.0041536093
2080,790,719.1877551078796,5.396097183227539,520.01025390625,141.41567993164062,0.7689999,16.0,-1,4.39878
1879,791,1788.135844707489,16.47593879699707,1588.1859130859375,153.75010681152344,36.3605,10.0,-1,2.7678998
1961,791,1635.559428691864,430.5962543487549,1435.6094970703125,567.8704223632812,32.785534,18.0,-1,12.863782
0,791,1450.204692363739,820.8513813018799,1250.2547607421875,958.1255493164062,23.494287,10.0,1,9.190329
11,791,330.1731677055359,330.83157539367676,130.22323608398438,468.1057434082031,19.857794,18.0,-1,19.292196
4,791,1237.210551738739,-36.89202690124512,1037.2606201171875,100.38214111328125,19.567442,8.0,1,6.4218817
1,791,1522.4941210746765,190.07046699523926,1322.544189453125,327.3446350097656,18.043081,8.0,1,19.851345
3,791,1037.8428149223328,325.93094062805176,837.8928833007812,463.2051086425781,16.423862,14.0,-1,4.464653
10,791,510.51478147506714,-15.129278182983398,310.5648498535156,122.14488983154297,14.067764,16.0,-1,8.048214
1332,791,635.2544665336609,592.0144672393799,435.3045349121094,729.2886352539062,13.650762,14.0,-1,15.957223
2032,791,471.35575437545776,-69.46706199645996,271.40582275390625,67.8071060180664,13.180327,16.0,-1,19.169584
2,791,1535.894389629364,314.11389350891113,1335.9444580078125,451.3880615234375,12.380349,8.0,1,4.0333805
9,791,1370.894389629364,1036.6623554229736,1170.9444580078125,1173.9365234375,10.562348,8.0,-1,36.56865
8,791,1451.863627910614,278.24353218078613,1251.9136962890625,415.5177001953125,7.9345136,8.0,-1,36.17012
2211,791,242.57459211349487,-86.96367454528809,42.62466049194336,50.31049346923828,6.4347844,14.0,-1,12.932872
2140,791,1653.7375292778015,940.8829364776611,1453.78759765625,1078.1571044921875,5.4807224,22.0,-1,3.6997848
2127,791,1081.6384081840515,268.441987991333,881.6884765625,405.7161560058594,5.3743253,14.0,-1,32.783737
12,791,1132.1232714653015,848.8023090362549,932.17333984375,986.0764770507812,4.6474805,10.0,-1,27.974628
1784,791,1703.914165019989,324.5892963409424,1503.9642333984375,461.86346435546875,3.7097003,8.0,-1,22.558876
2281,791,1780.8158984184265,-23.735944747924805,1580.865966796875,113.53822326660156,3.5581725,8.0,-1,14.817642
2335,791,617.4665942192078,545.3094501495361,417.51666259765625,682.5836181640625,1.8093581,10.0,-1,13.828625
2389,791,1410.310161113739,235.04590034484863,1210.3602294921875,372.320068359375,1.0093004,6.0,1,0.485189
2080,791,720.4455981254578,2.876863479614258,520.4956665039062,140.15103149414062,0.59505945,10.0,-1,4.2562475
1961,792,1632.6733813285828,430.4940013885498,1432.083251953125,568.1409912109375,33.709324,20.0,-1,14.244696
0,792,1453.4552416801453,820.7114696502686,1252.8651123046875,958.3584594726562,26.31468,10.0,1,9.871445
1,792,1524.4320483207703,191.78278923034668,1323.8419189453125,329.4297790527344,24.634764,8.0,1,22.950706
4,792,1238.0710864067078,-35.48063850402832,1037.48095703125,102.16635131835938,22.844122,8.0,1,12.111616
1879,792,1788.3816332817078,15.862668991088867,1587.79150390625,153.50965881347656,22.401453,10.0,-1,0.2949915
2,792,1538.0027270317078,312.79313468933105,1337.41259765625,450.44012451171875,15.36587,8.0,1,4.2013063
10,792,511.37928342819214,-15.031328201293945,310.7891540527344,122.61566162109375,14.374195,16.0,-1,7.478977
11,792,328.55640745162964,330.7336254119873,127.96627807617188,468.380615234375,14.368163,18.0,-1,20.356731
1332,792,634.9106554985046,590.4391918182373,434.3205261230469,728.086181640625,14.161747,14.0,-1,15.988038
3,792,1037.0387988090515,326.82987785339355,836.4486694335938,464.47686767578125,13.531785,14.0,-1,4.466204
2032,792,471.68629026412964,-68.97310829162598,271.0961608886719,68.67388153076172,12.841113,16.0,-1,17.85771
2127,792,1081.602641582489,266.10670280456543,881.0125122070312,403.7536926269531,11.417584,14.0,-1,44.262238
8,792,1451.9036059379578,279.5369396209717,1251.3134765625,417.1839294433594,8.671793,8.0,-1,35.28594
9,792,1370.2661547660828,1037.8425121307373,1169.676025390625,1175.489501953125,7.012579,8.0,-1,34.727478
2211,792,242.06316709518433,-87.27153968811035,41.47303771972656,50.375450134277344,6.693054,14.0,-1,12.896148
2281,792,1780.0267748832703,-25.12864112854004,1579.4366455078125,112.51834869384766,5.756679,10.0,-1,13.167794
2140,792,1653.0250658988953,942.1159496307373,1452.4349365234375,1079.762939453125,4.1956086,22.0,-1,4.250476
12,792,1132.159038066864,848.195478439331,931.5689086914062,985.8424682617188,4.1370435,10.0,-1,28.874601
1784,792,1704.7902026176453,323.0506114959717,1504.2000732421875,460.6976013183594,3.2534926,8.0,-1,21.425375
2335,792,615.8362536430359,546.7989330291748,415.2461242675781,684.4459228515625,2.2525344,10.0,-1,12.791429
2389,792,1407.2904467582703,238.0925121307373,1206.7003173828125,375.739501953125,1.5834163,8.0,1,1.2880813
2080,792,722.6050219535828,3.941770553588867,522.014892578125,141.58876037597656,0.6014701,10.0,-1,4.195836
1961,793,1631.1489520072937,430.7744426727295,1429.6802978515625,568.0550537109375,40.10375,20.0,-1,16.18183
4,793,1239.5317645072937,-33.31094551086426,1038.0631103515625,103.96966552734375,35.80987,8.0,1,11.422525
1879,793,1787.6615252494812,14.13691520690918,1586.19287109375,151.4175262451172,30.903177,6.0,1,0.36449027
0,793,1454.3377947807312,820.1545085906982,1252.869140625,957.4351196289062,19.893385,10.0,1,8.912375
1,793,1524.4574236869812,192.80285453796387,1322.98876953125,330.0834655761719,16.84024,8.0,1,19.673899
3,793,1038.5056414604187,326.7578411102295,837.0369873046875,464.0384521484375,15.883674,14.0,-1,2.5044165
2,793,1539.1660418510437,312.11096000671387,1337.6973876953125,449.3915710449219,14.885613,8.0,1,6.430727
11,793,330.2717089653015,332.65478324890137,128.8030548095703,469.9353942871094,13.8303,18.0,-1,20.028933
1332,793,635.1396136283875,591.5298748016357,433.67095947265625,728.8104858398438,13.387451,14.0,-1,13.662532
2032,793,471.5462603569031,-69.34053230285645,270.0776062011719,67.94007873535156,13.102952,16.0,-1,18.315666
9,793,1369.1711688041687,1036.6765422821045,1167.7025146484375,1173.9571533203125,12.02066,8.0,-1,36.472767
10,793,511.3539080619812,-14.112649917602539,309.88525390625,123.16796112060547,9.841371,16.0,-1,6.8881893
2127,793,1082.5823016166687,266.1787395477295,881.1136474609375,403.4593505859375,8.954034,16.0,-1,36.759792
8,793,1450.7556414604187,278.12228202819824,1249.2869873046875,415.40289306640625,6.4599247,8.0,-1,34.82974
2211,793,241.54330778121948,-87.93425178527832,40.07465362548828,49.34635925292969,6.4053273,14.0,-1,13.812099
12,793,1134.660975933075,846.6672649383545,933.1923217773438,983.9478759765625,4.5394044,10.0,-1,29.197342
1784,793,1703.4985613822937,322.672025680542,1502.0299072265625,459.95263671875,4.096602,8.0,-1,20.678843
2140,793,1654.7495379447937,943.288236618042,1453.2808837890625,1080.56884765625,4.0615616,24.0,-1,2.9049969
2281,793,1779.8824725151062,-27.043336868286133,1578.413818359375,110.23727416992188,3.1247663,10.0,-1,14.522981
2335,793,612.1339068412781,551.013578414917,410.6652526855469,688.294189453125,1.5496964,10.0,-1,11.363782
2389,793,1406.9613299369812,241.49007987976074,1205.49267578125,378.77069091796875,0.82424635,8.0,1,0.8328697
2080,793,724.6518816947937,8.130796432495117,523.1832275390625,145.41140747070312,0.74358916,12.0,-1,3.8086205
1961,794,1632.8886218070984,429.02318000793457,1431.142333984375,566.6350708007812,39.75501,20.0,-1,14.824936
1879,794,1789.8510241508484,14.15519905090332,1588.104736328125,151.76708984375,29.253214,10.0,-1,0.13954306
0,794,1453.127269268036,819.5001697540283,1251.3809814453125,957.112060546875,24.14721,10.0,1,8.894139
1,794,1525.121898174286,193.4132251739502,1323.3756103515625,331.0251159667969,17.599901,8.0,1,17.404322
1332,794,632.3582873344421,592.6176013946533,430.61199951171875,730.2294921875,15.602311,14.0,-1,13.470347
3,794,1039.9747424125671,326.2569751739502,838.2284545898438,463.8688659667969,14.916652,14.0,-1,2.70209
4,794,1238.1742663383484,-33.713247299194336,1036.427978515625,103.89864349365234,13.610539,8.0,1,6.1478353
10,794,511.343608379364,-14.564138412475586,309.5973205566406,123.0477523803711,13.602485,16.0,-1,7.7012362
11,794,329.3930926322937,333.76924324035645,127.64680480957031,471.3811340332031,12.091311,18.0,-1,20.360056
9,794,1369.577952861786,1038.4823474884033,1167.8316650390625,1176.09423828125,12.078969,8.0,-1,38.41836
2032,794,471.55656003952026,-69.35881614685059,269.8102722167969,68.2530746459961,11.302234,16.0,-1,17.241056
2,794,1538.687572002411,312.8849048614502,1336.9412841796875,450.4967956542969,11.234123,8.0,1,9.043737
8,794,1447.8512682914734,278.29966926574707,1246.10498046875,415.91156005859375,11.132667,8.0,-1,31.66693
2127,794,1082.6256823539734,264.70909309387207,880.87939453125,402.32098388671875,6.6089187,14.0,-1,30.611551
2211,794,239.53390073776245,-87.57553291320801,37.78761291503906,50.03635787963867,6.182961,14.0,-1,13.077027
12,794,1137.6601672172546,847.8531970977783,935.9138793945312,985.465087890625,5.600167,10.0,-1,30.37343
2281,794,1781.3041491508484,-27.5733699798584,1579.557861328125,110.03852081298828,4.489878,8.0,-1,15.5848465
2140,794,1650.9130358695984,944.2404041290283,1449.166748046875,1081.852294921875,3.403057,24.0,-1,3.397065
1784,794,1702.747874736786,321.5799732208252,1501.0015869140625,459.1918640136719,2.6049116,8.0,-1,21.786804
2335,794,614.1490893363953,550.9062976837158,412.4028015136719,688.5181884765625,1.3341414,10.0,-1,10.081318
2080,794,724.3795275688171,8.53221321105957,522.6332397460938,146.14410400390625,0.89338565,12.0,-1,4.0498333
2389,794,1411.555980205536,237.3775806427002,1209.8096923828125,374.9894714355469,0.76871926,8.0,1,0.6694461
1961,795,1633.3078417778015,430.74873542785645,1431.2137451171875,568.4959106445312,49.64751,20.0,-1,16.860222
1879,795,1790.442729473114,13.911897659301758,1588.3486328125,151.65907287597656,22.558111,10.0,-1,2.3395767
4,795,1238.2187304496765,-33.721792221069336,1036.1246337890625,104.02538299560547,20.889803,8.0,1,4.047385
0,795,1453.400004863739,820.8507251739502,1251.305908203125,958.597900390625,20.028524,10.0,1,7.634249
1,795,1525.579204082489,194.5962085723877,1323.485107421875,332.3433837890625,18.33048,8.0,1,20.303604
3,795,1040.4399218559265,326.2655200958252,838.3458251953125,464.0126953125,17.132505,14.0,-1,2.66392
11,795,325.90372800827026,332.43260383605957,123.80963134765625,470.1797790527344,13.679502,16.0,-1,18.25563
1332,795,631.5783190727234,593.4384326934814,429.4842224121094,731.1856079101562,12.201081,16.0,-1,12.453323
2,795,1537.8683886528015,314.02806282043457,1335.7742919921875,451.7752380371094,12.130372,8.0,1,7.14485
2032,795,470.554790019989,-69.88578605651855,268.460693359375,67.86138916015625,11.076039,16.0,-1,17.579182
10,795,510.8031725883484,-14.34657096862793,308.7090759277344,123.40060424804688,10.252374,16.0,-1,7.280812
9,795,1368.0002245903015,1037.0300464630127,1165.9061279296875,1174.7772216796875,9.918372,8.0,-1,35.909885
2140,795,1651.4054980278015,946.3607349395752,1449.3114013671875,1084.10791015625,8.057265,24.0,-1,3.2317061
8,795,1449.867534160614,279.4278736114502,1247.7734375,417.175048828125,7.2334747,8.0,-1,35.311035
2211,795,240.22235441207886,-89.92459678649902,38.128257751464844,47.82257843017578,6.10657,14.0,-1,11.778732
2127,795,1082.5812182426453,263.71763801574707,880.4871215820312,401.4648132324219,5.6087246,16.0,-1,36.995655
1784,795,1700.0221972465515,318.3023853302002,1497.9281005859375,456.049560546875,5.1754646,8.0,-1,22.549904
12,795,1139.165874004364,847.3676319122314,937.07177734375,985.1148071289062,5.0224004,10.0,-1,28.579716
2281,795,1781.199077129364,-26.131750106811523,1579.10498046875,111.61542510986328,4.0772514,10.0,-1,14.260292
2335,795,614.3047289848328,550.0805225372314,412.21063232421875,687.8276977539062,2.4406433,10.0,-1,10.18546
2389,795,1408.723247051239,234.54252815246582,1206.629150390625,372.2897033691406,1.6916193,8.0,1,0.71867925
2080,795,723.544291973114,11.253557205200195,521.4501953125,149.000732421875,0.72726125,12.0,-1,4.359242
1961,796,1632.6530566215515,433.53569984436035,1430.1473388671875,571.541259765625,41.456757,20.0,-1,16.366945
0,796,1455.1503710746765,820.4100894927979,1252.6446533203125,958.4156494140625,25.438597,10.0,1,6.0542054
4,796,1238.520122051239,-31.666921615600586,1036.014404296875,106.33863830566406,24.762589,8.0,1,3.4908714
1879,796,1790.524760723114,12.289941787719727,1588.01904296875,150.29550170898438,24.509497,10.0,-1,3.0411062
1,796,1525.6047167778015,194.17867469787598,1323.0989990234375,332.1842346191406,17.962778,8.0,1,20.840893
2,796,1537.112651348114,313.9677677154541,1334.60693359375,451.97332763671875,13.867821,8.0,1,11.383244
9,796,1366.4977831840515,1037.5839176177979,1163.9920654296875,1175.5894775390625,11.680523,8.0,-1,38.32375
2032,796,470.49036741256714,-69.98224449157715,267.9846496582031,68.0233154296875,11.616202,16.0,-1,18.624588
11,796,325.52992582321167,331.50005531311035,123.02420806884766,469.505615234375,11.01468,18.0,-1,19.79594
3,796,1041.2423510551453,326.7771854400635,838.7366333007812,464.7827453613281,10.694637,14.0,-1,2.798638
10,796,512.2271227836609,-16.9986629486084,309.7214050292969,121.00689697265625,10.574942,16.0,-1,8.107936
1332,796,631.5528063774109,594.2222843170166,429.0470886230469,732.2278442382812,10.533246,14.0,-1,12.340374
8,796,1451.732768535614,279.720911026001,1249.22705078125,417.7264709472656,10.112975,8.0,-1,36.371754
12,796,1140.227885723114,849.7742862701416,937.72216796875,987.7798461914062,5.544147,10.0,-1,30.18185
2211,796,241.61811017990112,-91.56747245788574,39.11239242553711,46.438087463378906,4.589788,14.0,-1,10.611847
2127,796,1084.5272631645203,264.99651527404785,882.0215454101562,403.0020751953125,4.5053635,16.0,-1,32.47941
2140,796,1647.0998339653015,946.1696109771729,1444.5941162109375,1084.1751708984375,3.383683,24.0,-1,3.8248546
1784,796,1701.216411113739,315.97515296936035,1498.710693359375,453.980712890625,3.291671,8.0,-1,20.704586
2281,796,1779.2553515434265,-25.445295333862305,1576.7496337890625,112.56026458740234,3.1701782,10.0,-1,14.588125
2335,796,611.6174731254578,551.7070865631104,409.11175537109375,689.712646484375,2.3323233,10.0,-1,9.756183
2389,796,1408.3327441215515,231.34670448303223,1205.8270263671875,369.3522644042969,1.2293817,16.0,-1,0.3134217
2080,796,721.979838848114,11.313852310180664,519.47412109375,149.3194122314453,0.5559735,14.0,-1,4.068675
1961,797,1633.0576510429382,434.59788703918457,1430.2664794921875,572.4998168945312,44.245823,20.0,-1,16.352661
1879,797,1790.7308688163757,15.915117263793945,1587.939697265625,153.81704711914062,22.696115,10.0,-1,1.1155417
0,797,1455.1256442070007,818.5308094024658,1252.33447265625,956.4327392578125,20.002733,10.0,1,4.7429533
4,797,1236.9230074882507,-30.966367721557617,1034.1318359375,106.93556213378906,19.556782,8.0,1,1.9657362
3,797,1040.9654879570007,325.3603992462158,838.17431640625,463.2623291015625,13.64524,8.0,1,0.035709858
10,797,512.3607516288757,-18.219717025756836,309.569580078125,119.68221282958984,13.132138,16.0,-1,8.161177
1332,797,633.2701754570007,594.4476184844971,430.47900390625,732.3495483398438,12.4897375,14.0,-1,13.662654
11,797,325.55465269088745,331.18062019348145,122.76348114013672,469.0825500488281,11.983691,18.0,-1,19.41572
1,797,1523.2604098320007,194.35273933410645,1320.46923828125,332.2546691894531,11.760391,8.0,1,18.996315
2,797,1536.8277926445007,314.07100105285645,1334.03662109375,451.9729309082031,10.593089,8.0,1,8.78056
9,797,1369.0455660820007,1036.7451648712158,1166.25439453125,1174.6470947265625,10.2559395,8.0,-1,33.77077
2032,797,470.38040494918823,-68.99079704284668,267.5892333984375,68.9111328125,10.144749,18.0,-1,17.557663
8,797,1452.7386813163757,278.21702766418457,1249.947509765625,416.11895751953125,9.900413,8.0,-1,34.092995
2140,797,1643.0603365898132,946.5737781524658,1440.2691650390625,1084.4757080078125,9.646518,24.0,-1,3.208454
2127,797,1086.1846041679382,265.44517707824707,883.3934326171875,403.34710693359375,7.087677,14.0,-1,27.083868
12,797,1141.4444918632507,851.6990833282471,938.6533203125,989.6010131835938,4.869816,10.0,-1,30.293722
2281,797,1778.7641940116882,-26.33576774597168,1575.9730224609375,111.566162109375,4.3012342,10.0,-1,14.744939
2211,797,243.57643461227417,-90.03913688659668,40.78526306152344,47.86279296875,3.9629018,14.0,-1,11.164957
1784,797,1704.7873873710632,310.20674324035645,1501.9962158203125,448.1086730957031,2.132352,8.0,-1,17.442766
2335,797,611.4590182304382,550.6321277618408,408.6678466796875,688.5340576171875,1.8210765,10.0,-1,10.405772
2389,797,1406.8522067070007,230.92094612121582,1204.06103515625,368.8228759765625,1.1260878,8.0,1,0.14112677
2080,797,721.6509737968445,11.21061897277832,518.8598022460938,149.112548828125,0.6251641,14.0,-1,4.306319
1961,798,1631.6800265312195,436.36402702331543,1428.5218505859375,574.3356323242188,47.636784,20.0,-1,16.814621
1879,798,1789.1084933280945,15.778409957885742,1585.9503173828125,153.75001525878906,31.14489,10.0,-1,5.041196
0,798,1455.849093914032,818.5063610076904,1252.69091796875,956.4779663085938,21.67212,10.0,1,5.2442102
1,798,1521.100802898407,193.15461540222168,1317.942626953125,331.126220703125,21.059538,8.0,1,20.794598
4,798,1236.8018527030945,-29.836000442504883,1033.6436767578125,108.13560485839844,18.747404,14.0,-1,0.48551607
1332,798,633.647433757782,594.3144054412842,430.4892578125,732.2860107421875,13.959694,14.0,-1,14.39862
2032,798,468.0577120780945,-68.66958808898926,264.8995361328125,69.30201721191406,13.514016,16.0,-1,18.008097
8,798,1455.3252902030945,280.00648307800293,1252.1671142578125,417.97808837890625,13.344615,8.0,-1,31.350126
3,798,1040.7438082695007,322.1623058319092,837.5856323242188,460.1339111328125,13.039847,8.0,1,0.5304016
9,798,1368.8133273124695,1039.7062511444092,1165.6551513671875,1177.6778564453125,12.402005,8.0,-1,37.563183
2,798,1536.4141573905945,311.30213737487793,1333.2559814453125,449.27374267578125,12.058206,8.0,1,9.06006
11,798,325.05597257614136,331.3728771209717,121.89779663085938,469.344482421875,12.028493,18.0,-1,19.921877
10,798,512.7247347831726,-18.195268630981445,309.5665588378906,119.77633666992188,10.030601,16.0,-1,8.93023
2127,798,1084.1498141288757,263.3638439178467,880.9916381835938,401.33544921875,5.9333186,16.0,-1,33.60063
2211,798,244.03890562057495,-88.37397193908691,40.88072967529297,49.597633361816406,5.5367713,14.0,-1,10.367723
12,798,1143.0880465507507,849.8910655975342,939.9298706054688,987.8626708984375,5.4328732,10.0,-1,30.24895
2140,798,1643.1814913749695,947.7694835662842,1440.0233154296875,1085.7410888671875,4.6377344,22.0,-1,3.1964047
2281,798,1779.155002117157,-30.09404182434082,1575.996826171875,107.8775634765625,4.5834413,10.0,-1,12.807412
1784,798,1707.2940402030945,311.4315929412842,1504.1358642578125,449.4031982421875,3.533907,8.0,-1,22.239897
2335,798,612.3111910820007,548.1830577850342,409.15301513671875,686.1546630859375,1.778874,10.0,-1,13.220867
2389,798,1405.1436495780945,232.35807609558105,1201.9854736328125,370.3296813964844,1.710671,8.0,1,0.8661467
2080,798,723.823947429657,9.487226486206055,520.665771484375,147.45883178710938,0.7828984,14.0,-1,4.1932287
1961,799,1629.9693312644958,437.90514183044434,1427.19189453125,575.88232421875,45.54727,20.0,-1,15.989112
1879,799,1788.8871779441833,15.847524642944336,1586.1097412109375,153.82470703125,31.038689,10.0,-1,2.597006
1,799,1520.6585402488708,192.1916103363037,1317.881103515625,330.1687927246094,23.00592,8.0,1,23.235975
0,799,1456.7463088035583,818.2298488616943,1253.9688720703125,956.20703125,22.890823,10.0,1,4.521876
2,799,1536.8527541160583,311.6361904144287,1334.0753173828125,449.6133728027344,16.308851,8.0,1,12.357113
11,799,324.21705770492554,331.5155544281006,121.43962097167969,469.49273681640625,15.860275,16.0,-1,21.02899
2032,799,466.4131178855896,-68.24321937561035,263.63568115234375,69.73396301269531,15.500953,16.0,-1,17.177834
10,799,514.6345229148865,-18.387887954711914,311.8570861816406,119.58929443359375,15.247621,16.0,-1,8.709948
4,799,1236.2142043113708,-28.94571876525879,1033.436767578125,109.03146362304688,15.21923,8.0,1,0.80069304
3,799,1040.7969069480896,321.12840843200684,838.0194702148438,459.1055908203125,14.367939,8.0,1,0.42283285
1332,799,633.3826308250427,594.4475612640381,430.6051940917969,732.4247436523438,12.245036,14.0,-1,14.813026
2140,799,1640.7081007957458,951.2204494476318,1437.9306640625,1089.1976318359375,10.963542,20.0,-1,3.3631196
8,799,1456.9740920066833,278.05959129333496,1254.1966552734375,416.0367736816406,10.58195,8.0,-1,29.118725
9,799,1368.8179640769958,1040.7914943695068,1166.04052734375,1178.7686767578125,8.848505,8.0,-1,34.026295
2127,799,1084.4468703269958,262.51805686950684,881.66943359375,400.4952392578125,6.297255,14.0,-1,34.84284
2211,799,244.03426885604858,-86.45833015441895,41.256832122802734,51.51885223388672,5.6150327,14.0,-1,11.219235
12,799,1141.977693080902,850.4233303070068,939.2002563476562,988.4005126953125,5.451332,10.0,-1,25.866402
2281,799,1777.4571242332458,-32.38553810119629,1574.6796875,105.59164428710938,4.7331033,8.0,-1,15.70416
1784,799,1708.3317580223083,310.07851219177246,1505.5543212890625,448.0556945800781,4.0020804,8.0,-1,19.838453
2335,799,613.6904616355896,548.0247707366943,410.91302490234375,686.001953125,1.9137446,10.0,-1,12.4459305
2389,799,1405.5895705223083,232.28896141052246,1202.8121337890625,370.2661437988281,0.9854993,8.0,1,0.63590777
2080,799,724.3773512840271,8.394445419311523,521.5999145507812,146.3716278076172,0.5396891,10.0,-1,3.8851733
1961,800,1628.414948940277,437.9988384246826,1425.21728515625,576.3652954101562,47.37224,20.0,-1,17.469759
1879,800,1788.991853237152,15.13795280456543,1585.794189453125,153.50440979003906,34.65516,10.0,-1,4.6122427
11,800,323.2240538597107,331.7459087371826,120.0263900756836,470.11236572265625,22.987259,16.0,-1,19.486534
1,800,1519.1636061668396,192.4992961883545,1315.9659423828125,330.8657531738281,22.33927,8.0,1,24.065912
4,800,1237.587312221527,-28.959550857543945,1034.3896484375,109.40690612792969,19.957563,8.0,1,1.5376012
2032,800,467.368531703949,-67.43255805969238,264.1708679199219,70.93389892578125,18.30284,18.0,-1,17.334572
0,800,1457.5901198387146,816.9013652801514,1254.3924560546875,955.267822265625,18.269693,10.0,1,3.9537802
3,800,1041.1872878074646,321.142240524292,837.9896240234375,459.5086975097656,15.404702,8.0,1,0.7391268
2,800,1537.3525710105896,310.13326835632324,1334.1549072265625,448.4997253417969,15.050098,8.0,1,15.095796
10,800,514.3377394676208,-18.1506290435791,311.14007568359375,120.21582794189453,12.358834,16.0,-1,8.462683
1332,800,633.894410610199,594.5203838348389,430.6967468261719,732.8868408203125,11.930012,14.0,-1,14.284304
9,800,1368.713288784027,1041.7745342254639,1165.515625,1180.1409912109375,11.555219,8.0,-1,37.911057
8,800,1455.7583327293396,276.00204277038574,1252.5606689453125,414.3684997558594,10.981347,8.0,-1,35.103466
2127,800,1085.699861049652,259.61279106140137,882.502197265625,397.979248046875,6.012511,16.0,-1,37.140804
2140,800,1638.510407924652,954.8521709442139,1435.312744140625,1093.2186279296875,5.632789,22.0,-1,3.5319965
2211,800,241.89098119735718,-85.6649227142334,38.69331741333008,52.701534271240234,5.3508472,14.0,-1,12.080738
1784,800,1711.2256178855896,309.581693649292,1508.0279541015625,447.9481506347656,4.845233,8.0,-1,21.724884
2281,800,1778.217195034027,-33.5570011138916,1575.01953125,104.80945587158203,4.800885,10.0,-1,14.401876
12,800,1143.6768507957458,851.5844097137451,940.4791870117188,989.9508666992188,4.7025094,10.0,-1,30.10077
2335,800,613.2790846824646,547.4351177215576,410.0814208984375,685.8015747070312,2.6502717,10.0,-1,12.715725
2389,800,1401.141999721527,229.96264457702637,1197.9443359375,368.3291015625,1.9086903,8.0,1,0.9612923
2080,800,723.1199049949646,4.32832145690918,519.9222412109375,142.6947784423828,0.5668975,12.0,-1,4.091179
1961,801,1627.724030971527,437.04774284362793,1424.740478515625,575.3800659179688,48.599987,20.0,-1,18.399914
1,801,1519.482820034027,195.13300895690918,1316.499267578125,333.46533203125,22.500528,8.0,1,20.465864
1879,801,1788.9236159324646,12.564237594604492,1585.9400634765625,150.8965606689453,21.972136,10.0,-1,0.8265803
4,801,1236.997956752777,-27.87296485900879,1034.014404296875,110.45935821533203,18.733068,14.0,-1,3.1114454
0,801,1457.658357143402,814.9953136444092,1254.6748046875,953.32763671875,18.399565,10.0,1,2.77835
2032,801,466.6304030418396,-63.508615493774414,263.6468505859375,74.8237075805664,13.80454,18.0,-1,18.184212
2,801,1537.649323940277,308.51515007019043,1334.665771484375,446.84747314453125,12.638608,8.0,1,17.284683
1332,801,633.2166152000427,594.2339611053467,430.2330627441406,732.5662841796875,12.416931,14.0,-1,13.542725
9,801,1366.8320631980896,1037.8062267303467,1163.8485107421875,1176.1385498046875,12.114677,8.0,-1,38.87801
8,801,1455.0901198387146,277.66773796081543,1252.1065673828125,416.00006103515625,11.696235,8.0,-1,32.75805
3,801,1039.9673171043396,321.58744621276855,836.9837646484375,459.9197692871094,11.511634,14.0,-1,4.263895
11,801,324.1744246482849,331.60075187683105,121.19087219238281,469.9330749511719,11.401502,16.0,-1,20.063374
10,801,515.8687148094177,-15.24040412902832,312.8851623535156,123.0919189453125,11.31781,18.0,-1,8.146692
2127,801,1085.091218471527,258.2461681365967,882.107666015625,396.5784912109375,7.434587,16.0,-1,38.758377
2140,801,1634.5386061668396,957.4743175506592,1431.5550537109375,1095.806640625,6.454845,22.0,-1,3.8238242
2211,801,242.01435232162476,-82.99532127380371,39.030799865722656,55.33700180053711,5.7062364,14.0,-1,11.267791
12,801,1144.0115065574646,849.5608654022217,941.0279541015625,987.8931884765625,5.108289,10.0,-1,30.448435
1784,801,1713.087800502777,309.72685050964355,1510.104248046875,448.0591735839844,4.959253,8.0,-1,24.158216
2281,801,1779.393708705902,-32.50712013244629,1576.41015625,105.82520294189453,4.8305106,10.0,-1,15.553191
2389,801,1400.558259487152,231.64384269714355,1197.57470703125,369.9761657714844,1.6046295,8.0,1,1.4827523
2335,801,618.309693813324,544.0673961639404,415.3261413574219,682.3997192382812,1.5468532,10.0,-1,12.907392
2080,801,724.9691481590271,3.447324752807617,521.985595703125,141.77964782714844,1.0449511,10.0,-1,4.6446233
1961,802,1627.799226284027,436.70130729675293,1424.373291015625,574.88134765625,60.13647,20.0,-1,20.246134
0,802,1459.0097975730896,815.8854503631592,1255.5838623046875,954.0654907226562,19.74819,10.0,1,4.856127
1879,802,1788.7258620262146,12.293867111206055,1585.2999267578125,150.47390747070312,18.845062,10.0,-1,1.5788671
1,802,1523.254060268402,196.81995964050293,1319.828125,335.0,13.972688,8.0,1,23.288582
4,802,1236.944245815277,-27.788522720336914,1033.518310546875,110.39151763916016,13.713437,14.0,-1,7.05031
2032,802,465.2350172996521,-63.788095474243164,261.80908203125,74.3919448852539,13.2712145,16.0,-1,17.581182
10,802,513.064088344574,-13.682397842407227,309.6381530761719,124.49764251708984,12.079198,18.0,-1,9.0461445
3,802,1039.6216139793396,321.5765209197998,836.1956787109375,459.7565612792969,11.928993,14.0,-1,7.316079
11,802,325.53225088119507,331.0945873260498,122.10631561279297,469.2746276855469,11.524773,16.0,-1,18.922256
2,802,1537.477204799652,310.23332023620605,1334.05126953125,448.4133605957031,11.310551,8.0,1,14.97122
1332,802,635.322877407074,594.2448863983154,431.8969421386719,732.4249267578125,11.274508,14.0,-1,12.670581
9,802,1366.121247768402,1038.063123703003,1162.6953125,1176.2431640625,10.228617,8.0,-1,36.60504
2140,802,1636.6355299949646,957.0655651092529,1433.2095947265625,1095.24560546875,8.332898,22.0,-1,3.2366724
8,802,1455.9743971824646,279.43815422058105,1252.5484619140625,417.6181945800781,7.097301,8.0,-1,35.61741
2127,802,1083.8312697410583,259.7348155975342,880.4053344726562,397.91485595703125,7.0345783,16.0,-1,36.81266
2211,802,243.61694478988647,-82.67452430725098,40.191009521484375,55.505516052246094,6.8417835,14.0,-1,11.935162
12,802,1144.0652174949646,850.6563854217529,940.6392822265625,988.83642578125,4.1009154,10.0,-1,26.690323
1784,802,1711.766511440277,307.72376823425293,1508.340576171875,445.90380859375,3.6490564,8.0,-1,22.333803
2281,802,1780.335847377777,-32.93252754211426,1576.909912109375,105.24751281738281,2.8680716,10.0,-1,14.346234
2335,802,618.0115675926208,539.9079723358154,414.58563232421875,678.0880126953125,2.4258752,10.0,-1,16.06344
2389,802,1397.5710768699646,230.4086742401123,1194.1451416015625,368.5887145996094,0.7248146,18.0,-1,0.17725293
2080,802,725.0636305809021,1.8079509735107422,521.6376953125,139.9879913330078,0.618467,14.0,-1,4.207275
1961,803,1627.2805953025818,435.8090305328369,1422.268310546875,574.447021484375,51.85793,22.0,-1,19.670513
1879,803,1792.8429732322693,11.490884780883789,1587.8306884765625,150.12887573242188,24.31627,10.0,-1,2.4305818
0,803,1459.0385298728943,816.3426609039307,1254.0262451171875,954.9806518554688,18.7502,10.0,1,6.4863787
2,803,1536.1028609275818,311.12525367736816,1331.090576171875,449.76324462890625,18.721132,8.0,1,15.696674
1,803,1526.8661665916443,196.4441318511963,1321.8538818359375,335.0821228027344,17.3651,8.0,1,20.18705
4,803,1236.7116255760193,-27.412694931030273,1031.6993408203125,111.22529602050781,17.069502,14.0,-1,10.293479
3,803,1039.4862837791443,322.85572242736816,834.4739990234375,461.49371337890625,14.6096115,14.0,-1,9.694657
10,803,515.3916792869568,-14.379606246948242,310.37939453125,124.25838470458984,13.083649,18.0,-1,9.575768
1332,803,637.0211043357849,593.7847385406494,432.0088195800781,732.4227294921875,12.644883,14.0,-1,12.84903
9,803,1366.9013228416443,1035.546579360962,1161.8890380859375,1174.1845703125,11.728923,8.0,-1,36.117725
2032,803,463.0230574607849,-64.21194267272949,258.0107727050781,74.4260482788086,11.395734,16.0,-1,17.374617
11,803,325.5035185813904,329.7616672515869,120.4912338256836,468.399658203125,10.257316,16.0,-1,19.04771
8,803,1457.9136519432068,281.17380714416504,1252.9013671875,419.8117980957031,8.636821,8.0,-1,35.384224
2140,803,1640.1090865135193,958.6171360015869,1435.0968017578125,1097.255126953125,7.7524524,22.0,-1,3.4593315
2127,803,1087.1156783103943,260.67417335510254,882.1033935546875,399.3121643066406,6.724266,16.0,-1,32.784492
12,803,1144.4750533103943,849.0537204742432,939.4627685546875,987.6917114257812,6.164414,10.0,-1,28.820427
2211,803,243.55758810043335,-84.09134483337402,38.54530334472656,54.54664611816406,6.15452,14.0,-1,12.393845
1784,803,1709.0708785057068,309.6242160797119,1504.05859375,448.26220703125,4.9778805,8.0,-1,24.029284
2281,803,1777.3816695213318,-31.844846725463867,1572.369384765625,106.79314422607422,3.8633745,10.0,-1,15.245731
2335,803,616.841447353363,544.3300266265869,411.82916259765625,682.968017578125,3.092838,10.0,-1,12.038716
2389,803,1399.4588179588318,226.4431858062744,1194.446533203125,365.0811767578125,0.75986814,8.0,1,0.40966165
2080,803,724.7368941307068,2.5189456939697266,519.724609375,141.1569366455078,0.69334936,12.0,-1,4.1513286
1961,804,1627.26744222641,437.9984951019287,1421.3341064453125,576.3322143554688,59.60905,22.0,-1,21.573395
1,804,1530.023545742035,195.6962490081787,1324.0902099609375,334.02996826171875,23.784859,8.0,1,19.902063
1879,804,1794.254991054535,12.937856674194336,1588.3216552734375,151.27157592773438,23.255938,10.0,-1,2.3817544
0,804,1460.0292830467224,816.7820644378662,1254.095947265625,955.1157836914062,19.80836,10.0,1,5.595442
1332,804,638.3252120018005,592.8902797698975,432.3918762207031,731.2239990234375,19.562117,14.0,-1,13.370984
4,804,1238.24351644516,-26.719072341918945,1032.3101806640625,111.6146469116211,15.241952,14.0,-1,10.59432
3,804,1042.2156233787537,322.55263328552246,836.2822875976562,460.8863525390625,14.996609,14.0,-1,8.544948
2032,804,462.3442244529724,-64.46946144104004,256.410888671875,73.8642578125,14.718545,16.0,-1,17.461155
11,804,323.6960768699646,330.01918601989746,117.76274108886719,468.3529052734375,14.065497,16.0,-1,18.49324
2,804,1536.02476644516,312.72572898864746,1330.0914306640625,451.0594482421875,13.208591,8.0,1,15.258353
10,804,512.4613509178162,-16.580041885375977,306.52801513671875,121.75367736816406,11.543518,18.0,-1,9.492971
8,804,1458.44322347641,279.50548362731934,1252.5098876953125,417.8392028808594,10.514451,8.0,-1,34.569427
9,804,1365.83091878891,1033.8836879730225,1159.8975830078125,1172.2174072265625,10.320003,8.0,-1,36.253376
2211,804,242.9281554222107,-85.97052192687988,36.99481964111328,52.363197326660156,7.518952,14.0,-1,13.152113
2140,804,1642.9914412498474,961.0741176605225,1437.05810546875,1099.4078369140625,6.378782,22.0,-1,2.9029052
2281,804,1775.0898299217224,-30.356584548950195,1569.156494140625,107.97713470458984,6.304178,8.0,-1,17.901838
2127,804,1087.0876936912537,259.9884853363037,881.1543579101562,398.32220458984375,6.247776,14.0,-1,29.034988
12,804,1144.4882063865662,848.3922328948975,938.5548706054688,986.7259521484375,4.851986,10.0,-1,25.533812
1784,804,1708.0046248435974,308.74645042419434,1502.0712890625,447.0801696777344,2.649773,8.0,-1,19.2977
2335,804,618.6350874900818,548.92116355896,412.7017517089844,687.2548828125,2.14829,8.0,-1,15.393572
2389,804,1398.273545742035,228.28017234802246,1192.3402099609375,366.6138916015625,1.6774546,8.0,1,1.1174382
2080,804,725.4800276756287,2.871664047241211,519.5466918945312,141.20538330078125,0.6133622,16.0,-1,3.9472735
1961,805,1624.753312587738,437.6585750579834,1417.852294921875,576.486328125,54.387527,22.0,-1,20.614014
0,805,1460.798966884613,813.1438045501709,1253.89794921875,951.9715576171875,22.161379,10.0,1,6.306272
1879,805,1797.674943447113,11.016820907592773,1590.77392578125,149.84457397460938,21.534195,10.0,-1,3.690545
1332,805,637.800187587738,593.3181819915771,430.899169921875,732.1459350585938,17.511684,14.0,-1,11.561321
2,805,1536.9267745018005,312.8679256439209,1330.0257568359375,451.6956787109375,16.868208,8.0,1,17.5867
1,805,1529.004533290863,195.43338584899902,1322.103515625,334.2611389160156,15.661328,8.0,1,17.03698
4,805,1237.735490322113,-26.504976272583008,1030.83447265625,112.3227767944336,14.35801,14.0,-1,11.791355
2032,805,462.2477583885193,-65.40518379211426,255.34674072265625,73.42256927490234,11.838177,16.0,-1,19.111017
3,805,1043.210832118988,322.410436630249,836.309814453125,461.2381896972656,11.481757,14.0,-1,9.504133
10,805,509.92506551742554,-18.053316116333008,303.0240478515625,120.7744369506836,10.357341,18.0,-1,9.581252
11,805,323.4688048362732,331.7284908294678,116.56778717041016,470.5562438964844,10.106065,16.0,-1,18.500126
2140,805,1643.8833174705505,960.6934871673584,1436.9822998046875,1099.521240234375,9.655589,20.0,-1,2.6906786
8,805,1460.211076259613,281.6278133392334,1253.31005859375,420.45556640625,7.631033,8.0,-1,35.09572
2127,805,1086.1992964744568,261.63776206970215,879.2982788085938,400.46551513671875,7.2519264,14.0,-1,30.85452
2211,805,244.97832250595093,-84.28862571716309,38.07730484008789,54.539127349853516,6.4440465,14.0,-1,13.245452
9,805,1364.573869228363,1037.975835800171,1157.6728515625,1176.8035888671875,6.3659196,8.0,-1,29.181347
2281,805,1775.1862959861755,-29.44517707824707,1568.2852783203125,109.38257598876953,6.0336213,8.0,-1,21.988216
1784,805,1705.1819014549255,304.9467830657959,1498.2808837890625,443.7745361328125,4.951573,8.0,-1,23.381464
12,805,1142.804337978363,847.6845760345459,935.9033203125,986.5123291015625,4.5103683,10.0,-1,20.801195
2335,805,621.259904384613,549.2127132415771,414.35888671875,688.0404663085938,3.0962784,8.0,-1,19.457138
2389,805,1399.1255049705505,225.85458946228027,1192.2244873046875,364.6823425292969,0.9676681,8.0,1,0.83070815
2080,805,728.3230147361755,6.808614730834961,521.4219970703125,145.63636779785156,0.56891567,16.0,-1,4.0849495
1961,806,1624.2894988059998,438.2255916595459,1416.661865234375,578.079833984375,78.209946,22.0,-1,21.0811
0,806,1463.9020476341248,812.3482112884521,1256.2744140625,952.2024536132812,29.385714,10.0,1,5.671737
1879,806,1796.5258269309998,9.788412094116211,1588.898193359375,149.6426544189453,23.57371,10.0,-1,5.716522
1,806,1528.9494109153748,196.97333335876465,1321.32177734375,336.82757568359375,16.059183,8.0,1,13.885892
3,806,1044.7325530052185,322.7113399505615,837.1049194335938,462.5655822753906,15.056956,14.0,-1,9.640299
1332,806,639.5018095970154,593.8615169525146,431.8741760253906,733.7157592773438,14.631509,16.0,-1,10.5847845
2,806,1538.1829314231873,313.5582332611084,1330.5552978515625,453.4124755859375,13.415901,8.0,1,16.921198
10,806,509.85611867904663,-19.345109939575195,302.2284851074219,120.5091323852539,12.873851,18.0,-1,9.420239
2127,806,1087.2110686302185,260.85614585876465,879.5834350585938,400.71038818359375,12.314353,16.0,-1,41.73226
2032,806,462.21706533432007,-66.19926643371582,254.5894317626953,73.65497589111328,11.710084,18.0,-1,19.79887
11,806,321.9483046531677,331.5618648529053,114.32067108154297,471.4161071777344,11.137859,16.0,-1,20.025372
4,806,1236.1723113059998,-25.285844802856445,1028.544677734375,114.56839752197266,10.233199,14.0,-1,11.950024
9,806,1363.2531218528748,1040.3480281829834,1155.62548828125,1180.2022705078125,10.113112,8.0,-1,34.900734
8,806,1460.2417693138123,282.4196834564209,1252.6141357421875,422.27392578125,10.069804,8.0,-1,36.268623
12,806,1144.1027312278748,847.8512020111084,936.47509765625,987.7054443359375,7.1580887,10.0,-1,19.459995
2140,806,1641.4027800559998,959.9845027923584,1433.775146484375,1099.8387451171875,6.1304803,22.0,-1,2.7384524
2211,806,247.36877965927124,-83.47854423522949,39.741146087646484,56.37569808959961,5.9699993,14.0,-1,12.516564
2281,806,1777.1260466575623,-29.919870376586914,1569.4984130859375,109.93437194824219,5.328461,8.0,-1,22.602322
1784,806,1703.1801238059998,302.0135250091553,1495.552490234375,441.8677673339844,3.8005178,8.0,-1,21.307358
2335,806,620.731942653656,546.7256526947021,413.10430908203125,686.5798950195312,2.6216052,8.0,-1,18.279367
2389,806,1401.4955534934998,221.85788536071777,1193.867919921875,361.7121276855469,1.0477313,8.0,1,0.96258754
2080,806,729.6966643333435,8.224996566772461,522.0690307617188,148.07923889160156,0.9082045,16.0,-1,4.4777184
1961,807,1624.670117855072,439.64821434020996,1416.677001953125,580.1181640625,46.83478,22.0,-1,20.510197
1332,807,640.3667120933533,593.4801845550537,432.37359619140625,733.9501342773438,21.22527,16.0,-1,12.337988
1,807,1528.000195980072,197.61244773864746,1320.007080078125,338.0823974609375,20.997118,8.0,1,16.475687
0,807,1463.9949469566345,811.6569423675537,1256.0018310546875,952.1268920898438,19.236376,10.0,1,4.814966
1879,807,1796.1189703941345,10.283086776733398,1588.1258544921875,150.75303649902344,19.025415,10.0,-1,6.034752
4,807,1235.803906917572,-26.086259841918945,1027.810791015625,114.3836898803711,18.366331,14.0,-1,10.808809
2032,807,461.925977230072,-68.10679817199707,253.932861328125,72.36315155029297,17.5717,18.0,-1,18.746138
3,807,1045.835156917572,321.6949977874756,837.842041015625,462.1649475097656,15.846821,14.0,-1,11.503826
11,807,320.6899313926697,331.57140159606934,112.69681549072266,472.0413513183594,13.349087,16.0,-1,19.066404
2,807,1537.279004573822,314.0556240081787,1329.285888671875,454.52557373046875,11.135006,8.0,1,15.490426
10,807,510.35862493515015,-19.506860733032227,302.3655090332031,120.96308898925781,10.949143,18.0,-1,11.303388
2127,807,1086.8160529136658,259.67030906677246,878.8229370117188,400.1402587890625,10.528405,16.0,-1,36.992435
9,807,1360.0386481285095,1040.826681137085,1152.0455322265625,1181.296630859375,8.481225,8.0,-1,32.023895
12,807,1144.1650519371033,847.5367641448975,936.1719360351562,988.0067138671875,8.217168,10.0,-1,19.917059
2211,807,247.30645895004272,-82.29627799987793,39.3133430480957,58.17367172241211,6.971493,14.0,-1,13.034765
8,807,1460.9524664878845,282.41014671325684,1252.9593505859375,422.8800964355469,6.407535,8.0,-1,36.878952
2281,807,1780.0652594566345,-28.53892707824707,1572.0721435546875,111.93102264404297,6.320822,8.0,-1,20.132591
2140,807,1640.8086676597595,962.1434535980225,1432.8155517578125,1102.6134033203125,6.2442403,20.0,-1,3.122993
1784,807,1706.9844489097595,301.1741542816162,1498.9913330078125,441.64410400390625,3.269737,8.0,-1,22.254251
2389,807,1403.261670589447,222.86229515075684,1195.2685546875,363.3322448730469,1.6285448,8.0,1,1.2556275
2335,807,623.9947638511658,545.7523403167725,416.00164794921875,686.2222900390625,1.3094084,10.0,-1,12.270721
2080,807,728.0929083824158,9.282125473022461,520.0997924804688,149.7520751953125,1.165103,10.0,-1,4.0445957
1961,808,1623.222592830658,441.9376735687256,1415.1641845703125,582.7303466796875,65.60439,22.0,-1,20.18969
0,808,1461.4358496665955,812.3544216156006,1253.37744140625,953.1470947265625,21.659601,10.0,1,4.9276295
1,808,1528.0383887290955,197.88878440856934,1319.97998046875,338.68145751953125,15.962369,8.0,1,16.875166
1332,808,637.8291602134705,593.2038478851318,429.770751953125,733.9965209960938,15.132731,16.0,-1,11.270715
3,808,1044.5455298423767,322.7877712249756,836.4871215820312,463.5804443359375,14.714874,14.0,-1,10.681358
2032,808,459.6104254722595,-67.38603401184082,251.55201721191406,73.4066390991211,13.631789,18.0,-1,17.873219
4,808,1235.389585018158,-26.623239517211914,1027.3311767578125,114.16943359375,12.764041,14.0,-1,8.263348
2,808,1537.2759375572205,313.37697410583496,1329.217529296875,454.1696472167969,12.650096,8.0,1,17.38521
11,808,321.51011419296265,332.83070945739746,113.45170593261719,473.6233825683594,12.503791,16.0,-1,20.84466
10,808,510.3616919517517,-17.215883255004883,302.30328369140625,123.57678985595703,11.987091,18.0,-1,9.21047
1879,808,1791.2078223228455,9.367773056030273,1583.1494140625,150.1604461669922,10.729347,10.0,-1,5.1803045
2211,808,247.97877645492554,-80.79284858703613,39.92036819458008,59.99982452392578,10.506013,14.0,-1,14.5432825
9,808,1360.602719783783,1040.411184310913,1152.5443115234375,1181.203857421875,8.81614,8.0,-1,32.02203
2140,808,1641.621518611908,959.6953639984131,1433.5631103515625,1100.488037109375,7.98945,20.0,-1,3.9948306
2127,808,1088.4274878501892,261.64943504333496,880.3690795898438,402.4421081542969,7.9224324,16.0,-1,36.331833
12,808,1143.9880347251892,845.2744045257568,935.9296264648438,986.0670776367188,7.235813,10.0,-1,21.059496
2281,808,1780.386167049408,-26.9110050201416,1572.3277587890625,113.88166809082031,7.1731544,8.0,-1,25.411396
8,808,1461.762876033783,281.2230739593506,1253.7044677734375,422.0157470703125,5.6886063,8.0,-1,34.02277
1784,808,1707.759213924408,299.36318016052246,1499.7008056640625,440.1558532714844,4.7215734,8.0,-1,23.224794
2389,808,1403.8462500572205,225.2815761566162,1195.787841796875,366.0742492675781,0.9786646,8.0,1,1.2665135
2335,808,622.6892676353455,543.5980739593506,414.630859375,684.3907470703125,0.7808041,10.0,-1,13.504515
2080,808,728.0305762290955,8.848287582397461,519.97216796875,149.64096069335938,0.606062,14.0,-1,4.094761
1961,809,1623.7448630332947,445.5917263031006,1415.0455322265625,586.6715087890625,48.192524,22.0,-1,19.751846
0,809,1462.7769675254822,810.7881984710693,1254.07763671875,951.8679809570312,22.081331,10.0,1,5.982773
2,809,1536.4214987754822,312.8922939300537,1327.72216796875,453.9720764160156,20.013023,8.0,1,17.740421
3,809,1043.2181906700134,324.4298915863037,834.5188598632812,465.5096740722656,18.123335,14.0,-1,9.892104
1879,809,1790.2779440879822,7.494161605834961,1581.57861328125,148.57394409179688,16.615992,10.0,-1,7.842068
1332,809,637.0648093223572,592.9268093109131,428.365478515625,734.006591796875,14.895267,14.0,-1,12.38332
1,809,1529.6412253379822,197.9165859222412,1320.94189453125,338.9963684082031,14.644166,8.0,1,15.180591
10,809,513.6437277793884,-16.934907913208008,304.94439697265625,124.1448745727539,14.13182,18.0,-1,9.282793
4,809,1234.2431540489197,-28.214197158813477,1025.5438232421875,112.86558532714844,13.622719,14.0,-1,10.348835
2032,809,459.49536657333374,-66.50056648254395,250.79603576660156,74.57921600341797,11.943093,18.0,-1,19.286768
8,809,1462.4443259239197,280.8178005218506,1253.7449951171875,421.8975830078125,11.310783,8.0,-1,35.59133
9,809,1362.4453024864197,1041.139699935913,1153.7459716796875,1182.219482421875,10.9885025,8.0,-1,38.035965
12,809,1144.512746334076,847.0856838226318,935.8134155273438,988.1654663085938,10.088427,10.0,-1,20.481922
2127,809,1089.5239157676697,260.9976100921631,880.8245849609375,402.077392578125,9.651797,16.0,-1,35.179283
11,809,322.1049780845642,332.1698513031006,113.40564727783203,473.2496337890625,8.426224,16.0,-1,20.326841
2211,809,248.09383535385132,-78.03758811950684,39.39450454711914,63.04219436645508,7.567854,14.0,-1,15.0558195
2140,809,1640.6937155723572,961.3258571624756,1431.994384765625,1102.4056396484375,5.2483077,20.0,-1,2.828179
2281,809,1779.7365622520447,-27.77964210510254,1571.0372314453125,113.30014038085938,4.088203,8.0,-1,25.713835
1784,809,1705.6650290489197,299.3353786468506,1496.9656982421875,440.4151611328125,2.8575993,8.0,-1,21.43597
2335,809,621.5443015098572,541.0613918304443,412.844970703125,682.1411743164062,2.285176,8.0,-1,16.543503
2389,809,1401.4421286582947,226.46178245544434,1192.7427978515625,367.54156494140625,1.7168685,8.0,1,0.41839075
2080,809,728.8469748497009,9.768545150756836,520.1476440429688,150.84832763671875,0.59547037,12.0,-1,4.0523877
1961,810,1623.757863521576,446.35484886169434,1415.2197265625,587.6521606445312,62.693844,22.0,-1,19.493462
0,810,1464.524709224701,811.5651149749756,1255.986572265625,952.8624267578125,21.237848,10.0,1,4.8069906
1879,810,1792.5560812950134,7.018590927124023,1584.0179443359375,148.31590270996094,21.05654,10.0,-1,10.707118
3,810,1042.6978659629822,324.39806175231934,834.1597290039062,465.69537353515625,18.991392,14.0,-1,10.194343
2,810,1537.201222896576,313.00832176208496,1328.6630859375,454.3056335449219,17.446177,8.0,1,15.582867
4,810,1232.2944235801697,-28.868013381958008,1023.7562866210938,112.4292984008789,16.04197,14.0,-1,12.616461
2032,810,459.24881505966187,-67.77794075012207,250.71067810058594,73.51937103271484,13.567397,18.0,-1,19.37565
1,810,1527.428761959076,197.54393577575684,1318.890625,338.84124755859375,13.387576,8.0,1,13.99345
10,810,515.7045187950134,-14.49632453918457,307.1663818359375,126.80098724365234,11.631604,16.0,-1,7.72007
9,810,1362.523732662201,1039.0573024749756,1153.985595703125,1180.3546142578125,11.258717,8.0,-1,35.332115
12,810,1144.4997458457947,850.8713893890381,935.9616088867188,992.168701171875,11.080032,10.0,-1,21.967865
1332,810,637.6619772911072,591.9319972991943,429.12384033203125,733.2293090820312,10.4864,14.0,-1,11.192335
2140,810,1640.3890891075134,963.5032253265381,1431.8509521484375,1104.800537109375,10.136724,20.0,-1,2.816448
11,810,321.4740195274353,331.7260036468506,112.93588256835938,473.0233154296875,10.051775,16.0,-1,19.111752
8,810,1462.4083762168884,280.84963035583496,1253.8702392578125,422.1469421386719,9.374547,8.0,-1,35.878426
2127,810,1088.8494772911072,261.6930446624756,880.3113403320312,402.9903564453125,7.603668,16.0,-1,32.78269
2281,810,1780.533742427826,-27.387285232543945,1571.99560546875,113.91002655029297,7.4539437,8.0,-1,24.234594
2211,810,245.74101400375366,-76.24857521057129,37.202877044677734,65.04873657226562,7.320074,14.0,-1,15.073615
1784,810,1706.663625240326,298.7705898284912,1498.12548828125,440.0679016113281,5.0613008,8.0,-1,21.681124
2335,810,622.3536887168884,540.8624172210693,413.8155517578125,682.1597290039062,4.0920196,10.0,-1,15.856726
2389,810,1396.737599849701,228.85536766052246,1188.199462890625,370.1526794433594,0.926342,8.0,1,0.017650247
2080,810,729.4066672325134,8.533803939819336,520.8685302734375,149.83111572265625,0.914877,10.0,-1,4.428216
1961,811,1624.1979269981384,446.5313320159912,1414.857177734375,588.1091918945312,48.088425,22.0,-1,20.090788
1,811,1525.9891867637634,198.5579433441162,1316.6484375,340.13580322265625,21.212019,8.0,1,15.860104
0,811,1465.486867427826,812.5133876800537,1256.1461181640625,954.0912475585938,20.624542,10.0,1,3.4834337
2,811,1539.6827902793884,311.5112819671631,1330.342041015625,453.0891418457031,19.572971,8.0,1,20.726612
1879,811,1791.9398703575134,8.644567489624023,1582.59912109375,150.22242736816406,17.952335,10.0,-1,6.633421
4,811,1234.625051021576,-29.196985244750977,1025.2843017578125,112.38087463378906,15.315068,14.0,-1,10.645065
3,811,1043.5215964317322,324.10436058044434,834.1808471679688,465.6822204589844,13.990559,14.0,-1,8.765469
10,811,517.0068259239197,-16.61503028869629,307.66607666015625,124.96282958984375,11.004277,18.0,-1,10.443918
1332,811,637.220540523529,593.8197231292725,427.8797912597656,735.3975830078125,10.986915,14.0,-1,10.841246
2032,811,457.2814688682556,-68.34085273742676,247.9407196044922,73.23700714111328,10.257858,18.0,-1,19.272633
11,811,322.0956778526306,333.3146572113037,112.75492858886719,474.89251708984375,10.1692,16.0,-1,18.776625
12,811,1143.0201926231384,851.938497543335,933.679443359375,993.516357421875,9.49619,10.0,-1,18.839052
8,811,1465.5699973106384,277.62392234802246,1256.229248046875,419.2017822265625,8.453556,8.0,-1,34.2742
9,811,1362.1866965293884,1037.2318325042725,1152.845947265625,1178.8096923828125,7.248703,8.0,-1,35.26482
2211,811,247.66236639022827,-77.45871162414551,38.321617126464844,64.11914825439453,7.1980634,14.0,-1,14.539629
2140,811,1639.2689719200134,963.90309715271,1429.92822265625,1105.48095703125,6.892456,20.0,-1,3.4322422
2281,811,1780.8707785606384,-25.794588088989258,1571.530029296875,115.78327178955078,6.5858893,8.0,-1,26.388847
2127,811,1087.655812740326,261.3540859222412,878.3150634765625,402.93194580078125,5.189446,16.0,-1,31.755085
1784,811,1705.1620383262634,299.04799461364746,1495.8212890625,440.6258544921875,3.1816473,8.0,-1,20.92509
2335,811,625.3109335899353,540.6859340667725,415.9701843261719,682.2637939453125,2.7136219,8.0,-1,17.149029
2080,811,728.9842429161072,7.408864974975586,519.6434936523438,148.98672485351562,1.0651486,16.0,-1,4.615486
2389,811,1395.368215084076,232.82726097106934,1186.0274658203125,374.4051208496094,0.7503794,20.0,-1,0.16928169
2524,811,1768.5260519981384,267.66066551208496,1559.185302734375,409.238525390625,0.44337654,10.0,-1,3.4763184
1961,812,1622.4447531700134,448.7442989349365,1412.8907470703125,590.3396606445312,47.885803,22.0,-1,21.060955
2,812,1538.841847896576,312.6162166595459,1329.287841796875,454.2115783691406,20.569452,8.0,1,23.667278
0,812,1468.6683859825134,810.578405380249,1259.1143798828125,952.1737670898438,18.937437,10.0,1,3.3184786
1879,812,1788.0192160606384,8.644567489624023,1578.4652099609375,150.23992919921875,18.797031,10.0,-1,10.673657
4,812,1235.5385031700134,-29.444101333618164,1025.9844970703125,112.15126037597656,17.65603,14.0,-1,9.796897
2032,812,457.60286474227905,-69.33704566955566,248.04885864257812,72.25831604003906,16.909098,18.0,-1,18.929174
10,812,519.8649191856384,-19.567277908325195,310.3109130859375,122.02808380126953,15.527919,18.0,-1,9.052836
1,812,1527.1078391075134,197.84287071228027,1317.5538330078125,339.438232421875,14.949883,8.0,1,14.890516
3,812,1045.5485129356384,324.467321395874,835.9945068359375,466.06268310546875,14.047848,14.0,-1,9.613327
11,812,322.0199942588806,330.3501949310303,112.46598815917969,471.945556640625,12.339358,16.0,-1,19.07453
12,812,1141.350148677826,852.4678707122803,931.796142578125,994.063232421875,11.994239,10.0,-1,19.58209
1332,812,637.1538596153259,596.9821529388428,427.599853515625,738.5775146484375,11.985055,16.0,-1,10.099907
9,812,1363.0936789512634,1037.6425533294678,1153.5396728515625,1179.2379150390625,8.953743,8.0,-1,36.02113
2140,812,1637.2804465293884,964.4739742279053,1427.7264404296875,1106.0693359375,8.103547,22.0,-1,3.6799605
2127,812,1086.4760642051697,260.2717342376709,876.9220581054688,401.8670959472656,7.497969,16.0,-1,36.365807
8,812,1466.428517818451,276.1191463470459,1256.87451171875,417.7145080566406,7.303863,8.0,-1,35.59507
2211,812,248.2299780845642,-78.21822547912598,38.67597198486328,63.37713623046875,7.0628705,14.0,-1,14.593376
2281,812,1782.457082271576,-25.971200942993164,1572.903076171875,115.62416076660156,6.1784534,8.0,-1,26.415339
1784,812,1705.1620383262634,300.4288082122803,1495.6080322265625,442.024169921875,4.8031187,8.0,-1,22.415955
2335,812,628.1292624473572,544.1679439544678,418.57525634765625,685.7633056640625,1.9269556,8.0,-1,17.637718
2389,812,1394.930959224701,236.31500816345215,1185.376953125,377.9103698730469,0.776098,20.0,-1,0.4433332
2080,812,726.8740134239197,8.485052108764648,517.3200073242188,150.08041381835938,0.6587389,10.0,-1,4.4645424
2524,812,1763.790822505951,267.28583335876465,1554.23681640625,408.8811950683594,0.29949895,10.0,-1,3.4307582
1961,813,1621.5270285606384,450.37508964538574,1411.2642822265625,592.2333374023438,60.594494,22.0,-1,21.012825
3,813,1046.3672995567322,324.11511039733887,836.1045532226562,465.9733581542969,22.390142,14.0,-1,6.599368
2,813,1538.311330318451,310.7263774871826,1328.048583984375,452.5846252441406,21.455156,8.0,1,23.083578
1879,813,1785.843312740326,9.048582077026367,1575.58056640625,150.90682983398438,21.2665,10.0,-1,10.948677
0,813,1470.1657004356384,808.2463665008545,1259.9029541015625,950.1046142578125,20.858482,10.0,1,2.6087945
4,813,1235.422902584076,-27.5345401763916,1025.16015625,114.3237075805664,18.521368,14.0,-1,8.032787
1332,813,633.6712546348572,602.179349899292,423.40850830078125,744.03759765625,18.51921,16.0,-1,10.70095
10,813,518.2739157676697,-15.97026252746582,308.01116943359375,125.88798522949219,15.18257,16.0,-1,9.579448
11,813,322.9217200279236,329.852201461792,112.65897369384766,471.71044921875,14.588813,16.0,-1,19.37473
1,813,1528.9564719200134,197.32247734069824,1318.6937255859375,339.18072509765625,14.225993,8.0,1,15.788679
2032,813,458.62048864364624,-68.16850471496582,248.3577423095703,73.68974304199219,11.1867285,16.0,-1,18.043472
9,813,1362.0006613731384,1038.423734664917,1151.7379150390625,1180.281982421875,10.853284,8.0,-1,34.475765
2140,813,1636.6024680137634,964.9582805633545,1426.3397216796875,1106.8165283203125,10.40555,22.0,-1,4.1041245
8,813,1467.8439230918884,275.72006034851074,1257.5811767578125,417.57830810546875,9.379704,8.0,-1,35.07871
2127,813,1087.1674094200134,256.8113079071045,876.9046630859375,398.6695556640625,8.086661,16.0,-1,37.15049
2281,813,1782.457082271576,-27.45683479309082,1572.1943359375,114.40141296386719,6.6510434,8.0,-1,24.917692
12,813,1144.4492087364197,850.8521404266357,934.1864624023438,992.7103881835938,5.7244473,10.0,-1,18.278019
2211,813,249.91513204574585,-78.21822547912598,39.65238571166992,63.64002227783203,5.3305926,14.0,-1,15.49919
1784,813,1708.319386959076,299.119047164917,1498.056640625,440.977294921875,3.513069,8.0,-1,19.375698
2335,813,627.8290610313416,546.3742351531982,417.5663146972656,688.2324829101562,3.2950726,10.0,-1,12.4154625
2389,813,1391.854543209076,240.507474899292,1181.591796875,382.36572265625,0.8373068,8.0,1,0.8308194
2080,813,729.7016501426697,5.988462448120117,519.4389038085938,147.84671020507812,0.46188557,16.0,-1,3.9550843
2524,813,1760.6244406700134,267.87402153015137,1550.3616943359375,409.7322692871094,0.4448593,8.0,-1,3.4216776
1961,814,1619.4127707481384,450.88084983825684,1408.7052001953125,593.279296875,64.23516,22.0,-1,20.476768
0,814,1471.080129146576,807.7750148773193,1260.37255859375,950.1734619140625,23.287329,10.0,1,3.03413
1879,814,1786.740773677826,9.202108383178711,1576.033203125,151.60055541992188,22.58272,10.0,-1,10.0254
1,814,1528.052541255951,197.92503929138184,1317.344970703125,340.323486328125,18.251429,8.0,1,19.64738
2,814,1536.718801021576,309.88588523864746,1326.01123046875,452.2843322753906,16.121643,8.0,1,20.4948
3,814,1047.0740866661072,326.6626796722412,836.3665161132812,469.0611267089844,13.693954,14.0,-1,6.183376
2032,814,459.1867880821228,-66.90600776672363,248.47921752929688,75.49243927001953,12.186021,16.0,-1,17.876276
1332,814,633.9112753868103,603.3040065765381,423.2037048339844,745.7024536132812,11.806175,16.0,-1,11.366346
11,814,321.68701696395874,326.9801540374756,110.97944641113281,469.37860107421875,10.360689,16.0,-1,19.2687
10,814,518.9964499473572,-15.97026252746582,308.28887939453125,126.42818450927734,10.171257,16.0,-1,8.016903
4,814,1235.422902584076,-27.70194435119629,1024.71533203125,114.69650268554688,10.15464,14.0,-1,10.562044
9,814,1361.4005637168884,1034.3008937835693,1150.6929931640625,1176.6993408203125,7.125881,8.0,-1,34.59945
12,814,1144.798635005951,851.2352809906006,934.091064453125,993.6337280273438,6.895571,10.0,-1,18.529697
2127,814,1085.5836081504822,256.11501121520996,874.8760375976562,398.5134582519531,6.523445,16.0,-1,36.572086
8,814,1465.5155539512634,270.9637966156006,1254.8079833984375,413.36224365234375,5.965561,8.0,-1,27.963713
2281,814,1782.983205318451,-28.87071418762207,1572.275634765625,113.5277328491211,5.9405646,8.0,-1,25.2314
2211,814,249.93743658065796,-78.79380989074707,39.22986602783203,63.604637145996094,5.4747043,14.0,-1,13.982927
2140,814,1632.7623801231384,964.9074611663818,1422.0548095703125,1107.305908203125,5.0502343,20.0,-1,3.7088614
1784,814,1711.419728755951,298.5211696624756,1500.712158203125,440.91961669921875,2.5603228,8.0,-1,20.976274
2335,814,624.5801291465759,547.5425319671631,413.87255859375,689.9409790039062,1.2964276,10.0,-1,13.114639
2389,814,1391.959523677826,241.5823574066162,1181.251953125,383.9808044433594,0.9979982,8.0,1,0.7699135
2080,814,726.8680319786072,7.232961654663086,516.1604614257812,149.63140869140625,0.6442736,18.0,-1,3.84367
2524,814,1760.3290305137634,268.15990257263184,1549.6214599609375,410.558349609375,0.6326273,10.0,-1,3.9622118
1961,815,1618.356008052826,451.3293056488037,1406.82958984375,594.2070922851562,71.61511,22.0,-1,20.14364
1,815,1528.052541255951,199.5016384124756,1316.526123046875,342.3794250488281,22.49911,8.0,1,22.386026
0,815,1471.1312766075134,807.4915370941162,1259.6048583984375,950.3693237304688,20.838358,10.0,1,4.5678873
4,815,1234.2153220176697,-28.386552810668945,1022.6889038085938,114.4912338256836,17.414513,14.0,-1,9.81088
1879,815,1785.518117427826,7.385488510131836,1573.99169921875,150.26327514648438,14.875373,10.0,-1,8.33572
2,815,1536.6241965293884,309.44554710388184,1325.0977783203125,452.3233337402344,14.625268,8.0,1,19.242899
2032,815,459.6216940879822,-66.97210121154785,248.09527587890625,75.90568542480469,14.146095,18.0,-1,19.841301
10,815,518.3532309532166,-14.656564712524414,306.8268127441406,128.22122192382812,13.5725355,16.0,-1,8.993156
1332,815,634.3526511192322,603.4126796722412,422.82623291015625,746.2904663085938,12.986859,16.0,-1,11.885174
3,815,1049.2010397911072,328.68935203552246,837.6746215820312,471.567138671875,12.473083,14.0,-1,6.146017
11,815,322.73867559432983,326.9801540374756,111.2122573852539,469.8579406738281,9.499874,16.0,-1,20.797644
9,815,1363.0817160606384,1033.8817348480225,1151.5552978515625,1176.759521484375,9.152231,8.0,-1,33.602867
8,815,1465.734181880951,271.43370628356934,1254.207763671875,414.3114929199219,8.635652,8.0,-1,33.3105
2281,815,1781.8597922325134,-30.862627029418945,1570.3333740234375,112.0151596069336,7.8531013,8.0,-1,24.75267
2127,815,1089.9952902793884,254.68984031677246,878.4688720703125,397.567626953125,7.7540975,14.0,-1,27.217838
12,815,1145.3723044395447,851.9703578948975,933.8458862304688,994.84814453125,7.2558837,10.0,-1,19.07443
2211,815,252.59098958969116,-78.48933601379395,41.064571380615234,64.3884506225586,6.718452,14.0,-1,14.361845
2140,815,1632.670461177826,968.830099105835,1421.14404296875,1111.7078857421875,5.649574,22.0,-1,3.6306887
1784,815,1711.7926535606384,296.75523948669434,1500.2662353515625,439.6330261230469,3.475571,8.0,-1,18.611103
2335,815,624.0094809532166,545.2898769378662,412.4830627441406,688.1676635742188,1.8241664,10.0,-1,13.956108
2389,815,1391.7943625450134,238.9342555999756,1180.2679443359375,381.8120422363281,0.7877744,8.0,1,0.33806312
2524,815,1757.9640402793884,268.4453639984131,1546.4376220703125,411.3231506347656,0.549801,10.0,-1,3.5392654
2080,815,723.9092917442322,9.890356063842773,512.3828735351562,152.7681427001953,0.38302067,12.0,-1,3.831028
1961,816,1617.2082419395447,452.57208824157715,1405.812744140625,595.7341918945312,41.385185,22.0,-1,20.356457
4,816,1235.304006099701,-28.8370304107666,1023.9085083007812,114.3250732421875,20.521364,14.0,-1,8.787725
0,816,1469.3748679161072,807.3154354095459,1257.9793701171875,950.4775390625,19.459303,10.0,1,3.5615573
1,816,1525.7543845176697,196.15579795837402,1314.35888671875,339.3179016113281,17.47967,8.0,1,23.758701
1879,816,1786.8754782676697,7.385488510131836,1575.47998046875,150.54759216308594,15.062802,10.0,-1,9.681322
1332,816,634.9709372520447,603.1554622650146,423.575439453125,746.3175659179688,14.575929,16.0,-1,12.453415
3,816,1049.8318991661072,329.12750816345215,838.4364013671875,472.28961181640625,14.126559,14.0,-1,10.713951
2,816,1537.1810202598572,307.60638999938965,1325.7855224609375,450.76849365234375,14.0604315,8.0,1,19.64393
10,816,516.3731589317322,-12.792734146118164,304.9776611328125,130.36936950683594,13.028167,18.0,-1,9.401022
12,816,1145.3723044395447,853.0469417572021,933.976806640625,996.2090454101562,12.089181,10.0,-1,20.52431
8,816,1463.3351950645447,270.7831172943115,1251.939697265625,413.9452209472656,11.509194,8.0,-1,36.823456
11,816,323.1534171104431,328.6161861419678,111.75791931152344,471.7782897949219,10.554471,16.0,-1,21.507338
2032,816,458.021550655365,-69.46055030822754,246.6260528564453,73.70155334472656,10.12868,18.0,-1,18.571995
2127,816,1091.382375240326,253.9189510345459,879.9868774414062,397.0810546875,7.9488297,14.0,-1,29.26377
2140,816,1630.9125876426697,974.2952938079834,1419.51708984375,1117.4573974609375,7.5385137,20.0,-1,3.1363022
9,816,1365.3090720176697,1032.748540878296,1153.91357421875,1175.91064453125,7.44742,8.0,-1,28.06177
2211,816,253.48589849472046,-77.51609992980957,42.09040069580078,65.64600372314453,7.408612,14.0,-1,15.061375
2281,816,1783.3919577598572,-30.058412551879883,1571.9964599609375,113.10369110107422,7.0331416,8.0,-1,22.452682
1784,816,1709.4616599082947,294.96600914001465,1498.066162109375,438.12811279296875,5.06923,8.0,-1,20.967463
2335,816,622.3693747520447,548.5610408782959,410.973876953125,691.72314453125,2.6814754,12.0,-1,10.520105
2389,816,1386.5246481895447,234.9902400970459,1175.129150390625,378.15234375,1.1513699,8.0,1,0.5100987
2080,816,727.4458518028259,11.175817489624023,516.0503540039062,154.33792114257812,0.617652,16.0,-1,3.6814826
2524,816,1757.1579489707947,269.187536239624,1545.762451171875,412.3496398925781,0.588728,10.0,-1,4.3588114
1961,817,1617.2082419395447,454.58344078063965,1405.43408203125,597.8336181640625,73.45864,22.0,-1,20.294563
1879,817,1788.0224509239197,6.694509506225586,1576.248291015625,149.94468688964844,27.557707,10.0,-1,8.647958
0,817,1469.5881247520447,808.5637874603271,1257.81396484375,951.81396484375,19.523336,10.0,1,3.0631123
2,817,1538.1915183067322,306.79962730407715,1326.4173583984375,450.0498046875,17.720514,8.0,1,22.327597
1,817,1526.7153220176697,197.02936363220215,1314.941162109375,340.279541015625,16.965569,8.0,1,22.437151
3,817,1049.696828365326,330.0878963470459,837.9226684570312,473.33807373046875,16.0034,14.0,-1,9.112873
1332,817,634.3774619102478,603.1554622650146,422.6033020019531,746.4056396484375,12.535236,16.0,-1,14.154173
12,817,1147.5294699668884,852.7990169525146,935.7553100585938,996.0491943359375,12.031697,10.0,-1,20.882984
11,817,323.3239035606384,328.02045249938965,111.54974365234375,471.2706298828125,11.9985895,16.0,-1,20.980175
2281,817,1785.6158347129822,-29.2473087310791,1573.8416748046875,114.00286865234375,11.218559,8.0,-1,19.071877
10,817,515.1057333946228,-12.450586318969727,303.3315734863281,130.79959106445312,11.161969,18.0,-1,10.518245
4,817,1234.9439597129822,-29.32598304748535,1023.1697998046875,113.9241943359375,10.959678,14.0,-1,8.0583515
2032,817,456.5923972129822,-70.24053382873535,244.8182373046875,73.0096435546875,10.941152,18.0,-1,19.178108
8,817,1463.8378806114197,270.0677547454834,1252.063720703125,413.31793212890625,9.606444,8.0,-1,35.092632
9,817,1365.8583884239197,1029.4025325775146,1154.084228515625,1172.6527099609375,9.538025,8.0,-1,35.193233
2211,817,253.42263174057007,-76.67257118225098,41.64847183227539,66.57760620117188,8.661143,14.0,-1,14.744162
2127,817,1088.1081442832947,253.77206993103027,876.333984375,397.0222473144531,7.062004,16.0,-1,37.529255
2140,817,1629.3406882286072,974.4752864837646,1417.5665283203125,1117.7254638671875,4.56658,20.0,-1,3.3541431
1784,817,1707.7319235801697,295.9758358001709,1495.957763671875,439.22601318359375,4.003692,8.0,-1,22.789139
2335,817,620.7628989219666,551.8734798431396,408.9887390136719,695.1236572265625,1.6133775,12.0,-1,8.702761
2389,817,1388.5812888145447,232.75433921813965,1176.80712890625,376.0045166015625,1.4146653,18.0,-1,1.0885437
2524,817,1754.4946188926697,269.23602867126465,1542.720458984375,412.4862060546875,0.59586114,10.0,-1,4.739339
2080,817,727.6192526817322,10.446783065795898,515.8450927734375,153.69696044921875,0.5681882,14.0,-1,3.0898027
1961,818,1618.5414938926697,455.69183921813965,1406.1793212890625,599.1027221679688,70.39273,22.0,-1,21.365402
1879,818,1788.4468894004822,6.473150253295898,1576.084716796875,149.884033203125,30.457062,10.0,-1,10.859123
2,818,1538.1915183067322,304.98712730407715,1325.829345703125,448.39801025390625,19.018541,8.0,1,23.782
0,818,1470.2282614707947,808.8720149993896,1257.8660888671875,952.2828979492188,18.974615,10.0,1,1.8895656
4,818,1232.5626730918884,-31.061105728149414,1020.2005004882812,112.34977722167969,17.466957,14.0,-1,7.796753
1,818,1527.0945944786072,196.93448448181152,1314.732421875,340.3453674316406,17.144613,8.0,1,20.633179
2032,818,453.1082510948181,-68.45548439025879,240.74607849121094,74.95539855957031,14.469159,18.0,-1,17.81553
1332,818,635.6066489219666,603.9968318939209,423.2444763183594,747.40771484375,14.071847,16.0,-1,12.05245
3,818,1048.986867427826,330.0878963470459,836.6246948242188,473.498779296875,12.079796,14.0,-1,8.465729
10,818,514.5826315879822,-14.157541275024414,302.220458984375,129.2533416748047,11.503179,18.0,-1,9.029434
8,818,1466.5129294395447,269.1063289642334,1254.1507568359375,412.5172119140625,11.194375,8.0,-1,34.05364
9,818,1367.9431052207947,1026.8167781829834,1155.5809326171875,1170.2276611328125,10.869469,8.0,-1,33.937557
11,818,322.88660192489624,327.78326988220215,110.52442932128906,471.19415283203125,10.028275,16.0,-1,20.580545
2211,818,253.8206877708435,-75.37602424621582,41.45851516723633,68.03485870361328,8.152902,14.0,-1,14.890143
12,818,1146.176808834076,853.3674983978271,933.8146362304688,996.7783813476562,7.8042355,10.0,-1,24.15996
2127,818,1085.8369040489197,255.14676475524902,873.4747314453125,398.5576477050781,6.2694893,16.0,-1,36.284237
2281,818,1782.2410788536072,-31.138086318969727,1569.87890625,112.27279663085938,5.760346,8.0,-1,20.531092
2140,818,1626.7892966270447,975.3358211517334,1414.4271240234375,1118.7467041015625,4.2768245,20.0,-1,2.7503493
1784,818,1708.4297995567322,295.6261959075928,1496.067626953125,439.0370788574219,3.281813,8.0,-1,23.075533
2335,818,625.4797873497009,552.2637996673584,413.11761474609375,695.6746826171875,1.3835735,12.0,-1,9.410925
2524,818,1752.5945944786072,268.1696834564209,1540.232421875,411.58056640625,0.75218326,10.0,-1,4.286356
2389,818,1392.1036276817322,236.11102867126465,1179.741455078125,379.52191162109375,0.7220941,16.0,-1,0.16965717
2080,818,727.1077170372009,10.920080184936523,514.7455444335938,154.33096313476562,0.56924796,16.0,-1,3.9540625
1961,819,1617.1899313926697,457.72784996032715,1404.447021484375,601.4353637695312,56.126095,22.0,-1,20.537476
1,819,1528.8631491661072,197.12701988220215,1316.1202392578125,340.83453369140625,21.367884,8.0,1,21.925743
1332,819,636.7599997520447,602.3935604095459,424.01708984375,746.10107421875,19.928446,16.0,-1,12.936625
0,819,1471.1008200645447,810.2876644134521,1258.35791015625,953.9951782226562,19.270874,10.0,1,2.8329558
2,819,1538.7480368614197,307.9659786224365,1326.005126953125,451.6734924316406,18.786524,8.0,1,23.670162
1879,819,1788.4468894004822,6.473150253295898,1575.7039794921875,150.1806640625,18.756853,10.0,-1,10.913756
3,819,1049.7094626426697,328.73370933532715,836.966552734375,472.44122314453125,15.922954,14.0,-1,7.911606
4,819,1233.1846823692322,-33.09182167053223,1020.4417724609375,110.61569213867188,15.500961,14.0,-1,11.424682
10,819,512.0500082969666,-15.827051162719727,299.3070983886719,127.88046264648438,13.322541,18.0,-1,8.028542
2032,819,452.37642431259155,-66.5696964263916,239.63351440429688,77.1378173828125,12.273808,16.0,-1,17.88558
8,819,1464.6293845176697,268.5396480560303,1251.886474609375,412.2471618652344,11.383991,8.0,-1,31.24274
11,819,323.6075186729431,328.811315536499,110.86460876464844,472.5188293457031,9.228835,16.0,-1,19.39724
12,819,1145.5242819786072,854.7672176361084,932.7813720703125,998.4747314453125,8.045878,10.0,-1,19.183332
9,819,1367.8652243614197,1026.5521297454834,1155.122314453125,1170.2596435546875,7.036213,8.0,-1,35.694492
2211,819,254.5893416404724,-75.9537525177002,41.846431732177734,67.7537612915039,6.73547,14.0,-1,14.370659
2281,819,1782.5375876426697,-32.11175727844238,1569.794677734375,111.59575653076172,5.7390723,8.0,-1,20.802296
1784,819,1712.5998435020447,296.401647567749,1499.85693359375,440.1091613769531,5.488033,8.0,-1,20.082035
2127,819,1084.1010031700134,254.94443321228027,871.3580932617188,398.6519470214844,5.3712087,16.0,-1,34.55215
2140,819,1624.3364157676697,973.7921199798584,1411.593505859375,1117.4996337890625,4.186092,18.0,-1,1.9205836
2335,819,627.8352255821228,554.7094783782959,415.0923156738281,698.4169921875,1.7949449,12.0,-1,9.262172
2389,819,1391.9745993614197,236.85519981384277,1179.231689453125,380.5627136230469,1.3580755,6.0,1,0.84526825
2524,819,1746.8243308067322,268.83600425720215,1534.0814208984375,412.54351806640625,0.66300386,12.0,-1,4.245535
2080,819,726.1964011192322,10.302923202514648,513.4534912109375,154.01043701171875,0.5095625,12.0,-1,3.733092
1961,820,1617.6034445762634,456.39733695983887,1403.7044677734375,600.3004150390625,63.723225,22.0,-1,21.011944
2,820,1541.318410396576,308.35311698913574,1327.41943359375,452.2561950683594,27.947731,8.0,1,23.752485
1,820,1530.120656490326,196.68304252624512,1316.2216796875,340.58612060546875,26.541956,8.0,1,20.92044
1879,820,1789.858693599701,7.923826217651367,1575.959716796875,151.826904296875,25.977972,10.0,-1,10.59304
0,820,1471.0353293418884,810.7467632293701,1257.1363525390625,954.6498413085938,15.334527,10.0,1,2.1486573
4,820,1234.246877193451,-33.68839454650879,1020.347900390625,110.21468353271484,14.385896,14.0,-1,12.204506
2032,820,450.8170065879822,-65.72117042541504,236.91802978515625,78.1819076538086,14.286488,16.0,-1,18.185383
1332,820,636.7599997520447,600.6464824676514,422.86102294921875,744.549560546875,13.810116,14.0,-1,13.381009
3,820,1052.7179465293884,328.9194927215576,838.8189697265625,472.82257080078125,13.058147,14.0,-1,7.8807087
10,820,512.1313986778259,-15.819795608520508,298.232421875,128.08328247070312,12.643905,18.0,-1,8.145165
12,820,1143.6114401817322,854.1102886199951,929.7124633789062,998.0133666992188,11.460757,10.0,-1,22.939945
11,820,324.83038854599,330.01244926452637,110.93141174316406,473.91552734375,10.083266,16.0,-1,20.793278
9,820,1366.0294699668884,1025.0281963348389,1152.1304931640625,1168.9312744140625,10.080107,8.0,-1,33.710003
8,820,1461.3544211387634,269.82726860046387,1247.4554443359375,413.7303466796875,7.7630725,8.0,-1,33.21897
2127,820,1082.290578365326,252.35308647155762,868.3916015625,396.25616455078125,6.2582355,16.0,-1,35.411465
2211,820,254.29738759994507,-76.00779914855957,40.39841079711914,67.89527893066406,6.121198,14.0,-1,15.52535
2140,820,1623.700002193451,972.7474346160889,1409.801025390625,1116.6505126953125,6.0186667,20.0,-1,2.2420511
1784,820,1713.8068137168884,295.9999370574951,1499.9078369140625,439.90301513671875,5.834827,6.0,-1,24.898045
2281,820,1781.2902121543884,-32.11175727844238,1567.3912353515625,111.79132080078125,4.2248163,8.0,-1,16.801025
2335,820,627.3364462852478,556.6892070770264,413.4374694824219,700.59228515625,1.2723475,12.0,-1,7.612219
2389,820,1391.8929953575134,233.63009452819824,1177.9940185546875,377.5331726074219,1.2577965,8.0,1,0.020354569
2524,820,1746.8702902793884,268.93221855163574,1532.9713134765625,412.8352966308594,0.6490086,10.0,-1,4.7476625
2080,820,727.3566794395447,10.461027145385742,513.4577026367188,154.36410522460938,0.564045,10.0,-1,4.275567
1961,821,1616.3243918418884,454.7814769744873,1402.4150390625,598.8150634765625,53.287937,22.0,-1,19.598433
2,821,1541.9493918418884,308.44132804870605,1328.0400390625,452.47491455078125,28.292265,8.0,1,24.630985
1879,821,1788.226613521576,10.156736373901367,1574.3172607421875,154.19032287597656,26.081223,10.0,-1,12.689308
0,821,1472.011769771576,810.220624923706,1258.1024169921875,954.2542114257812,23.072433,6.0,-1,1.0108991
1,821,1532.096242427826,196.13050651550293,1318.1868896484375,340.1640930175781,21.827139,8.0,1,23.533155
2032,821,454.05713415145874,-65.90964698791504,240.1477813720703,78.12393951416016,19.513773,18.0,-1,18.612764
4,821,1233.4990134239197,-33.63222694396973,1019.5896606445312,110.40135955810547,18.652092,14.0,-1,12.09164
3,821,1052.092336177826,327.6473217010498,838.1829833984375,471.680908203125,14.576348,14.0,-1,8.6992655
10,821,511.9288229942322,-15.819795608520508,298.01947021484375,128.2137908935547,13.260919,16.0,-1,7.5543666
11,821,325.9675269126892,330.6786632537842,112.05817413330078,474.7122497558594,13.032088,16.0,-1,20.694391
1332,821,638.6602072715759,599.4326610565186,424.7508544921875,743.4662475585938,12.620334,14.0,-1,12.154873
9,821,1367.3192648887634,1025.8268871307373,1153.409912109375,1169.8604736328125,10.969604,8.0,-1,34.049644
12,821,1141.9930319786072,852.086103439331,928.0836791992188,996.1196899414062,8.617645,10.0,-1,17.588852
2127,821,1081.2133688926697,251.28999137878418,867.3040161132812,395.3235778808594,6.9895573,16.0,-1,35.989174
2211,821,254.51183080673218,-77.95732307434082,40.60247802734375,66.07626342773438,6.2488837,14.0,-1,14.90845
8,821,1457.6871848106384,267.33292961120605,1243.77783203125,411.36651611328125,6.1223335,8.0,-1,27.637787
2281,821,1781.5082297325134,-26.239397048950195,1567.598876953125,117.794189453125,4.709294,8.0,-1,18.63517
1784,821,1713.8068137168884,296.4981212615967,1499.8974609375,440.5317077636719,4.482982,8.0,-1,23.059837
2140,821,1624.089650630951,970.8101634979248,1410.1802978515625,1114.84375,2.5967882,18.0,-1,2.6370044
2389,821,1388.7386984825134,234.2476634979248,1174.829345703125,378.28125,1.8480109,8.0,1,0.68971276
2335,821,628.1985068321228,558.6147289276123,414.2891540527344,702.6483154296875,1.2938176,14.0,-1,5.425823
2524,821,1745.8890891075134,269.72926139831543,1531.979736328125,413.7628479003906,1.2851409,12.0,-1,4.8409743
2080,821,727.1286520957947,12.100019454956055,513.2192993164062,156.13360595703125,0.61088747,10.0,-1,4.2534647
1961,822,1614.929006099701,456.1287670135498,1399.5537109375,599.7810668945312,83.37581,22.0,-1,20.719841
2,822,1542.193898677826,310.06632804870605,1326.818603515625,453.7186279296875,28.965057,8.0,1,23.865828
1,822,1532.1044211387634,195.46796989440918,1316.7291259765625,339.1202697753906,17.470633,8.0,1,22.373732
0,822,1473.612111568451,810.0949535369873,1258.23681640625,953.7472534179688,17.32088,6.0,-1,1.2249041
3,822,1055.2231345176697,326.1929454803467,839.8478393554688,469.8452453613281,16.740301,14.0,-1,8.564901
1879,822,1786.3478293418884,10.608793258666992,1570.9725341796875,154.26109313964844,15.444381,10.0,-1,11.98058
1332,822,637.6457419395447,597.7903270721436,422.27044677734375,741.442626953125,14.405849,14.0,-1,13.975014
9,822,1367.2479758262634,1024.271162033081,1151.8726806640625,1167.9234619140625,12.709236,8.0,-1,32.77232
10,822,514.2325339317322,-14.710878372192383,298.85723876953125,128.94142150878906,12.689899,18.0,-1,9.118397
2032,822,455.59554052352905,-64.83770942687988,240.22024536132812,78.81459045410156,11.9851465,18.0,-1,17.934715
11,822,326.8476004600525,332.06471061706543,111.47230529785156,475.7170104980469,11.811798,16.0,-1,20.591818
4,822,1233.3303122520447,-32.03842353820801,1017.9550170898438,111.61387634277344,11.622516,14.0,-1,11.566501
8,822,1460.647511959076,268.47816276550293,1245.272216796875,412.1304626464844,9.577975,8.0,-1,29.528328
2211,822,254.34368658065796,-79.56256294250488,38.96839141845703,64.08973693847656,8.323166,14.0,-1,14.538035
2281,822,1783.6000266075134,-26.516061782836914,1568.2247314453125,117.13623809814453,5.712856,8.0,-1,21.999762
2140,822,1623.292043209076,970.643476486206,1407.916748046875,1114.2957763671875,5.292603,18.0,-1,1.7928911
2127,822,1082.4969992637634,250.05756950378418,867.1217041015625,393.7098693847656,5.006957,16.0,-1,34.053146
12,822,1139.3824973106384,852.4351634979248,924.0072021484375,996.0874633789062,4.1474686,12.0,-1,17.056385
1784,822,1712.342580318451,299.15055656433105,1496.96728515625,442.8028564453125,2.5567086,8.0,-1,19.687868
2389,822,1386.3732199668884,235.10343742370605,1170.9979248046875,378.7557373046875,1.2540036,16.0,-1,0.017323077
2080,822,726.5521140098572,11.438993453979492,511.17681884765625,155.09129333496094,1.130633,12.0,-1,4.9417553
2335,822,629.2811484336853,557.155439376831,413.9058532714844,700.8077392578125,1.1180385,16.0,-1,5.1103597
2524,822,1745.8890891075134,269.72926139831543,1530.5137939453125,413.3815612792969,0.71962184,12.0,-1,3.8673792
1961,823,1613.2379660606384,457.0185375213623,1397.524169921875,600.7205200195312,55.828434,22.0,-1,20.434269
0,823,1473.612111568451,810.822919845581,1257.8983154296875,954.52490234375,20.09487,6.0,-1,2.4066157
2,823,1541.695363521576,309.8208751678467,1325.9815673828125,453.5228576660156,19.134966,8.0,1,25.679342
4,823,1229.8072409629822,-31.082475662231445,1014.0934448242188,112.6195068359375,17.720568,14.0,-1,11.65892
1,823,1532.913869380951,195.2841625213623,1317.2000732421875,338.98614501953125,17.092888,8.0,1,18.095383
10,823,514.453694820404,-15.102937698364258,298.7398986816406,128.5990447998047,15.484307,18.0,-1,8.964429
11,823,327.5083212852478,333.02201652526855,111.79452514648438,476.7239990234375,15.394637,16.0,-1,19.727135
1879,823,1788.243459224701,9.021650314331055,1572.5296630859375,152.7236328125,15.045178,10.0,-1,11.68595
1332,823,639.4152121543884,600.354413986206,423.701416015625,744.056396484375,14.537659,16.0,-1,12.397524
2032,823,457.12625646591187,-64.10031318664551,241.41246032714844,79.60166931152344,14.249069,16.0,-1,17.250624
3,823,1053.9628806114197,324.3578929901123,838.2490844726562,468.05987548828125,12.221988,14.0,-1,10.003061
9,823,1364.5360617637634,1024.2300243377686,1148.822265625,1167.9320068359375,9.71841,8.0,-1,36.558197
2127,823,1080.8528952598572,248.0217113494873,865.1390991210938,391.72369384765625,8.559039,14.0,-1,37.856968
2211,823,252.89870595932007,-77.80266761779785,37.18490982055664,65.8993148803711,7.17777,14.0,-1,15.929789
8,823,1458.9718527793884,269.16435050964355,1243.258056640625,412.8663330078125,6.182478,8.0,-1,25.680222
2281,823,1783.964162349701,-27.60703468322754,1568.2503662109375,116.0949478149414,5.638483,8.0,-1,22.42224
2140,823,1623.9535422325134,971.4123973846436,1408.23974609375,1115.1143798828125,5.314168,18.0,-1,1.3725202
12,823,1140.119924068451,851.3781566619873,924.4061279296875,995.0801391601562,3.6200368,10.0,-1,14.498647
1784,823,1707.4523215293884,302.3787364959717,1491.738525390625,446.0807189941406,2.721309,8.0,-1,18.287285
2335,823,630.3942160606384,556.4849071502686,414.680419921875,700.1868896484375,1.5062842,12.0,-1,6.9867277
2524,823,1745.2050070762634,269.2921886444092,1529.4912109375,412.9941711425781,0.8285733,12.0,-1,5.280787
2389,823,1386.640920162201,236.15516471862793,1170.9271240234375,379.8571472167969,0.6798796,8.0,1,0.22511303
2080,823,721.437093257904,11.438993453979492,505.7232971191406,155.14097595214844,0.6748748,12.0,-1,4.1847916
1961,824,1611.4620871543884,457.0185375213623,1395.591552734375,601.1576538085938,74.15445,22.0,-1,19.917883
2,824,1542.2084250450134,310.0232677459717,1326.337890625,454.1623840332031,31.255758,8.0,1,23.531036
4,824,1230.1945700645447,-31.270723342895508,1014.3240356445312,112.86839294433594,17.96977,14.0,-1,10.363914
1332,824,640.0054831504822,599.846357345581,424.13494873046875,743.9854736328125,17.134731,14.0,-1,13.089417
0,824,1472.7799582481384,811.5814037322998,1256.909423828125,955.7205200195312,14.74484,10.0,1,0.027127981
1879,824,1788.4227805137634,8.00544548034668,1572.55224609375,152.14456176757812,14.59993,10.0,-1,13.542531
2032,824,459.09549474716187,-63.180429458618164,243.22496032714844,80.95868682861328,13.505929,16.0,-1,18.219154
10,824,513.4082236289978,-12.445161819458008,297.5376892089844,131.69395446777344,12.538833,18.0,-1,10.005027
3,824,1057.0606589317322,325.27833366394043,841.1901245117188,469.4174499511719,11.397846,14.0,-1,12.23683
9,824,1365.436086177826,1025.943037033081,1149.5655517578125,1170.0821533203125,11.317801,8.0,-1,36.177
11,824,328.3534140586853,334.72364616394043,112.48287963867188,478.8627624511719,11.177653,16.0,-1,20.341394
1,824,1533.576955318451,194.69001579284668,1317.7064208984375,338.8291320800781,10.936519,8.0,1,20.045181
2127,824,1080.8528952598572,247.6159496307373,864.9823608398438,391.75506591796875,9.840253,14.0,-1,39.313137
2211,824,252.7739577293396,-81.72039222717285,36.90342330932617,62.418724060058594,8.444247,14.0,-1,14.694615
2281,824,1783.8326926231384,-26.34917640686035,1567.962158203125,117.7899398803711,8.414288,8.0,-1,27.734106
8,824,1458.490041255951,269.74134635925293,1242.6195068359375,413.8804626464844,8.405509,8.0,-1,25.588179
12,824,1139.7238669395447,851.5146312713623,923.8533325195312,995.6537475585938,7.77173,10.0,-1,18.22636
2140,824,1624.5763449668884,970.0481395721436,1408.705810546875,1114.187255859375,6.0258975,18.0,-1,1.6248834
1784,824,1705.4095969200134,302.0246410369873,1489.5390625,446.16375732421875,3.48421,8.0,-1,22.035912
2335,824,630.4831748008728,552.740400314331,414.6126403808594,696.8795166015625,1.8375959,14.0,-1,5.5939116
2524,824,1743.7384543418884,268.0332775115967,1527.867919921875,412.1723937988281,1.0251628,10.0,-1,4.493125
2389,824,1384.439748287201,234.9026927947998,1168.5692138671875,379.04180908203125,0.892741,16.0,-1,0.27009022
2080,824,717.9790549278259,12.751585006713867,502.1085205078125,156.8907012939453,0.7694292,14.0,-1,4.8359723
1961,825,1609.6934866905212,457.0185375213623,1393.3934326171875,602.2933959960938,82.52592,22.0,-1,20.834782
2,825,1542.7785696983337,306.99574089050293,1326.478515625,452.2705993652344,30.31614,8.0,1,22.200493
1,825,1532.9679007530212,194.91654777526855,1316.6678466796875,340.19140625,18.514496,8.0,1,19.802364
0,825,1471.7106986045837,809.8868236541748,1255.41064453125,955.1616821289062,16.848997,6.0,-1,0.3719039
3,825,1057.2428641319275,323.1124095916748,840.9428100585938,468.38726806640625,14.888832,14.0,-1,9.58292
1879,825,1786.3273978233337,4.614652633666992,1570.02734375,149.88951110839844,14.445178,10.0,-1,11.824521
1332,825,640.9164481163025,598.748945236206,424.61639404296875,744.0238037109375,12.616509,16.0,-1,11.786728
4,825,1231.5485892295837,-32.94671058654785,1015.24853515625,112.3281478881836,12.522555,14.0,-1,12.407434
11,825,328.05581426620483,332.1943187713623,111.7557601928711,477.46917724609375,12.388009,16.0,-1,22.0672
2032,825,459.09549474716187,-64.62211799621582,242.79544067382812,80.65274047851562,11.192811,16.0,-1,16.32037
10,825,516.3440299034119,-11.473894119262695,300.0439758300781,133.80096435546875,10.700292,18.0,-1,8.743391
9,825,1366.1556448936462,1026.099287033081,1149.8555908203125,1171.3741455078125,9.465394,8.0,-1,36.440876
2127,825,1078.3713431358337,247.9064769744873,862.0712890625,393.18133544921875,8.060836,14.0,-1,35.43612
2211,825,248.16443586349487,-82.22503089904785,31.864381790161133,63.049827575683594,7.1134872,14.0,-1,13.286557
8,825,1456.6905570030212,269.7786693572998,1240.3905029296875,415.05352783203125,6.2079186,8.0,-1,28.880053
12,825,1139.8505301475525,851.9133739471436,923.5504760742188,997.188232421875,6.0068955,10.0,-1,17.448515
2140,825,1628.6694388389587,970.6179637908936,1412.369384765625,1115.892822265625,4.179301,16.0,-1,0.16454253
1784,825,1706.2091116905212,302.84852409362793,1489.9090576171875,448.1233825683594,4.173474,8.0,-1,18.845728
2281,825,1786.6042532920837,-23.676103591918945,1570.30419921875,121.5987548828125,3.9681656,8.0,-1,24.426403
2335,825,626.0161185264587,553.9014720916748,409.716064453125,699.1763305664062,1.4386383,16.0,-1,4.605508
2080,825,716.4620413780212,10.845319747924805,500.1619873046875,156.12017822265625,0.8692731,18.0,-1,4.5457907
2524,825,1743.8783011436462,267.8412914276123,1527.5782470703125,413.11614990234375,0.7719257,10.0,-1,4.304589
2389,825,1382.8134818077087,237.20683097839355,1166.513427734375,382.481689453125,0.76126784,8.0,1,0.5937142
1961,826,1609.2323966026306,458.65443229675293,1392.5166015625,603.7396850585938,51.158115,22.0,-1,19.814575
2,826,1542.4054923057556,307.4727611541748,1325.689697265625,452.5580139160156,24.530664,8.0,1,22.97242
0,826,1471.2596182823181,808.7665538787842,1254.5438232421875,953.851806640625,16.360968,6.0,-1,2.8524861
2032,826,459.3903250694275,-65.09399604797363,242.67453002929688,79.99125671386719,14.771306,16.0,-1,15.731678
4,826,1232.7993521690369,-34.888444900512695,1016.0835571289062,110.19680786132812,14.500762,14.0,-1,8.5962925
1332,826,640.678777217865,599.0913829803467,423.9629821777344,744.1766357421875,14.285781,16.0,-1,11.142969
1879,826,1787.2359366416931,4.614652633666992,1570.5201416015625,149.6999053955078,13.4498825,10.0,-1,12.456131
1,826,1534.2421622276306,196.5829906463623,1317.5263671875,341.6682434082031,12.817489,8.0,1,20.434526
11,826,327.7446494102478,332.0219249725342,111.02885437011719,477.107177734375,12.354547,16.0,-1,20.927134
3,826,1057.5857291221619,320.9490795135498,840.8699340820312,466.0343322753906,9.975053,14.0,-1,9.902739
2281,826,1788.7012686729431,-21.095956802368164,1571.9854736328125,123.98929595947266,9.158782,8.0,-1,30.17163
12,826,1138.6447501182556,854.7757701873779,921.928955078125,999.8610229492188,8.9142885,10.0,-1,16.928127
9,826,1362.8753409385681,1023.1791515350342,1146.1595458984375,1168.264404296875,8.370825,8.0,-1,32.295773
8,826,1455.0591788291931,269.13978385925293,1238.3433837890625,414.22503662109375,8.228955,8.0,-1,27.8259
10,826,514.4714713096619,-10.88249397277832,297.75567626953125,134.2027587890625,7.9001994,18.0,-1,9.6972685
2140,826,1629.8288321495056,970.3540782928467,1413.113037109375,1115.4393310546875,6.620615,8.0,1,0.5815017
2211,826,247.97138738632202,-82.4101390838623,31.255592346191406,62.675113677978516,6.3538194,14.0,-1,13.7596445
2127,826,1078.9775748252869,245.41908073425293,862.2617797851562,390.50433349609375,4.700309,12.0,-1,34.02713
1784,826,1707.8097891807556,304.8200511932373,1491.093994140625,449.9053039550781,3.0353515,8.0,-1,18.926434
2389,826,1383.0780997276306,237.0821361541748,1166.3623046875,382.1673889160156,1.7080173,8.0,1,0.12105155
2335,826,626.8248648643494,557.4238414764404,410.10906982421875,702.5090942382812,1.3190969,12.0,-1,4.996126
2524,826,1740.9156241416931,268.67970085144043,1524.1998291015625,413.76495361328125,0.9769098,10.0,-1,4.807769
2080,826,716.4620413780212,12.18531608581543,499.7462463378906,157.27056884765625,0.9193199,14.0,-1,4.195686
1961,827,1608.5392813682556,459.09852409362793,1390.7779541015625,604.048828125,72.39206,22.0,-1,20.864168
2,827,1543.7870841026306,305.4859142303467,1326.0257568359375,450.43621826171875,22.308165,8.0,1,22.866426
3,827,1059.9567618370056,321.1093578338623,842.1954345703125,466.0596618652344,19.866581,14.0,-1,9.457854
1332,827,640.2721304893494,598.2020397186279,422.51080322265625,743.15234375,17.033495,14.0,-1,13.030077
4,827,1234.0829825401306,-35.15750312805176,1016.3216552734375,109.79280090332031,13.322697,14.0,-1,10.980334
1879,827,1785.8739981651306,6.297040939331055,1568.1126708984375,151.24734497070312,13.062252,10.0,-1,12.788647
1,827,1536.8606925010681,197.77519035339355,1319.099365234375,342.7254943847656,12.1824465,8.0,1,20.072428
10,827,513.2945303916931,-10.445085525512695,295.533203125,134.50521850585938,12.090915,18.0,-1,8.365794
0,827,1470.3106436729431,808.2711925506592,1252.54931640625,953.2214965820312,11.403539,6.0,-1,3.4959016
11,827,327.77337408065796,332.7902355194092,110.01204681396484,477.74053955078125,11.225312,16.0,-1,20.469131
9,827,1359.6414542198181,1021.3018932342529,1141.880126953125,1166.252197265625,10.949048,8.0,-1,37.214527
2032,827,460.7006125450134,-65.52385139465332,242.9392852783203,79.42645263671875,10.601123,16.0,-1,16.319689
2211,827,249.15665769577026,-82.95838356018066,31.39533042907715,61.991920471191406,8.905394,16.0,-1,12.732575
12,827,1137.7185416221619,853.2660655975342,919.9572143554688,998.2163696289062,7.8711624,10.0,-1,16.702736
8,827,1455.0591788291931,270.8166027069092,1237.2978515625,415.76690673828125,7.728314,10.0,-1,26.481071
2281,827,1787.6946768760681,-21.095956802368164,1569.933349609375,123.8543472290039,6.7844806,8.0,-1,28.026203
2140,827,1630.3344473838806,969.7443981170654,1412.5731201171875,1114.6947021484375,4.5917506,8.0,1,0.10270752
1784,827,1706.8792471885681,305.37077140808105,1489.117919921875,450.3210754394531,4.05702,8.0,-1,21.904358
2127,827,1080.3484244346619,245.15437126159668,862.5870971679688,390.10467529296875,3.7848027,16.0,-1,43.32112
2524,827,1742.1174063682556,268.73405265808105,1524.3560791015625,413.6843566894531,1.2492298,10.0,-1,5.0231123
2389,827,1382.8211417198181,240.73905754089355,1165.059814453125,385.6893615722656,1.0809124,8.0,1,0.35980153
2335,827,624.3818411827087,560.5597057342529,406.6205139160156,705.510009765625,1.0403224,14.0,-1,3.0514646
2080,827,717.0216727256775,11.766782760620117,499.2603454589844,156.7170867919922,0.81750137,16.0,-1,4.612151
1961,828,1609.9313712120056,458.8723545074463,1391.4288330078125,604.229248046875,79.3053,22.0,-1,19.816795
2,828,1544.6087393760681,304.82740211486816,1326.106201171875,450.1842956542969,24.090532,8.0,1,22.425331
3,828,1061.5859732627869,318.35032081604004,843.0834350585938,463.70721435546875,16.262693,14.0,-1,12.408876
1332,828,639.8705496788025,596.9673252105713,421.3680114746094,742.32421875,14.540734,16.0,-1,13.41205
4,828,1235.9141592979431,-36.74152183532715,1017.41162109375,108.61537170410156,14.134979,14.0,-1,6.04058
1,828,1538.3355460166931,195.7709445953369,1319.8330078125,341.1278381347656,13.89975,8.0,1,23.32206
1879,828,1784.2006583213806,8.360788345336914,1565.6981201171875,153.71768188476562,11.952888,10.0,-1,14.382974
0,828,1469.9383292198181,809.04270362854,1251.435791015625,954.3995971679688,11.426582,6.0,-1,5.7707615
11,828,331.7768530845642,329.76365089416504,113.2743148803711,475.12054443359375,11.300443,16.0,-1,20.489395
10,828,514.1164603233337,-9.814458847045898,295.6139221191406,135.5424346923828,9.944367,18.0,-1,9.0427685
2032,828,460.6443991661072,-66.31973075866699,242.14186096191406,79.03716278076172,9.416145,16.0,-1,16.265068
12,828,1136.5046744346619,853.6724033355713,918.0021362304688,999.029296875,8.279656,10.0,-1,18.30936
2140,828,1629.1567130088806,968.3961582183838,1410.6541748046875,1113.7530517578125,7.5558906,8.0,1,0.6541786
2281,828,1790.4187979698181,-19.129980087280273,1571.916259765625,126.22691345214844,7.3458767,8.0,-1,23.228252
8,828,1453.2748770713806,272.57810401916504,1234.7723388671875,417.93499755859375,6.9118915,10.0,-1,25.240902
9,828,1359.6414542198181,1021.5850009918213,1141.138916015625,1166.94189453125,6.6019473,8.0,-1,36.03478
2127,828,1080.0134024620056,237.8328037261963,861.5108642578125,383.189697265625,6.0975184,14.0,-1,40.588226
2211,828,248.22737836837769,-82.95838356018066,29.72484016418457,62.39850997924805,5.8124585,14.0,-1,12.794234
1784,828,1706.8921866416931,308.5160312652588,1488.3896484375,453.8729248046875,3.6033995,8.0,-1,21.635868
2335,828,625.3112845420837,563.0216464996338,406.8087463378906,708.3785400390625,1.2775036,16.0,-1,3.2123675
2080,828,716.0818839073181,14.091272354125977,497.579345703125,159.4481658935547,0.97300285,14.0,-1,4.158359
2389,828,1382.6585440635681,243.55982398986816,1164.156005859375,388.9167175292969,0.9038794,8.0,1,0.66004324
2524,828,1742.5618643760681,268.37220191955566,1524.059326171875,413.7290954589844,0.8522102,10.0,-1,5.5169296
1961,829,1608.0483145713806,462.09775733947754,1388.6214599609375,608.1550903320312,68.428116,22.0,-1,20.696198
4,829,1235.3869986534119,-37.887136459350586,1015.9601440429688,108.17019653320312,24.032234,14.0,-1,7.5040064
2,829,1544.8937735557556,304.9678440093994,1325.4669189453125,451.0251770019531,18.91899,8.0,1,22.297466
1332,829,640.1289114952087,597.1879062652588,420.7020568847656,743.2452392578125,17.139694,16.0,-1,15.26925
1,829,1538.3355460166931,195.7709445953369,1318.90869140625,341.8282775878906,16.695555,8.0,1,24.02179
0,829,1469.3505606651306,807.8954257965088,1249.9237060546875,953.9527587890625,14.07125,6.0,-1,4.950769
3,829,1061.3523917198181,317.2977695465088,841.925537109375,463.3551025390625,13.106179,14.0,-1,9.115708
2032,829,463.5032706260681,-65.44805717468262,244.076416015625,80.6092758178711,12.083676,16.0,-1,16.246563
10,829,514.0076651573181,-11.330373764038086,294.580810546875,134.72695922851562,10.9468,18.0,-1,9.272686
12,829,1135.3708243370056,853.5018711090088,915.9439697265625,999.5592041015625,9.886313,8.0,-1,23.180338
1879,829,1782.9368643760681,8.451837539672852,1563.510009765625,154.50917053222656,9.1117735,10.0,-1,11.99448
11,829,334.78126287460327,328.44751930236816,115.35440826416016,474.5048522949219,8.671552,16.0,-1,20.664627
2140,829,1629.3416495323181,968.1145420074463,1409.914794921875,1114.171875,6.93544,20.0,-1,1.2738622
9,829,1358.2034659385681,1021.2236728668213,1138.776611328125,1167.281005859375,6.594166,8.0,-1,36.07483
2281,829,1791.6048331260681,-17.573766708374023,1572.177978515625,128.4835662841797,5.831536,8.0,-1,27.661098
2127,829,1079.6999258995056,238.19858741760254,860.2730712890625,384.25592041015625,5.428322,14.0,-1,43.718616
2211,829,249.16384649276733,-85.23296165466309,29.73699188232422,60.824371337890625,5.262156,14.0,-1,12.558317
8,829,1455.1272940635681,271.6775302886963,1235.700439453125,417.73486328125,4.512333,10.0,-1,25.761753
1784,829,1709.6895499229431,309.7775363922119,1490.2626953125,455.8348693847656,3.9672747,8.0,-1,23.690163
2389,829,1383.5527091026306,246.3508701324463,1164.1258544921875,392.408203125,1.6439824,18.0,-1,0.13536447
2335,829,624.5645804405212,563.7923984527588,405.1377258300781,709.8497314453125,1.5691509,14.0,-1,1.7807667
2524,829,1745.3551993370056,269.04245948791504,1525.9283447265625,415.09979248046875,0.68041587,10.0,-1,4.9051075
2080,829,713.8886771202087,13.225305557250977,494.4618225097656,159.2826385498047,0.60560596,12.0,-1,4.1441603
1961,830,1606.1879630088806,461.94495582580566,1386.5667724609375,608.1591796875,69.6072,22.0,-1,20.926395
2,830,1545.5396475791931,304.1417636871338,1325.91845703125,450.3559875488281,24.641127,8.0,1,22.563879
3,830,1061.7106070518494,319.44834327697754,842.0894165039062,465.6625671386719,16.195122,14.0,-1,8.245226
0,830,1469.3505606651306,807.5164279937744,1249.7293701171875,953.7306518554688,15.700078,6.0,-1,5.449847
4,830,1235.2289175987244,-37.34785270690918,1015.6077270507812,108.86637115478516,14.439397,14.0,-1,6.0667095
1,830,1538.6379141807556,194.23511695861816,1319.0167236328125,340.4493408203125,14.0687475,8.0,1,24.566626
10,830,515.23712682724,-12.902013778686523,295.6159362792969,133.3122100830078,13.21911,18.0,-1,8.387106
1332,830,639.7874808311462,598.4567966461182,420.1662902832031,744.6710205078125,12.0937395,16.0,-1,13.617247
11,830,335.0999655723572,330.39402198791504,115.47877502441406,476.6082458496094,11.762889,16.0,-1,19.645342
1879,830,1781.6279044151306,7.599206924438477,1562.0067138671875,153.8134307861328,11.541003,10.0,-1,13.141005
2032,830,465.0555930137634,-64.93762016296387,245.4344024658203,81.27660369873047,9.990526,16.0,-1,16.612698
9,830,1355.8040518760681,1019.4519138336182,1136.182861328125,1165.6661376953125,9.2766485,8.0,-1,34.754494
2211,830,249.62798833847046,-83.90128517150879,30.006797790527344,62.31293869018555,8.132394,14.0,-1,13.424287
2127,830,1079.7321524620056,237.52283668518066,860.1109619140625,383.737060546875,8.095606,14.0,-1,46.3315
12,830,1135.2438101768494,852.9789524078369,915.6226196289062,999.1931762695312,6.377663,10.0,-1,21.233574
2281,830,1792.0657706260681,-16.27217674255371,1572.444580078125,129.94204711914062,5.6513934,8.0,-1,25.674568
2140,830,1631.8560538291931,969.3994235992432,1412.23486328125,1115.6136474609375,5.407101,18.0,-1,0.74663246
1784,830,1709.5549063682556,309.7775363922119,1489.9337158203125,455.99176025390625,5.3543496,8.0,-1,23.122341
8,830,1454.5154776573181,270.5499973297119,1234.894287109375,416.76422119140625,4.18704,10.0,-1,22.718643
2335,830,623.8015494346619,570.1203708648682,404.18035888671875,716.3345947265625,2.3080277,16.0,-1,1.4005854
2524,830,1742.4091544151306,267.5302219390869,1522.7879638671875,413.74444580078125,1.0018066,12.0,-1,4.662167
2389,830,1390.4854483604431,247.7144260406494,1170.8642578125,393.92864990234375,0.856961,8.0,1,0.26699382
2080,830,711.2327017784119,13.381921768188477,491.61151123046875,159.5961456298828,0.7691567,10.0,-1,4.163343
1961,831,1604.3741202354431,463.33899879455566,1384.2261962890625,609.740234375,68.084435,22.0,-1,20.267853
4,831,1234.0547842979431,-36.54223442077637,1013.9068603515625,109.85900115966797,16.613407,14.0,-1,5.387474
2,831,1548.1885733604431,303.6000156402588,1328.0406494140625,450.0012512207031,16.561934,8.0,1,21.952929
1,831,1538.6379141807556,193.5028781890869,1318.489990234375,339.90411376953125,15.421662,8.0,1,24.31187
0,831,1471.3539786338806,806.9761447906494,1251.2060546875,953.3773803710938,12.9927635,6.0,-1,5.0510707
11,831,334.7175192832947,330.83606910705566,114.56959533691406,477.2373046875,12.406033,16.0,-1,19.656721
9,831,1356.1398673057556,1015.7144870758057,1135.991943359375,1162.11572265625,11.242003,8.0,-1,35.767494
2032,831,465.16583776474,-66.73855400085449,245.01791381835938,79.66268157958984,11.230435,16.0,-1,17.739748
1879,831,1783.2332510948181,8.641794204711914,1563.0853271484375,155.04302978515625,10.170203,10.0,-1,13.744976
10,831,513.70392370224,-14.281530380249023,293.5559997558594,132.1197052001953,10.117441,18.0,-1,7.5735188
3,831,1063.6120352745056,320.24341773986816,843.464111328125,466.6446533203125,8.563516,14.0,-1,6.197899
1332,831,639.4323782920837,598.4567966461182,419.2844543457031,744.8580322265625,8.098313,14.0,-1,11.931489
2127,831,1080.6611685752869,237.6634006500244,860.5132446289062,384.06463623046875,7.0009212,16.0,-1,43.276764
2211,831,249.78558492660522,-85.25488471984863,29.63766098022461,61.1463508605957,6.8666244,14.0,-1,10.806
2281,831,1793.1773428916931,-20.392568588256836,1573.0294189453125,126.0086669921875,6.355816,8.0,-1,23.007189
8,831,1455.5374503135681,270.1520175933838,1235.3895263671875,416.5532531738281,4.929458,10.0,-1,23.798569
12,831,1133.6932120323181,851.2711887359619,913.5452880859375,997.6724243164062,4.5615163,10.0,-1,26.930029
2140,831,1632.6148428916931,970.9514255523682,1412.4669189453125,1117.3526611328125,3.7031438,18.0,-1,1.2886366
1784,831,1707.5979971885681,310.73508644104004,1487.4500732421875,457.1363220214844,2.6586416,8.0,-1,21.810568
2335,831,622.6900382041931,567.2167453765869,402.5421142578125,713.6179809570312,2.2358387,14.0,-1,1.225486
2389,831,1387.7812247276306,247.76023292541504,1167.63330078125,394.1614685058594,1.2428064,16.0,-1,0.2767337
2080,831,710.68243932724,16.00327491760254,490.5345153808594,162.40451049804688,0.9236403,14.0,-1,3.6548958
2524,831,1740.0823721885681,271.11362648010254,1519.9344482421875,417.5148620605469,0.70543796,12.0,-1,4.9186087
1961,832,1603.8691153526306,463.6913776397705,1382.9241943359375,610.1906127929688,82.35879,22.0,-1,19.735088
2,832,1548.9688467979431,305.181245803833,1328.02392578125,451.68048095703125,19.267462,8.0,1,22.731617
4,832,1236.7156119346619,-34.07056999206543,1015.7706909179688,112.42866516113281,16.577404,14.0,-1,1.0914686
1,832,1539.0219473838806,194.1408405303955,1318.0770263671875,340.64007568359375,16.143476,8.0,1,25.105028
1879,832,1783.2133536338806,7.344820022583008,1562.2684326171875,153.84405517578125,15.968647,10.0,-1,13.707168
0,832,1470.6633048057556,807.685152053833,1249.7183837890625,954.1843872070312,14.197762,6.0,-1,4.6519938
3,832,1062.9111685752869,320.12454414367676,841.9662475585938,466.623779296875,14.133842,14.0,-1,7.5886087
10,832,512.3523001670837,-14.936765670776367,291.4073791503906,131.56246948242188,12.998985,18.0,-1,7.3073883
11,832,334.2796835899353,330.29165840148926,113.33476257324219,476.7908935546875,10.659879,16.0,-1,20.029165
2032,832,465.2201895713806,-67.20845603942871,244.2752685546875,79.29077911376953,10.280712,18.0,-1,18.415298
9,832,1357.2786612510681,1015.9986896514893,1136.333740234375,1162.4979248046875,9.490769,8.0,-1,37.07615
1332,832,640.329167842865,600.1538410186768,419.3842468261719,746.653076171875,9.039035,14.0,-1,12.05951
2281,832,1790.7831778526306,-20.392568588256836,1569.8382568359375,126.1066665649414,8.505098,8.0,-1,22.826496
2211,832,251.3808856010437,-85.86981773376465,30.435964584350586,60.629417419433594,8.315506,16.0,-1,12.319128
2127,832,1079.3957877159119,239.738862991333,858.4508666992188,386.23809814453125,6.305859,16.0,-1,44.579147
8,832,1458.9593253135681,269.7438678741455,1238.014404296875,416.24310302734375,5.7623906,10.0,-1,27.039862
12,832,1133.5697989463806,848.0162677764893,912.6248779296875,994.5155029296875,5.106839,10.0,-1,28.526445
2140,832,1630.1664786338806,974.6064777374268,1409.2215576171875,1121.105712890625,4.3082643,18.0,-1,1.5459259
1784,832,1707.8383536338806,309.54422187805176,1486.8934326171875,456.04345703125,3.7002575,8.0,-1,22.743322
2335,832,624.279363155365,568.1528034210205,403.3344421386719,714.6520385742188,2.1888578,14.0,-1,2.6142113
2524,832,1740.7095694541931,269.3790912628174,1519.7646484375,415.8783264160156,1.55727,12.0,-1,5.0672646
2389,832,1387.7812247276306,248.4423542022705,1166.8363037109375,394.94158935546875,0.85480165,10.0,1,0.6980536
2080,832,707.4515433311462,15.780656814575195,486.5066223144531,162.27989196777344,0.5522713,10.0,-1,4.1973915
1961,833,1603.4213614463806,466.5109272003174,1382.4111328125,613.4334106445312,62.58518,22.0,-1,21.664326
1,833,1540.7435050010681,193.69375801086426,1319.7332763671875,340.6162414550781,21.099508,8.0,1,25.29072
2,833,1548.2522940635681,305.187349319458,1327.2420654296875,452.1098327636719,20.41263,8.0,1,20.413189
1879,833,1783.2133536338806,8.833147048950195,1562.203125,155.75563049316406,18.321268,10.0,-1,13.917638
3,833,1063.2030997276306,319.617525100708,842.19287109375,466.5400085449219,16.915743,14.0,-1,6.6317368
4,833,1236.7480826377869,-34.09174156188965,1015.7378540039062,112.83074188232422,14.240158,14.0,-1,0.24432087
2032,833,464.1622824668884,-67.49975395202637,243.1520538330078,79.4227294921875,12.321561,16.0,-1,17.76845
11,833,334.56339025497437,330.61844062805176,113.55316162109375,477.5409240722656,11.00048,16.0,-1,17.965347
0,833,1471.2608389854431,808.5245380401611,1250.2506103515625,955.447021484375,10.382014,6.0,-1,2.3482792
9,833,1358.6033682823181,1012.7602558135986,1137.5931396484375,1159.6827392578125,10.241019,8.0,-1,35.277092
10,833,506.76904821395874,-15.476972579956055,285.7588195800781,131.4455108642578,9.83539,16.0,-1,8.556964
2211,833,252.88049459457397,-86.31808280944824,31.87026596069336,60.604400634765625,9.180232,16.0,-1,12.821585
1332,833,640.2492728233337,601.3421649932861,419.2390441894531,748.2646484375,6.972302,14.0,-1,12.6551485
2281,833,1788.8168692588806,-19.156301498413086,1567.806640625,127.76618194580078,6.324763,8.0,-1,20.83482
8,833,1457.5801749229431,272.18704414367676,1236.5699462890625,419.1095275878906,5.1424108,10.0,-1,22.377373
12,833,1134.8633780479431,844.6864643096924,913.8531494140625,991.6089477539062,4.7530413,10.0,-1,30.346025
2127,833,1079.2148795127869,234.93142890930176,858.2046508789062,381.8539123535156,4.433661,14.0,-1,42.67317
2140,833,1629.1434073448181,979.9747333526611,1408.1331787109375,1126.897216796875,4.273951,8.0,1,0.5787926
1784,833,1708.5851798057556,307.65869331359863,1487.574951171875,454.5811767578125,2.8319585,8.0,-1,23.326931
2335,833,622.773503780365,567.0407733917236,401.7632751464844,713.9632568359375,1.7036262,14.0,-1,4.97594
2389,833,1386.8858389854431,251.03631782531738,1165.8756103515625,397.95880126953125,1.5156082,8.0,1,1.0514789
2524,833,1742.1298575401306,269.3790912628174,1521.11962890625,416.30157470703125,1.0121058,10.0,-1,4.1531386
2080,833,708.5350394248962,18.38749885559082,487.5248107910156,165.3099822998047,0.60753244,16.0,-1,4.0262117
1961,834,1603.9701285362244,465.17700386047363,1382.564697265625,612.7657470703125,68.72462,22.0,-1,21.064877
2,834,1547.8633170127869,304.1596393585205,1326.4578857421875,451.7483825683594,22.451805,8.0,1,18.950478
1,834,1540.6404166221619,193.60461616516113,1319.2349853515625,341.193359375,20.063065,8.0,1,25.990557
4,834,1235.6204581260681,-35.294172286987305,1014.2150268554688,112.29457092285156,17.334955,14.0,-1,0.24533892
11,834,335.20377111434937,331.2012348175049,113.79833984375,478.78997802734375,15.526515,16.0,-1,20.037352
0,834,1471.0470328330994,809.1819477081299,1249.6416015625,956.7706909179688,12.955472,6.0,-1,4.3899355
3,834,1063.2030997276306,319.648530960083,841.7976684570312,467.2372741699219,12.402312,14.0,-1,10.126997
2032,834,464.6881613731384,-66.94506645202637,243.28273010253906,80.6436767578125,12.396511,16.0,-1,16.844727
10,834,506.93692541122437,-16.616849899291992,285.531494140625,130.97189331054688,11.481663,16.0,-1,7.3076224
9,834,1359.1661734580994,1010.2861347198486,1137.7607421875,1157.8748779296875,11.377159,8.0,-1,37.486557
1879,834,1784.9741568565369,9.40141487121582,1563.5687255859375,156.9901580810547,10.151166,10.0,-1,12.549275
1332,834,643.3739676475525,601.3421649932861,421.9685363769531,748.930908203125,9.29514,14.0,-1,11.17242
2211,834,253.53752660751343,-85.89182472229004,32.13209533691406,61.69691848754883,9.201841,16.0,-1,12.206314
2140,834,1630.7573599815369,980.4855976104736,1409.3519287109375,1128.0743408203125,6.410977,8.0,1,1.4234776
2281,834,1789.3161978721619,-23.459386825561523,1567.9107666015625,124.12935638427734,5.4999423,8.0,-1,22.17702
12,834,1133.0614371299744,842.5645160675049,911.656005859375,990.1532592773438,5.3523107,10.0,-1,29.048058
8,834,1456.1439566612244,271.76126289367676,1234.738525390625,419.3500061035156,5.3516164,10.0,-1,21.79828
2127,834,1077.8822989463806,234.72244453430176,856.4768676757812,382.3111877441406,4.5387425,14.0,-1,40.125996
1784,834,1706.3087515830994,306.49914741516113,1484.9033203125,454.087890625,3.6283722,8.0,-1,22.583652
2335,834,620.7852530479431,571.4276142120361,399.37982177734375,719.016357421875,1.430644,12.0,-1,7.718055
2389,834,1383.3729605674744,254.24579048156738,1161.967529296875,401.83453369140625,1.1602212,8.0,1,0.5488238
2080,834,709.114324092865,18.832704544067383,487.7088928222656,166.42144775390625,0.9718624,14.0,-1,4.9752736
2524,834,1741.3088736534119,270.1310443878174,1519.9034423828125,417.71978759765625,0.95491385,10.0,-1,4.2862906
1961,835,1605.02130651474,463.44604682922363,1383.3736572265625,611.6982421875,64.23693,22.0,-1,20.1977
4,835,1234.1962943077087,-35.61598014831543,1012.5486450195312,112.63621520996094,20.526575,14.0,-1,1.2726436
2,835,1549.630925655365,304.486909866333,1327.9832763671875,452.7391052246094,16.691858,8.0,1,18.847172
3,835,1064.8839163780212,317.46341133117676,843.2362670898438,465.7156066894531,13.701831,14.0,-1,7.2088356
11,835,334.7345480918884,331.2012348175049,113.08689880371094,479.45343017578125,13.456104,16.0,-1,20.205645
1,835,1539.30304479599,193.1381549835205,1317.6553955078125,341.3903503417969,12.410037,8.0,1,26.011093
0,835,1471.246648311615,809.1506366729736,1249.5989990234375,957.40283203125,12.329349,6.0,-1,9.004387
1879,835,1785.79181432724,7.110567092895508,1564.1441650390625,155.36276245117188,11.678493,10.0,-1,11.329566
10,835,505.4223380088806,-17.146162033081055,283.7746887207031,131.1060333251953,10.59146,18.0,-1,8.642874
2032,835,464.8510031700134,-65.59370231628418,243.20335388183594,82.65849304199219,10.437575,18.0,-1,18.437729
9,835,1359.886785030365,1008.8903827667236,1138.2391357421875,1157.142578125,10.139993,8.0,-1,37.86354
1332,835,641.4567313194275,602.2538471221924,419.80908203125,750.5060424804688,9.411605,14.0,-1,12.666899
2211,835,252.79623746871948,-84.55122566223145,31.148588180541992,63.70096969604492,8.098187,14.0,-1,11.710958
12,835,1132.0272879600525,841.5615253448486,910.379638671875,989.813720703125,5.777502,10.0,-1,26.717953
2281,835,1787.98712682724,-22.58167839050293,1566.3394775390625,125.67051696777344,5.475907,8.0,-1,20.526432
2140,835,1628.464421749115,980.3858661651611,1406.8167724609375,1128.6380615234375,5.309626,8.0,1,2.030249
2127,835,1078.0167288780212,234.79559516906738,856.3690795898438,383.04779052734375,5.132085,14.0,-1,39.464344
8,835,1458.11261510849,276.565034866333,1236.4649658203125,424.8172302246094,4.124506,12.0,-1,18.646881
1784,835,1707.6835379600525,304.90262031555176,1486.035888671875,453.1548156738281,3.2143433,8.0,-1,22.63771
2335,835,621.031804561615,572.8501605987549,399.3841552734375,721.1023559570312,1.58493,12.0,-1,9.896994
2389,835,1382.3458914756775,256.939790725708,1160.6982421875,405.1919860839844,1.0466008,14.0,-1,0.04179907
2080,835,709.114324092865,20.278627395629883,487.4666748046875,168.53082275390625,0.53354937,12.0,-1,4.177718
2524,835,1738.79913854599,272.0539264678955,1517.1514892578125,420.3061218261719,0.33132598,10.0,-1,3.740855
1961,836,1605.90997838974,463.78149604797363,1384.09912109375,612.3984375,52.460552,22.0,-1,20.945396
1,836,1538.2284598350525,192.30838203430176,1316.4176025390625,340.9253234863281,19.856396,8.0,1,25.788929
4,836,1232.287175655365,-34.43453025817871,1010.476318359375,114.18241119384766,16.448729,14.0,-1,2.6160533
2,836,1548.08868932724,305.49331855773926,1326.27783203125,454.1102600097656,15.6479,8.0,1,18.27922
1879,836,1784.5707449913025,7.96782112121582,1562.7598876953125,156.5847625732422,13.775932,10.0,-1,12.389786
0,836,1472.4989676475525,806.9483051300049,1250.6881103515625,955.5652465820312,13.732247,16.0,-1,7.2520857
1332,836,640.8407034873962,602.2538471221924,419.02984619140625,750.8707885742188,13.314948,14.0,-1,10.29628
2032,836,464.21883153915405,-64.61559867858887,242.40797424316406,84.0013427734375,12.806099,18.0,-1,18.884872
9,836,1359.821843624115,1009.4232196807861,1138.010986328125,1158.0401611328125,12.129382,8.0,-1,35.29922
11,836,332.9537100791931,331.7123737335205,111.14285278320312,480.3293151855469,10.973351,16.0,-1,19.251263
3,836,1065.7603812217712,316.0851459503174,843.9495239257812,464.70208740234375,10.812497,14.0,-1,6.9616623
10,836,503.12479162216187,-13.993879318237305,281.3139343261719,134.62306213378906,9.991563,18.0,-1,8.070654
2211,836,252.9737467765808,-86.41951942443848,31.16288948059082,62.19742202758789,8.239097,14.0,-1,11.700356
2140,836,1628.23077917099,980.2746601104736,1406.419921875,1128.8916015625,5.871053,8.0,1,1.0551062
8,836,1458.20245885849,277.7506732940674,1236.3916015625,426.36761474609375,5.3498416,12.0,-1,16.352577
2281,836,1789.269597530365,-24.485631942749023,1567.458740234375,124.13130950927734,4.984245,8.0,-1,18.349344
12,836,1132.0272879600525,839.4733295440674,910.2164306640625,988.0902709960938,4.749606,10.0,-1,24.455694
1784,836,1711.882878780365,303.36172676086426,1490.072021484375,451.9786682128906,4.399657,8.0,-1,21.212917
2127,836,1079.0573782920837,233.07983589172363,857.2465209960938,381.69677734375,4.038693,22.0,-1,42.175026
2335,836,624.84357213974,574.4779071807861,403.03271484375,723.0948486328125,1.6188483,10.0,-1,11.546858
2080,836,709.2734427452087,19.749116897583008,487.46258544921875,168.36605834960938,1.0482464,12.0,-1,3.9969704
2524,836,1736.231999874115,269.3456439971924,1514.421142578125,417.96258544921875,0.5481437,12.0,-1,4.6279974
2389,836,1384.59210729599,258.9978656768799,1162.78125,407.61480712890625,0.4945215,6.0,1,1.1597209
1961,837,1604.1120657920837,466.7914447784424,1382.634033203125,615.8900756835938,56.24106,22.0,-1,21.321676
1,837,1536.0223441123962,189.21463203430176,1314.5443115234375,338.3132629394531,21.597338,8.0,1,25.824642
1879,837,1785.7299857139587,7.553117752075195,1564.251953125,156.65174865722656,16.821796,10.0,-1,12.375717
4,837,1231.19074010849,-34.82525444030762,1009.7127075195312,114.27337646484375,14.877571,14.0,-1,6.534115
2,837,1545.5100150108337,305.2736530303955,1324.031982421875,454.3722839355469,13.578828,8.0,1,14.802792
0,837,1472.2540335655212,806.9483051300049,1250.7760009765625,956.0469360351562,13.210435,6.0,-1,6.0873456
2032,837,464.91846227645874,-61.56289482116699,243.4404296875,87.53573608398438,12.269994,18.0,-1,19.296898
1332,837,641.6735281944275,601.9337787628174,420.19549560546875,751.0324096679688,12.012349,14.0,-1,9.564633
3,837,1065.7603812217712,316.2851276397705,844.2823486328125,465.3837585449219,11.516239,14.0,-1,6.4474726
11,837,330.9043173789978,330.174898147583,109.42628479003906,479.2735290527344,10.638274,16.0,-1,20.656784
2211,837,252.32525396347046,-86.08161354064941,30.84722137451172,63.01701736450195,10.214356,16.0,-1,13.533647
10,837,503.0910086631775,-12.725553512573242,281.61297607421875,136.37307739257812,9.517655,18.0,-1,7.0896916
12,837,1133.746160030365,835.3197040557861,912.2681274414062,984.4183349609375,6.8642387,10.0,-1,27.579594
2281,837,1785.0920462608337,-25.125913619995117,1563.614013671875,123.97271728515625,6.519837,8.0,-1,19.654163
9,837,1361.7789359092712,1009.5832538604736,1140.3009033203125,1158.681884765625,5.8693867,8.0,-1,32.841187
1784,837,1713.3492484092712,305.07129096984863,1491.8712158203125,454.169921875,4.973853,8.0,-1,20.56648
8,837,1454.4852347373962,277.3985004425049,1233.0072021484375,426.49713134765625,4.1779404,12.0,-1,17.031021
2140,837,1630.3606009483337,977.8591327667236,1408.882568359375,1126.957763671875,4.0202727,10.0,1,0.5845261
2127,837,1079.2193655967712,233.21820259094238,857.7413330078125,382.31683349609375,3.4968727,22.0,-1,43.36937
2335,837,628.8282523155212,575.3723163604736,407.3502197265625,724.470947265625,1.9008614,12.0,-1,13.091875
2080,837,708.1524405479431,19.489763259887695,486.6744079589844,168.58839416503906,0.9725929,12.0,-1,4.6088395
2389,837,1384.9559378623962,261.3894672393799,1163.4779052734375,410.48809814453125,0.5102726,16.0,-1,0.36285663
2524,837,1736.3560843467712,270.9887409210205,1514.8780517578125,420.0873718261719,0.4144529,12.0,-1,4.5461016
1961,838,1604.0905814170837,464.79883003234863,1381.9061279296875,614.287841796875,51.58191,22.0,-1,20.09933
1,838,1537.6645560264587,189.07678413391113,1315.4801025390625,338.5657958984375,20.966883,8.0,1,25.064686
10,838,501.6305899620056,-12.583417892456055,279.4461364746094,136.9055938720703,15.9750595,18.0,-1,9.394196
3,838,1064.18878698349,316.4252338409424,842.0043334960938,465.91424560546875,15.545417,14.0,-1,8.350948
1332,838,646.2916007041931,601.5202655792236,424.1071472167969,751.00927734375,15.42231,14.0,-1,12.095731
1879,838,1784.5470023155212,7.345979690551758,1562.362548828125,156.83499145507812,14.417015,10.0,-1,13.540747
4,838,1233.5311942100525,-34.856489181518555,1011.3467407226562,114.63252258300781,13.842195,14.0,-1,4.251547
2,838,1545.7385306358337,305.3302936553955,1323.5540771484375,454.8193054199219,13.169961,8.0,1,13.336639
2211,838,253.86623525619507,-84.93611717224121,31.681781768798828,64.55289459228516,13.018879,16.0,-1,12.941044
2032,838,464.91724157333374,-61.28692436218262,242.7327880859375,88.20208740234375,12.106213,18.0,-1,19.594324
11,838,331.42862462997437,332.72488594055176,109.24417114257812,482.2138977050781,10.9552355,16.0,-1,21.572004
0,838,1474.0678763389587,806.9483051300049,1251.8834228515625,956.4373168945312,9.414282,6.0,-1,5.835625
9,838,1365.2911429405212,1008.9877948760986,1143.106689453125,1158.476806640625,7.9978843,8.0,-1,33.78813
2281,838,1784.9934134483337,-25.381994247436523,1562.8089599609375,124.10701751708984,5.6341844,8.0,-1,19.258747
12,838,1135.4124808311462,835.1618671417236,913.22802734375,984.65087890625,4.7982535,12.0,-1,24.603798
2140,838,1628.3342337608337,977.3000507354736,1406.1497802734375,1126.7890625,4.490772,18.0,-1,0.57805336
2127,838,1079.0202689170837,233.01989936828613,856.8358154296875,382.5089111328125,4.316434,22.0,-1,41.33174
8,838,1455.9128470420837,276.1271686553955,1233.7283935546875,425.6161804199219,3.8190355,12.0,-1,19.44643
1784,838,1712.8997855186462,306.68847846984863,1490.71533203125,456.177490234375,3.312342,8.0,-1,22.260252
2335,838,631.9488577842712,576.2906513214111,409.764404296875,725.7796630859375,1.4981774,12.0,-1,9.3330345
2389,838,1383.7773489952087,263.00906562805176,1161.5928955078125,412.4980773925781,1.054875,6.0,1,0.21697092
2524,838,1734.0481009483337,276.21817207336426,1511.8636474609375,425.7071838378906,1.0486692,10.0,-1,4.5678024
2080,838,708.1524405479431,19.49833869934082,485.9679870605469,168.9873504638672,0.9772654,18.0,-1,4.8909163
1961,839,1604.3941702842712,462.5741367340088,1381.4031982421875,611.9546508789062,52.799183,22.0,-1,19.64895
1879,839,1783.2240042686462,8.377588272094727,1560.2330322265625,157.7581024169922,21.573349,10.0,-1,14.558268
4,839,1233.5311942100525,-32.97347068786621,1010.5402221679688,116.40704345703125,19.932333,14.0,-1,1.0697141
2,839,1547.3293509483337,304.29688453674316,1324.33837890625,453.6773986816406,15.034987,8.0,1,12.404894
1332,839,648.7541861534119,601.1567783355713,425.7632141113281,750.5372924804688,14.209567,14.0,-1,14.06851
10,839,503.6342520713806,-9.439565658569336,280.6432800292969,139.94094848632812,12.205193,18.0,-1,9.480502
2211,839,254.7883734703064,-85.2275447845459,31.797401428222656,64.15296936035156,11.729363,16.0,-1,11.0026455
1,839,1536.5633597373962,188.08570289611816,1313.5723876953125,337.4662170410156,11.532847,8.0,1,23.14177
3,839,1065.3031058311462,315.9754123687744,842.3121337890625,465.3559265136719,10.575277,14.0,-1,8.789987
2032,839,466.6995139122009,-60.159414291381836,243.7085418701172,89.22109985351562,10.420698,18.0,-1,18.991362
0,839,1474.8636527061462,808.5566806793213,1251.8726806640625,957.9371948242188,9.715968,16.0,-1,7.014592
9,839,1364.7922415733337,1008.138650894165,1141.80126953125,1157.5191650390625,9.625004,8.0,-1,37.333607
11,839,330.5594992637634,337.0866184234619,107.56852722167969,486.4671325683594,8.40379,16.0,-1,20.351673
12,839,1135.1754202842712,835.271951675415,912.1844482421875,984.6524658203125,7.771401,10.0,-1,27.301554
2281,839,1786.1231741905212,-25.381994247436523,1563.1322021484375,123.99851989746094,5.739657,8.0,-1,24.19829
2140,839,1626.6001029014587,979.7718296051025,1403.609130859375,1129.15234375,4.714563,10.0,1,0.12154871
8,839,1455.6638236045837,277.34519386291504,1232.6728515625,426.7257080078125,4.2085433,12.0,-1,15.987901
2127,839,1078.8361868858337,232.97312355041504,855.84521484375,382.3536376953125,3.4363003,22.0,-1,40.070488
1784,839,1710.5871634483337,304.60703468322754,1487.59619140625,453.987548828125,3.2925844,8.0,-1,22.176283
2335,839,634.1117911338806,574.280252456665,411.1208190917969,723.6607666015625,1.6165333,16.0,-1,9.114007
2389,839,1380.2392630577087,262.99131202697754,1157.248291015625,412.371826171875,0.970491,6.0,1,0.6188407
2524,839,1731.0166068077087,278.9177646636963,1508.025634765625,428.29827880859375,0.94949526,10.0,-1,5.0674334
2080,839,708.6342825889587,22.079599380493164,485.643310546875,171.46011352539062,0.45335284,12.0,-1,3.3782098
1961,840,1603.230046749115,459.5138111114502,1379.7513427734375,609.8362426757812,60.734165,22.0,-1,20.088108
4,840,1235.8436331748962,-33.387136459350586,1012.3649291992188,116.93529510498047,18.28441,8.0,1,2.7626061
1,840,1533.496160030365,187.55024909973145,1310.0174560546875,337.8726806640625,16.433811,8.0,1,22.802948
2032,840,465.95540380477905,-59.0936336517334,242.47669982910156,91.22879791259766,15.393268,16.0,-1,18.15814
3,840,1065.3031058311462,315.2496509552002,841.8244018554688,465.57208251953125,14.226104,14.0,-1,10.29512
1879,840,1783.420964717865,9.28959846496582,1559.9422607421875,159.61203002929688,13.417732,10.0,-1,13.099922
1332,840,651.715398311615,600.5797901153564,428.2366943359375,750.9022216796875,11.4534235,14.0,-1,12.422116
2,840,1546.4093680381775,303.8948230743408,1322.9306640625,454.2172546386719,11.095138,8.0,1,7.488717
9,840,1367.15656042099,1007.577714920044,1143.6778564453125,1157.900146484375,11.04139,8.0,-1,37.85755
10,840,504.1696524620056,-8.39460563659668,280.6909484863281,141.92782592773438,10.878156,18.0,-1,8.233635
2211,840,253.77524137496948,-85.2275447845459,30.296537399291992,65.09488677978516,9.87876,16.0,-1,11.989048
0,840,1474.3937430381775,809.934648513794,1250.9150390625,960.257080078125,8.957725,16.0,-1,7.3531537
2281,840,1783.54718542099,-28.450727462768555,1560.0684814453125,121.8717041015625,7.7480807,8.0,-1,28.167791
11,840,332.65562200546265,338.4224109649658,109.17691802978516,488.7448425292969,7.71987,18.0,-1,20.37905
12,840,1135.6125540733337,834.1259326934814,912.1338500976562,984.4483642578125,7.3161435,10.0,-1,27.09737
8,840,1455.03009557724,276.61400032043457,1231.5513916015625,426.9364318847656,6.357258,12.0,-1,15.404904
2140,840,1627.98468542099,981.4555225372314,1404.5059814453125,1131.7779541015625,4.0885196,18.0,-1,0.117486835
1784,840,1707.3065848350525,305.79402351379395,1483.827880859375,456.116455078125,3.723202,8.0,-1,20.838354
2127,840,1076.8002982139587,232.18403816223145,853.3215942382812,382.5064697265625,3.2370002,22.0,-1,35.500378
2335,840,638.8975882530212,575.3774585723877,415.41888427734375,725.6998901367188,1.9723078,12.0,-1,10.434334
2524,840,1727.53595495224,279.15376472473145,1504.0572509765625,429.4761962890625,0.706058,12.0,-1,4.6987267
2080,840,708.9030814170837,23.432695388793945,485.42437744140625,173.755126953125,0.697781,14.0,-1,4.0735326
2389,840,1383.8839774131775,265.1701831817627,1160.4052734375,415.49261474609375,0.4883237,14.0,-1,0.106779456
1961,841,1603.7760672569275,458.9978885650635,1380.289794921875,609.4717407226562,47.64037,24.0,-1,19.938887
1,841,1534.1422781944275,189.65218544006348,1310.656005859375,340.12603759765625,22.05654,8.0,1,21.765509
10,841,503.67755651474,-7.778295516967773,280.1912841796875,142.695556640625,17.183167,18.0,-1,8.8930645
1879,841,1783.420964717865,10.328348159790039,1559.9346923828125,160.8022003173828,16.97324,10.0,-1,12.374254
2211,841,255.5279860496521,-84.17243766784668,32.04171371459961,66.3014144897461,16.950792,16.0,-1,12.659767
4,841,1236.8339896202087,-32.299184799194336,1013.3477172851562,118.17466735839844,16.408365,8.0,1,6.2023954
1332,841,650.1468863487244,599.9032230377197,426.6606140136719,750.3770751953125,13.331515,14.0,-1,13.571269
3,841,1065.6317801475525,315.611047744751,842.1455078125,466.08489990234375,12.36097,14.0,-1,8.797093
2032,841,466.03377294540405,-56.73449516296387,242.54750061035156,93.7393569946289,12.11409,16.0,-1,19.179811
9,841,1367.5995535850525,1007.3006839752197,1144.11328125,1157.7745361328125,11.2753105,8.0,-1,35.563892
11,841,333.287305355072,340.4067630767822,109.80103302001953,490.880615234375,8.993209,16.0,-1,21.269186
2281,841,1783.45782995224,-28.450727462768555,1559.9715576171875,122.02312469482422,8.849366,8.0,-1,28.878826
0,841,1472.7450613975525,810.3702640533447,1249.2587890625,960.8441162109375,6.7164764,16.0,-1,10.560607
2140,841,1627.450749874115,980.3685550689697,1403.9644775390625,1130.8424072265625,6.1110044,8.0,1,1.178942
8,841,1453.222234249115,274.9752445220947,1229.7359619140625,425.4490966796875,5.9729657,12.0,-1,10.808554
2,841,1544.876531124115,302.8539981842041,1321.3902587890625,453.3278503417969,5.4645247,8.0,1,2.7381384
12,841,1133.6831107139587,830.073450088501,910.1968383789062,980.5473022460938,5.182942,12.0,-1,24.307693
1784,841,1705.6530203819275,309.61907386779785,1482.166748046875,460.0929260253906,5.029456,8.0,-1,22.759806
2127,841,1077.9914603233337,231.11690711975098,854.5051879882812,381.59075927734375,3.024273,22.0,-1,38.205093
2335,841,636.4824576377869,576.0718021392822,412.9961853027344,726.545654296875,2.1630857,12.0,-1,8.470522
2389,841,1385.2482352256775,261.98406410217285,1161.761962890625,412.4579162597656,1.4818217,8.0,1,0.6725787
2080,841,707.6177115440369,20.68255043029785,484.1314392089844,171.15640258789062,0.81949824,12.0,-1,3.8846333
2524,841,1727.850652217865,276.5008487701416,1504.3643798828125,426.9747009277344,0.6305127,12.0,-1,4.378585
1961,842,1602.1497225761414,458.3005771636963,1378.220703125,608.5724487304688,61.15304,24.0,-1,19.305208
4,842,1236.11621427536,-30.566068649291992,1012.1871948242188,119.70580291748047,20.91643,8.0,1,5.5474005
1,842,1534.4566073417664,191.9264621734619,1310.527587890625,342.1983337402344,20.786688,8.0,1,21.959381
1879,842,1783.5097079277039,9.787714004516602,1559.5806884765625,160.05958557128906,15.49876,10.0,-1,12.023002
10,842,502.3147006034851,-9.785360336303711,278.38568115234375,140.48651123046875,14.558342,18.0,-1,10.43102
2211,842,255.5279860496521,-82.42381858825684,31.598966598510742,67.84805297851562,13.928619,16.0,-1,11.542524
9,842,1369.5838046073914,1007.84739112854,1145.65478515625,1158.1192626953125,12.127915,8.0,-1,33.76265
3,842,1068.0113558769226,314.75889015197754,844.0823364257812,465.03076171875,11.84253,14.0,-1,10.34094
0,842,1473.1035799980164,812.0790195465088,1249.174560546875,962.3508911132812,11.192367,16.0,-1,10.4367485
2032,842,465.9109377861023,-55.954275131225586,241.98191833496094,94.31759643554688,9.039091,16.0,-1,18.421577
1332,842,647.115695476532,600.448709487915,423.1866760253906,750.7205810546875,8.643633,14.0,-1,14.422884
2,842,1545.3622469902039,300.49912452697754,1321.4332275390625,450.77099609375,7.7426033,8.0,1,4.4571013
11,842,331.5399737358093,341.66172218322754,107.61095428466797,491.93359375,6.986462,18.0,-1,21.352953
12,842,1133.6075472831726,828.2135410308838,909.6785278320312,978.4854125976562,6.1840596,10.0,-1,26.834673
2281,842,1785.0650057792664,-28.450727462768555,1561.135986328125,121.8211441040039,5.8295517,8.0,-1,27.25109
8,842,1455.6767001152039,272.3794345855713,1231.7476806640625,422.65130615234375,5.3214912,14.0,-1,10.349501
2140,842,1626.1541171073914,980.45578956604,1402.22509765625,1130.7276611328125,5.01719,10.0,1,0.12399733
1784,842,1709.7267489433289,311.7272129058838,1485.7977294921875,461.99908447265625,4.607654,8.0,-1,21.195555
2127,842,1076.4212679862976,231.11524391174316,852.4922485351562,381.3871154785156,3.5575645,24.0,-1,35.315483
2335,842,633.8375277519226,575.672830581665,409.90850830078125,725.9447021484375,3.3467796,12.0,-1,8.838046
2389,842,1380.8546786308289,260.2540988922119,1156.9256591796875,410.5259704589844,0.7300121,14.0,-1,0.3064791
2524,842,1730.7460360527039,275.6699924468994,1506.8170166015625,425.9418640136719,0.59516406,12.0,-1,4.783845
2080,842,707.9019503593445,21.16080665588379,483.9729309082031,171.43267822265625,0.5911123,12.0,-1,3.9479449
1961,843,1600.033450603485,458.35947608947754,1374.9871826171875,608.669921875,43.259857,24.0,-1,19.177483
4,843,1237.0911898612976,-28.435285568237305,1012.044921875,121.87516021728516,22.358648,8.0,1,6.08524
1,843,1535.6038851737976,191.84974098205566,1310.5576171875,342.1601867675781,18.551844,8.0,1,20.58172
2211,843,257.13707304000854,-81.88186454772949,32.09080505371094,68.42858123779297,16.11498,16.0,-1,14.532041
1879,843,1785.5523715019226,9.787714004516602,1560.506103515625,160.09815979003906,14.143971,10.0,-1,11.934042
2032,843,465.2032198905945,-56.246999740600586,240.15695190429688,94.06344604492188,12.768418,16.0,-1,18.040615
1332,843,647.115695476532,600.7615756988525,422.0694274902344,751.072021484375,12.174916,14.0,-1,13.059161
9,843,1368.8365511894226,1009.815408706665,1143.790283203125,1160.1258544921875,11.765565,8.0,-1,38.964222
2,843,1543.604251384735,300.3121738433838,1318.5579833984375,450.62261962890625,11.752534,8.0,1,4.864751
3,843,1068.04150724411,314.5446262359619,842.9952392578125,464.8550720214844,10.4330225,14.0,-1,8.577722
0,843,1472.9954867362976,811.6073398590088,1247.94921875,961.9177856445312,10.16512,18.0,-1,11.020506
10,843,501.7552523612976,-10.541448593139648,276.708984375,139.7689971923828,10.046611,18.0,-1,8.092018
2281,843,1786.9925570487976,-30.12044334411621,1561.9462890625,120.19000244140625,7.6128364,8.0,-1,27.149853
11,843,331.84061002731323,344.46116065979004,106.79434204101562,494.7716064453125,7.301228,16.0,-1,21.167814
2140,843,1625.4957308769226,977.5792026519775,1400.449462890625,1127.8896484375,6.5614905,18.0,-1,0.48146942
12,843,1133.5877718925476,825.9808750152588,908.54150390625,976.2913208007812,5.9565563,10.0,-1,23.56221
8,843,1456.3341097831726,271.94577980041504,1231.287841796875,422.2562255859375,5.126246,14.0,-1,9.240551
1784,843,1708.77881193161,312.91785621643066,1483.7325439453125,463.2283020019531,3.3151128,8.0,-1,22.021759
2127,843,1076.1499667167664,231.5748996734619,851.1036987304688,381.8853454589844,2.9917145,22.0,-1,35.937984
2335,843,635.0818209648132,577.08176612854,410.0355529785156,727.3922119140625,2.3136938,12.0,-1,8.17256
2389,843,1377.7869906425476,260.0005283355713,1152.74072265625,410.31097412109375,1.0852504,16.0,-1,0.18910289
2524,843,1730.7618441581726,278.10303688049316,1505.715576171875,428.4134826660156,1.0479909,10.0,-1,5.2645893
2080,843,710.7471346855164,23.688547134399414,485.70086669921875,173.99899291992188,0.7666807,12.0,-1,4.9823413
1961,844,1601.5064730644226,459.43653297424316,1376.5968017578125,609.2293090820312,54.366444,24.0,-1,17.93703
4,844,1239.0233798027039,-27.094724655151367,1014.1137084960938,122.69805145263672,23.143661,8.0,1,6.2119493
1879,844,1785.5523715019226,12.133996963500977,1560.6427001953125,161.92677307128906,19.879366,10.0,-1,10.839117
1,844,1535.18896818161,192.93882179260254,1310.279296875,342.7315979003906,17.780497,8.0,1,22.979832
3,844,1066.92676115036,315.90171241760254,842.01708984375,465.6944885253906,17.055626,14.0,-1,7.9457436
10,844,501.144259929657,-10.541448593139648,276.2345886230469,139.25132751464844,11.58876,18.0,-1,7.4875355
0,844,1474.2865023612976,811.1372165679932,1249.3768310546875,960.9299926757812,11.132886,16.0,-1,13.216468
1332,844,646.4751620292664,599.0975437164307,421.56549072265625,748.8903198242188,10.448134,14.0,-1,11.029618
2211,844,257.9041590690613,-80.53665733337402,32.99448776245117,69.25611877441406,10.31288,16.0,-1,13.56249
2032,844,465.20437955856323,-55.35843467712402,240.29470825195312,94.43434143066406,10.251102,16.0,-1,16.558163
2140,844,1623.267825603485,981.7060031890869,1398.358154296875,1131.498779296875,9.350518,8.0,1,0.2885582
11,844,332.0292468070984,345.59836769104004,107.11957550048828,495.3911437988281,8.583024,16.0,-1,20.212025
9,844,1371.45849943161,1012.2329807281494,1146.548828125,1162.0257568359375,7.833908,8.0,-1,34.098248
2,844,1544.55371427536,299.73633766174316,1319.64404296875,449.52911376953125,7.2815595,4.0,-1,0.26637757
8,844,1453.788821697235,274.1374912261963,1228.879150390625,423.9302673339844,5.921496,14.0,-1,7.72891
2281,844,1789.7388949394226,-31.76490592956543,1564.8292236328125,118.02787017822266,5.7422104,8.0,-1,27.988953
12,844,1134.2111239433289,825.0142307281494,909.3014526367188,974.8070068359375,5.51561,10.0,-1,24.087812
2127,844,1074.0809359550476,230.23130226135254,849.1712646484375,380.0240783691406,3.1148431,22.0,-1,36.44249
1784,844,1708.38525724411,309.5210361480713,1483.4755859375,459.3138122558594,2.8981504,8.0,-1,22.509651
2335,844,635.0831027030945,576.4948215484619,410.1734313964844,726.28759765625,2.167404,12.0,-1,7.381921
2389,844,1377.42187833786,258.07837867736816,1152.51220703125,407.87115478515625,0.711252,14.0,-1,1.0749681
2524,844,1726.5184359550476,276.89246559143066,1501.6087646484375,426.68524169921875,0.43092182,12.0,-1,3.5471687
2080,844,710.5867342948914,22.99236488342285,485.67706298828125,172.78514099121094,0.34146738,12.0,-1,3.2376826
1961,845,1601.5064730644226,460.7299289703369,1376.0191650390625,610.2396240234375,35.42058,24.0,-1,18.55883
4,845,1237.48144865036,-27.2833309173584,1011.994140625,122.22636413574219,21.531054,8.0,1,7.479492
1879,845,1785.6409945487976,11.083261489868164,1560.1536865234375,160.59295654296875,17.794756,10.0,-1,10.027874
1,845,1533.29199552536,194.1896457672119,1307.8046875,343.6993408203125,15.429788,8.0,1,22.9186
10,845,501.74579191207886,-11.276571273803711,276.25848388671875,138.23312377929688,12.758563,18.0,-1,9.591175
3,845,1067.5694613456726,315.17713356018066,842.0821533203125,464.68682861328125,12.473142,14.0,-1,8.784862
2211,845,259.57871198654175,-80.89676475524902,34.09140396118164,68.61293029785156,12.179334,16.0,-1,13.803155
2032,845,468.3054690361023,-55.93678855895996,242.8181610107422,93.57290649414062,10.937644,16.0,-1,17.932167
11,845,333.36829710006714,347.2012119293213,107.88098907470703,496.7109069824219,9.833647,16.0,-1,21.084644
1332,845,645.127170085907,600.1189670562744,419.6398620605469,749.628662109375,9.683789,14.0,-1,12.163352
9,845,1374.31933927536,1012.3451633453369,1148.83203125,1161.8548583984375,9.28288,8.0,-1,37.500748
0,845,1475.3238558769226,811.6241550445557,1249.8365478515625,961.1338500976562,8.524674,16.0,-1,12.882222
2,845,1543.4036898612976,300.34995460510254,1317.9163818359375,449.8596496582031,7.1183734,14.0,-1,3.1802142
12,845,1132.7799715995789,826.5115451812744,907.2926635742188,976.021240234375,6.309429,10.0,-1,25.318981
2281,845,1792.507571697235,-33.56154441833496,1567.020263671875,115.94815063476562,6.101519,8.0,-1,26.546413
8,845,1452.840091228485,274.98813819885254,1227.352783203125,424.4978332519531,5.251158,14.0,-1,7.687749
2140,845,1621.1678500175476,981.8227024078369,1395.6805419921875,1131.3323974609375,4.1000223,8.0,1,1.0918206
2127,845,1074.61865568161,230.1983127593994,849.13134765625,379.7080078125,3.2895174,22.0,-1,38.57909
1784,845,1708.1405062675476,306.77771949768066,1482.6531982421875,456.28741455078125,3.1817124,8.0,-1,23.472593
2335,845,634.8824191093445,576.1929416656494,409.3951110839844,725.70263671875,1.5923675,14.0,-1,6.0525284
2080,845,710.8317904472351,23.02878761291504,485.344482421875,172.53848266601562,0.8961659,14.0,-1,4.415678
2524,845,1723.606204509735,276.89246559143066,1498.118896484375,426.40216064453125,0.88760656,10.0,-1,5.736473
2389,845,1376.0643343925476,257.3944797515869,1150.5770263671875,406.9041748046875,0.8686585,14.0,-1,1.6452026
1961,846,1601.4144320487976,461.0402317047119,1375.4510498046875,610.7346801757812,43.57582,24.0,-1,17.90845
4,846,1237.0552401542664,-26.268285751342773,1011.0918579101562,123.42616271972656,18.811327,8.0,1,8.461838
1,846,1531.0250277519226,194.1559238433838,1305.0616455078125,343.8503723144531,17.064817,8.0,1,21.497168
1879,846,1785.897220134735,12.414880752563477,1559.933837890625,162.1093292236328,16.9812,10.0,-1,9.596378
2211,846,262.5661578178406,-81.11952018737793,36.60277557373047,68.5749282836914,15.276512,18.0,-1,15.509464
3,846,1068.271731853485,313.5234775543213,842.308349609375,463.2179260253906,12.895751,14.0,-1,8.268152
2032,846,469.36160612106323,-54.472455978393555,243.39822387695312,95.22199249267578,12.824723,16.0,-1,17.752926
11,846,333.5651431083679,346.4511203765869,107.60176086425781,496.14556884765625,12.637871,16.0,-1,20.682713
9,846,1375.618899822235,1014.2036228179932,1149.655517578125,1163.8980712890625,10.11806,8.0,-1,37.25303
10,846,499.46109342575073,-9.762716293334961,273.4977111816406,139.93173217773438,10.020234,18.0,-1,8.896779
0,846,1475.8846468925476,811.6241550445557,1249.9212646484375,961.318603515625,9.593423,16.0,-1,12.722036
12,846,1129.533450603485,824.6875705718994,903.570068359375,974.3820190429688,7.8795757,10.0,-1,26.949436
1332,846,644.4983553886414,600.9981174468994,418.53497314453125,750.6925659179688,7.81593,14.0,-1,13.983514
2281,846,1796.107181072235,-32.3155574798584,1570.143798828125,117.37889099121094,7.095404,8.0,-1,30.94716
2,846,1543.4036898612976,299.6125888824463,1317.4403076171875,449.3070373535156,6.079319,14.0,-1,3.878066
1784,846,1705.90234708786,304.3109836578369,1479.93896484375,454.00543212890625,5.556,8.0,-1,25.106983
2140,846,1617.848880290985,980.6816501617432,1391.885498046875,1130.3760986328125,4.7232065,8.0,1,0.8722235
2127,846,1075.5482821464539,231.7875461578369,849.5848999023438,381.48199462890625,4.701162,22.0,-1,36.568645
8,846,1452.7208285331726,272.6745090484619,1226.7574462890625,422.36895751953125,4.2111163,14.0,-1,4.666687
2335,846,637.4220004081726,575.9999485015869,411.4586181640625,725.6943969726562,1.5353698,14.0,-1,2.0487158
2389,846,1377.95898771286,256.3190402984619,1151.99560546875,406.01348876953125,1.1790327,14.0,-1,2.479545
2080,846,708.4956393241882,26.170541763305664,482.5322570800781,175.864990234375,1.1223236,12.0,-1,4.4375057
2524,846,1722.05664396286,279.9160861968994,1496.09326171875,429.61053466796875,0.98926216,10.0,-1,5.2586026
1961,847,1600.6756014823914,461.68848609924316,1374.27783203125,611.6580200195312,47.151173,24.0,-1,18.923456
1879,847,1786.3994784355164,10.672998428344727,1560.001708984375,160.6425323486328,20.077307,10.0,-1,8.29454
4,847,1237.0552401542664,-26.9300594329834,1010.657470703125,123.03947448730469,18.065954,8.0,1,5.6881948
1,847,1530.2223544120789,194.0459384918213,1303.8245849609375,344.0154724121094,17.193441,8.0,1,24.548063
3,847,1068.52734708786,313.41724586486816,842.1295776367188,463.38677978515625,15.310779,14.0,-1,7.491889
2211,847,262.3639178276062,-82.42630577087402,35.966148376464844,67.54322814941406,14.659221,18.0,-1,15.444325
11,847,334.4331088066101,346.95874977111816,108.03533935546875,496.92828369140625,14.638589,18.0,-1,21.320253
10,847,500.07696866989136,-11.340917587280273,273.67919921875,138.6286163330078,14.348878,18.0,-1,11.710786
2032,847,470.47471952438354,-56.81252861022949,244.0769500732422,93.1570053100586,12.42028,16.0,-1,17.674397
9,847,1374.2274813652039,1014.0012912750244,1147.8297119140625,1163.9708251953125,11.552322,8.0,-1,34.35967
0,847,1477.9230380058289,809.3701267242432,1251.5252685546875,959.3396606445312,11.48767,16.0,-1,13.431208
2281,847,1798.2702059745789,-32.02240562438965,1571.8724365234375,117.94712829589844,8.243754,8.0,-1,31.558567
12,847,1130.42236661911,825.5551242828369,904.0245971679688,975.524658203125,7.7967973,10.0,-1,26.047436
2,847,1540.9524569511414,298.1684055328369,1314.5546875,448.137939453125,7.3332667,14.0,-1,4.7064934
1332,847,642.8454928398132,600.5050754547119,416.4477233886719,750.474609375,6.8659515,14.0,-1,13.824646
8,847,1452.2051424980164,272.7387180328369,1225.807373046875,422.708251953125,4.3899636,14.0,-1,6.007344
1784,847,1704.1889071464539,306.3899326324463,1477.7911376953125,456.3594665527344,4.3294697,8.0,-1,23.156525
2140,847,1617.7385897636414,982.6198215484619,1391.3408203125,1132.58935546875,4.283876,18.0,-1,0.3161251
2127,847,1077.557376384735,232.31141090393066,851.1596069335938,382.28094482421875,3.6300545,22.0,-1,34.926224
2335,847,636.7593417167664,575.9999485015869,410.361572265625,725.969482421875,1.0071486,14.0,-1,2.5878377
2080,847,709.5541110038757,27.89800453186035,483.1563415527344,177.86753845214844,0.97998667,10.0,-1,4.820183
2389,847,1383.5763583183289,257.40577125549316,1157.1785888671875,407.37530517578125,0.560096,14.0,-1,2.4784777
2524,847,1721.6478915214539,281.6606845855713,1495.2501220703125,431.6302185058594,0.44196323,12.0,-1,4.4271593
1961,848,1597.4582858085632,463.6642551422119,1370.8572998046875,613.642333984375,40.976215,24.0,-1,19.171
4,848,1236.5795016288757,-25.65663719177246,1009.978515625,124.32144165039062,22.0731,8.0,1,3.5234418
1879,848,1786.6581149101257,10.162515640258789,1560.05712890625,160.14059448242188,20.698143,10.0,-1,11.479131
1,848,1530.5244479179382,192.8892307281494,1303.9234619140625,342.8673095703125,18.267542,8.0,1,25.383205
10,848,500.07696866989136,-11.621389389038086,273.4759826660156,138.356689453125,16.449724,20.0,-1,12.71789
11,848,336.16817808151245,346.5065097808838,109.56719207763672,496.4845886230469,14.025207,16.0,-1,22.028572
3,848,1070.3680148124695,312.64609718322754,843.7670288085938,462.6241760253906,11.379394,14.0,-1,6.2952175
2211,848,261.43524503707886,-83.01531791687012,34.834259033203125,66.96276092529297,10.888272,18.0,-1,15.383104
9,848,1374.5334811210632,1015.7584934234619,1147.9324951171875,1165.736572265625,10.105485,8.0,-1,37.578697
2281,848,1796.6180758476257,-33.853933334350586,1570.01708984375,116.1241455078125,10.007921,8.0,-1,27.471844
2,848,1539.3829684257507,296.41147804260254,1312.781982421875,446.3895568847656,9.805265,14.0,-1,3.786616
2032,848,474.1632876396179,-57.224592208862305,247.5623016357422,92.75348663330078,8.951568,16.0,-1,17.228632
1332,848,641.0701022148132,601.9835910797119,414.4691162109375,751.961669921875,8.908367,12.0,-1,14.117559
0,848,1475.4447360038757,810.3521823883057,1248.84375,960.3302612304688,8.648739,18.0,-1,12.1269865
2140,848,1617.3375582695007,987.7396945953369,1390.736572265625,1137.7177734375,6.968565,18.0,-1,0.8766893
12,848,1131.8919405937195,826.2788181304932,905.2909545898438,976.2568969726562,5.5809093,10.0,-1,27.397936
8,848,1452.5954928398132,270.8686923980713,1225.9945068359375,420.8467712402344,3.92854,14.0,-1,7.815507
1784,848,1699.3313326835632,311.6983127593994,1472.7303466796875,461.6763916015625,3.2568204,8.0,-1,21.122461
2127,848,1075.973361492157,232.31141090393066,849.3723754882812,382.28948974609375,3.1222954,22.0,-1,36.01019
2524,848,1722.7893404960632,282.04465675354004,1496.1883544921875,432.0227355957031,1.2246531,12.0,-1,4.879156
2335,848,636.5186190605164,575.6973972320557,409.9176330566406,725.6754760742188,1.1599547,6.0,1,0.17260289
2389,848,1383.9870944023132,261.49985694885254,1157.3861083984375,411.4779357910156,0.6682121,14.0,-1,1.882882
2080,848,710.2836031913757,32.3209171295166,483.6826171875,182.2989959716797,0.50645286,12.0,-1,3.5092843
1961,849,1597.5886569023132,461.9047031402588,1370.2696533203125,612.5877685546875,42.784225,24.0,-1,19.594387
1879,849,1785.8165621757507,9.149881362915039,1558.49755859375,159.83294677734375,18.135664,10.0,-1,8.145418
10,849,501.564670085907,-11.621389389038086,274.24566650390625,139.06167602539062,17.494661,20.0,-1,10.9422655
1,849,1530.7837252616882,191.51535987854004,1303.4647216796875,342.19842529296875,17.152073,8.0,1,25.405403
4,849,1237.195041179657,-26.032590866088867,1009.8760375976562,124.65047454833984,15.358418,8.0,1,4.4655275
3,849,1069.5432467460632,309.85694313049316,842.2242431640625,460.5400085449219,12.449538,14.0,-1,8.72205
2211,849,261.302707195282,-84.96256065368652,33.98370361328125,65.72050476074219,11.744227,16.0,-1,14.472943
11,849,339.2178530693054,346.3898105621338,111.89884948730469,497.0728759765625,9.604985,18.0,-1,21.852112
2032,849,475.2711672782898,-56.89791679382324,247.95216369628906,93.78514862060547,9.5831995,14.0,-1,16.505424
0,849,1475.4447360038757,810.73752784729,1248.125732421875,961.4205932617188,9.406304,18.0,-1,14.307911
2,849,1538.4695162773132,297.31846046447754,1311.1505126953125,448.00152587890625,7.66443,14.0,-1,4.1248245
9,849,1376.0459322929382,1013.8694248199463,1148.7269287109375,1164.552490234375,7.0555882,8.0,-1,34.794872
1332,849,641.5731234550476,602.46018409729,414.2541198730469,753.1432495117188,6.91654,14.0,-1,14.096375
2140,849,1615.9203219413757,988.1421298980713,1388.601318359375,1138.8251953125,5.6282277,18.0,-1,1.6911911
12,849,1131.9082980155945,827.5176181793213,904.5892944335938,978.20068359375,5.342301,10.0,-1,27.940681
2127,849,1074.5049777030945,231.9240207672119,847.1859741210938,382.6070861816406,4.39082,24.0,-1,39.47876
2281,849,1794.6240572929382,-37.23709678649902,1567.3050537109375,113.44596862792969,4.042216,8.0,-1,22.943316
8,849,1452.2705416679382,269.0239658355713,1224.9515380859375,419.70703125,3.955024,12.0,-1,11.229937
1784,849,1697.0278658866882,311.75623512268066,1469.7088623046875,462.4393005371094,2.9249165,8.0,-1,22.021164
2335,849,634.1298861503601,575.8727207183838,406.8108825683594,726.5557861328125,1.53293,6.0,1,0.5093615
2389,849,1384.2353854179382,262.8947238922119,1156.9163818359375,413.5777893066406,1.2568793,12.0,-1,3.634849
2080,849,711.3161959648132,34.46599769592285,483.9971923828125,185.14906311035156,1.0299149,10.0,-1,4.5536613
2524,849,1722.3220553398132,285.5729160308838,1495.0030517578125,436.2559814453125,0.7396352,12.0,-1,4.844288
1961,850,1597.776584148407,463.6535892486572,1369.8341064453125,614.8765258789062,43.57691,24.0,-1,18.539167
1879,850,1785.9432101249695,9.466760635375977,1558.000732421875,160.689697265625,22.485529,10.0,-1,9.330966
1,850,1530.562716960907,192.08547401428223,1302.6202392578125,343.30841064453125,19.063444,8.0,1,25.053303
2211,850,262.41870069503784,-86.22235679626465,34.47622299194336,65.00057983398438,17.491262,18.0,-1,14.752236
10,850,501.67267179489136,-9.811819076538086,273.7301940917969,141.41111755371094,15.645663,18.0,-1,11.713018
4,850,1237.195041179657,-26.032590866088867,1009.2525634765625,125.19034576416016,13.482018,8.0,1,7.5593376
9,850,1379.7237277030945,1011.0367069244385,1151.78125,1162.2596435546875,12.141761,8.0,-1,37.700584
3,850,1071.2710909843445,309.9981327056885,843.32861328125,461.2210693359375,11.806085,14.0,-1,9.594351
2,850,1536.1822237968445,298.78154945373535,1308.23974609375,450.0044860839844,11.043937,14.0,-1,4.9445314
11,850,338.4125781059265,347.2405948638916,110.47010040283203,498.4635314941406,10.24026,18.0,-1,21.654785
0,850,1475.544406414032,809.9199466705322,1247.6019287109375,961.1428833007812,8.842416,16.0,-1,14.501511
2032,850,477.32457304000854,-58.017629623413086,249.38209533691406,93.20530700683594,8.2994375,14.0,-1,16.139706
2140,850,1615.6290011405945,990.063196182251,1387.6865234375,1141.2861328125,7.9842834,20.0,-1,0.5093176
1332,850,641.7240023612976,601.8071537017822,413.7815246582031,753.0300903320312,6.916079,14.0,-1,13.187889
12,850,1132.7126803398132,825.9349002838135,904.7702026367188,977.1578369140625,5.498018,10.0,-1,28.952469
2281,850,1793.5440402030945,-39.72452354431152,1565.6015625,111.4984130859375,5.4260955,8.0,-1,26.630547
1784,850,1693.854220867157,314.6813907623291,1465.9117431640625,465.9043273925781,5.279635,8.0,-1,21.555092
8,850,1450.7122530937195,265.2011661529541,1222.769775390625,416.4241027832031,3.5711908,12.0,-1,9.8039055
2127,850,1072.0867037773132,234.6518497467041,844.1442260742188,385.8747863769531,3.242252,16.0,-1,33.04483
2335,850,637.1065707206726,574.3755741119385,409.1640930175781,725.5985107421875,1.3362089,8.0,1,1.8461189
2389,850,1383.552218914032,262.0465335845947,1155.6097412109375,413.26947021484375,1.2159877,14.0,-1,4.75026
2080,850,711.2478671073914,33.47342872619629,483.3053894042969,184.6963653564453,1.0776488,12.0,-1,4.4228826
2524,850,1720.986056804657,288.00798988342285,1493.0435791015625,439.2309265136719,0.84139377,12.0,-1,5.381296
1961,851,1596.0618014335632,465.22632789611816,1367.4248046875,617.400390625,42.34891,24.0,-1,19.680042
4,851,1237.195041179657,-26.82570457458496,1008.5580444335938,125.34835815429688,21.23675,8.0,1,10.524229
10,851,501.374972820282,-10.641607284545898,272.73797607421875,141.53245544433594,17.305098,20.0,-1,11.590609
1879,851,1784.6548190116882,9.466760635375977,1556.017822265625,161.6408233642578,15.449684,10.0,-1,7.8996763
1,851,1532.1494479179382,192.2486972808838,1303.512451171875,344.4227600097656,14.624667,8.0,1,24.414711
2211,851,261.65037870407104,-87.36097526550293,33.01338195800781,64.8130874633789,14.500541,18.0,-1,15.762612
11,851,337.77408170700073,347.84336280822754,109.1370849609375,500.0174255371094,13.960967,18.0,-1,21.45376
2,851,1535.3290133476257,298.1806125640869,1306.6920166015625,450.35467529296875,12.222031,14.0,-1,5.22237
3,851,1071.7868990898132,310.0894260406494,843.14990234375,462.26348876953125,12.126442,14.0,-1,8.78459
0,851,1476.0633883476257,809.9498996734619,1247.4263916015625,962.1239624023438,10.412855,16.0,-1,14.811659
2032,851,476.56996488571167,-60.301748275756836,247.93296813964844,91.872314453125,9.85478,14.0,-1,15.526913
2140,851,1615.7301363945007,991.8302097320557,1387.0931396484375,1144.0042724609375,8.929061,18.0,-1,1.4457469
9,851,1382.5200533866882,1010.4660739898682,1153.883056640625,1162.64013671875,8.741163,8.0,-1,36.87121
1332,851,640.7667269706726,598.6146945953369,412.1297302246094,750.7887573242188,6.9212127,14.0,-1,11.070738
12,851,1134.1148409843445,824.0960788726807,905.4778442382812,976.2701416015625,6.5115705,10.0,-1,30.133196
2281,851,1795.8576998710632,-38.60958671569824,1567.220703125,113.5644760131836,5.0917306,8.0,-1,27.727757
8,851,1450.3952975273132,265.6489963531494,1221.75830078125,417.82305908203125,4.4048038,14.0,-1,9.390197
1784,851,1694.3727145195007,314.10520362854004,1465.7357177734375,466.2792663574219,3.9616992,8.0,-1,22.387064
2127,851,1073.8838839530945,232.3246555328369,845.2468872070312,384.49871826171875,3.6561785,20.0,-1,39.52377
2389,851,1381.2936129570007,264.33130836486816,1152.6566162109375,416.50537109375,1.08532,14.0,-1,5.2377267
2335,851,633.0109896659851,574.5583591461182,404.3739929199219,726.732421875,0.6831619,16.0,-1,2.2291853
2524,851,1721.3623385429382,289.7136936187744,1492.725341796875,441.88775634765625,0.6432307,12.0,-1,5.068125
2080,851,715.6483798027039,33.41611671447754,487.0113830566406,185.59017944335938,0.5559882,10.0,-1,4.308558
1961,852,1594.8612399101257,464.87952613830566,1365.651611328125,617.6974487304688,35.203274,24.0,-1,19.23645
1,852,1533.1747164726257,191.3924961090088,1303.965087890625,344.2104187011719,23.637785,8.0,1,25.736353
4,852,1239.047824382782,-30.052282333374023,1009.8381958007812,122.76564025878906,22.06584,8.0,1,15.696083
10,852,501.29312467575073,-13.169408798217773,272.08349609375,139.6485137939453,18.311872,20.0,-1,13.189703
3,852,1071.4283785820007,310.0894260406494,842.21875,462.9073486328125,16.620459,14.0,-1,9.140982
2,852,1535.1451754570007,296.60059547424316,1305.935546875,449.41851806640625,14.764519,14.0,-1,2.6536775
2211,852,261.1150279045105,-86.2102108001709,31.905399322509766,66.60771179199219,14.387298,18.0,-1,15.886267
11,852,338.12771940231323,348.29249000549316,108.9180908203125,501.11041259765625,12.008835,18.0,-1,21.70549
1879,852,1783.8555026054382,13.281290054321289,1554.6458740234375,166.09921264648438,11.171071,10.0,-1,8.693109
0,852,1477.3949313163757,810.0706272125244,1248.185302734375,962.8885498046875,8.940952,16.0,-1,18.261856
9,852,1382.8351168632507,1012.7282199859619,1153.62548828125,1165.546142578125,8.24481,8.0,-1,37.05356
2281,852,1796.3959078788757,-38.74267387390137,1567.186279296875,114.07524871826172,7.8780932,8.0,-1,28.261332
2032,852,476.56996488571167,-61.58090019226074,247.36033630371094,91.23702239990234,7.6789646,14.0,-1,16.472578
2140,852,1618.7018160820007,994.5401096343994,1389.4921875,1147.3580322265625,5.9115195,18.0,-1,1.9222672
1332,852,640.655002117157,596.3513889312744,411.44537353515625,749.1693115234375,5.014313,14.0,-1,10.170356
12,852,1132.4839205741882,824.8792819976807,903.2742919921875,977.6972045898438,4.4522586,10.0,-1,25.04881
8,852,1447.3024020195007,265.20371437072754,1218.0927734375,418.0216369628906,4.357946,14.0,-1,6.972514
2127,852,1073.9427218437195,229.7862033843994,844.7330932617188,382.6041259765625,3.6633928,22.0,-1,42.40211
1784,852,1694.7464938163757,312.8691806793213,1465.536865234375,465.6871032714844,3.135959,8.0,-1,20.340036
2389,852,1384.4254488945007,264.70008277893066,1155.2158203125,417.51800537109375,0.9526286,12.0,-1,4.7413125
2524,852,1720.0781588554382,290.86655616760254,1490.8685302734375,443.6844787597656,0.7389846,10.0,-1,4.8284655
2080,852,715.4630160331726,34.1536808013916,486.2533874511719,186.9716033935547,0.71056813,12.0,-1,4.1026692
2335,852,636.7728304862976,578.6909885406494,407.5632019042969,731.5089111328125,0.6557489,10.0,1,3.6547525
1961,853,1593.4131808280945,464.9346408843994,1363.6600341796875,617.8401489257812,36.82337,24.0,-1,20.150808
4,853,1239.865207195282,-31.051069259643555,1010.112060546875,121.85443878173828,31.206614,8.0,1,16.223188
1,853,1534.0750460624695,191.63144874572754,1304.3218994140625,344.5369567871094,21.020136,8.0,1,24.761124
10,853,503.480929851532,-12.623937606811523,273.727783203125,140.2815704345703,20.568213,20.0,-1,13.44851
1879,853,1784.381320476532,14.970590591430664,1554.628173828125,167.8760986328125,13.654568,10.0,-1,11.394449
2211,853,258.4824137687683,-85.06164360046387,28.729267120361328,67.84386444091797,12.785718,18.0,-1,16.562426
3,853,1071.7958102226257,309.82728004455566,842.0426635742188,462.7327880859375,12.672039,14.0,-1,10.0652275
11,853,337.3130831718445,348.4254856109619,107.5599365234375,501.33099365234375,12.323849,18.0,-1,20.841377
2,853,1534.335422039032,296.10972023010254,1304.582275390625,449.0152282714844,9.910467,14.0,-1,4.193714
9,853,1383.641818523407,1011.7043552398682,1153.888671875,1164.60986328125,9.454902,8.0,-1,36.10151
1332,853,637.8324618339539,595.5731296539307,408.0793151855469,748.4786376953125,8.473084,14.0,-1,10.841008
0,853,1478.3438448905945,810.1903171539307,1248.5906982421875,963.0958251953125,8.217952,18.0,-1,16.132975
2032,853,475.64248991012573,-62.42664909362793,245.88934326171875,90.4788589477539,8.069243,14.0,-1,15.170277
2140,853,1619.461886882782,994.4849948883057,1389.708740234375,1147.3905029296875,6.9483523,18.0,-1,2.8349702
2281,853,1795.5464816093445,-40.46182823181152,1565.7933349609375,112.44367980957031,6.4232674,8.0,-1,30.712854
8,853,1446.960422039032,265.71067237854004,1217.207275390625,418.6161804199219,5.381416,12.0,-1,8.0578575
12,853,1131.6363253593445,823.0489597320557,901.8831787109375,975.9544677734375,5.3590474,10.0,-1,26.182486
2127,853,1076.0386691093445,229.4377841949463,846.2855224609375,382.3432922363281,3.8544643,24.0,-1,42.47606
1784,853,1691.125216960907,311.12705421447754,1461.3720703125,464.0325622558594,3.5385997,10.0,-1,18.624264
2389,853,1387.2923312187195,269.0626621246338,1157.5391845703125,421.9681701660156,1.1116446,14.0,-1,6.0375495
2524,853,1719.9190402030945,292.02039527893066,1490.1658935546875,444.9259033203125,1.0605115,10.0,-1,4.5206966
2080,853,715.6221346855164,37.411752700805664,485.8689880371094,190.3172607421875,0.86209685,12.0,-1,4.568912
1961,854,1590.4102854728699,464.12632179260254,1359.723876953125,617.7432250976562,36.29315,24.0,-1,20.421276
4,854,1240.9720530509949,-31.63348960876465,1010.28564453125,121.98341369628906,31.638628,8.0,1,15.573617
1,854,1538.5252757072449,191.0329990386963,1307.8388671875,344.64990234375,24.826632,8.0,1,24.314787
10,854,502.3696360588074,-11.824758529663086,271.6832275390625,141.79214477539062,24.016373,20.0,-1,12.079585
1879,854,1784.6275706291199,16.3680362701416,1553.941162109375,169.9849395751953,19.111155,10.0,-1,11.396883
2211,854,258.19208669662476,-85.73932456970215,27.505678176879883,67.87757873535156,14.404945,18.0,-1,15.11903
2,854,1536.7522044181824,293.2346591949463,1306.0657958984375,446.8515625,13.397035,14.0,-1,3.5615914
11,854,337.0668330192566,348.3600254058838,106.38042449951172,501.9769287109375,12.942706,18.0,-1,22.225212
3,854,1073.0610423088074,310.21091651916504,842.3746337890625,463.82781982421875,11.149791,14.0,-1,6.64736
0,854,1475.3474192619324,810.5898838043213,1244.6610107421875,964.206787109375,10.53968,18.0,-1,15.868863
1332,854,636.6061472892761,597.3846836090088,405.91973876953125,751.0015869140625,9.47437,14.0,-1,12.841927
2032,854,476.18144941329956,-64.72149467468262,245.4950408935547,88.8954086303711,8.55527,14.0,-1,14.922288
9,854,1383.2583079338074,1010.3715000152588,1152.5718994140625,1163.9884033203125,8.273056,8.0,-1,35.69785
2140,854,1620.4865794181824,994.8088779449463,1389.8001708984375,1148.42578125,6.220412,18.0,-1,0.4125693
2281,854,1797.3809885978699,-40.84414482116699,1566.694580078125,112.77275848388672,5.223601,8.0,-1,29.677998
8,854,1444.5302805900574,265.77613258361816,1213.8438720703125,419.3930358886719,4.3996196,12.0,-1,10.707934
12,854,1131.0667796134949,823.8155307769775,900.38037109375,977.4324340820312,4.053853,10.0,-1,19.386211
2127,854,1077.5211253166199,229.75757789611816,846.834716796875,383.3744812011719,3.9093304,24.0,-1,45.75012
1784,854,1690.5969309806824,312.23899269104004,1459.9105224609375,465.85589599609375,3.0908623,10.0,-1,17.927677
2389,854,1388.6475901603699,268.04038429260254,1157.961181640625,421.65728759765625,0.82122415,14.0,-1,4.7810926
2080,854,714.277503490448,36.305002212524414,483.5910949707031,189.92190551757812,0.6715178,14.0,-1,4.106083
2524,854,1721.8818430900574,292.6166172027588,1491.1954345703125,446.2335205078125,0.58082074,12.0,-1,3.9805741
1961,855,1590.3681712150574,465.88801765441895,1358.7470703125,619.781982421875,44.838024,24.0,-1,21.177969
1,855,1539.0601878166199,189.9452075958252,1307.4390869140625,343.83917236328125,24.831076,8.0,1,24.96792
1879,855,1787.7188792228699,16.305498123168945,1556.0977783203125,170.199462890625,21.921402,10.0,-1,10.451841
2,855,1533.6701731681824,292.2321949005127,1302.049072265625,446.12615966796875,21.004745,14.0,-1,3.1489675
10,855,499.1597056388855,-9.95222282409668,267.5386047363281,143.94174194335938,20.136875,20.0,-1,12.210143
2211,855,256.99943494796753,-85.19613456726074,25.378334045410156,68.69783020019531,16.769327,18.0,-1,15.503475
3,855,1073.9348826408386,310.7737293243408,842.3137817382812,464.6676940917969,15.447499,14.0,-1,7.231558
4,855,1240.7813181877136,-28.220945358276367,1009.1602172851562,125.67301940917969,15.19445,8.0,1,15.148487
11,855,337.79142713546753,347.6915454864502,106.17032623291016,501.58551025390625,14.169448,18.0,-1,22.647629
9,855,1385.8267893791199,1008.342363357544,1154.2056884765625,1162.236328125,9.658287,8.0,-1,35.265114
1332,855,636.196448802948,597.6269702911377,404.5753479003906,751.5209350585938,9.317091,14.0,-1,12.58788
2140,855,1616.5478587150574,994.871416091919,1384.9267578125,1148.765380859375,8.066818,18.0,-1,1.153682
0,855,1475.3895335197449,809.737871170044,1243.7684326171875,963.6318359375,7.586044,18.0,-1,17.215673
2032,855,477.8206858634949,-66.78937339782715,246.1995849609375,87.1045913696289,7.063167,14.0,-1,14.955271
2281,855,1798.4045481681824,-40.54034996032715,1566.783447265625,113.3536148071289,5.1300745,8.0,-1,30.105026
12,855,1130.0314402580261,822.857255935669,898.4103393554688,976.751220703125,4.8157654,10.0,-1,15.886243
2127,855,1076.9654002189636,231.27900886535645,845.3442993164062,385.1729736328125,4.0988903,22.0,-1,44.139854
1784,855,1689.0510325431824,309.41563606262207,1457.429931640625,463.3096008300781,3.6869023,10.0,-1,18.793926
8,855,1447.1385569572449,267.1801013946533,1215.5174560546875,421.0740661621094,3.1203976,12.0,-1,10.728861
2080,855,716.6867747306824,37.784807205200195,485.065673828125,191.67877197265625,0.9237183,12.0,-1,4.4587493
2524,855,1721.2382884025574,290.84602546691895,1489.6171875,444.739990234375,0.84198093,12.0,-1,4.640601
2389,855,1391.0465159416199,266.5814685821533,1159.4254150390625,420.4754333496094,0.73470163,12.0,-1,3.9004686
1961,856,1592.2675547599792,464.72706031799316,1360.0638427734375,618.1576538085938,57.59132,24.0,-1,20.426943
4,856,1240.5081553459167,-28.908727645874023,1008.304443359375,124.52186584472656,29.721285,8.0,1,15.56056
1,856,1538.5324473381042,189.90989112854004,1306.3287353515625,343.3404846191406,23.210121,8.0,1,24.951777
10,856,496.28781843185425,-9.145330429077148,264.0841064453125,144.28526306152344,21.674479,20.0,-1,11.767407
2211,856,258.85884618759155,-83.05203819274902,26.655134201049805,70.37855529785156,20.171656,18.0,-1,16.274864
11,856,335.01306104660034,347.1787815093994,102.8093490600586,500.609375,14.3086815,18.0,-1,21.809237
2,856,1534.2569346427917,292.46778297424316,1302.05322265625,445.89837646484375,12.1312065,14.0,-1,7.4835973
3,856,1073.7057871818542,309.8667697906494,841.5020751953125,463.29736328125,11.142882,14.0,-1,7.5176067
1879,856,1787.4850840568542,18.733591079711914,1555.2813720703125,172.1641845703125,10.50563,10.0,-1,10.63948
9,856,1386.0558848381042,1007.8726291656494,1153.8521728515625,1161.30322265625,8.680205,8.0,-1,36.62601
0,856,1476.7461924552917,813.7628269195557,1244.54248046875,967.1934204101562,8.467723,18.0,-1,14.427553
2032,856,475.6281657218933,-66.75405693054199,243.42445373535156,86.6765365600586,8.331755,14.0,-1,15.263291
1332,856,636.4405283927917,599.2202243804932,404.23681640625,752.6508178710938,7.784736,12.0,-1,13.593767
2140,856,1617.3394541740417,996.9661350250244,1385.1357421875,1150.396728515625,6.8687024,8.0,1,0.6537789
1784,856,1690.4935069084167,308.54346656799316,1458.289794921875,461.97406005859375,5.671633,8.0,-1,19.585192
12,856,1131.6545786857605,820.2149753570557,899.4508666992188,973.6455688476562,5.35447,10.0,-1,22.401169
2281,856,1801.1624522209167,-44.20856285095215,1568.958740234375,109.22203063964844,5.2153068,8.0,-1,31.161003
2127,856,1075.6719737052917,231.07212257385254,843.46826171875,384.5027160644531,4.025884,22.0,-1,42.35789
8,856,1446.7649912834167,269.10581398010254,1214.561279296875,422.5364074707031,3.092212,12.0,-1,12.739267
2389,856,1394.2276377677917,267.6657199859619,1162.02392578125,421.0963134765625,0.81837004,12.0,-1,3.6647391
2080,856,715.3743662834167,37.441232681274414,483.170654296875,190.871826171875,0.52831876,16.0,-1,4.1879697
2524,856,1717.3709483146667,293.0836582183838,1485.167236328125,446.5142517089844,0.49341586,14.0,-1,3.580015
1961,857,1593.0762248039246,463.97415351867676,1359.7314453125,618.5113525390625,55.020813,22.0,-1,20.418203
4,857,1243.2463908195496,-30.281064987182617,1009.901611328125,124.25613403320312,27.149984,8.0,1,13.78323
1,857,1537.3525919914246,187.53409004211426,1304.0078125,342.0712890625,25.91569,8.0,1,25.160799
10,857,496.31475019454956,-9.154813766479492,262.969970703125,145.38238525390625,18.44334,20.0,-1,13.580312
1879,857,1787.2571330070496,18.818925857543945,1553.912353515625,173.3561248779297,17.732218,10.0,-1,11.694496
11,857,334.0860209465027,350.1222553253174,100.74124145507812,504.6594543457031,15.633088,18.0,-1,22.01437
2211,857,260.00430631637573,-82.74174308776855,26.659526824951172,71.79545593261719,13.347125,18.0,-1,15.149995
2,857,1534.6096720695496,291.20266914367676,1301.264892578125,445.7398681640625,11.482315,14.0,-1,8.965491
0,857,1479.8181681632996,814.713716506958,1246.473388671875,969.2509155273438,10.2002125,16.0,-1,17.17321
3,857,1075.427909374237,305.90454292297363,842.0831298828125,460.4417419433594,9.546592,14.0,-1,4.5365067
2032,857,475.08518171310425,-70.38856315612793,241.7404022216797,84.14863586425781,8.625768,14.0,-1,14.4658785
9,857,1385.581962108612,1005.7951984405518,1152.2371826171875,1160.3323974609375,8.563091,8.0,-1,33.880264
2281,857,1799.5076212882996,-48.42620658874512,1566.162841796875,106.11099243164062,7.8776836,8.0,-1,29.059128
2140,857,1619.4646525382996,999.1992511749268,1386.119873046875,1153.7364501953125,6.8793845,18.0,-1,0.8828988
1332,857,636.4135966300964,599.273286819458,403.0688171386719,753.8104858398438,6.839206,14.0,-1,14.526941
12,857,1132.5226969718933,820.224458694458,899.1779174804688,974.7616577148438,6.241846,10.0,-1,26.408983
8,857,1444.838553905487,271.9062213897705,1211.4937744140625,426.44342041015625,4.6054473,14.0,-1,8.009031
2127,857,1075.554374217987,231.33145332336426,842.2095947265625,385.86865234375,3.7247324,22.0,-1,42.89904
1784,857,1691.5898966789246,307.59951972961426,1458.2451171875,462.13671875,2.3423111,10.0,-1,16.854984
2389,857,1392.7476115226746,267.78503608703613,1159.40283203125,422.3222351074219,1.172294,12.0,-1,5.749487
2524,857,1716.2529826164246,291.69705390930176,1482.908203125,446.2342529296875,0.7043838,12.0,-1,5.3105364
2080,857,715.9299845695496,39.373430252075195,482.585205078125,193.91062927246094,0.5589655,10.0,-1,3.5793583
1961,858,1590.657401561737,461.70377922058105,1357.112060546875,616.7338256835938,52.180866,22.0,-1,20.587994
10,858,495.4279704093933,-8.956087112426758,261.88262939453125,146.07395935058594,30.28095,20.0,-1,11.546828
1,858,1537.5195841789246,186.71485710144043,1303.9742431640625,341.7449035644531,20.979574,8.0,1,25.498838
4,858,1244.1890177726746,-30.652956008911133,1010.6436767578125,124.37709045410156,20.727413,8.0,1,12.351844
1879,858,1789.232352733612,16.731626510620117,1555.68701171875,171.7616729736328,17.995378,10.0,-1,10.9192
3,858,1076.4691081047058,304.81376457214355,842.9237670898438,459.84381103515625,13.38433,14.0,-1,6.7039814
2211,858,261.63693952560425,-82.01702308654785,28.091598510742188,73.01302337646484,12.946526,18.0,-1,13.865557
11,858,335.05380964279175,352.8012218475342,101.50846862792969,507.8312683105469,12.874135,18.0,-1,21.991089
9,858,1384.258719921112,1002.9449291229248,1150.71337890625,1157.9749755859375,10.64088,8.0,-1,37.33003
0,858,1478.0071330070496,817.1388988494873,1244.4617919921875,972.1689453125,10.606339,18.0,-1,13.232595
2,858,1535.3057169914246,292.70362663269043,1301.7603759765625,447.7336730957031,10.009957,14.0,-1,9.486161
2032,858,474.43234968185425,-70.58728981018066,240.8870086669922,84.44275665283203,8.836008,14.0,-1,14.389781
1332,858,637.5978312492371,600.833906173706,404.052490234375,755.8639526367188,7.3339133,14.0,-1,13.660071
2140,858,1616.2534708976746,1001.8926830291748,1382.7081298828125,1156.9227294921875,5.6479764,18.0,-1,0.87577873
12,858,1130.763602733612,821.4666576385498,897.21826171875,976.4967041015625,5.5206704,10.0,-1,27.918571
8,858,1444.671561717987,271.3095531463623,1211.126220703125,426.339599609375,4.887967,12.0,-1,9.943876
2281,858,1800.5225138664246,-51.91983985900879,1566.9771728515625,103.1102066040039,4.5147805,8.0,-1,29.325745
2127,858,1074.8908610343933,232.24079704284668,841.3455200195312,387.2708435058594,3.7789946,24.0,-1,42.13152
1784,858,1692.5081095695496,308.1312999725342,1458.9627685546875,463.1613464355469,2.2563393,12.0,-1,13.830092
2389,858,1391.600760936737,266.51164054870605,1158.055419921875,421.54168701171875,1.211479,12.0,-1,5.9155436
2524,858,1717.192069530487,293.0154552459717,1483.646728515625,448.0455017089844,0.9277404,10.0,-1,4.2774878
2080,858,715.7215495109558,37.25039482116699,482.17620849609375,192.2804412841797,0.52081615,14.0,-1,4.2416034
1961,859,1589.1043620109558,460.7636547088623,1354.7030029296875,616.4246826171875,52.24645,22.0,-1,21.406271
4,859,1244.5421061515808,-29.99382209777832,1010.1407470703125,125.66720581054688,26.435099,8.0,1,14.70583
10,859,495.0771403312683,-8.379365921020508,260.67578125,147.2816619873047,22.758867,18.0,-1,12.3349
1,859,1536.4157633781433,186.55012321472168,1302.014404296875,342.2111511230469,18.750006,8.0,1,25.367348
11,859,337.13278913497925,352.55094718933105,102.73143005371094,508.21197509765625,15.798539,20.0,-1,22.872068
2211,859,260.5536379814148,-80.97271156311035,26.152278900146484,74.68831634521484,14.240433,16.0,-1,14.367034
1879,859,1788.7932047843933,17.480710983276367,1554.391845703125,173.14173889160156,12.958042,10.0,-1,9.2903595
3,859,1077.1682658195496,304.54005241394043,842.7669067382812,460.2010803222656,12.235065,14.0,-1,4.013109
0,859,1479.8094401359558,817.303632736206,1245.4080810546875,972.9646606445312,10.275904,16.0,-1,16.857027
2,859,1535.4860758781433,291.94605827331543,1301.084716796875,447.6070861816406,9.335063,14.0,-1,6.773885
9,859,1386.6374430656433,998.5490550994873,1152.236083984375,1154.2100830078125,8.89486,8.0,-1,35.57738
1332,859,634.7898783683777,600.0684642791748,400.3885192871094,755.7294921875,6.128799,12.0,-1,14.474686
2032,859,476.9686961174011,-69.82199287414551,242.5673370361328,85.83903503417969,5.911592,14.0,-1,15.226021
2281,859,1797.2694010734558,-55.73153114318848,1562.8680419921875,99.92949676513672,5.7275352,8.0,-1,29.171362
12,859,1127.8997111320496,821.7701244354248,893.4983520507812,977.43115234375,5.261424,10.0,-1,27.631248
2140,859,1614.9840006828308,1001.4847240447998,1380.5826416015625,1157.145751953125,4.923021,18.0,-1,1.2065872
2127,859,1075.590262889862,233.45881462097168,841.1889038085938,389.1198425292969,4.3129563,22.0,-1,42.96764
8,859,1445.7402262687683,269.5209789276123,1211.3388671875,425.1820068359375,4.1117663,12.0,-1,9.098519
1784,859,1694.8240885734558,312.8312816619873,1460.4227294921875,468.4923095703125,2.4371984,10.0,-1,16.883036
2389,859,1392.0685954093933,263.34608268737793,1157.667236328125,419.0071105957031,0.7730288,12.0,-1,5.6586666
2080,859,714.4568400382996,39.723188400268555,480.05548095703125,195.38421630859375,0.69301885,14.0,-1,4.6051235
2524,859,1717.0117106437683,293.64723014831543,1482.6103515625,449.3082580566406,0.67433214,10.0,-1,3.1512012
1961,860,1586.5424723625183,462.152250289917,1351.5198974609375,618.1681518554688,55.686752,22.0,-1,20.816307
4,860,1247.0743327140808,-29.987428665161133,1012.0517578125,126.02847290039062,25.655062,8.0,1,16.303827
1879,860,1790.7228922843933,19.721418380737305,1555.7003173828125,175.73731994628906,20.12518,10.0,-1,9.607851
3,860,1077.1033854484558,303.94088554382324,842.080810546875,459.956787109375,17.491194,14.0,-1,2.89321
10,860,495.64089155197144,-6.481325149536133,260.6183166503906,149.53457641601562,14.934159,20.0,-1,12.20355
1,860,1536.0475993156433,185.7297649383545,1301.0250244140625,341.74566650390625,13.6369505,8.0,1,22.903887
11,860,335.3545756340027,352.54455375671387,100.33200073242188,508.5604553222656,13.361806,18.0,-1,22.354979
2211,860,262.3941798210144,-82.00953102111816,27.371604919433594,74.0063705444336,11.742948,18.0,-1,14.274034
9,860,1386.6704020500183,999.6250896453857,1151.6478271484375,1155.6409912109375,9.675908,8.0,-1,35.602287
2,860,1536.6132731437683,291.35934257507324,1301.5906982421875,447.375244140625,8.447725,14.0,-1,3.276048
0,860,1480.8684000968933,816.746244430542,1245.8458251953125,972.7621459960938,8.042903,16.0,-1,18.469917
2032,860,478.4888987541199,-69.98736763000488,243.46632385253906,86.02853393554688,7.2411494,14.0,-1,14.161117
1332,860,635.4024577140808,601.2455730438232,400.3798828125,757.261474609375,6.4676986,12.0,-1,14.502063
2281,860,1796.7734293937683,-57.792978286743164,1561.7508544921875,98.2229232788086,6.397716,8.0,-1,28.697819
8,860,1446.8450846672058,266.2536907196045,1211.822509765625,422.26959228515625,6.370236,14.0,-1,5.334855
12,860,1126.369315624237,822.968900680542,891.3467407226562,978.9848022460938,6.0675526,10.0,-1,24.321283
2127,860,1072.6663737297058,235.457914352417,837.643798828125,391.47381591796875,4.3670435,14.0,-1,40.681427
2140,860,1614.9510416984558,1002.9858074188232,1379.928466796875,1159.001708984375,4.214039,18.0,-1,0.8053952
1784,860,1690.3303141593933,311.90283012390137,1455.3077392578125,467.9187316894531,1.9153892,10.0,-1,14.423813
2389,860,1392.4938883781433,266.213041305542,1157.4713134765625,422.22894287109375,1.41512,12.0,-1,6.5200124
2524,860,1715.4406657218933,294.564115524292,1480.4180908203125,450.58001708984375,0.76006603,10.0,-1,4.241164
2080,860,713.3241190910339,37.888471603393555,478.3015441894531,193.9043731689453,0.50464493,16.0,-1,4.669404
1961,861,1584.8002848625183,464.4615077972412,1349.436279296875,620.948974609375,51.449093,22.0,-1,22.184898
10,861,495.62868452072144,-1.119699478149414,260.2646789550781,155.36776733398438,26.92762,20.0,-1,12.299566
2211,861,263.2465682029724,-84.33030891418457,27.8825626373291,72.15715789794922,19.721907,18.0,-1,15.475647
4,861,1247.994315624237,-29.63738441467285,1012.6303100585938,126.85008239746094,18.585375,8.0,1,15.125401
3,861,1075.731132030487,303.1151638031006,840.3671264648438,459.6026306152344,15.651589,14.0,-1,3.7574644
11,861,335.9462962150574,352.2229518890381,100.58229064941406,508.7104187011719,13.805667,18.0,-1,21.740763
1,861,1535.8986735343933,183.9780788421631,1300.53466796875,340.4655456542969,13.65001,8.0,1,22.744493
1879,861,1789.1238932609558,15.522512435913086,1553.7598876953125,172.00997924804688,13.583272,10.0,-1,9.410238
2,861,1536.4777750968933,292.05150413513184,1301.11376953125,448.5389709472656,12.056832,14.0,-1,3.1165037
9,861,1387.4243083000183,1002.6916103363037,1152.060302734375,1159.1790771484375,8.047318,8.0,-1,38.24853
2281,861,1793.6553874015808,-58.328683853149414,1558.2913818359375,98.15878295898438,7.872099,8.0,-1,29.482767
2140,861,1615.4727702140808,1003.2033290863037,1380.1087646484375,1159.6907958984375,7.79503,18.0,-1,1.8198781
1332,861,633.7493205070496,601.4744472503662,398.38531494140625,757.9619140625,7.7643814,12.0,-1,13.871609
0,861,1480.8476481437683,816.35231590271,1245.483642578125,972.8397827148438,7.6636777,16.0,-1,19.518625
2032,861,479.1079173088074,-71.1648120880127,243.74391174316406,85.3226547241211,6.1459937,14.0,-1,14.266507
8,861,1447.4577555656433,266.4273281097412,1212.09375,422.914794921875,4.765579,14.0,-1,5.327398
12,861,1126.8881754875183,821.5701503753662,891.524169921875,978.0576171875,4.4797564,10.0,-1,25.503288
1784,861,1687.5698161125183,315.1552333831787,1452.205810546875,471.6427001953125,4.058489,10.0,-1,17.746502
2127,861,1074.7996134757996,230.3864040374756,839.4356079101562,386.8738708496094,3.7779875,22.0,-1,43.38003
2389,861,1390.5718913078308,268.84132957458496,1155.2078857421875,425.32879638671875,1.6822234,12.0,-1,8.432742
2524,861,1715.4528727531433,295.6846523284912,1480.0888671875,452.172119140625,0.6291509,10.0,-1,4.856743
2080,861,713.4924235343933,37.714834213256836,478.12841796875,194.20230102539062,0.5762965,10.0,-1,3.8395872
1961,862,1583.3916888237,465.7976818084717,1347.2615966796875,622.6929321289062,37.345882,22.0,-1,21.573862
4,862,1250.1365008354187,-30.386491775512695,1014.0064086914062,126.50875854492188,26.664972,8.0,1,17.534895
1879,862,1790.1797747612,13.95368766784668,1554.0496826171875,170.84893798828125,19.270157,10.0,-1,9.676907
1,862,1537.026698589325,184.62360954284668,1300.8966064453125,341.51885986328125,16.118809,8.0,1,21.199095
2211,862,261.7496180534363,-82.86835670471191,25.619525909423828,74.02689361572266,14.056529,18.0,-1,15.678274
11,862,335.86722135543823,350.58842277526855,99.73712921142578,507.4836730957031,13.513195,18.0,-1,21.875252
10,862,498.11519956588745,-1.1822528839111328,261.985107421875,155.71299743652344,12.8328705,20.0,-1,11.018542
2,862,1536.6354632377625,292.11405754089355,1300.50537109375,449.0093078613281,11.288226,14.0,-1,1.8061509
1332,862,635.2942156791687,600.2682628631592,399.16412353515625,757.1635131835938,9.733848,12.0,-1,14.059774
0,862,1480.005702495575,818.4887828826904,1243.8756103515625,975.384033203125,9.458699,16.0,-1,19.817799
3,862,1073.923671245575,302.1681652069092,837.7935791015625,459.06341552734375,8.983794,14.0,-1,4.2671304
2140,862,1617.193690776825,1004.5483531951904,1381.0635986328125,1161.443603515625,7.596934,18.0,-1,1.7261013
8,862,1446.7367815971375,267.81361198425293,1210.606689453125,424.7088623046875,7.1744,14.0,-1,5.443946
9,862,1385.0817523002625,1003.2119274139404,1148.95166015625,1160.107177734375,7.1268125,8.0,-1,30.896978
2281,862,1792.58065366745,-59.075448989868164,1556.4505615234375,97.8198013305664,6.480868,8.0,-1,29.639534
2032,862,477.61173582077026,-71.27910041809082,241.4816436767578,85.61614990234375,6.2727776,14.0,-1,13.722433
12,862,1127.0249285697937,821.2382946014404,890.8948364257812,978.133544921875,4.9350553,10.0,-1,24.536495
2127,862,1074.1979632377625,232.65162467956543,838.06787109375,389.546875,3.6933868,16.0,-1,37.974335
1784,862,1689.7452044487,314.4435558319092,1453.6151123046875,471.33880615234375,2.4520128,8.0,-1,19.461367
2389,862,1390.8116106987,268.66740226745605,1154.6815185546875,425.5626525878906,1.3812675,10.0,-1,7.9670944
2080,862,712.9985308647156,37.89410209655762,476.8684387207031,194.7893524169922,0.5079691,12.0,-1,3.451153
2524,862,1715.5319476127625,297.1714916229248,1479.40185546875,454.0667419433594,0.490285,10.0,-1,4.685405
1961,863,1580.7165179252625,466.3971996307373,1343.866455078125,623.506591796875,38.575867,20.0,-1,20.5747
2211,863,259.21153593063354,-82.47617530822754,22.361473083496094,74.63321685791016,20.948038,18.0,-1,17.194937
10,863,499.2930254936218,-2.908693313598633,262.4429626464844,154.20069885253906,20.835833,20.0,-1,13.125278
4,863,1250.6024432182312,-30.776765823364258,1013.7523803710938,126.33262634277344,20.69041,8.0,1,16.965076
1,863,1536.2978167533875,183.55399894714355,1299.44775390625,340.66339111328125,14.725253,8.0,1,21.362299
2,863,1535.161952495575,291.46879386901855,1298.3118896484375,448.57818603515625,13.76189,14.0,-1,4.453013
3,863,1072.8949236869812,302.3614330291748,836.0448608398438,459.4708251953125,13.479317,14.0,-1,4.5934243
1879,863,1790.1836810112,11.782590866088867,1553.3336181640625,168.89198303222656,12.6632395,10.0,-1,9.92883
11,863,334.3719058036804,351.67313957214355,97.52184295654297,508.78253173828125,11.392472,18.0,-1,21.516329
0,863,1480.5043597221375,819.4319286346436,1243.654296875,976.5413208007812,10.057172,16.0,-1,19.6684
9,863,1384.8078265190125,1003.0186595916748,1147.957763671875,1160.1280517578125,9.964155,8.0,-1,38.670555
2032,863,478.4593462944031,-68.86755561828613,241.60928344726562,88.24183654785156,7.0053954,14.0,-1,13.182018
1332,863,635.6631731987,599.8018627166748,398.8131103515625,756.9112548828125,6.496163,12.0,-1,15.87875
12,863,1127.4518694877625,820.585615158081,890.601806640625,977.6950073242188,6.0412235,10.0,-1,27.553745
2281,863,1792.57674741745,-58.38701057434082,1555.7266845703125,98.72238159179688,5.4367537,8.0,-1,27.535788
2140,863,1614.638026714325,1008.0695629119873,1377.7879638671875,1165.178955078125,5.1102505,18.0,-1,2.145941
8,863,1446.8936419487,271.09010124206543,1210.0435791015625,428.1994934082031,4.5314965,14.0,-1,5.4184
1784,863,1690.803065776825,316.0199718475342,1453.9530029296875,473.1293640136719,4.28095,10.0,-1,15.968924
2127,863,1077.02108335495,232.40516471862793,840.1710205078125,389.5145568847656,3.384691,10.0,-1,40.00463
2080,863,713.94784116745,36.96331596374512,477.0977783203125,194.0727081298828,0.85127145,12.0,-1,4.14419
2389,863,1390.2394671440125,265.3157787322998,1153.389404296875,422.4251708984375,0.66219074,18.0,-1,7.344798
2524,863,1715.5248675346375,297.7835216522217,1478.6748046875,454.8929138183594,0.31855762,10.0,-1,4.089336
1961,864,1581.2280230522156,466.44059562683105,1343.8746337890625,623.57568359375,45.515656,20.0,-1,20.906744
1879,864,1791.289912700653,8.347654342651367,1553.9365234375,165.4827423095703,18.744055,10.0,-1,8.15179
1,864,1536.0517535209656,182.51362419128418,1298.6983642578125,339.6487121582031,18.209146,8.0,1,20.615185
10,864,500.4348101615906,-1.3975238800048828,263.0814208984375,155.73756408691406,15.24334,20.0,-1,12.526861
2211,864,256.7746329307556,-79.94079780578613,19.42124366760254,77.19429016113281,14.726418,18.0,-1,17.444233
4,864,1250.5121417045593,-29.155237197875977,1013.1587524414062,127.97985076904297,14.514905,8.0,1,15.928629
2,864,1536.931514263153,290.6861095428467,1299.578125,447.8211975097656,12.487374,8.0,1,0.17049503
11,864,332.6932330131531,351.26713371276855,95.33984375,508.4022216796875,11.219166,20.0,-1,21.913792
3,864,1073.082637310028,304.66837882995605,835.729248046875,461.803466796875,11.03301,14.0,-1,6.730196
2032,864,477.92802000045776,-67.02729225158691,240.5746307373047,90.10779571533203,10.108558,14.0,-1,13.838481
1332,864,635.7534747123718,597.9771556854248,398.40008544921875,755.1122436523438,9.133909,12.0,-1,15.133445
9,864,1386.858760356903,1002.975263595581,1149.50537109375,1160.1103515625,8.108026,8.0,-1,36.795376
0,864,1479.000361919403,819.2918529510498,1241.64697265625,976.4269409179688,7.2662683,16.0,-1,16.829142
8,864,1447.319697856903,269.1983470916748,1209.96630859375,426.33343505859375,6.5908475,14.0,-1,3.5710332
2281,864,1793.146602153778,-55.83878517150879,1555.793212890625,101.29630279541016,5.0160975,8.0,-1,26.325823
2140,864,1618.410029888153,1007.575605392456,1381.056640625,1164.710693359375,4.764357,20.0,-1,1.8595973
12,864,1128.5134844779968,821.9011058807373,891.1600952148438,979.0361938476562,4.640672,10.0,-1,26.457712
2127,864,1076.9259600639343,235.71217155456543,839.5725708007812,392.8472595214844,3.8300192,22.0,-1,42.505142
1784,864,1688.989619731903,318.7328624725342,1451.63623046875,475.8679504394531,3.5360947,10.0,-1,17.851727
2389,864,1386.8771929740906,264.1432933807373,1149.5238037109375,421.27838134765625,1.2347881,12.0,-1,7.290654
2080,864,713.4072527885437,37.02502250671387,476.0538635253906,194.1601104736328,0.949445,10.0,-1,3.702101
2524,864,1714.370479106903,296.30741691589355,1477.01708984375,453.4425048828125,0.43587205,10.0,-1,3.8595543
1961,865,1581.631190776825,467.6250591278076,1343.7666015625,624.5179443359375,45.68739,22.0,-1,20.692596
4,865,1249.874354839325,-30.310014724731445,1012.009765625,126.58287048339844,27.762665,8.0,1,17.180729
10,865,501.3924822807312,-0.10627937316894531,263.52789306640625,156.78660583496094,26.820282,20.0,-1,12.321112
2211,865,257.3582053184509,-82.41878700256348,19.493616104125977,74.4740982055664,20.076809,18.0,-1,17.470978
1,865,1537.04940366745,181.82757377624512,1299.184814453125,338.720458984375,16.21388,8.0,1,23.182833
11,865,331.5400881767273,349.7300090789795,93.67549896240234,506.6228942871094,14.051873,20.0,-1,22.989086
1879,865,1791.1709856987,6.398283004760742,1553.306396484375,163.29116821289062,11.424595,10.0,-1,8.717628
0,865,1477.6026263237,821.5718975067139,1239.738037109375,978.4647827148438,10.072632,16.0,-1,19.732553
2,865,1536.3559222221375,290.77087211608887,1298.4913330078125,447.66375732421875,9.929803,8.0,1,2.3981125
9,865,1389.70174741745,1001.4074077606201,1151.837158203125,1158.30029296875,9.791686,8.0,-1,37.710953
1332,865,636.2189593315125,595.3315410614014,398.3543701171875,752.2244262695312,9.518639,12.0,-1,16.663528
3,865,1073.2015643119812,306.28588676452637,835.3369750976562,463.17877197265625,9.365576,14.0,-1,5.495865
2281,865,1791.7345843315125,-56.67876625061035,1553.8699951171875,100.21411895751953,7.765871,8.0,-1,30.189028
2032,865,477.66666746139526,-66.01206398010254,239.8020782470703,90.88082122802734,7.7562733,14.0,-1,14.967687
2140,865,1619.4737200737,1009.0379009246826,1381.609130859375,1165.9307861328125,7.6979537,20.0,-1,1.9173791
8,865,1448.888026714325,270.85888481140137,1211.0234375,427.75177001953125,4.893665,14.0,-1,4.1757436
12,865,1126.7159075737,820.6827373504639,888.851318359375,977.5756225585938,4.0135894,10.0,-1,22.087767
1784,865,1689.84041929245,319.24181938171387,1451.975830078125,476.13470458984375,3.3470984,10.0,-1,14.574786
2127,865,1075.2553362846375,236.12585258483887,837.3907470703125,393.01873779296875,2.8250952,22.0,-1,43.925106
2080,865,713.6637530326843,36.94025993347168,475.7991638183594,193.83314514160156,0.8388056,10.0,-1,4.689561
2524,865,1710.451503276825,297.1123332977295,1472.5869140625,454.0052185058594,0.64920384,10.0,-1,4.1176553
2389,865,1386.4834856987,262.6977825164795,1148.618896484375,419.5906677246094,0.6464277,14.0,-1,6.093374
1961,866,1580.9197993278503,469.18778800964355,1342.5653076171875,625.9765625,53.64151,22.0,-1,21.705479
1,866,1538.6086421012878,183.2350902557373,1300.254150390625,340.02386474609375,36.885185,8.0,1,24.516624
11,866,331.59406995773315,349.62174797058105,93.23957824707031,506.4105224609375,18.291988,20.0,-1,22.572886
4,866,1249.6568598747253,-30.53550148010254,1011.3023681640625,126.2532730102539,18.03996,8.0,1,17.680063
1879,866,1790.1973872184753,7.502927780151367,1551.8428955078125,164.2917022705078,17.89306,10.0,-1,8.153695
2211,866,256.88639783859253,-82.32132148742676,18.531906127929688,74.46745300292969,17.01069,18.0,-1,20.328915
10,866,500.3842463493347,2.3671703338623047,262.0297546386719,159.15594482421875,13.978934,20.0,-1,12.138712
3,866,1074.367980480194,305.6235179901123,836.0134887695312,462.41229248046875,11.509641,14.0,-1,6.109644
2,866,1537.0262446403503,290.7928295135498,1298.6717529296875,447.58160400390625,10.796879,8.0,1,0.42556477
9,866,1390.5380854606628,999.186201095581,1152.18359375,1155.9749755859375,10.038178,8.0,-1,35.10754
0,866,1478.7000727653503,821.742109298706,1240.3455810546875,978.5308837890625,8.53288,16.0,-1,19.8038
2032,866,477.06147718429565,-66.20857429504395,238.7069854736328,90.5802001953125,7.676891,14.0,-1,15.398412
2281,866,1791.4652094841003,-56.89885139465332,1553.1107177734375,99.88992309570312,6.5384154,8.0,-1,31.75618
8,866,1448.4105219841003,270.91972160339355,1210.0560302734375,427.70849609375,5.987577,16.0,-1,1.4587537
2140,866,1618.2156977653503,1010.451337814331,1379.8612060546875,1167.2401123046875,4.3019876,20.0,-1,3.1513076
1332,866,639.3595881462097,593.9170970916748,401.0050964355469,750.7058715820312,3.922268,12.0,-1,14.142896
12,866,1124.5448603630066,821.0718822479248,886.1903686523438,977.8606567382812,3.8001182,12.0,-1,21.044575
2127,866,1076.9225459098816,236.0947093963623,838.5680541992188,392.88348388671875,3.3616476,12.0,-1,44.911755
1784,866,1690.9112544059753,319.21986198425293,1452.5567626953125,476.0086364746094,2.2870452,10.0,-1,12.8009405
2389,866,1386.7062983512878,261.2617015838623,1148.351806640625,418.05047607421875,1.4295408,12.0,-1,6.6253037
2080,866,713.6097712516785,37.14236259460449,475.2552795410156,193.93113708496094,0.74464583,10.0,-1,3.7704215
2524,866,1710.5130610466003,295.33888053894043,1472.1585693359375,452.1276550292969,0.68257666,12.0,-1,4.4769764
1961,867,1581.8205561637878,469.6854610443115,1343.436279296875,626.3930053710938,45.151733,20.0,-1,21.058773
1,867,1540.7232661247253,183.05035972595215,1302.3389892578125,339.7579040527344,26.098345,8.0,1,25.054768
2211,867,256.4002184867859,-84.13640785217285,18.015941619873047,72.57113647460938,18.7452,20.0,-1,18.451061
4,867,1247.066710948944,-30.316431045532227,1008.6824340820312,126.39111328125,18.612953,8.0,1,16.418594
11,867,329.75066328048706,350.9148921966553,91.36638641357422,507.6224365234375,17.451982,20.0,-1,22.879908
10,867,500.01025342941284,3.228689193725586,261.6259765625,159.9362335205078,14.676983,20.0,-1,11.724975
1879,867,1790.6230463981628,7.492498397827148,1552.23876953125,164.20004272460938,14.257857,10.0,-1,5.554981
8,867,1448.2127680778503,273.1878719329834,1209.8284912109375,429.8954162597656,9.518815,16.0,-1,0.13218814
2,867,1537.7667231559753,291.2074031829834,1299.3824462890625,447.9149475097656,9.044386,14.0,-1,1.0975881
3,867,1073.4633173942566,304.7189083099365,835.0790405273438,461.42645263671875,8.03793,14.0,-1,8.862587
0,867,1479.7713618278503,821.0031490325928,1241.3870849609375,977.710693359375,7.6832604,16.0,-1,18.58722
9,867,1392.5728754997253,998.5633296966553,1154.1885986328125,1155.2708740234375,7.636524,8.0,-1,35.12394
2032,867,478.39871168136597,-67.19587898254395,240.01443481445312,89.51166534423828,7.038716,14.0,-1,14.537468
2140,867,1614.6496577262878,1009.5791988372803,1376.265380859375,1166.2867431640625,6.0319533,18.0,-1,3.595041
2281,867,1792.3178706169128,-59.372568130493164,1553.93359375,97.33497619628906,5.7485366,8.0,-1,30.102837
1332,867,640.583526134491,591.847448348999,402.1992492675781,748.5549926757812,5.182945,14.0,-1,15.270457
12,867,1124.093322277069,821.386999130249,885.7090454101562,978.0945434570312,3.5501454,12.0,-1,23.161514
2127,867,1077.1202998161316,236.10513877868652,838.7360229492188,392.81268310546875,3.0147173,12.0,-1,44.40522
1784,867,1688.8041987419128,324.4970760345459,1450.419921875,481.2046203613281,2.1964843,10.0,-1,11.436584
2389,867,1388.6716303825378,260.0777950286865,1150.287353515625,416.78533935546875,1.1525818,12.0,-1,5.852442
2080,867,710.6979060173035,38.34735679626465,472.3136291503906,195.05490112304688,0.47179952,14.0,-1,4.9422975
2524,867,1707.4414057731628,296.1691951751709,1469.05712890625,452.8767395019531,0.45347348,14.0,-1,4.28747
1961,868,1580.8250041007996,471.03849601745605,1342.150634765625,627.93701171875,42.61929,22.0,-1,21.723366
1,868,1540.9019083976746,183.09712028503418,1302.2275390625,339.9956359863281,40.108253,8.0,1,24.186436
1879,868,1793.034598827362,5.08601188659668,1554.3602294921875,161.98452758789062,21.614403,10.0,-1,8.555189
10,868,501.03115034103394,3.1819286346435547,262.3567810058594,160.0804443359375,19.34003,20.0,-1,12.14427
4,868,1248.0205607414246,-29.939332962036133,1009.34619140625,126.95918273925781,15.332272,8.0,1,15.853293
2211,868,257.25201177597046,-82.9923038482666,18.5776424407959,73.90621185302734,14.54601,20.0,-1,18.228748
3,868,1075.600272655487,305.57401847839355,836.9259033203125,462.4725341796875,13.078729,14.0,-1,8.200099
9,868,1392.8865275382996,996.9375438690186,1154.212158203125,1153.8360595703125,12.352051,8.0,-1,36.77345
2,868,1536.9832072257996,289.26420402526855,1298.308837890625,446.1627197265625,12.094617,8.0,1,1.901378
11,868,328.82482862472534,350.8216381072998,90.15045928955078,507.72015380859375,11.716205,20.0,-1,22.754826
2032,868,478.45407819747925,-67.42620277404785,239.7797088623047,89.4723129272461,8.239804,14.0,-1,14.297575
0,868,1478.2546916007996,820.5800609588623,1239.580322265625,977.4785766601562,7.6363826,16.0,-1,18.001322
1332,868,640.1154398918152,592.9583568572998,401.4410705566406,749.8568725585938,7.3760915,14.0,-1,13.463935
2281,868,1790.7124552726746,-61.969675064086914,1552.0380859375,94.92884063720703,6.635134,8.0,-1,32.00581
8,868,1448.457694530487,274.53629875183105,1209.7833251953125,431.434814453125,5.92172,16.0,-1,3.2709177
12,868,1122.0556559562683,819.8314037322998,883.3812866210938,976.7299194335938,3.7936985,12.0,-1,23.354668
2140,868,1614.5942912101746,1005.767011642456,1375.919921875,1162.66552734375,3.6058953,18.0,-1,2.6397111
2127,868,1075.6590495109558,233.13090324401855,836.9846801757812,390.0294189453125,3.0534503,12.0,-1,41.337635
1784,868,1690.1138224601746,330.92542839050293,1451.439453125,487.8239440917969,2.8442714,10.0,-1,14.846985
2389,868,1388.9531779289246,261.56583976745605,1150.27880859375,418.46435546875,0.8288674,12.0,-1,5.5365686
2080,868,710.6155009269714,38.70263481140137,471.9411315917969,195.6011505126953,0.6045438,10.0,-1,4.3675723
2524,868,1705.4385294914246,298.4044933319092,1466.76416015625,455.3030090332031,0.38884714,12.0,-1,4.0927744
1961,869,1581.1227869987488,473.1098918914795,1342.333984375,630.0433349609375,61.999756,22.0,-1,22.742813
1,869,1541.3299403190613,182.961088180542,1302.5411376953125,339.89453125,25.2517,8.0,1,22.953644
11,869,329.82807874679565,351.02462577819824,91.03927612304688,507.95806884765625,19.689589,20.0,-1,22.504293
4,869,1247.8312220573425,-29.86551856994629,1009.0424194335938,127.06792449951172,16.722998,8.0,1,15.20192
10,869,499.41532850265503,4.015287399291992,260.62652587890625,160.94873046875,15.491398,20.0,-1,11.897199
2,869,1535.9192957878113,289.24386405944824,1297.1304931640625,446.17730712890625,15.406948,14.0,-1,2.132432
9,869,1394.7065272331238,995.1365032196045,1155.917724609375,1152.0699462890625,13.157382,8.0,-1,36.21579
2211,869,254.6081395149231,-81.10919380187988,15.819336891174316,75.82424926757812,11.869835,20.0,-1,19.15892
1879,869,1795.8442225456238,6.453245162963867,1557.055419921875,163.38668823242188,11.786029,10.0,-1,9.335242
3,869,1078.71391248703,304.4135112762451,839.9251098632812,461.3469543457031,10.667141,14.0,-1,7.8534994
2281,869,1791.1949305534363,-62.87047004699707,1552.4061279296875,94.06297302246094,10.216786,8.0,-1,33.14331
0,869,1474.6142420768738,819.5801067352295,1235.825439453125,976.5135498046875,9.203221,18.0,-1,19.430967
2032,869,478.46305799484253,-67.40586280822754,239.67425537109375,89.52758026123047,8.27325,14.0,-1,14.810181
8,869,1448.4487147331238,271.12228202819824,1209.659912109375,428.05572509765625,8.070829,16.0,-1,6.0545406
1332,869,639.0321803092957,591.4316082000732,400.2433776855469,748.3650512695312,6.194567,14.0,-1,14.71195
2140,869,1614.2332606315613,1004.470853805542,1375.4444580078125,1161.404296875,5.9383373,20.0,-1,2.9274302
12,869,1119.52885389328,820.5721111297607,880.7400512695312,977.5055541992188,4.3500085,12.0,-1,18.317196
2127,869,1074.1932826042175,230.94354057312012,835.4044799804688,387.8769836425781,3.3409195,12.0,-1,41.472324
1784,869,1690.9241786003113,332.00118827819824,1452.1353759765625,488.93463134765625,2.3132827,10.0,-1,16.786554
2389,869,1386.9749598503113,262.1660747528076,1148.1861572265625,419.0995178222656,1.0536351,12.0,-1,4.0369062
2080,869,712.2548670768738,40.66438102722168,473.466064453125,197.5978240966797,0.6394262,14.0,-1,3.7221808
2524,869,1706.2416834831238,297.30660820007324,1467.452880859375,454.24005126953125,0.4532067,10.0,-1,3.5228946
1961,870,1581.5062556266785,473.53458976745605,1342.0496826171875,630.4439697265625,54.86563,22.0,-1,21.16005
4,870,1250.0304255485535,-30.63646125793457,1010.5738525390625,126.27291870117188,24.762362,8.0,1,17.8624
1,870,1541.742705821991,182.92835807800293,1302.2861328125,339.8377380371094,24.70163,8.0,1,23.558636
1879,870,1795.572295665741,7.72834587097168,1556.11572265625,164.63772583007812,18.894943,10.0,-1,9.572088
11,870,328.89872694015503,352.22318840026855,89.44215393066406,509.132568359375,17.97842,20.0,-1,23.189323
10,870,499.4545283317566,5.030332565307617,259.9979553222656,161.93971252441406,15.760873,18.0,-1,10.010181
3,870,1081.5040583610535,302.7506847381592,842.0474853515625,459.6600646972656,15.298043,14.0,-1,8.572347
2032,870,479.38444471359253,-67.36761665344238,239.92787170410156,89.54176330566406,13.811398,14.0,-1,14.384182
9,870,1399.4527888298035,995.1692333221436,1159.9962158203125,1152.07861328125,12.3005495,8.0,-1,39.056767
2,870,1533.3646540641785,288.9248790740967,1293.9080810546875,445.8342590332031,11.270188,14.0,-1,1.2469258
2211,870,252.59929418563843,-80.62957954406738,13.142721176147461,76.27980041503906,10.131281,20.0,-1,20.23437
8,870,1449.577910900116,271.67680168151855,1210.121337890625,428.586181640625,9.960552,14.0,-1,5.3626947
2281,870,1793.420684337616,-61.51529884338379,1553.964111328125,95.39408111572266,7.603397,8.0,-1,31.079075
0,870,1474.5614314079285,819.075605392456,1235.1048583984375,975.9849853515625,6.1546516,18.0,-1,21.11177
2140,870,1613.476592540741,1005.485761642456,1374.02001953125,1162.3951416015625,5.3362374,20.0,-1,2.0330195
2127,870,1073.0699152946472,229.77949333190918,833.6133422851562,386.6888732910156,5.3026366,12.0,-1,43.045498
12,870,1117.4007868766785,820.4224071502686,877.9442138671875,977.331787109375,5.0160913,12.0,-1,16.255312
1332,870,639.4836421012878,590.8503856658936,400.0270690917969,747.759765625,4.823716,14.0,-1,13.844661
1784,870,1691.395537853241,330.8159923553467,1451.93896484375,487.7253723144531,4.351107,10.0,-1,15.628285
2389,870,1385.1954646110535,259.2599925994873,1145.7388916015625,416.16937255859375,2.060301,12.0,-1,7.6695547
2080,870,712.2156672477722,42.59274101257324,472.75909423828125,199.5021209716797,0.66754556,12.0,-1,3.9848046
2524,870,1703.4935603141785,293.69401359558105,1464.0369873046875,450.6033935546875,0.43684244,12.0,-1,4.037366
1961,871,1578.123824596405,472.99186515808105,1337.8018798828125,630.0106811523438,68.35479,22.0,-1,21.463182
4,871,1250.2059779167175,-30.81468391418457,1009.884033203125,126.20413208007812,30.471342,8.0,1,17.56668
1,871,1542.1637415885925,183.15601921081543,1301.841796875,340.1748352050781,25.625929,8.0,1,24.611141
10,871,497.97172498703003,6.490842819213867,257.6497802734375,163.50965881347656,17.179642,18.0,-1,11.360729
11,871,327.4160838127136,350.92448234558105,87.0941390991211,507.94329833984375,15.256616,20.0,-1,23.379341
3,871,1081.7794642448425,301.9207286834717,841.45751953125,458.9395446777344,14.442708,14.0,-1,8.7831745
1879,871,1796.9862513542175,10.113874435424805,1556.664306640625,167.1326904296875,11.898709,10.0,-1,10.73537
2,871,1533.629195690155,290.68226432800293,1293.3072509765625,447.7010803222656,11.671065,14.0,-1,1.8296008
0,871,1476.5370326042175,820.7292919158936,1236.215087890625,977.7481079101562,8.618212,18.0,-1,22.913599
9,871,1403.416793346405,993.3166332244873,1163.0948486328125,1150.33544921875,7.9775085,8.0,-1,34.906967
8,871,1450.410445690155,272.0104808807373,1210.0885009765625,429.029296875,7.74946,14.0,-1,3.0329704
2032,871,479.8835139274597,-68.53508186340332,239.5615692138672,88.48373413085938,7.296374,14.0,-1,14.06212
2281,871,1790.3224329948425,-62.09814643859863,1550.00048828125,94.92066955566406,6.679374,8.0,-1,31.943878
1332,871,639.3080897331238,590.9065380096436,398.98614501953125,747.9253540039062,6.3284307,12.0,-1,15.054057
2127,871,1074.9222865104675,229.70509147644043,834.600341796875,386.7239074707031,5.0059667,12.0,-1,44.008354
2140,871,1612.25395154953,1006.5648021697998,1371.9320068359375,1163.5836181640625,4.7639523,20.0,-1,1.6246183
2211,871,251.6849398612976,-80.20744514465332,11.362995147705078,76.81137084960938,3.9240131,20.0,-1,18.916977
12,871,1117.9626307487488,820.094404220581,877.6406860351562,977.1132202148438,3.7701042,12.0,-1,21.011932
1784,871,1690.13969373703,330.7598400115967,1449.8177490234375,487.7786560058594,3.5752332,10.0,-1,16.28599
2389,871,1384.8954310417175,259.1826000213623,1144.573486328125,416.201416015625,2.3343542,12.0,-1,10.927807
2524,871,1699.92045545578,294.7990550994873,1459.5985107421875,451.81787109375,0.6832161,10.0,-1,4.2664843
2080,871,711.0238184928894,43.75723075866699,470.7018737792969,200.7760467529297,0.47305587,14.0,-1,4.328949
1961,872,1575.1698908805847,474.459135055542,1333.2451171875,631.5994873046875,44.597073,22.0,-1,21.992174
4,872,1249.8280940055847,-30.94798469543457,1007.9033203125,126.19236755371094,25.078375,8.0,1,17.120434
10,872,497.94543409347534,7.648786544799805,256.0206604003906,164.7891387939453,24.037567,20.0,-1,11.603192
1,872,1541.7687678337097,182.15109062194824,1299.843994140625,339.29144287109375,19.346355,8.0,1,24.582006
1879,872,1798.4472346305847,11.209653854370117,1556.5224609375,168.35000610351562,18.460337,10.0,-1,10.117097
11,872,328.8903651237488,350.7949504852295,86.96559143066406,507.935302734375,13.438159,18.0,-1,22.866003
2,872,1534.0033869743347,290.41406059265137,1292.07861328125,447.5544128417969,13.325023,14.0,-1,3.9474087
0,872,1478.6077570915222,821.695707321167,1236.6829833984375,978.8360595703125,9.348241,18.0,-1,23.032852
3,872,1081.5037531852722,301.935209274292,839.5789794921875,459.0755615234375,9.095302,14.0,-1,9.97806
8,872,1449.7723078727722,271.996000289917,1207.8475341796875,429.1363525390625,7.2882257,16.0,-1,4.0947676
2281,872,1790.2245783805847,-62.99412727355957,1548.2998046875,94.14622497558594,7.048273,8.0,-1,31.487604
9,872,1407.9811701774597,989.745512008667,1166.056396484375,1146.8858642578125,6.5145817,8.0,-1,32.335426
2032,872,482.5322871208191,-67.86972999572754,240.60751342773438,89.27062225341797,5.774368,14.0,-1,14.883177
1332,872,640.7473750114441,591.4602947235107,398.8226013183594,748.6006469726562,5.223536,14.0,-1,19.791948
2127,872,1077.1073298454285,230.72161674499512,835.1825561523438,387.8619689941406,4.894371,12.0,-1,43.81631
2140,872,1612.2802424430847,1008.0254192352295,1370.35546875,1165.165771484375,4.5015984,18.0,-1,2.7475595
2211,872,250.28279447555542,-81.03064918518066,8.358020782470703,76.10970306396484,4.2010303,20.0,-1,18.65646
12,872,1116.523223400116,815.8559246063232,874.5984497070312,972.9962768554688,4.197212,12.0,-1,20.409044
2389,872,1385.4280695915222,259.72973442077637,1143.5032958984375,416.8700866699219,1.6686817,12.0,-1,10.689333
1784,872,1692.5931086540222,330.94466972351074,1450.6683349609375,488.08502197265625,1.5592238,12.0,-1,10.9764185
2524,872,1698.0876154899597,292.824369430542,1456.162841796875,449.9647216796875,0.9203789,12.0,-1,4.394594
2080,872,709.2314448356628,40.89770317077637,467.3066711425781,198.03805541992188,0.80055785,14.0,-1,4.1189804
1961,873,1574.3518748283386,473.9421672821045,1331.4786376953125,631.9887084960938,61.079243,22.0,-1,21.304821
10,873,496.8273844718933,9.555219650268555,253.9541473388672,167.6017608642578,22.91125,20.0,-1,11.838004
1,873,1541.4126658439636,183.60967826843262,1298.5394287109375,341.6562194824219,20.463877,8.0,1,22.082699
4,873,1249.9992136955261,-32.621835708618164,1007.1259765625,125.4247055053711,17.26859,8.0,1,15.623695
11,873,329.16238355636597,347.967191696167,86.28914642333984,506.01373291015625,16.37228,18.0,-1,21.76901
3,873,1080.0672678947449,299.805326461792,837.1940307617188,457.85186767578125,12.585087,14.0,-1,9.958892
1879,873,1799.6948924064636,9.29694938659668,1556.8216552734375,167.34349060058594,12.454666,10.0,-1,10.360284
2,873,1533.4755320549011,293.0132122039795,1290.602294921875,451.05975341796875,11.027695,14.0,-1,6.550642
2281,873,1791.4624705314636,-61.93917274475098,1548.5892333984375,96.10736846923828,8.905535,8.0,-1,30.819609
2127,873,1077.8433909416199,228.50366020202637,834.9701538085938,386.5502014160156,8.51019,12.0,-1,41.62311
9,873,1408.4367136955261,990.0013103485107,1165.5634765625,1148.0478515625,7.9450336,8.0,-1,33.866432
2211,873,250.47690343856812,-80.27869606018066,7.603666305541992,77.7678451538086,7.623156,20.0,-1,19.151114
2032,873,482.3611674308777,-68.47759437561035,239.48793029785156,89.5689468383789,7.5201035,14.0,-1,14.649828
0,873,1480.4872508049011,821.521390914917,1237.614013671875,979.5679321289062,6.97171,18.0,-1,23.907984
2140,873,1615.1747508049011,1008.2668132781982,1372.301513671875,1166.3133544921875,6.769152,20.0,-1,1.8800585
1332,873,642.644202709198,595.5562419891357,399.7709655761719,753.602783203125,6.2056026,14.0,-1,17.184446
8,873,1448.3246531486511,274.523344039917,1205.451416015625,432.56988525390625,4.934108,14.0,-1,5.6278915
12,873,1117.6922068595886,813.0885906219482,874.8189697265625,971.1351318359375,4.7361183,12.0,-1,19.15411
1784,873,1690.7394480705261,331.2082805633545,1447.8662109375,489.25482177734375,3.4553735,12.0,-1,10.212598
2389,873,1384.1736521720886,258.770902633667,1141.3004150390625,416.81744384765625,1.2573546,12.0,-1,7.624216
2080,873,707.5669322013855,36.44386100769043,464.6936950683594,194.4904022216797,0.8182135,12.0,-1,4.7165365
2524,873,1696.5344920158386,292.998685836792,1453.6612548828125,451.04522705078125,0.41782436,12.0,-1,4.097534
1961,874,1572.4602732658386,473.9421672821045,1330.005615234375,632.0993041992188,57.36546,22.0,-1,21.64436
10,874,494.65634870529175,9.652509689331055,252.20169067382812,167.8096466064453,25.833208,20.0,-1,12.183389
1879,874,1800.5159373283386,7.976133346557617,1558.061279296875,166.13327026367188,19.868568,10.0,-1,11.010126
4,874,1250.5634837150574,-33.50064277648926,1008.1088256835938,124.656494140625,18.943031,8.0,1,15.798436
1,874,1540.3770213127136,182.28228569030762,1297.92236328125,340.4394226074219,17.262966,8.0,1,21.589462
3,874,1080.3563914299011,299.702543258667,837.9017333984375,457.85968017578125,16.791758,14.0,-1,11.658723
11,874,327.8936839103699,347.13244438171387,85.43902587890625,505.2895812988281,14.634191,18.0,-1,22.373373
2,874,1532.7782664299011,292.2055034637451,1290.3236083984375,450.3626403808594,13.07183,14.0,-1,8.933485
2281,874,1792.3522410392761,-60.1846866607666,1549.8975830078125,97.97245025634766,10.319669,8.0,-1,33.63353
0,874,1480.8683543205261,822.0787029266357,1238.4136962890625,980.23583984375,8.410186,18.0,-1,23.202513
9,874,1406.8045115470886,988.1949138641357,1164.349853515625,1146.35205078125,7.5566597,8.0,-1,30.514626
2032,874,482.6698832511902,-66.6748218536377,240.21522521972656,91.48231506347656,6.48321,14.0,-1,13.754974
2140,874,1616.7639842033386,1009.8991374969482,1374.309326171875,1168.0562744140625,5.688871,20.0,-1,2.3589742
2127,874,1076.3684153556824,228.09533500671387,833.9137573242188,386.2524719238281,5.5548363,12.0,-1,42.828033
1332,874,643.9027171134949,600.3911418914795,401.44805908203125,758.5482788085938,3.988465,14.0,-1,12.499222
8,874,1448.3246531486511,272.5988140106201,1205.8699951171875,430.7559509277344,3.8076189,14.0,-1,9.970896
12,874,1119.1312327384949,815.3721599578857,876.6765747070312,973.529296875,3.6453407,12.0,-1,22.608908
1784,874,1686.7056345939636,330.6121196746826,1444.2509765625,488.7692565917969,1.678167,10.0,-1,9.998591
2080,874,704.2017588615417,37.89755058288574,461.7471008300781,196.0546875,1.0361394,14.0,-1,4.7511945
2389,874,1384.2421336174011,264.09506034851074,1141.7874755859375,422.252197265625,0.8821165,12.0,-1,8.136303
2524,874,1694.7676463127136,294.794340133667,1452.31298828125,452.95147705078125,0.42540786,10.0,-1,4.0721035
1961,875,1568.8269724845886,474.81881523132324,1326.487548828125,632.9902954101562,39.613586,22.0,-1,22.977335
4,875,1250.4146800041199,-32.011613845825195,1008.0752563476562,126.15986633300781,35.718388,8.0,1,15.517658
10,875,494.1986765861511,10.518766403198242,251.8592529296875,168.69024658203125,20.94636,20.0,-1,11.922835
11,875,326.7639079093933,346.95394706726074,84.42448425292969,505.12542724609375,18.446009,18.0,-1,23.15617
1,875,1539.2449412345886,180.25802421569824,1296.905517578125,338.42950439453125,14.262008,8.0,1,17.309938
3,875,1081.0332713127136,300.6475200653076,838.69384765625,458.8190002441406,11.624497,14.0,-1,9.430981
1879,875,1802.1511912345886,7.853879928588867,1559.811767578125,166.02536010742188,10.770187,10.0,-1,7.2092943
2,875,1532.7782664299011,291.29293632507324,1290.4388427734375,449.46441650390625,9.936261,14.0,-1,9.691923
0,875,1482.9899363517761,825.3410320281982,1240.6505126953125,983.5125122070312,9.194842,18.0,-1,21.247639
2281,875,1794.1165232658386,-62.03274726867676,1551.777099609375,96.13873291015625,8.644727,8.0,-1,32.99583
9,875,1404.4081492424011,987.2781047821045,1162.0687255859375,1145.4495849609375,8.474662,10.0,-1,26.756315
2032,875,484.6815257072449,-67.35527229309082,242.34210205078125,90.81620788574219,7.047664,14.0,-1,13.329802
1332,875,644.2277293205261,600.3911418914795,401.8883056640625,758.5626220703125,5.077516,14.0,-1,13.1478
12,875,1120.7891917228699,816.4413738250732,878.4497680664062,974.6128540039062,5.0070176,12.0,-1,19.712612
8,875,1448.8145213127136,271.76867485046387,1206.47509765625,429.9401550292969,4.9693217,12.0,-1,10.776761
2140,875,1615.7062449455261,1008.9834270477295,1373.3668212890625,1167.1549072265625,4.8405805,20.0,-1,2.7252774
2127,875,1078.2515330314636,230.71566581726074,835.912109375,388.88714599609375,4.406345,12.0,-1,43.270992
1784,875,1684.2988963127136,329.84860038757324,1441.95947265625,488.02008056640625,4.061556,12.0,-1,8.395189
2389,875,1384.5139842033386,268.892728805542,1142.174560546875,427.064208984375,1.7139212,10.0,-1,11.681006
2524,875,1691.1400828361511,296.582914352417,1448.8006591796875,454.75439453125,0.67845327,10.0,-1,4.824664
2080,875,703.2280039787292,39.00131034851074,460.8885803222656,197.17279052734375,0.4240401,12.0,-1,4.0610414
1961,876,1569.0639109611511,474.2206630706787,1326.3665771484375,632.2000732421875,57.83925,22.0,-1,22.702648
4,876,1249.8751902580261,-29.84208106994629,1007.1778564453125,128.1373291015625,22.79122,8.0,1,16.533596
10,876,491.8914713859558,10.181661605834961,249.1941375732422,168.16107177734375,17.649332,20.0,-1,11.444864
1879,876,1804.3755564689636,8.155202865600586,1561.67822265625,166.13461303710938,17.065182,10.0,-1,9.365043
11,876,325.96421003341675,347.61366844177246,83.26687622070312,505.59307861328125,15.691909,18.0,-1,23.956783
1,876,1538.5947947502136,180.82777976989746,1295.8974609375,338.80718994140625,13.416112,8.0,1,11.012575
2,876,1532.7781443595886,291.0396327972412,1290.080810546875,449.01904296875,10.660605,14.0,-1,6.468507
9,876,1404.4081492424011,984.6225185394287,1161.7108154296875,1142.6019287109375,9.356793,10.0,-1,26.594603
2140,876,1612.5099558830261,1007.6314296722412,1369.8126220703125,1165.61083984375,8.876466,20.0,-1,3.2252026
3,876,1082.4551463127136,301.12221336364746,839.7578125,459.10162353515625,8.331397,14.0,-1,9.243261
2281,876,1794.7661814689636,-63.75368690490723,1552.06884765625,94.22572326660156,7.5780377,8.0,-1,29.255714
0,876,1482.9065623283386,826.4977626800537,1240.209228515625,984.4771728515625,7.1459274,16.0,-1,23.133326
1332,876,640.8292307853699,601.8996181488037,398.13189697265625,759.8790283203125,6.728049,12.0,-1,16.681215
12,876,1120.1401438713074,815.4086513519287,877.4428100585938,973.3880615234375,5.836144,12.0,-1,21.373026
2032,876,484.86606550216675,-67.35527229309082,242.16873168945312,90.62413787841797,4.9558716,14.0,-1,12.840615
8,876,1450.0897898674011,273.57509422302246,1207.3924560546875,431.55450439453125,4.4543953,14.0,-1,10.950782
2127,876,1078.8850169181824,231.67235374450684,836.1876831054688,389.6517639160156,3.8033311,12.0,-1,43.768543
1784,876,1686.1996531486511,329.06740379333496,1443.5023193359375,487.04681396484375,2.7797937,20.0,-1,8.387571
2389,876,1384.7522654533386,266.5282802581787,1142.054931640625,424.5076904296875,2.5378313,10.0,-1,11.858501
2524,876,1690.8140330314636,297.94151878356934,1448.11669921875,455.9209289550781,0.8051393,8.0,-1,4.277969
2080,876,704.1227488517761,35.595632553100586,461.4254150390625,193.57504272460938,0.79810756,14.0,-1,3.9341261
1961,877,1564.7797617912292,473.40736961364746,1321.9755859375,632.1630249023438,58.685505,22.0,-1,21.899826
4,877,1250.9270396232605,-28.66434669494629,1008.1228637695312,130.09130859375,34.75655,8.0,1,16.623537
10,877,491.0195994377136,8.273992538452148,248.21542358398438,167.02964782714844,20.307226,20.0,-1,11.924039
1,877,1538.0835947990417,181.7725124359131,1295.2794189453125,340.5281677246094,16.174452,8.0,1,13.700901
3,877,1082.866614818573,301.38686180114746,840.0624389648438,460.14251708984375,15.701005,14.0,-1,11.677652
11,877,326.3960642814636,348.3275661468506,83.59188842773438,507.0832214355469,15.2484665,18.0,-1,24.11421
2,877,1532.9351572990417,291.74498558044434,1290.1309814453125,450.5006408691406,14.592826,14.0,-1,9.088933
1879,877,1806.2050547599792,6.789999008178711,1563.40087890625,165.545654296875,13.531474,10.0,-1,11.399776
2281,877,1794.7326426506042,-66.42613410949707,1551.928466796875,92.32952117919922,8.680596,8.0,-1,31.81881
0,877,1483.8562998771667,827.279317855835,1241.0521240234375,986.0349731445312,8.397597,18.0,-1,22.258556
1332,877,640.8292307853699,600.9740810394287,398.0250549316406,759.729736328125,8.367815,12.0,-1,15.1108055
2140,877,1612.4974131584167,1009.5788173675537,1369.6932373046875,1168.33447265625,7.098656,20.0,-1,2.7745996
9,877,1405.0212168693542,984.6225185394287,1162.217041015625,1143.378173828125,6.478169,10.0,-1,24.805473
2032,877,482.3492350578308,-67.66178321838379,239.54505920410156,91.0938720703125,6.383371,14.0,-1,12.901653
2127,877,1078.6058115959167,231.70360374450684,835.8016357421875,390.4592590332031,5.588572,12.0,-1,41.575245
12,877,1121.3442759513855,815.51051902771,878.5401000976562,974.2661743164062,4.5318704,12.0,-1,19.984793
8,877,1446.6767344474792,272.7396755218506,1203.87255859375,431.4953308105469,4.0485377,14.0,-1,9.244936
1784,877,1684.5292735099792,325.8341579437256,1441.72509765625,484.5898132324219,3.0450382,12.0,-1,9.160077
2389,877,1386.8995127677917,263.56493186950684,1144.0953369140625,422.3205871582031,2.1096013,8.0,-1,12.136358
2080,877,703.118323802948,33.031606674194336,460.31414794921875,191.78726196289062,1.0332576,12.0,-1,4.254689
2524,877,1692.7573008537292,299.71263694763184,1449.953125,458.4682922363281,0.44900513,12.0,-1,4.404215
1961,878,1561.1303477287292,474.568395614624,1318.833740234375,634.3324584960938,57.30073,22.0,-1,21.67678
1,878,1536.5380625724792,180.17758750915527,1294.241455078125,339.941650390625,25.841978,8.0,1,15.658772
4,878,1251.2873911857605,-26.915353775024414,1008.9907836914062,132.8487091064453,17.362741,8.0,1,15.088049
10,878,489.57268476486206,8.273992538452148,247.2760772705078,168.03805541992188,16.209122,20.0,-1,12.201537
3,878,1082.1310801506042,300.498083114624,839.83447265625,460.26214599609375,15.858375,14.0,-1,10.801757
1879,878,1806.3083262443542,7.713689804077148,1564.01171875,167.47775268554688,14.884374,10.0,-1,10.279277
11,878,324.8589549064636,348.63641929626465,82.56234741210938,508.4004821777344,13.177962,18.0,-1,22.333748
2,878,1533.6012949943542,292.06073570251465,1291.3046875,451.8247985839844,9.813464,14.0,-1,9.995306
9,878,1406.2922129631042,985.8183345794678,1163.99560546875,1145.5823974609375,9.123534,8.0,-1,28.41815
8,878,1446.0429453849792,270.2714595794678,1203.746337890625,430.0355224609375,8.610349,14.0,-1,5.793385
2281,878,1792.1731944084167,-65.5035572052002,1549.8765869140625,94.26050567626953,8.051949,8.0,-1,27.909763
2140,878,1612.4974131584167,1009.1924800872803,1370.2008056640625,1168.95654296875,7.758442,22.0,-1,3.3771586
1332,878,642.4998545646667,598.313756942749,400.2032470703125,758.0778198242188,7.31039,12.0,-1,16.624954
2032,878,482.58530378341675,-68.02007484436035,240.2886962890625,91.74398803710938,6.7926445,14.0,-1,13.305426
0,878,1481.8191905021667,829.7630367279053,1239.5225830078125,989.527099609375,6.5548935,18.0,-1,20.760971
2127,878,1077.825110912323,229.41672325134277,835.5285034179688,389.1807861328125,4.921638,12.0,-1,36.855125
12,878,1122.7375864982605,813.1905879974365,880.4409790039062,972.9546508789062,3.5173714,12.0,-1,20.191042
1784,878,1683.3006358146667,323.6318416595459,1441.0040283203125,483.3959045410156,2.290593,14.0,-1,7.2699594
2389,878,1387.1966319084167,259.13739585876465,1144.9000244140625,418.9014587402344,1.1932694,10.0,-1,11.779055
2524,878,1692.8500742912292,300.7329158782959,1450.553466796875,460.4969787597656,0.86972713,12.0,-1,3.5882478
2080,878,704.3894419670105,33.600149154663086,462.09283447265625,193.3642120361328,0.5500417,12.0,-1,4.242796
1961,879,1559.8353037834167,475.0209102630615,1316.81591796875,634.802734375,33.422222,22.0,-1,21.489733
4,879,1251.0793833732605,-25.89373207092285,1008.0599975585938,133.88809204101562,28.872438,8.0,1,14.794724
1,879,1537.3691172599792,180.01764488220215,1294.3497314453125,339.7994689941406,23.609396,8.0,1,19.420788
1879,879,1806.3083262443542,9.682607650756836,1563.2889404296875,169.4644317626953,16.862806,10.0,-1,9.831952
10,879,489.4767527580261,10.541143417358398,246.45736694335938,170.32296752929688,16.328423,20.0,-1,12.473059
11,879,323.7940135002136,348.03607749938965,80.77462768554688,507.8179016113281,15.841064,18.0,-1,22.743927
3,879,1081.033118724823,300.498083114624,838.0137329101562,460.2799072265625,10.763988,14.0,-1,10.180823
2,879,1535.0949473381042,292.1438961029053,1292.0755615234375,451.92572021484375,9.6878805,14.0,-1,9.076326
0,879,1481.8630137443542,829.0511837005615,1238.8436279296875,988.8330078125,8.404021,16.0,-1,23.825195
9,879,1408.9388194084167,988.2609004974365,1165.91943359375,1148.042724609375,7.7445836,10.0,-1,28.429436
2127,879,1077.4011607170105,226.62888145446777,834.3817749023438,386.41070556640625,6.1118793,18.0,-1,38.960274
2032,879,483.5172038078308,-69.63487434387207,240.49781799316406,90.1469497680664,6.0883775,14.0,-1,12.072886
1332,879,642.6800303459167,597.1747798919678,399.66064453125,756.9566040039062,5.6876507,12.0,-1,15.953775
2281,879,1793.3437266349792,-63.15275764465332,1550.3243408203125,96.62906646728516,5.0632114,8.0,-1,27.500092
2140,879,1610.1429209709167,1010.932409286499,1367.12353515625,1170.7142333984375,4.9217954,24.0,-1,3.5156734
8,879,1447.3243174552917,269.0807247161865,1204.304931640625,428.862548828125,4.496788,14.0,-1,7.781077
12,879,1126.1311411857605,813.9286861419678,883.1117553710938,973.7105102539062,3.2466462,12.0,-1,22.1634
1784,879,1681.0787119865417,322.1252498626709,1438.059326171875,481.9070739746094,1.4188523,16.0,-1,4.7796006
2389,879,1386.3071055412292,255.36432456970215,1143.2877197265625,415.1461486816406,1.2867721,10.0,-1,8.519733
2080,879,702.076575756073,35.751211166381836,459.05718994140625,195.5330352783203,0.81475663,16.0,-1,5.075043
2524,879,1695.2809824943542,299.3527889251709,1452.2615966796875,459.1346130371094,0.70780635,12.0,-1,3.8385243
1961,880,1561.2236704826355,474.44098472595215,1317.816162109375,634.1109008789062,72.27065,24.0,-1,21.48306
4,880,1251.0793833732605,-25.5721378326416,1007.671875,134.0977783203125,24.839994,8.0,1,13.482283
1879,880,1805.5847544670105,10.446340560913086,1562.17724609375,170.1162567138672,21.927977,10.0,-1,9.279761
10,880,490.841468334198,12.377660751342773,247.4339599609375,172.04757690429688,19.500998,20.0,-1,13.234522
11,880,324.35256147384644,348.5501461029053,80.94505310058594,508.2200622558594,15.752304,18.0,-1,22.461946
1,880,1535.629554271698,179.91049766540527,1292.2220458984375,339.5804138183594,15.695012,8.0,1,18.284145
3,880,1079.4578013420105,300.498083114624,836.05029296875,460.1679992675781,14.04895,14.0,-1,7.450251
2,880,1536.145911693573,291.47870445251465,1292.7384033203125,451.14862060546875,11.373427,14.0,-1,9.135696
0,880,1480.9014048576355,827.0459651947021,1237.493896484375,986.7158813476562,8.249487,16.0,-1,19.570633
9,880,1413.065101146698,988.6214656829834,1169.6575927734375,1148.2913818359375,7.3924637,8.0,-1,30.664282
2032,880,483.504798412323,-70.47196388244629,240.0972900390625,89.19795227050781,6.686442,14.0,-1,13.126501
2281,880,1793.780433177948,-61.54056739807129,1550.3729248046875,98.12934875488281,6.006656,8.0,-1,27.557678
2127,880,1077.548011302948,227.7827205657959,834.1405029296875,387.45263671875,5.847695,16.0,-1,36.24113
8,880,1445.6113657951355,272.78449058532715,1202.203857421875,432.45440673828125,5.2854295,14.0,-1,8.318385
12,880,1126.5677256584167,812.2799129486084,883.1602172851562,971.9498291015625,5.1469026,12.0,-1,22.039982
1332,880,640.6554942131042,596.3902034759521,397.24798583984375,756.0601196289062,5.0110264,12.0,-1,13.317051
2140,880,1610.235511302948,1014.4506893157959,1366.8280029296875,1174.12060546875,3.9390898,22.0,-1,3.2588568
1784,880,1680.5972056388855,320.97186851501465,1437.189697265625,480.64178466796875,3.318332,22.0,-1,3.0441887
2389,880,1383.5422739982605,253.66132164001465,1140.134765625,413.33123779296875,1.7996153,10.0,-1,10.801227
2080,880,701.521888256073,38.471670150756836,458.1143798828125,198.14158630371094,0.9109505,16.0,-1,4.2469864
2524,880,1695.3191294670105,298.5867671966553,1451.91162109375,458.2566833496094,0.6865943,10.0,-1,3.578175
1961,881,1562.2181010246277,472.4845027923584,1318.0731201171875,633.2748413085938,39.207355,24.0,-1,21.578262
4,881,1251.8869242668152,-24.87949562072754,1007.741943359375,135.9108428955078,24.245865,8.0,1,12.344709
1879,881,1808.4196391105652,11.329320907592773,1564.274658203125,172.11965942382812,19.091175,10.0,-1,8.911873
1,881,1535.0666117668152,179.98273277282715,1290.921630859375,340.7730712890625,16.858873,8.0,1,13.110326
10,881,494.2647776603699,11.649999618530273,250.1197967529297,172.44033813476562,15.591282,20.0,-1,13.750314
11,881,325.52524518966675,348.5501461029053,81.38026428222656,509.3404846191406,14.162349,18.0,-1,22.98708
3,881,1080.1757426261902,297.11615562438965,836.03076171875,457.906494140625,12.069005,14.0,-1,5.947507
0,881,1480.2281107902527,825.0438899993896,1236.0831298828125,985.834228515625,10.715102,16.0,-1,18.89811
9,881,1414.0695414543152,987.3726253509521,1169.924560546875,1148.1629638671875,10.563426,8.0,-1,34.596413
2,881,1536.2014994621277,288.5419979095459,1292.0565185546875,449.33233642578125,8.9317,14.0,-1,8.069516
12,881,1125.431296825409,810.7161922454834,881.2863159179688,971.5065307617188,7.6514187,12.0,-1,21.89864
2140,881,1609.1018900871277,1014.6660823822021,1364.9569091796875,1175.4564208984375,7.3527474,22.0,-1,2.961605
2281,881,1792.4170756340027,-60.73208045959473,1548.2720947265625,100.05825805664062,7.029615,8.0,-1,25.618683
1332,881,639.6883158683777,598.7261409759521,395.5433349609375,759.5164794921875,6.638684,12.0,-1,13.136684
2032,881,483.504798412323,-69.18124580383301,239.3598175048828,91.60909271240234,5.7137585,14.0,-1,13.01186
2127,881,1079.9292826652527,227.8769588470459,835.7843017578125,388.66729736328125,5.3055596,16.0,-1,35.892464
8,881,1444.9562602043152,275.5594844818115,1200.811279296875,436.3498229980469,5.249229,14.0,-1,7.2807918
1784,881,1678.2154154777527,317.0082149505615,1434.0704345703125,477.7985534667969,2.1171906,14.0,-1,3.6486065
2389,881,1384.2232279777527,251.18185997009277,1140.0782470703125,411.9721984863281,0.9159276,10.0,-1,11.643947
2080,881,699.8054728507996,38.98824119567871,455.6604919433594,199.77857971191406,0.658192,12.0,-1,4.149683
2524,881,1693.0531840324402,295.6904354095459,1448.908203125,456.48077392578125,0.5652291,12.0,-1,3.6614833
1961,882,1562.0417094230652,471.89850425720215,1317.5609130859375,633.8480224609375,38.391026,24.0,-1,20.773579
10,882,491.8511881828308,13.021505355834961,247.37039184570312,174.9710235595703,23.176973,20.0,-1,13.100936
1879,882,1808.4196391105652,11.442525863647461,1563.9388427734375,173.3920440673828,19.387472,10.0,-1,8.928403
1,882,1534.7779154777527,180.27768516540527,1290.297119140625,342.2272033691406,18.084826,8.0,1,11.87072
4,882,1251.955955028534,-24.666635513305664,1007.4751586914062,137.2828826904297,16.840715,8.0,1,13.827966
3,882,1080.0794291496277,296.0806636810303,835.5986328125,458.0301818847656,13.615106,14.0,-1,4.4095087
11,882,326.27602338790894,348.8827266693115,81.79522705078125,510.8322448730469,13.132183,18.0,-1,22.724886
9,882,1414.3269877433777,987.3726253509521,1169.84619140625,1149.3221435546875,8.004455,8.0,-1,34.26402
2,882,1536.9478373527527,287.1157283782959,1292.467041015625,449.06524658203125,7.627893,14.0,-1,4.237758
2032,882,482.2098460197449,-70.62800025939941,237.7290496826172,91.32151794433594,7.4036794,14.0,-1,12.923422
0,882,1479.1564555168152,822.1416683197021,1234.6756591796875,984.0911865234375,7.3658085,16.0,-1,17.64473
2140,882,1610.2814555168152,1015.5067806243896,1365.8006591796875,1177.456298828125,7.24517,22.0,-1,3.0539377
8,882,1448.0874857902527,274.7764949798584,1203.606689453125,436.72601318359375,7.1481967,14.0,-1,5.0309334
2281,882,1788.4953227043152,-59.78550910949707,1544.0145263671875,102.16400909423828,6.8267612,8.0,-1,25.671104
2127,882,1080.875632762909,228.1055965423584,836.3948364257812,390.05511474609375,6.676829,14.0,-1,36.160755
12,882,1124.1104350090027,810.3646907806396,879.629638671875,972.314208984375,5.995941,12.0,-1,18.21084
1332,882,639.7393412590027,598.2863826751709,395.258544921875,760.2359008789062,5.7588367,12.0,-1,14.868069
1784,882,1675.8589701652527,318.271520614624,1431.378173828125,480.2210388183594,2.077223,14.0,-1,3.534966
2389,882,1384.9532084465027,249.3056697845459,1140.472412109375,411.25518798828125,1.301093,10.0,-1,8.629768
2524,882,1693.6813578605652,293.7323970794678,1449.2005615234375,455.6819152832031,1.003814,12.0,-1,5.0770965
2080,882,697.8137736320496,41.483449935913086,453.3329772949219,203.43296813964844,0.612088,12.0,-1,3.8110402
1961,883,1562.9267191886902,471.28844261169434,1316.8114013671875,633.34033203125,48.945347,24.0,-1,21.895973
4,883,1250.1459574699402,-21.677072525024414,1004.0306396484375,140.37481689453125,26.9498,8.0,1,9.191025
1879,883,1808.1875834465027,11.442525863647461,1562.072265625,173.49441528320312,23.616407,10.0,-1,8.619242
10,883,490.7409129142761,13.631109237670898,244.62559509277344,175.68299865722656,22.641497,22.0,-1,13.684811
1,883,1536.1243510246277,182.0451259613037,1290.009033203125,344.0970153808594,21.422174,8.0,1,12.873669
11,883,328.30398511886597,348.99403953552246,82.18866729736328,511.0459289550781,17.110788,18.0,-1,23.743183
3,883,1081.949363231659,295.1428737640381,835.8340454101562,457.19476318359375,13.613921,14.0,-1,7.057434
8,883,1448.1387553215027,276.57774925231934,1202.0234375,438.629638671875,11.681148,14.0,-1,6.473884
2,883,1535.6459574699402,287.7834072113037,1289.5306396484375,449.8352966308594,10.180045,8.0,1,0.066721916
9,883,1414.3269877433777,985.7845363616943,1168.211669921875,1147.83642578125,8.868963,8.0,-1,32.225266
2032,883,480.88393354415894,-72.82269477844238,234.76861572265625,89.22919464111328,8.441072,14.0,-1,13.931497
2140,883,1608.3816752433777,1018.2961330413818,1362.266357421875,1180.3480224609375,8.127013,22.0,-1,3.6295006
0,883,1480.0646586418152,819.6835842132568,1233.9493408203125,981.7354736328125,8.10452,16.0,-1,17.1791
2127,883,1084.165183544159,225.64684104919434,838.0498657226562,387.69873046875,6.3473687,16.0,-1,39.610493
12,883,1124.4458231925964,809.4139919281006,878.3305053710938,971.4658813476562,6.195099,12.0,-1,22.516088
1332,883,639.6076273918152,597.8339748382568,393.4923095703125,759.8858642578125,4.1784177,12.0,-1,16.46454
2281,883,1786.9579691886902,-58.45446968078613,1540.8426513671875,103.59741973876953,3.6766422,8.0,-1,23.581917
1784,883,1676.3068461418152,318.2022304534912,1430.1915283203125,480.2541198730469,2.6782768,14.0,-1,6.615692
2080,883,697.0245585441589,43.018850326538086,450.90924072265625,205.07073974609375,0.7144417,10.0,-1,4.4184637
2389,883,1387.2383646965027,247.50356101989746,1141.123046875,409.5554504394531,0.5683906,12.0,-1,4.8856916
2524,883,1692.5954203605652,294.95863914489746,1446.4801025390625,457.0105285644531,0.49517667,10.0,-1,3.440055
1961,884,1561.5701975822449,474.10521507263184,1314.8565673828125,636.4185791015625,42.431156,24.0,-1,21.82581
4,884,1250.5636057853699,-22.42363929748535,1003.8499755859375,139.8897247314453,30.280449,8.0,1,10.76378
1879,884,1809.3748850822449,9.525075912475586,1562.6612548828125,171.83843994140625,22.006437,10.0,-1,6.4607325
1,884,1536.7661204338074,183.4319667816162,1290.052490234375,345.7453308105469,18.655804,8.0,1,15.688646
10,884,490.7409129142761,12.733526229858398,244.02728271484375,175.04689025878906,18.597086,20.0,-1,14.439854
11,884,328.79091596603394,350.16185569763184,82.07728576660156,512.4752197265625,15.746085,20.0,-1,22.663904
3,884,1081.4282298088074,291.76769065856934,834.714599609375,454.0810546875,13.69458,14.0,-1,6.0736184
2,884,1536.9846262931824,288.7643642425537,1290.27099609375,451.0777282714844,10.302125,8.0,1,3.2400217
9,884,1413.0850901603699,984.9577541351318,1166.3714599609375,1147.2711181640625,8.802064,8.0,-1,28.48262
0,884,1478.1090159416199,821.2951564788818,1231.3953857421875,983.6085205078125,8.555814,18.0,-1,14.552858
2032,884,481.37209272384644,-72.10981178283691,234.65846252441406,90.20355224609375,7.3733706,14.0,-1,12.705843
2127,884,1085.7702708244324,225.1837673187256,839.056640625,387.49713134765625,7.043007,16.0,-1,40.76981
8,884,1448.0020823478699,277.00319480895996,1201.2884521484375,439.3165588378906,7.0123825,14.0,-1,7.0625935
12,884,1125.9406809806824,809.7090969085693,879.22705078125,972.0224609375,6.400114,10.0,-1,24.583246
2281,884,1781.8378977775574,-61.391244888305664,1535.124267578125,100.922119140625,5.0601335,8.0,-1,25.50693
2140,884,1607.7959055900574,1020.5980129241943,1361.082275390625,1182.911376953125,4.781056,24.0,-1,3.7655528
1332,884,641.4397044181824,597.8160305023193,394.72607421875,760.12939453125,3.778491,12.0,-1,12.567935
1784,884,1676.2919993400574,318.94298362731934,1429.578369140625,481.25634765625,2.5134046,22.0,-1,8.461206
2389,884,1388.0781321525574,247.50356101989746,1141.364501953125,409.8169250488281,1.2263826,12.0,-1,4.362585
2080,884,691.2040476799011,42.06073570251465,444.49041748046875,204.3740997314453,1.0464047,12.0,-1,4.0734034
2524,884,1691.0312571525574,294.2284755706787,1444.317626953125,456.5418395996094,0.8732815,12.0,-1,4.675158
1961,885,1564.0595774650574,476.15700340270996,1317.099365234375,638.55029296875,49.090176,24.0,-1,20.27155
10,885,488.5750803947449,12.603261947631836,241.6148681640625,174.99655151367188,29.57297,20.0,-1,12.079019
4,885,1251.0178294181824,-22.57773780822754,1004.0576171875,139.8155517578125,29.051271,8.0,1,11.387807
1879,885,1811.2933421134949,7.455907821655273,1564.3331298828125,169.8491973876953,20.613413,10.0,-1,8.839528
1,885,1537.0744700431824,183.5677089691162,1290.1142578125,345.96099853515625,17.399313,8.0,1,19.548994
11,885,326.2657084465027,349.5675868988037,79.30549621582031,511.96087646484375,14.294665,18.0,-1,23.566788
2,885,1536.9520335197449,290.1574001312256,1289.9918212890625,452.5506896972656,11.688298,8.0,1,1.5816588
3,885,1084.2882761955261,289.84154319763184,837.3280639648438,452.2348327636719,10.549483,14.0,-1,8.649222
9,885,1414.8939280509949,983.3946743011475,1167.9337158203125,1145.7879638671875,10.174792,10.0,-1,25.302656
2032,885,481.6231608390808,-72.57505989074707,234.66294860839844,89.81822967529297,7.8495655,14.0,-1,13.942623
0,885,1477.1569895744324,821.9643154144287,1230.19677734375,984.3576049804688,7.328712,18.0,-1,16.40311
2127,885,1087.4950022697449,225.1837673187256,840.5347900390625,387.5770568847656,6.77636,16.0,-1,39.818542
8,885,1446.4502024650574,278.3103542327881,1199.489990234375,440.7036437988281,6.51417,14.0,-1,8.383225
2281,885,1781.6148753166199,-61.11893653869629,1534.6546630859375,101.27435302734375,5.721087,8.0,-1,25.41684
12,885,1127.3783640861511,810.129903793335,880.4181518554688,972.523193359375,5.2295394,10.0,-1,21.799967
2140,885,1607.7959055900574,1021.06471824646,1360.835693359375,1183.4580078125,4.4169936,22.0,-1,3.6913047
1784,885,1676.6748118400574,321.03099632263184,1429.714599609375,483.4242858886719,3.850878,12.0,-1,11.096619
1332,885,640.1872630119324,599.2773036956787,393.22705078125,761.6705932617188,3.579777,12.0,-1,12.815665
2080,885,689.332679271698,39.05789756774902,442.3724670410156,201.45118713378906,1.0728059,14.0,-1,4.31256
2524,885,1689.1118235588074,292.76122093200684,1442.151611328125,455.1545104980469,0.81898165,10.0,-1,4.603767
2389,885,1387.7962718009949,244.0895595550537,1140.8360595703125,406.48284912109375,0.7549078,12.0,-1,5.443963
1961,886,1564.6803050041199,476.3226833343506,1317.1490478515625,638.7380981445312,45.196957,24.0,-1,19.77142
10,886,487.0733714103699,14.067510604858398,239.5421142578125,176.48292541503906,30.44989,22.0,-1,12.884437
4,886,1249.8754954338074,-22.57773780822754,1002.34423828125,139.83767700195312,28.133097,8.0,1,11.791126
1,886,1537.5512766838074,182.06508445739746,1290.02001953125,344.4804992675781,24.001848,8.0,1,20.761591
3,886,1087.7675852775574,289.63451194763184,840.236328125,452.0499267578125,21.029127,14.0,-1,7.681127
1879,886,1810.2775950431824,7.309713363647461,1562.746337890625,169.72512817382812,17.971453,10.0,-1,7.020445
11,886,325.73093366622925,348.7631435394287,78.19967651367188,511.1785583496094,16.246336,20.0,-1,23.375366
2,886,1537.9819407463074,290.8874111175537,1290.45068359375,453.3028259277344,11.329243,14.0,-1,0.9619571
9,886,1415.1803050041199,979.2584133148193,1167.6490478515625,1141.673828125,8.649757,10.0,-1,23.40893
8,886,1447.4952464103699,277.4070644378662,1199.9639892578125,439.8224792480469,7.5537972,14.0,-1,8.874722
2032,886,484.166663646698,-71.71904182434082,236.63540649414062,90.69637298583984,6.8211846,14.0,-1,14.6334715
0,886,1477.1569895744324,823.3082180023193,1229.625732421875,985.7236328125,6.820299,16.0,-1,17.658438
2127,886,1086.9607005119324,225.7162685394287,839.429443359375,388.1316833496094,6.6607475,16.0,-1,39.9344
12,886,1128.8841624259949,809.9354763031006,881.3529052734375,972.3508911132812,5.347954,10.0,-1,24.93897
1332,886,638.3956980705261,598.3475246429443,390.86444091796875,760.762939453125,5.0835004,12.0,-1,16.389061
2281,886,1780.6179270744324,-56.76883125305176,1533.086669921875,105.6465835571289,4.537164,10.0,-1,21.379969
2140,886,1609.9056468009949,1024.0607814788818,1362.3743896484375,1186.4761962890625,3.373515,22.0,-1,3.0528324
1784,886,1676.7912669181824,320.8640956878662,1429.260009765625,483.2795104980469,1.7896123,12.0,-1,12.048815
2389,886,1386.6722483634949,243.9360866546631,1139.1409912109375,406.35150146484375,1.0304422,12.0,-1,4.338063
2524,886,1688.0459055900574,294.16051292419434,1440.5146484375,456.575927734375,0.65773404,12.0,-1,4.752102
2080,886,688.546790599823,43.43659019470215,441.0155334472656,205.8520050048828,0.65087,12.0,-1,4.452087
1961,887,1563.9056468009949,476.24645042419434,1316.037353515625,639.2177124023438,36.47616,26.0,-1,19.038284
4,887,1247.9558787345886,-23.028528213500977,1000.0875854492188,139.94273376464844,26.43458,8.0,1,13.043412
10,887,487.83969831466675,16.25203514099121,239.97140502929688,179.22329711914062,24.919458,22.0,-1,13.610481
1,887,1536.0910716056824,182.67650413513184,1288.2227783203125,345.64776611328125,20.200388,8.0,1,18.979053
1879,887,1811.2186350822449,6.612554550170898,1563.350341796875,169.5838165283203,17.891209,10.0,-1,9.908997
11,887,326.7413020133972,348.3752040863037,78.87300872802734,511.3464660644531,14.799417,18.0,-1,22.6526
2,887,1538.0551829338074,289.3642177581787,1290.1868896484375,452.3354797363281,13.669387,8.0,1,1.4806838
3,887,1089.0224680900574,290.4196071624756,841.1541748046875,453.390869140625,13.197295,14.0,-1,9.753279
9,887,1415.1803050041199,975.1957302093506,1167.31201171875,1138.1669921875,8.550931,10.0,-1,26.42931
8,887,1449.8208079338074,280.1703701019287,1201.9525146484375,443.1416320800781,8.166768,14.0,-1,10.190624
0,887,1476.5824046134949,823.5614528656006,1228.714111328125,986.53271484375,7.008825,16.0,-1,17.696335
2127,887,1086.1727366447449,227.0664577484131,838.304443359375,390.0377197265625,6.9191265,16.0,-1,38.491776
2032,887,484.3698649406433,-72.82390785217285,236.50157165527344,90.14735412597656,6.283935,14.0,-1,13.390004
2281,887,1779.4766917228699,-54.35862159729004,1531.6083984375,108.61264038085938,4.6729045,10.0,-1,23.132187
2140,887,1609.5167307853699,1025.379690170288,1361.6484375,1188.3509521484375,4.518326,24.0,-1,2.614006
1332,887,639.4688792228699,598.3475246429443,391.6005859375,761.3187866210938,4.451404,12.0,-1,15.125104
12,887,1129.6013255119324,808.0742702484131,881.7330322265625,971.0455322265625,3.3874176,10.0,-1,25.43609
1784,887,1674.7489085197449,319.66026878356934,1426.880615234375,482.63153076171875,1.9702641,12.0,-1,9.602043
2389,887,1388.2243723869324,245.4646511077881,1140.3560791015625,408.4359130859375,0.88255566,14.0,-1,4.3644395
2080,887,686.970618724823,41.30792808532715,439.1023254394531,204.27919006347656,0.65293044,12.0,-1,3.5395477
2524,887,1687.4261546134949,294.3048915863037,1439.557861328125,457.2761535644531,0.61040366,12.0,-1,4.506665
1961,888,1563.5836863517761,477.29173851013184,1315.7520751953125,640.3548583984375,45.804775,24.0,-1,19.800282
4,888,1248.2176585197449,-23.548837661743164,1000.3860473632812,139.5142822265625,22.195318,8.0,1,12.143253
1879,888,1811.7464060783386,8.938222885131836,1563.914794921875,172.0013427734375,21.662054,10.0,-1,8.990446
10,888,484.71379804611206,19.218664169311523,236.88218688964844,182.2817840576172,18.402548,22.0,-1,14.134311
2,888,1537.0132517814636,290.4929714202881,1289.181640625,453.55609130859375,17.10786,8.0,1,4.004175
1,888,1538.0739207267761,184.10106468200684,1290.2423095703125,347.1641845703125,14.5331,8.0,1,16.441109
11,888,326.6403956413269,347.32933616638184,78.80878448486328,510.3924560546875,12.371105,18.0,-1,22.522755
3,888,1088.6858592033386,290.54869651794434,840.854248046875,453.61181640625,11.117786,14.0,-1,8.0273695
8,888,1451.1325144767761,278.81090354919434,1203.3009033203125,441.8740234375,8.020186,14.0,-1,9.227472
2032,888,484.31613874435425,-73.1661319732666,236.48452758789062,89.89698791503906,7.9457974,14.0,-1,14.174205
9,888,1418.0552439689636,973.4788722991943,1170.2236328125,1136.5419921875,6.590046,10.0,-1,27.291183
2127,888,1086.1727366447449,226.9812831878662,838.3411254882812,390.0444030761719,6.5614667,18.0,-1,38.61155
0,888,1478.0004343986511,822.2430934906006,1230.1688232421875,985.3062133789062,6.0568748,18.0,-1,13.944334
2281,888,1781.2095408439636,-51.76359748840332,1533.3779296875,111.29952239990234,5.508572,8.0,-1,25.169186
2140,888,1608.8284373283386,1026.8694972991943,1360.996826171875,1189.9326171875,5.2542586,24.0,-1,2.8910017
12,888,1129.8757395744324,808.0742702484131,882.0441284179688,971.1373901367188,4.5699134,10.0,-1,24.333164
1332,888,640.1829600334167,596.2886867523193,392.3513488769531,759.351806640625,4.019556,12.0,-1,20.939146
1784,888,1670.0604929924011,315.9425563812256,1422.2288818359375,479.00567626953125,2.105534,12.0,-1,7.85243
2389,888,1391.3768992424011,240.4685878753662,1143.5452880859375,403.5317077636719,1.1528178,12.0,-1,4.938018
2080,888,685.3415598869324,42.85501670837402,437.50994873046875,205.9181365966797,0.8434897,12.0,-1,4.4137783
2524,888,1685.5372996330261,294.37645530700684,1437.7056884765625,457.4395751953125,0.7318813,12.0,-1,4.053993
1961,889,1562.0576853752136,481.0678005218506,1313.951904296875,643.765380859375,43.672726,24.0,-1,20.511528
10,889,483.6623454093933,18.949316024780273,235.5565643310547,181.6468963623047,23.120523,22.0,-1,13.377966
1879,889,1814.3186717033386,10.914190292358398,1566.212890625,173.6117706298828,22.775381,10.0,-1,11.55719
4,889,1246.5258250236511,-24.8072452545166,998.4200439453125,137.8903350830078,20.399752,8.0,1,11.17289
1,889,1538.3167185783386,184.33766746520996,1290.2109375,347.0352478027344,18.820627,8.0,1,14.905703
3,889,1090.3530955314636,289.89110374450684,842.247314453125,452.58868408203125,16.779638,14.0,-1,7.6524596
11,889,327.3115382194519,347.8327236175537,79.20575714111328,510.5303039550781,13.435757,20.0,-1,22.682798
2,889,1536.6691355705261,289.95750999450684,1288.5633544921875,452.65509033203125,12.399852,8.0,1,6.452317
0,889,1479.6067576408386,819.9218654632568,1231.5009765625,982.6194458007812,10.876286,16.0,-1,15.225445
2032,889,486.77101850509644,-73.84296607971191,238.6652374267578,88.8546142578125,9.797048,14.0,-1,15.079134
2140,889,1610.1331248283386,1027.206106185913,1362.02734375,1189.9036865234375,8.856312,22.0,-1,2.6922266
9,889,1422.2974314689636,973.5457057952881,1174.191650390625,1136.2432861328125,8.0871315,8.0,-1,32.758614
1332,889,640.5574412345886,596.5170192718506,392.45166015625,759.214599609375,6.485105,12.0,-1,19.57393
2127,889,1085.3137888908386,227.5900478363037,837.2080078125,390.2876281738281,6.1417174,16.0,-1,34.27049
8,889,1451.1325144767761,280.38576316833496,1203.0267333984375,443.0833435058594,5.841233,14.0,-1,8.48147
2281,889,1779.7346873283386,-52.59932899475098,1531.62890625,110.09825134277344,4.8371444,10.0,-1,22.0228
12,889,1129.7349925041199,808.0742702484131,881.6292114257812,970.7718505859375,3.9310129,10.0,-1,27.148218
1784,889,1666.8833689689636,315.53468894958496,1418.777587890625,478.2322692871094,2.7058022,14.0,-1,8.618702
2080,889,682.991370677948,39.09561729431152,434.8855895996094,201.79319763183594,1.167375,12.0,-1,4.2472963
2389,889,1386.9640574455261,238.76134300231934,1138.8582763671875,401.45892333984375,1.1261988,12.0,-1,5.5767255
2524,889,1688.1537547111511,295.5338649749756,1440.0479736328125,458.2314453125,0.5952569,14.0,-1,4.6326914
1961,890,1562.2661814689636,481.50841331481934,1313.846923828125,643.8091430664062,54.022274,24.0,-1,21.036955
10,890,482.4579691886902,19.66414451599121,234.03871154785156,181.96487426757812,26.408272,22.0,-1,12.66144
1879,890,1815.8742136955261,11.873449325561523,1567.4549560546875,174.17417907714844,20.419672,10.0,-1,10.623405
11,890,328.95925092697144,347.81825828552246,80.53999328613281,510.1189880371094,20.34775,18.0,-1,22.72905
4,890,1246.1041331291199,-26.410409927368164,997.6848754882812,135.89031982421875,19.490389,8.0,1,12.474738
1,890,1538.4816355705261,184.33766746520996,1290.0623779296875,346.6383972167969,17.362997,8.0,1,16.304577
2,890,1535.1413035392761,288.23781394958496,1286.7220458984375,450.5385437011719,16.5039,8.0,1,5.6307096
3,890,1090.3735423088074,291.0657558441162,841.9542846679688,453.3664855957031,14.768857,14.0,-1,6.693935
0,890,1481.3497996330261,818.7030544281006,1232.9305419921875,981.0037841796875,13.146407,16.0,-1,16.248991
2032,890,490.32558393478394,-76.49778175354004,241.9063262939453,85.80294799804688,8.310302,14.0,-1,13.992744
9,890,1422.7344431877136,973.2081813812256,1174.315185546875,1135.5089111328125,8.158642,8.0,-1,29.146013
2127,890,1084.1907420158386,229.8999843597412,835.771484375,392.2007141113281,6.1192727,14.0,-1,35.902946
8,890,1449.3197703361511,277.64748191833496,1200.9005126953125,439.9482116699219,5.2710376,14.0,-1,6.918071
1332,890,640.6765818595886,596.8167018890381,392.25732421875,759.117431640625,5.2379727,12.0,-1,16.08039
12,890,1130.4486765861511,807.6070461273193,882.0294189453125,969.9077758789062,4.958547,12.0,-1,23.842121
2140,890,1610.1331248283386,1029.1093044281006,1361.7138671875,1191.4100341796875,4.674183,22.0,-1,3.5216706
2281,890,1778.5298533439636,-52.421884536743164,1530.110595703125,109.87884521484375,4.4886456,10.0,-1,20.13486
1784,890,1663.0092234611511,316.47109031677246,1414.5899658203125,478.7718200683594,2.421986,12.0,-1,10.567194
2389,890,1384.4254832267761,235.4612331390381,1136.0062255859375,397.761962890625,1.0340797,12.0,-1,6.3955097
2080,890,681.3582530021667,38.83505821228027,432.9389953613281,201.1357879638672,0.8256748,14.0,-1,4.1087365
2524,890,1687.9888377189636,297.7670497894287,1439.569580078125,460.0677795410156,0.7844061,10.0,-1,4.675813
1961,891,1562.1386179924011,482.0146999359131,1312.734130859375,643.5659790039062,44.105145,24.0,-1,20.890171
11,891,328.95676374435425,347.23436546325684,79.55227661132812,508.78564453125,24.303091,20.0,-1,22.460676
1879,891,1813.7345652580261,14.491460800170898,1564.330078125,176.04273986816406,21.178556,10.0,-1,9.632643
4,891,1247.0714182853699,-27.159692764282227,997.6669311523438,134.39158630371094,21.075953,8.0,1,12.188716
1,891,1537.9960398674011,182.58690452575684,1288.591552734375,344.13818359375,21.047007,8.0,1,17.934425
10,891,478.74831342697144,19.31148338317871,229.3438262939453,180.86276245117188,15.135152,22.0,-1,13.89311
2,891,1534.7277293205261,288.3424587249756,1285.3232421875,449.89373779296875,13.681535,8.0,1,6.008511
0,891,1482.7659373283386,818.7030544281006,1233.3614501953125,980.2543334960938,12.072288,16.0,-1,18.42687
3,891,1089.8483347892761,293.17101097106934,840.44384765625,454.7222900390625,11.947845,14.0,-1,6.030179
9,891,1419.2548289299011,970.4388332366943,1169.850341796875,1131.9901123046875,9.066312,8.0,-1,31.096058
2032,891,490.90805768966675,-76.31697273254395,241.50357055664062,85.23430633544922,7.542843,14.0,-1,14.356277
2140,891,1610.1331248283386,1029.0860500335693,1360.7286376953125,1190.6373291015625,7.2968273,24.0,-1,3.037168
1332,891,642.6132578849792,597.8217678070068,393.2087707519531,759.373046875,6.046461,12.0,-1,13.104379
2281,891,1779.6414256095886,-50.126115798950195,1530.2369384765625,111.42516326904297,5.921595,10.0,-1,19.916283
8,891,1450.6549754142761,277.0038661956787,1201.25048828125,438.5551452636719,5.8852515,16.0,-1,3.568753
12,891,1133.1019358634949,807.2337551116943,883.6974487304688,968.7850341796875,4.3504806,10.0,-1,28.081474
2127,891,1084.5332713127136,229.2184352874756,835.1287841796875,390.76971435546875,3.833292,16.0,-1,33.93127
1784,891,1660.0686717033386,317.1877956390381,1410.6641845703125,478.73907470703125,2.9024363,10.0,-1,12.762712
2389,891,1385.2179636955261,234.1304225921631,1135.8134765625,395.68170166015625,0.8174034,14.0,-1,4.8972316
2080,891,677.2404856681824,41.012014389038086,427.83599853515625,202.56329345703125,0.7888195,14.0,-1,4.1742477
2524,891,1689.7163767814636,300.25731468200684,1440.3118896484375,461.80859375,0.73601085,10.0,-1,4.698188
1961,892,1562.0698466300964,481.14500999450684,1311.5408935546875,642.8218994140625,43.131725,24.0,-1,19.646988
10,892,478.74831342697144,20.61098289489746,228.2193603515625,182.28787231445312,22.813995,22.0,-1,13.3209
1879,892,1814.871726512909,14.988729476928711,1564.3427734375,176.66561889648438,19.009205,10.0,-1,9.478758
4,892,1247.9185404777527,-27.159692764282227,997.3895874023438,134.51719665527344,18.456642,8.0,1,12.833781
2,892,1535.194236278534,284.8735866546631,1284.665283203125,446.55047607421875,16.108139,8.0,1,6.82654
11,892,329.9561381340027,347.33458518981934,79.42718505859375,509.011474609375,15.459377,20.0,-1,23.668629
1,892,1537.776511669159,180.8138027191162,1287.24755859375,342.4906921386719,14.723674,8.0,1,18.775198
8,892,1450.484519481659,277.7157497406006,1199.95556640625,439.39263916015625,9.357888,16.0,-1,3.59202
0,892,1484.066794872284,817.8234767913818,1233.537841796875,979.5003662109375,7.9047704,16.0,-1,19.750467
2140,892,1610.376121044159,1027.9893703460693,1359.84716796875,1189.666259765625,7.607454,22.0,-1,2.3402705
9,892,1417.9211649894714,970.7631740570068,1167.3922119140625,1132.4400634765625,7.4255614,8.0,-1,31.79982
1332,892,642.0279459953308,600.4943141937256,391.4989929199219,762.1712036132812,7.3674607,14.0,-1,21.362106
3,892,1089.2836527824402,293.02870750427246,838.7546997070312,454.7055969238281,7.186629,14.0,-1,3.8188953
12,892,1134.479880809784,806.5464992523193,883.950927734375,968.223388671875,6.926022,10.0,-1,26.30395
2032,892,494.1221842765808,-76.0987491607666,243.59323120117188,85.57814025878906,6.8240867,14.0,-1,13.7870245
2281,892,1781.112693309784,-50.88340950012207,1530.583740234375,110.7934799194336,5.215942,10.0,-1,22.19048
2127,892,1082.6811137199402,230.49184226989746,832.1521606445312,392.1687316894531,3.8138812,14.0,-1,33.975464
1784,892,1659.187644481659,322.26744651794434,1408.65869140625,483.9443359375,3.329406,12.0,-1,11.039383
2080,892,676.4824748039246,38.12703514099121,425.9535217285156,199.80392456054688,1.0324522,16.0,-1,4.174204
2389,892,1386.6050028800964,233.8125514984131,1136.0760498046875,395.48944091796875,0.9072721,18.0,-1,2.8997202
2524,892,1687.045798778534,300.49172019958496,1436.516845703125,462.1686096191406,0.59092087,10.0,-1,4.4193134
1961,893,1562.593650341034,481.14500999450684,1311.136962890625,642.5497436523438,32.944332,24.0,-1,19.793991
11,893,329.36403608322144,347.7984218597412,77.9073486328125,509.2031555175781,23.078886,20.0,-1,23.985847
4,893,1247.6723246574402,-27.498315811157227,996.2156372070312,133.9064178466797,22.232885,8.0,1,13.556076
10,893,477.7080912590027,22.039236068725586,226.25140380859375,183.4439697265625,21.370789,22.0,-1,13.663229
1879,893,1815.3591532707214,18.4067440032959,1563.9024658203125,179.8114776611328,21.226648,10.0,-1,7.500033
2,893,1535.988914012909,286.10768699645996,1284.5322265625,447.5124206542969,15.157907,8.0,1,9.796636
1,893,1539.5705790519714,179.4888515472412,1288.1138916015625,340.8935852050781,13.844643,8.0,1,17.84101
0,893,1483.272605419159,820.1845607757568,1231.81591796875,981.5892944335938,13.804135,18.0,-1,15.837126
3,893,1087.7403178215027,292.50026512145996,836.2836303710938,453.9049987792969,12.340287,14.0,-1,4.2104025
9,893,1417.3972392082214,972.5682888031006,1165.9405517578125,1133.9730224609375,10.616761,8.0,-1,29.917648
1332,893,641.9098734855652,600.1982936859131,390.45318603515625,761.60302734375,9.724488,14.0,-1,21.985348
12,893,1137.5469584465027,806.9514064788818,886.0902709960938,968.3561401367188,8.544333,10.0,-1,29.295889
8,893,1451.571921825409,275.4850368499756,1200.115234375,436.8897705078125,7.030455,14.0,-1,4.322137
2032,893,497.2426218986511,-74.49057197570801,245.7859344482422,86.9141616821289,6.4368553,14.0,-1,13.141929
2127,893,1081.9267802238464,229.14830589294434,830.4700927734375,390.55303955078125,5.971674,16.0,-1,34.951656
2140,893,1611.362937450409,1027.6884059906006,1359.90625,1189.0931396484375,5.830576,22.0,-1,4.070003
2281,893,1783.071189403534,-49.35415077209473,1531.614501953125,112.05058288574219,5.302673,10.0,-1,22.233612
1784,893,1659.187644481659,323.3004970550537,1407.73095703125,484.7052307128906,3.3394213,10.0,-1,12.330728
2524,893,1685.244529247284,296.6644802093506,1433.787841796875,458.0692138671875,1.0889621,12.0,-1,5.4273987
2389,893,1384.1611552238464,233.1546230316162,1132.7044677734375,394.5593566894531,1.0720655,14.0,-1,2.4082217
2080,893,676.7912211418152,36.44411277770996,425.33453369140625,197.84884643554688,0.7288439,12.0,-1,3.8965223
1961,894,1563.476218700409,481.7826442718506,1311.968505859375,643.3383178710938,53.69898,24.0,-1,21.2938
11,894,327.6930613517761,349.2544460296631,76.18534851074219,510.81011962890625,26.74299,20.0,-1,22.180218
10,894,477.71482038497925,22.746389389038086,226.2071075439453,184.30206298828125,19.57976,22.0,-1,14.220774
1,894,1539.8767313957214,180.5039577484131,1288.3690185546875,342.05963134765625,19.508612,8.0,1,16.627773
1879,894,1814.951804637909,16.923696517944336,1563.444091796875,178.4793701171875,17.328741,10.0,-1,8.726592
4,894,1248.272117137909,-27.763208389282227,996.764404296875,133.79246520996094,15.786981,8.0,1,14.056715
2,894,1536.0818095207214,287.4969081878662,1284.5740966796875,449.0525817871094,13.956657,8.0,1,7.097562
3,894,1087.8945536613464,293.9614772796631,836.3868408203125,455.51715087890625,13.110229,14.0,-1,4.2907367
0,894,1483.587546825409,820.1845607757568,1232.079833984375,981.740234375,10.679589,16.0,-1,18.155087
1332,894,641.8623576164246,598.1603908538818,390.3546447753906,759.716064453125,10.596234,14.0,-1,13.194132
8,894,1453.1677470207214,276.62697410583496,1201.6600341796875,438.1826477050781,7.971346,14.0,-1,6.069468
2032,894,498.2752604484558,-76.36233711242676,246.76754760742188,85.1933364868164,7.0241737,14.0,-1,14.348752
9,894,1418.376365184784,972.0128078460693,1166.86865234375,1133.5684814453125,6.374064,8.0,-1,29.494398
12,894,1135.6940531730652,808.8619289398193,884.1863403320312,970.4176025390625,6.342964,10.0,-1,29.022066
2140,894,1607.0693583488464,1027.3983058929443,1355.5616455078125,1188.9539794921875,4.621934,22.0,-1,3.1486719
2127,894,1079.4562602043152,230.95799827575684,827.9485473632812,392.513671875,4.243777,16.0,-1,31.556728
2281,894,1780.680564403534,-49.83250617980957,1529.1728515625,111.7231674194336,3.8479316,10.0,-1,22.816696
1784,894,1659.187644481659,323.93202781677246,1407.679931640625,485.4877014160156,3.485217,10.0,-1,13.219901
2389,894,1383.313376903534,232.97691917419434,1131.8056640625,394.5325927734375,1.2829343,16.0,-1,3.147097
2524,894,1682.345359325409,295.41823387145996,1430.837646484375,456.9739074707031,1.1160749,10.0,-1,5.342364
2080,894,673.5276713371277,33.42232322692871,422.01995849609375,194.97799682617188,0.99807453,10.0,-1,3.7945766
1961,895,1566.016013622284,480.82054710388184,1313.85986328125,642.6917724609375,65.16594,24.0,-1,20.091045
2,895,1534.3716044425964,288.07542991638184,1282.2154541015625,449.9466552734375,22.467377,8.0,1,5.569793
10,895,477.4975047111511,24.738012313842773,225.3413543701172,186.60923767089844,20.09412,20.0,-1,13.582066
11,895,328.1540446281433,349.2544460296631,75.99789428710938,511.12567138671875,16.858992,20.0,-1,23.4233
4,895,1248.1054301261902,-27.71953773498535,995.9492797851562,134.1516876220703,16.295534,8.0,1,13.446032
1,895,1540.3413310050964,181.08202171325684,1288.1851806640625,342.9532470703125,13.903591,8.0,1,16.325243
1879,895,1813.675925731659,15.740377426147461,1561.519775390625,177.61160278320312,13.883531,10.0,-1,7.745143
3,895,1089.8039164543152,293.1087245941162,837.6477661132812,454.9799499511719,11.403119,14.0,-1,3.4056733
9,895,1416.594871044159,974.0674953460693,1164.438720703125,1135.938720703125,11.158389,8.0,-1,31.30606
0,895,1483.5205302238464,818.3231105804443,1231.3643798828125,980.1943359375,11.129982,16.0,-1,19.26343
2140,895,1607.0693583488464,1026.8039455413818,1354.9132080078125,1188.6751708984375,9.003215,22.0,-1,2.1162782
8,895,1456.723533153534,279.88646507263184,1204.5673828125,441.7576904296875,7.844986,14.0,-1,7.3572264
2127,895,1078.7571024894714,232.7686061859131,826.6009521484375,394.63983154296875,7.567373,16.0,-1,33.982685
1332,895,641.9358744621277,595.6279201507568,389.77972412109375,757.4991455078125,7.184694,14.0,-1,12.376985
2032,895,500.5932993888855,-76.62669563293457,248.43714904785156,85.2445297241211,5.921497,14.0,-1,13.677331
1784,895,1660.1460185050964,324.16441917419434,1407.9898681640625,486.03564453125,5.133344,12.0,-1,13.924218
2281,895,1779.8779520988464,-48.050912857055664,1527.7218017578125,113.8203125,4.8648987,8.0,-1,26.716967
12,895,1137.7165751457214,808.3662014007568,885.5604248046875,970.2374267578125,4.704293,10.0,-1,30.539549
2389,895,1382.3523173332214,232.0565700531006,1130.1961669921875,393.92779541015625,1.4192966,16.0,-1,1.8975921
2524,895,1677.7092509269714,294.4977321624756,1425.5531005859375,456.36895751953125,0.6859977,12.0,-1,4.3247523
2080,895,677.5434489250183,33.642446517944336,425.3872985839844,195.513671875,0.48430356,16.0,-1,3.9641016
1961,896,1565.404929637909,478.8068141937256,1313.164794921875,641.1674194335938,38.86126,24.0,-1,19.148926
4,896,1246.7004618644714,-30.21335792541504,994.4603271484375,132.14724731445312,23.961416,8.0,1,12.254899
10,896,473.8931803703308,27.345434188842773,221.65304565429688,189.70603942871094,20.872866,20.0,-1,13.150078
1879,896,1814.284812450409,15.362081527709961,1562.044677734375,177.72268676757812,17.48887,10.0,-1,7.287875
11,896,328.58703565597534,350.8423366546631,76.3469009399414,513.2029418945312,17.118155,20.0,-1,22.449509
2,896,1535.756736278534,285.66478538513184,1283.5166015625,448.025390625,13.411544,8.0,1,9.854548
1,896,1539.4392313957214,181.7274990081787,1287.1990966796875,344.0881042480469,12.092156,8.0,1,14.530253
8,896,1456.723533153534,279.9683132171631,1204.4833984375,442.32891845703125,10.067671,14.0,-1,7.3257475
0,896,1482.600974559784,817.3114528656006,1230.36083984375,979.6720581054688,9.783792,18.0,-1,19.906454
2140,896,1607.889060497284,1029.0902004241943,1355.64892578125,1191.4508056640625,9.679907,22.0,-1,3.324169
3,896,1092.7664408683777,291.88857078552246,840.5263061523438,454.2491760253906,9.535071,14.0,-1,3.262563
9,896,1419.741355419159,973.7769680023193,1167.501220703125,1136.1375732421875,8.592406,8.0,-1,34.13244
1332,896,641.0258402824402,593.3599758148193,388.78570556640625,755.7205810546875,7.408441,12.0,-1,17.282953
2032,896,502.4117045402527,-76.4256534576416,250.17156982421875,85.93495178222656,6.183353,14.0,-1,12.472609
2127,896,1076.8632426261902,232.7686061859131,824.6231079101562,395.12921142578125,5.5857444,16.0,-1,34.904747
12,896,1135.1184916496277,806.3450832366943,882.8783569335938,968.7056884765625,4.9364934,10.0,-1,31.38034
2281,896,1780.9897685050964,-47.78450965881348,1528.7496337890625,114.57609558105469,4.7504344,8.0,-1,27.907068
1784,896,1659.9895243644714,323.5167751312256,1407.7493896484375,485.87738037109375,2.234196,12.0,-1,10.550127
2080,896,678.2337870597839,33.75520896911621,425.99365234375,196.11581420898438,1.515819,12.0,-1,4.7760925
2389,896,1385.1130595207214,234.74498558044434,1132.8729248046875,397.1055908203125,0.83949274,14.0,-1,1.936419
2524,896,1676.085837841034,296.5675868988037,1423.845703125,458.9281921386719,0.5493599,12.0,-1,4.364915
1961,897,1563.4270243644714,479.86485862731934,1311.665283203125,641.8373413085938,42.9481,24.0,-1,21.734013
11,897,327.62444257736206,351.2329616546631,75.86270141601562,513.2054443359375,21.744064,20.0,-1,22.518724
10,897,470.2842478752136,26.545034408569336,218.5225067138672,188.51751708984375,20.281986,22.0,-1,13.660813
1879,897,1815.592673778534,15.051549911499023,1563.8309326171875,177.02403259277344,18.139307,10.0,-1,10.219548
4,897,1247.7839579582214,-31.93302345275879,996.022216796875,130.03945922851562,17.678247,8.0,1,11.735134
9,897,1419.741355419159,975.9288845062256,1167.9796142578125,1137.9013671875,12.550536,8.0,-1,33.59214
2,897,1533.320456981659,285.9974880218506,1281.5587158203125,447.969970703125,11.97133,8.0,1,9.551298
1,897,1538.183249950409,182.02647972106934,1286.4215087890625,343.99896240234375,11.968254,8.0,1,9.636959
0,897,1484.7744364738464,816.5338039398193,1233.0126953125,978.5062866210938,11.904309,16.0,-1,20.96283
3,897,1093.9228739738464,291.88857078552246,842.1611328125,453.8610534667969,10.896014,14.0,-1,3.2666998
2032,897,501.1943736076355,-74.18049812316895,249.43263244628906,87.79198455810547,7.9917736,14.0,-1,11.024138
8,897,1457.593162059784,279.0803737640381,1205.8314208984375,441.0528564453125,7.9908843,14.0,-1,6.608439
2140,897,1607.9914774894714,1027.5143337249756,1356.229736328125,1189.48681640625,7.1448383,20.0,-1,3.0169764
2281,897,1780.8633036613464,-48.81968879699707,1529.1015625,113.15279388427734,6.7355556,8.0,-1,29.599842
2127,897,1075.0198588371277,233.79503440856934,823.2581176757812,395.76751708984375,6.493036,14.0,-1,35.302906
12,897,1138.1557230949402,805.1540431976318,886.3939819335938,967.1265258789062,6.2290177,10.0,-1,31.45036
1332,897,641.8657755851746,593.1348171234131,390.1040344238281,755.1072998046875,5.8573604,12.0,-1,16.875237
1784,897,1659.7556376457214,320.75478172302246,1407.993896484375,482.7272644042969,1.2663418,12.0,-1,9.131692
2389,897,1386.463279247284,238.69057273864746,1134.7015380859375,400.6630554199219,0.91328555,22.0,-1,2.4168599
2524,897,1677.4323954582214,299.91319847106934,1425.670654296875,461.88568115234375,0.88029957,10.0,-1,4.2832527
2080,897,675.5987162590027,34.483999252319336,423.83697509765625,196.45648193359375,0.6859226,10.0,-1,3.6023023
2779,897,455.79819440841675,37.7314510345459,204.0364532470703,199.7039337158203,0.21213682,12.0,1,2.7985983
1961,898,1563.499900341034,481.94591331481934,1311.1409912109375,643.7627563476562,60.39371,24.0,-1,21.16675
11,898,327.1627039909363,350.80480003356934,74.80379486083984,512.6216430664062,23.69761,20.0,-1,22.640297
10,898,469.91196393966675,26.7840633392334,217.5530548095703,188.6009063720703,22.806839,22.0,-1,14.95936
1,898,1538.3921122550964,182.02647972106934,1286.033203125,343.84332275390625,16.938068,8.0,1,9.461415
4,898,1250.7782816886902,-34.087839126586914,998.4193725585938,127.72900390625,15.525365,8.0,1,9.154119
2,898,1532.342673778534,288.75523948669434,1279.9837646484375,450.57208251953125,14.935176,8.0,1,11.496622
1879,898,1814.178122997284,13.497335433959961,1561.8192138671875,175.31417846679688,14.50964,10.0,-1,10.3419
0,898,1485.453757762909,817.9817409515381,1233.0948486328125,979.798583984375,12.938077,16.0,-1,18.557915
2140,898,1609.621238231659,1027.8033962249756,1357.2623291015625,1189.6202392578125,11.366542,22.0,-1,2.8367224
2281,898,1780.2658915519714,-49.73552131652832,1527.906982421875,112.0813217163086,9.743779,8.0,-1,34.03484
8,898,1456.694480419159,280.56960105895996,1204.3355712890625,442.3864440917969,9.145471,14.0,-1,5.842415
3,898,1093.9228739738464,290.1621608734131,841.56396484375,451.97900390625,8.672163,14.0,-1,2.893444
9,898,1421.5827860832214,973.9659938812256,1169.223876953125,1135.7828369140625,7.997137,10.0,-1,27.119167
2032,898,501.6391520500183,-72.76254463195801,249.28024291992188,89.0542984008789,6.6270146,14.0,-1,10.896107
2127,898,1076.1011576652527,233.62535667419434,823.7422485351562,395.44219970703125,6.387215,16.0,-1,35.249413
1332,898,640.7131266593933,593.0999050140381,388.3542175292969,754.916748046875,5.8920827,12.0,-1,19.916405
12,898,1137.701804637909,803.2200222015381,885.3428955078125,965.036865234375,4.4109488,10.0,-1,29.997393
1784,898,1658.3227763175964,320.6619472503662,1405.9638671875,482.4787902832031,2.209217,22.0,-1,10.026022
2524,898,1679.7351298332214,304.02293968200684,1427.376220703125,465.83978271484375,0.92811173,10.0,-1,4.725578
2080,898,676.2530741691589,38.11745262145996,423.8941650390625,199.93429565429688,0.85605806,14.0,-1,4.59612
2389,898,1382.6242899894714,240.9848232269287,1130.265380859375,402.8016662597656,0.67743444,20.0,-1,2.6782684
1961,899,1562.1018290519714,481.5147075653076,1309.2034912109375,643.4021606445312,57.696957,24.0,-1,21.91645
4,899,1250.7782816886902,-34.087839126586914,997.8799438476562,127.79961395263672,24.480902,8.0,1,9.697217
11,899,326.9868769645691,353.3833599090576,74.08853912353516,515.2708129882812,20.541542,20.0,-1,22.739902
10,899,467.99574995040894,29.397489547729492,215.097412109375,191.28494262695312,19.249813,22.0,-1,13.144702
1879,899,1814.727927684784,14.000669479370117,1561.82958984375,175.88812255859375,14.956882,10.0,-1,8.811722
0,899,1484.9355692863464,818.4373149871826,1232.0372314453125,980.3247680664062,14.916538,16.0,-1,18.233208
3,899,1093.1491923332214,289.7186870574951,840.2508544921875,451.60614013671875,13.789145,14.0,-1,4.8751936
2127,899,1076.7726664543152,234.389554977417,823.8743286132812,396.2770080566406,13.027894,14.0,-1,38.67991
2,899,1530.7434306144714,289.4885845184326,1277.8450927734375,451.37603759765625,12.551957,8.0,1,9.6348
2140,899,1610.6101298332214,1029.9326152801514,1357.7117919921875,1191.820068359375,11.686973,22.0,-1,3.4265118
1,899,1538.5188212394714,180.28899955749512,1285.6204833984375,342.17645263671875,10.903777,8.0,1,8.615347
2281,899,1782.379539012909,-51.988908767700195,1529.481201171875,109.89854431152344,8.921647,8.0,-1,32.569763
8,899,1455.711814403534,280.90661430358887,1202.8134765625,442.7940673828125,7.6549134,16.0,-1,3.5018346
9,899,1425.111960887909,970.0590801239014,1172.213623046875,1131.946533203125,7.6099315,8.0,-1,31.994827
1332,899,641.8905253410339,592.2848491668701,388.9921875,754.1723022460938,6.8505874,12.0,-1,16.758318
2032,899,503.61814069747925,-73.48494911193848,250.7198028564453,88.40250396728516,6.299622,14.0,-1,11.959208
12,899,1139.8877787590027,802.2521953582764,886.9894409179688,964.1396484375,4.69499,10.0,-1,30.268656
1784,899,1655.708152294159,320.31933403015137,1402.809814453125,482.206787109375,2.2547312,14.0,-1,10.268333
2389,899,1378.7307353019714,241.630277633667,1125.8323974609375,403.5177307128906,1.0473984,24.0,-1,2.9105926
2524,899,1681.8069071769714,307.37621879577637,1428.9085693359375,469.263671875,0.8655351,12.0,-1,5.070409
2080,899,671.4774699211121,36.609540939331055,418.5791320800781,198.4969940185547,0.43785024,12.0,-1,3.4251845
1961,900,1561.6513895988464,480.5917339324951,1308.235595703125,643.1302490234375,55.58568,24.0,-1,21.495691
4,900,1251.2776103019714,-36.50943946838379,997.86181640625,126.0290756225586,29.20466,8.0,1,10.00102
2779,900,463.14275312423706,33.87054252624512,209.72695922851562,196.4090576171875,19.906935,22.0,-1,12.98538
11,900,327.68120527267456,354.02343559265137,74.26541137695312,516.5619506835938,18.32861,20.0,-1,21.84694
0,900,1484.695945262909,819.7611064910889,1231.2801513671875,982.2996215820312,13.7155695,16.0,-1,20.896566
1879,900,1814.179099559784,15.083433151245117,1560.7633056640625,177.6219482421875,13.54828,10.0,-1,8.038376
3,900,1093.7936625480652,290.748685836792,840.3778686523438,453.2872009277344,12.508466,14.0,-1,3.528528
9,900,1427.2512431144714,969.4417095184326,1173.83544921875,1131.980224609375,12.419594,8.0,-1,35.172604
2,900,1530.602927684784,289.24255180358887,1277.1871337890625,451.78106689453125,10.397856,8.0,1,12.272509
1,900,1538.659324169159,180.23437309265137,1285.2435302734375,342.77288818359375,8.332488,8.0,1,7.1959805
2127,900,1078.9025492668152,234.44418144226074,825.4867553710938,396.9826965332031,8.1114645,14.0,-1,43.779434
1332,900,644.0027995109558,588.1261577606201,390.5870056152344,750.6646728515625,5.901137,12.0,-1,11.298113
8,900,1453.653953075409,280.8009624481201,1200.2381591796875,443.3394775390625,5.8766694,14.0,-1,6.836416
2281,900,1783.5324931144714,-50.67291450500488,1530.11669921875,111.8656005859375,5.841244,8.0,-1,26.803411
12,900,1141.6783061027527,801.1582622528076,888.2625122070312,963.69677734375,5.424616,10.0,-1,31.139984
2032,900,501.20363569259644,-73.31745338439941,247.787841796875,89.22106170654297,4.6354656,14.0,-1,11.554895
2140,900,1611.5656962394714,1031.7155132293701,1358.14990234375,1194.2540283203125,4.1259274,22.0,-1,3.6147447
1784,900,1654.465232372284,319.374906539917,1401.0494384765625,481.9134216308594,2.1400254,14.0,-1,6.546421
2524,900,1680.669822216034,309.57284355163574,1427.2540283203125,472.1113586425781,1.3266473,10.0,-1,4.901129
2080,900,668.8396525382996,36.00677299499512,415.4238586425781,198.5452880859375,1.078569,12.0,-1,4.7260933
2389,900,1376.5058817863464,242.43551445007324,1123.090087890625,404.9740295410156,0.72482127,14.0,-1,2.9121404
1961,901,1562.5443949699402,480.68392753601074,1308.7940673828125,643.3416748046875,39.465786,24.0,-1,20.716816
1879,901,1813.8258891105652,15.315641403198242,1560.0755615234375,177.973388671875,28.321016,10.0,-1,10.521205
2779,901,462.24611616134644,35.703168869018555,208.49578857421875,198.3609161376953,21.903425,20.0,-1,12.816168
4,901,1251.802146434784,-37.89499855041504,998.0518188476562,124.76274871826172,19.427397,8.0,1,9.341107
11,901,326.93735456466675,353.7375774383545,73.18702697753906,516.3953247070312,14.67606,20.0,-1,22.383245
3,901,1095.266746044159,290.748685836792,841.5164184570312,453.40643310546875,12.191734,14.0,-1,4.044675
0,901,1486.5382914543152,820.7687664031982,1232.7879638671875,983.426513671875,11.393979,16.0,-1,19.380207
2,901,1530.4579691886902,287.62914848327637,1276.7076416015625,450.2868957519531,10.862366,8.0,1,16.098734
1,901,1538.3438334465027,180.007963180542,1284.593505859375,342.66571044921875,9.750627,8.0,1,6.6910315
2127,901,1078.389548778534,234.8039836883545,824.6392211914062,397.46173095703125,9.604798,16.0,-1,44.84731
9,901,1427.5766215324402,971.2660808563232,1173.8262939453125,1133.923828125,8.994223,8.0,-1,33.663113
2281,901,1784.3979105949402,-50.705514907836914,1530.6475830078125,111.95223236083984,8.522538,8.0,-1,30.495302
2140,901,1610.7520365715027,1030.7174968719482,1357.001708984375,1193.375244140625,6.919728,22.0,-1,2.7361016
2032,901,501.3910746574402,-73.40446662902832,247.6407470703125,89.25328063964844,5.7124476,12.0,-1,11.281363
1332,901,644.5776286125183,585.5337200164795,390.8273010253906,748.1914672851562,5.265828,12.0,-1,11.65205
12,901,1139.821677684784,799.4057292938232,886.0713500976562,962.0634765625,4.586676,10.0,-1,29.397987
8,901,1456.3959574699402,282.01095390319824,1202.6456298828125,444.668701171875,3.8472097,14.0,-1,5.3155985
1784,901,1654.3186869621277,321.37731742858887,1400.568359375,484.0350646972656,2.5301166,14.0,-1,5.8978834
2389,901,1375.4490580558777,238.42956352233887,1121.69873046875,401.0873107910156,0.8868413,16.0,-1,2.8920767
2524,901,1681.5782084465027,310.1842632293701,1427.827880859375,472.8420104980469,0.674032,28.0,-1,4.5330763
2080,901,668.8396525382996,40.62231254577637,415.0893249511719,203.28005981445312,0.6725419,12.0,-1,4.425571
1961,902,1564.8030619621277,481.9068202972412,1310.621337890625,644.1881713867188,51.088795,24.0,-1,20.296652
4,902,1252.4501566886902,-37.89499855041504,998.2684326171875,124.3863525390625,25.605278,8.0,1,6.3572493
11,902,326.54170179367065,353.43996238708496,72.35997772216797,515.7213134765625,22.589705,20.0,-1,22.029919
2779,902,462.2095103263855,36.726125717163086,208.0277862548828,199.00747680664062,18.295973,20.0,-1,13.196806
1879,902,1816.1243510246277,15.167394638061523,1561.942626953125,177.44874572753906,17.779783,10.0,-1,9.774629
2,902,1529.7126078605652,287.39952659606934,1275.5308837890625,449.6808776855469,12.438122,8.0,1,14.843895
0,902,1486.8013529777527,819.8138637542725,1232.61962890625,982.09521484375,11.564698,16.0,-1,18.895489
9,902,1430.2157816886902,972.31520652771,1176.0340576171875,1134.5965576171875,11.506,8.0,-1,34.285984
1,902,1538.7146830558777,180.9955654144287,1284.532958984375,343.27691650390625,10.957925,8.0,1,7.4347334
3,902,1094.230613231659,289.0889492034912,840.0488891601562,451.37030029296875,9.188081,14.0,-1,4.3317456
2127,902,1076.732078075409,234.85304832458496,822.5503540039062,397.1343994140625,9.107251,16.0,-1,48.21775
1332,902,644.6848978996277,584.3351650238037,390.503173828125,746.6165161132812,7.615268,12.0,-1,13.818371
2281,902,1780.8709330558777,-52.31042671203613,1526.689208984375,109.9709243774414,7.091972,8.0,-1,31.244753
12,902,1142.387595653534,799.601095199585,888.2058715820312,961.8824462890625,6.3790016,10.0,-1,26.421711
2140,902,1608.0035014152527,1030.4957485198975,1353.82177734375,1192.777099609375,6.0933647,24.0,-1,3.8754435
2032,902,501.54355573654175,-73.8882999420166,247.36183166503906,88.39305114746094,5.4409547,14.0,-1,11.781298
8,902,1452.0734477043152,282.15663719177246,1197.8917236328125,444.43798828125,4.877216,14.0,-1,5.947393
1784,902,1654.2431254386902,323.03224754333496,1400.0614013671875,485.3135986328125,2.6312451,14.0,-1,2.1735992
2389,902,1375.4490580558777,235.2524929046631,1121.267333984375,397.5338439941406,1.030706,14.0,-1,3.614276
2524,902,1682.9501566886902,310.2466640472412,1428.7684326171875,472.52801513671875,0.71768695,12.0,-1,4.8365874
2080,902,668.5441508293152,40.73468589782715,414.3624267578125,203.0160369873047,0.52734196,10.0,-1,3.4842181
1961,903,1564.2543559074402,482.09715843200684,1309.3055419921875,644.7962646484375,62.561676,24.0,-1,22.14464
1879,903,1818.7679057121277,15.138448715209961,1563.819091796875,177.83755493164062,27.28094,10.0,-1,9.734736
2779,903,461.6275095939636,36.726125717163086,206.67869567871094,199.42523193359375,22.148127,20.0,-1,12.940623
11,903,324.8871455192566,354.26854515075684,69.9383316040039,516.9676513671875,21.828684,20.0,-1,21.911304
4,903,1256.991843700409,-39.95025062561035,1002.0430297851562,122.74885559082031,19.426626,8.0,1,3.4395106
2,903,1531.9051127433777,285.1123867034912,1276.956298828125,447.8114929199219,14.829999,8.0,1,16.557907
2127,903,1075.9989848136902,237.1829128265381,821.0501708984375,399.88201904296875,11.394263,16.0,-1,46.47289
3,903,1089.4639506340027,287.6516628265381,834.51513671875,450.35076904296875,11.182068,14.0,-1,4.9016714
1,903,1539.2876811027527,182.12376976013184,1284.3388671875,344.8228759765625,11.141151,8.0,1,8.877295
0,903,1487.2663187980652,820.2185573577881,1232.3175048828125,982.9176635742188,9.246174,16.0,-1,18.261938
9,903,1432.1474223136902,973.5560207366943,1177.1986083984375,1136.255126953125,9.230844,8.0,-1,35.562607
2281,903,1779.0354838371277,-54.44732093811035,1524.086669921875,108.25178527832031,8.082465,8.0,-1,32.146107
8,903,1452.7217631340027,281.2274684906006,1197.77294921875,443.92657470703125,7.7215314,14.0,-1,5.2283096
1332,903,642.8144145011902,583.6801052093506,387.8656005859375,746.3792114257812,7.6305537,12.0,-1,17.299305
12,903,1143.504539012909,799.8452663421631,888.5557250976562,962.5443725585938,6.958485,10.0,-1,26.975824
2032,903,500.5832591056824,-76.34318733215332,245.6344451904297,86.35591888427734,6.139696,14.0,-1,12.697026
2140,903,1610.1143412590027,1031.0179347991943,1355.16552734375,1193.717041015625,5.673374,22.0,-1,2.532967
1784,903,1657.7222514152527,322.2455654144287,1402.7734375,484.9446716308594,2.8362932,14.0,-1,1.5298947
2524,903,1682.9501566886902,311.45119285583496,1428.0013427734375,474.1502990722656,1.4683995,12.0,-1,4.5551314
2389,903,1373.4488139152527,232.0967617034912,1118.5,394.7958679199219,0.55125976,28.0,-1,4.633453
2080,903,664.4838480949402,43.54976463317871,409.5350341796875,206.24887084960938,0.31746444,12.0,-1,3.169425
1961,904,1562.2774271965027,483.00238609313965,1306.7327880859375,645.8074340820312,49.96815,24.0,-1,21.935732
1879,904,1821.5379252433777,13.125783920288086,1565.9932861328125,175.9308319091797,27.15137,10.0,-1,6.1779146
11,904,324.78127241134644,355.8429012298584,69.23663330078125,518.64794921875,22.567345,20.0,-1,22.496248
2779,904,460.63254499435425,37.36395835876465,205.08790588378906,200.16900634765625,16.119667,20.0,-1,12.684603
4,904,1257.2127299308777,-40.251420974731445,1001.6680908203125,122.55362701416016,15.992845,8.0,1,1.3972416
3,904,1089.5424418449402,288.3024044036865,833.997802734375,451.1074523925781,15.030423,14.0,-1,4.8030524
2,904,1533.3020853996277,284.84540367126465,1277.7574462890625,447.65045166015625,13.058862,8.0,1,14.995609
0,904,1485.1055521965027,818.3906307220459,1229.5609130859375,981.1956787109375,12.878001,16.0,-1,19.693718
2127,904,1075.096580028534,237.53818321228027,819.5519409179688,400.3432312011719,12.46239,16.0,-1,45.779984
8,904,1457.1210551261902,279.5135250091553,1201.576416015625,442.3185729980469,11.717725,14.0,-1,4.053873
1,904,1538.0520853996277,183.87924766540527,1282.5074462890625,346.6842956542969,11.3183975,8.0,1,7.9930406
9,904,1435.2438578605652,973.3646297454834,1179.69921875,1136.169677734375,10.51389,8.0,-1,34.986225
2281,904,1777.4943461418152,-54.889963150024414,1521.94970703125,107.91508483886719,9.03543,8.0,-1,31.087471
12,904,1144.3725199699402,803.3912410736084,888.827880859375,966.1962890625,7.8802524,10.0,-1,25.619392
2032,904,503.6601634025574,-76.34318733215332,248.1155242919922,86.46186065673828,7.750494,14.0,-1,15.136439
1332,904,640.8683085441589,583.3085994720459,385.32366943359375,746.1136474609375,7.4819226,12.0,-1,19.716492
2140,904,1608.9034037590027,1031.4864559173584,1353.3587646484375,1194.29150390625,4.9154754,22.0,-1,3.4402764
1784,904,1659.8864359855652,321.2170467376709,1404.341796875,484.0220947265625,2.8910418,14.0,-1,2.1147914
2389,904,1373.4488139152527,232.80585289001465,1117.9041748046875,395.61090087890625,0.7968361,14.0,-1,4.7777367
2524,904,1683.7021098136902,311.43524742126465,1428.157470703125,474.24029541015625,0.7603921,10.0,-1,4.5431137
2080,904,663.5214457511902,47.66670799255371,407.976806640625,210.4717559814453,0.6775269,12.0,-1,3.2757702
1961,905,1560.6046214103699,481.36993980407715,1304.6724853515625,644.36376953125,71.37994,22.0,-1,22.00576
11,905,325.33308362960815,355.0518856048584,69.40094757080078,518.0457153320312,24.133417,20.0,-1,21.891197
2779,905,460.63254499435425,38.98212242126465,204.70040893554688,201.9759521484375,22.536615,20.0,-1,12.771343
4,905,1257.9486155509949,-40.42686653137207,1002.0164794921875,122.56696319580078,16.579256,8.0,1,1.6764207
2,905,1533.2952952384949,286.1708126068115,1277.3631591796875,449.1646423339844,14.224526,8.0,1,11.776585
1879,905,1820.0865550041199,12.447835922241211,1564.1544189453125,175.44166564941406,14.159188,10.0,-1,4.9099035
1,905,1538.7651438713074,186.22574424743652,1282.8330078125,349.2195739746094,12.19111,8.0,1,8.241929
3,905,1090.2129588127136,286.5688228607178,834.2808227539062,449.5626525878906,12.182858,14.0,-1,4.236846
0,905,1483.7806468009949,819.0529232025146,1227.8485107421875,982.0467529296875,11.237359,18.0,-1,19.904053
2127,905,1075.6275095939636,237.66831016540527,819.6953735351562,400.6621398925781,10.894932,16.0,-1,46.38813
2032,905,503.85942792892456,-75.47522926330566,247.9272918701172,87.51860046386719,7.2574863,14.0,-1,14.506913
2140,905,1609.6984934806824,1030.7781429290771,1353.766357421875,1193.77197265625,6.551353,22.0,-1,4.151256
2281,905,1775.6317210197449,-53.89378547668457,1519.6995849609375,109.10004425048828,6.4099784,8.0,-1,27.435629
8,905,1456.6632151603699,279.3033809661865,1200.7310791015625,442.2972106933594,6.3817782,16.0,-1,3.3822267
9,905,1436.1656565666199,972.1685237884521,1180.2335205078125,1135.162353515625,5.827678,8.0,-1,29.486822
1332,905,638.706458568573,581.9771175384521,382.7743225097656,744.970947265625,5.3820896,12.0,-1,20.782904
12,905,1145.4747385978699,804.1896419525146,889.5426025390625,967.1834716796875,5.2734523,10.0,-1,29.427673
1784,905,1659.6772532463074,320.6115474700928,1403.7451171875,483.6053771972656,3.4505079,16.0,-1,1.0464212
2080,905,661.1967844963074,48.98361778259277,405.2646484375,211.97744750976562,1.1015882,12.0,-1,4.296775
2389,905,1372.4672923088074,233.08917808532715,1116.53515625,396.0830078125,0.8209371,14.0,-1,5.107446
2524,905,1685.1602854728699,311.43524742126465,1429.2281494140625,474.4290771484375,0.50040174,12.0,-1,4.854319
1961,906,1557.4843821525574,483.69428062438965,1300.7723388671875,647.1578369140625,41.725475,24.0,-1,22.413235
1879,906,1820.8975901603699,12.053045272827148,1564.185546875,175.5166015625,26.592606,10.0,-1,7.18312
2779,906,458.8725657463074,38.98212242126465,202.1605224609375,202.4456787109375,21.971085,22.0,-1,13.593642
11,906,325.8360743522644,352.24078941345215,69.12403106689453,515.704345703125,21.495737,20.0,-1,22.71023
3,906,1092.7206492424011,286.1897029876709,836.0086059570312,449.65325927734375,14.745463,14.0,-1,3.8268595
4,906,1259.0454173088074,-42.615983963012695,1002.3333740234375,120.84757232666016,14.319116,8.0,1,3.6022806
0,906,1483.7573313713074,819.5540218353271,1227.0452880859375,983.017578125,11.667762,16.0,-1,21.08191
1,906,1538.7651438713074,186.23673057556152,1282.0531005859375,349.7002868652344,11.665287,8.0,1,7.451439
2127,906,1075.5011668205261,238.92923545837402,818.7891235351562,402.3927917480469,11.254214,16.0,-1,47.14771
2,906,1532.1093821525574,285.6480770111084,1275.3973388671875,449.11163330078125,10.777218,8.0,1,12.269272
12,906,1145.6413035392761,804.5966854095459,888.9292602539062,968.0602416992188,8.8317995,10.0,-1,27.806849
2032,906,502.49639081954956,-73.50393867492676,245.7843475341797,89.9596176147461,8.47667,14.0,-1,14.436126
2140,906,1610.9522776603699,1031.3593196868896,1354.240234375,1194.8228759765625,7.2516103,22.0,-1,3.7372568
9,906,1436.8330149650574,971.5496273040771,1180.1209716796875,1135.01318359375,7.2206516,8.0,-1,32.480347
8,906,1459.3791575431824,278.22418785095215,1202.6671142578125,441.687744140625,5.689756,16.0,-1,3.1808157
2281,906,1777.8176341056824,-53.77731513977051,1521.1055908203125,109.68624114990234,5.0980687,8.0,-1,28.216978
1332,906,639.7775340080261,583.8110408782959,383.06549072265625,747.2745971679688,4.8550496,14.0,-1,20.248634
1784,906,1658.9774241447449,324.0301570892334,1402.265380859375,487.49371337890625,3.6266844,16.0,-1,2.531998
2389,906,1370.4425120353699,231.1464900970459,1113.73046875,394.61004638671875,1.1932898,16.0,-1,5.884769
2524,906,1683.0052561759949,310.3827877044678,1426.293212890625,473.8463439941406,0.7258041,12.0,-1,4.0124574
2080,906,660.9358897209167,46.98366355895996,404.2238464355469,210.4472198486328,0.6072704,12.0,-1,3.5411205
1961,907,1554.2778391838074,484.7724361419678,1297.5008544921875,648.0597534179688,58.647457,24.0,-1,22.524302
1879,907,1820.8975901603699,10.645513534545898,1564.12060546875,173.93283081054688,28.576742,10.0,-1,9.437571
11,907,323.4487376213074,349.857702255249,66.6717529296875,513.14501953125,20.53256,20.0,-1,22.82304
2779,907,458.958411693573,40.17191123962402,202.18142700195312,203.459228515625,17.757977,22.0,-1,12.924982
3,907,1092.9415965080261,285.1048946380615,836.1646118164062,448.3922119140625,17.466019,14.0,-1,3.411214
4,907,1259.5283885002136,-44.548418045043945,1002.7514038085938,118.73889923095703,16.931301,8.0,1,3.3371775
0,907,1483.6120676994324,820.1685543060303,1226.8350830078125,983.4558715820312,15.2215185,18.0,-1,21.685497
2,907,1533.3247141838074,283.3487606048584,1276.5477294921875,446.6360778808594,11.261664,8.0,1,14.287948
2127,907,1075.1851267814636,239.64060020446777,818.4081420898438,402.92791748046875,11.182683,16.0,-1,43.10435
1,907,1537.4058909416199,186.23673057556152,1280.62890625,349.5240478515625,11.025639,8.0,1,8.419328
2032,907,502.4462351799011,-71.66436958312988,245.66925048828125,91.6229476928711,10.651084,14.0,-1,14.908588
12,907,1148.6120066642761,807.3400630950928,891.8350219726562,970.6273803710938,8.322985,10.0,-1,23.675879
9,907,1438.7367014884949,971.521764755249,1181.959716796875,1134.80908203125,8.295133,8.0,-1,32.40272
1332,907,642.3061594963074,586.0480098724365,385.5291748046875,749.3353271484375,5.885588,14.0,-1,18.621067
2281,907,1778.5258860588074,-55.21905708312988,1521.7489013671875,108.0682601928711,5.8279037,8.0,-1,24.30652
8,907,1461.6682200431824,278.8480281829834,1204.8912353515625,442.1353454589844,5.7381554,16.0,-1,4.2678766
2140,907,1609.5976634025574,1030.1344356536865,1352.8206787109375,1193.4217529296875,4.20194,22.0,-1,3.604972
1784,907,1656.5129466056824,326.82941246032715,1399.7359619140625,490.1167297363281,2.8265064,14.0,-1,4.5165234
2389,907,1373.8963694572449,233.04990196228027,1117.119384765625,396.33721923828125,1.2184008,12.0,-1,4.580728
2080,907,656.7223582267761,46.800527572631836,399.94537353515625,210.0878448486328,1.1743708,10.0,-1,4.526576
2524,907,1680.7774729728699,308.5539608001709,1424.00048828125,471.8412780761719,0.9789879,10.0,-1,3.9602456
1961,908,1552.9555735588074,483.929723739624,1295.7078857421875,647.7369995117188,34.191257,24.0,-1,20.170628
11,908,324.49021100997925,348.882116317749,67.24252319335938,512.6893920898438,32.84936,20.0,-1,23.46925
1879,908,1820.0208811759949,9.824407577514648,1562.773193359375,173.63168334960938,20.253317,10.0,-1,9.765844
4,908,1257.9452586174011,-43.273569107055664,1000.6975708007812,120.53370666503906,18.51148,8.0,1,5.6703043
2779,908,460.8079447746277,41.21730613708496,203.5602569580078,205.0245819091797,17.222849,20.0,-1,12.9622
1,908,1539.1652903556824,184.42999839782715,1281.9176025390625,348.2372741699219,14.390797,8.0,1,9.038236
2,908,1535.1867747306824,283.3487606048584,1277.9390869140625,447.1560363769531,13.686829,8.0,1,16.257662
3,908,1091.9871287345886,282.87543296813965,834.7394409179688,446.6827087402344,12.231093,14.0,-1,3.7371702
0,908,1483.5098948478699,819.8483028411865,1226.26220703125,983.6555786132812,11.428012,18.0,-1,25.775408
2140,908,1609.5976634025574,1031.0566158294678,1352.3499755859375,1194.8638916015625,9.645841,24.0,-1,4.5301075
2127,908,1074.8038401603699,239.4710750579834,817.55615234375,403.2783508300781,8.803602,16.0,-1,44.136883
2032,908,500.7611002922058,-69.5869312286377,243.51341247558594,94.22034454345703,8.777656,14.0,-1,13.373497
2810,908,1879.8630442619324,74.90447044372559,1622.6153564453125,238.7117462158203,6.387291,10.0,-1,15.827025
8,908,1461.0697093009949,280.3220272064209,1203.822021484375,444.1293029785156,6.0522094,14.0,-1,7.0376844
9,908,1438.3474192619324,971.5002193450928,1181.0997314453125,1135.3074951171875,5.819504,8.0,-1,30.9658
12,908,1150.3818430900574,808.7225093841553,893.1341552734375,972.52978515625,5.6133027,10.0,-1,19.829134
2281,908,1775.3425364494324,-55.341196060180664,1518.0948486328125,108.46607971191406,5.0001335,10.0,-1,22.61024
1332,908,643.4011301994324,586.627233505249,386.1534423828125,750.4345092773438,4.7018414,12.0,-1,17.055815
1784,908,1659.5715403556824,331.8851680755615,1402.3238525390625,495.69244384765625,1.5088626,14.0,-1,2.6432652
2080,908,658.2207102775574,48.07222557067871,400.9730224609375,211.87950134277344,0.93385595,12.0,-1,4.6282096
2389,908,1376.6084055900574,232.32538414001465,1119.3607177734375,396.1326599121094,0.73096275,14.0,-1,1.9351776
2524,908,1682.5232005119324,310.4493465423584,1425.2755126953125,474.2566223144531,0.51075953,10.0,-1,4.115176
1961,909,1552.20361661911,485.39735984802246,1294.3221435546875,649.7509765625,38.81719,24.0,-1,20.44698
4,909,1257.84082365036,-42.48430061340332,999.9593505859375,121.86931610107422,24.654097,8.0,1,6.8367343
1879,909,1821.423587322235,9.399923324584961,1563.5421142578125,173.7535400390625,23.297907,10.0,-1,9.163507
11,909,324.59464597702026,349.4002285003662,66.71317291259766,513.7538452148438,18.616142,20.0,-1,23.392544
1,909,1540.0142855644226,183.8064479827881,1282.1328125,348.1600646972656,17.413708,8.0,1,8.654673
2779,909,459.25442838668823,41.25726890563965,201.37295532226562,205.6108856201172,15.560405,20.0,-1,13.568394
2,909,1535.2935824394226,281.03590965270996,1277.412109375,445.3895263671875,15.003876,8.0,1,15.719055
9,909,1439.7428011894226,969.782247543335,1181.861328125,1134.1358642578125,10.938065,8.0,-1,32.689972
2127,909,1073.7510409355164,239.25279808044434,815.8695678710938,403.6064147949219,10.705963,16.0,-1,46.964954
3,909,1093.1514315605164,282.83547019958496,835.2699584960938,447.1890869140625,10.616704,14.0,-1,4.7949347
2032,909,499.60708951950073,-68.44934272766113,241.72561645507812,95.9042739868164,10.581572,14.0,-1,13.693557
0,909,1484.36767911911,819.1212978363037,1226.4862060546875,983.4749145507812,10.307143,18.0,-1,26.105509
2810,909,1879.71338224411,74.07413291931152,1621.8319091796875,238.42774963378906,7.397405,10.0,-1,19.52703
2281,909,1775.644290447235,-54.28444862365723,1517.7628173828125,110.06916809082031,6.203133,10.0,-1,20.633512
8,909,1459.7503695487976,280.4280605316162,1201.868896484375,444.78167724609375,5.21608,14.0,-1,8.331028
1332,909,641.4104037284851,586.105001449585,383.5289306640625,750.4586181640625,5.1943665,12.0,-1,19.77667
2140,909,1609.2579379081726,1034.057149887085,1351.37646484375,1198.4107666015625,4.6906333,22.0,-1,2.8369374
12,909,1151.2545199394226,806.6348476409912,893.373046875,970.9884643554688,4.6338634,10.0,-1,24.870415
1784,909,1659.8514437675476,335.20778465270996,1401.969970703125,499.5614013671875,2.0231404,14.0,-1,0.89461327
2389,909,1372.27246427536,234.3827419281006,1114.3909912109375,398.7363586425781,1.0577832,14.0,-1,2.9145665
2524,909,1684.047610759735,309.4085292816162,1426.1661376953125,473.76214599609375,0.78162056,10.0,-1,5.3426743
2080,909,655.0191378593445,48.487356185913086,397.1376647949219,212.84097290039062,0.36460522,12.0,-1,3.6396518
1961,910,1552.1109652519226,485.39735984802246,1292.6119384765625,650.110595703125,49.478504,24.0,-1,20.58017
4,910,1258.6942172050476,-42.803667068481445,999.1951904296875,121.9095687866211,19.980917,8.0,1,6.1779156
1879,910,1821.423587322235,9.231710433959961,1561.924560546875,173.9449462890625,19.859205,10.0,-1,6.903283
2779,910,461.25050687789917,41.8652400970459,201.75148010253906,206.57847595214844,19.626812,22.0,-1,13.383766
11,910,324.3275408744812,349.28847312927246,64.8285140991211,514.001708984375,19.542427,20.0,-1,22.758453
1,910,1539.966067790985,184.27757835388184,1280.467041015625,348.9908142089844,13.528077,8.0,1,8.462734
3,910,1095.2288851737976,282.9799098968506,835.7298583984375,447.6931457519531,11.420624,14.0,-1,4.8345337
2,910,1536.25928068161,279.41417503356934,1276.76025390625,444.1274108886719,10.369013,8.0,1,17.29321
2140,910,1608.2852816581726,1036.895528793335,1348.7862548828125,1201.6087646484375,10.309804,22.0,-1,4.0577855
0,910,1484.1392855644226,818.4937953948975,1224.6402587890625,983.20703125,10.184464,18.0,-1,23.39047
12,910,1154.50830411911,805.1383266448975,895.00927734375,969.8515625,8.38754,10.0,-1,22.18312
2032,910,500.4801821708679,-68.3055591583252,240.9811553955078,96.40767669677734,7.290013,14.0,-1,12.894762
2127,910,1075.9221835136414,240.7843532562256,816.4231567382812,405.4975891113281,6.9259286,16.0,-1,45.422802
9,910,1439.2337679862976,970.7262172698975,1179.7347412109375,1135.439453125,5.9756427,8.0,-1,25.641903
1332,910,643.8148531913757,585.3576259613037,384.3158264160156,750.0708618164062,5.3329005,12.0,-1,17.902811
2281,910,1773.1839632987976,-53.26373481750488,1513.6849365234375,111.44950103759766,5.1060786,10.0,-1,22.904575
8,910,1460.5826449394226,278.85045433044434,1201.0836181640625,443.5636901855469,4.7578382,14.0,-1,6.6067753
1784,910,1658.882083415985,336.9897060394287,1399.383056640625,501.70294189453125,1.6506251,14.0,-1,0.12048674
2389,910,1373.1688265800476,238.3305263519287,1113.6697998046875,403.04376220703125,1.2660937,14.0,-1,1.041968
2080,910,653.6048007011414,47.256338119506836,394.10577392578125,211.96957397460938,0.71790075,10.0,-1,3.6790767
2524,910,1683.75830411911,306.6189479827881,1424.25927734375,471.3321838378906,0.4296955,10.0,-1,4.481153
1961,911,1551.5855822563171,486.72924613952637,1291.3916015625,651.6878051757812,33.359234,24.0,-1,21.237621
1879,911,1820.5579943656921,9.195249557495117,1560.364013671875,174.15380859375,21.744287,10.0,-1,9.340752
2779,911,459.77173948287964,42.93755912780762,199.5777587890625,207.8961181640625,20.247639,22.0,-1,14.223163
11,911,324.3275408744812,351.45934867858887,64.13356018066406,516.4179077148438,17.054714,18.0,-1,22.313246
4,911,1258.6959338188171,-42.459428787231445,998.501953125,122.49913024902344,16.978155,8.0,1,4.432588
1,911,1540.4412951469421,183.12911796569824,1280.247314453125,348.0876770019531,13.83884,8.0,1,5.744521
2,911,1533.9157824516296,278.72057914733887,1273.7218017578125,443.67913818359375,9.821619,8.0,1,15.097153
8,911,1458.5066027641296,275.157621383667,1198.3126220703125,440.1161804199219,9.635288,14.0,-1,6.982419
0,911,1484.5052599906921,816.4080791473389,1224.311279296875,981.3666381835938,9.13839,18.0,-1,24.813961
9,911,1437.9052844047546,969.9690532684326,1177.7113037109375,1134.9276123046875,8.452622,8.0,-1,33.33732
3,911,1094.0163073539734,284.7833843231201,833.8223266601562,449.741943359375,8.065567,14.0,-1,5.106801
12,911,1156.7813830375671,801.6282329559326,896.58740234375,966.5867919921875,7.7471085,12.0,-1,20.512001
2032,911,500.5128130912781,-69.10976600646973,240.31883239746094,95.84879302978516,7.502725,14.0,-1,13.322011
2127,911,1075.1659045219421,243.17266654968262,814.971923828125,408.1312255859375,6.394428,16.0,-1,45.044125
2810,911,1881.9802355766296,75.28042411804199,1621.7862548828125,240.23898315429688,6.231079,10.0,-1,18.174145
1332,911,646.4613146781921,584.8694438934326,386.267333984375,749.8280029296875,6.1572175,12.0,-1,19.37158
2140,911,1607.4747424125671,1037.3750591278076,1347.28076171875,1202.3336181640625,5.4302077,22.0,-1,4.1832247
2281,911,1774.1477160453796,-53.26373481750488,1513.9537353515625,111.69482421875,5.3211036,8.0,-1,23.928894
1784,911,1662.0676379203796,337.47945976257324,1401.8736572265625,502.4380187988281,1.8777758,14.0,-1,0.28058016
2080,911,654.120219707489,51.726850509643555,393.9262390136719,216.68540954589844,0.7720661,10.0,-1,4.165842
2524,911,1684.5343127250671,305.15170097351074,1424.34033203125,470.1102600097656,0.6503988,12.0,-1,3.9576569
2389,911,1373.0838732719421,239.11309623718262,1112.889892578125,404.0716552734375,0.54200256,16.0,-1,3.1308913
1961,912,1552.6191973686218,486.93328285217285,1290.8525390625,652.1890258789062,38.559498,24.0,-1,22.654541
4,912,1260.1103472709656,-42.6119441986084,998.3436889648438,122.643798828125,20.679832,8.0,1,6.067401
1879,912,1821.3868975639343,9.417734146118164,1559.6202392578125,174.67347717285156,20.255651,10.0,-1,8.765132
2779,912,461.59391355514526,40.56923866271973,199.82725524902344,205.82498168945312,19.38321,22.0,-1,13.530569
1,912,1539.9838213920593,181.94222450256348,1278.2171630859375,347.1979675292969,13.192223,8.0,1,4.0835295
9,912,1437.8187823295593,968.6060733795166,1176.0521240234375,1133.86181640625,10.97189,8.0,-1,33.13627
11,912,321.6645541191101,350.85027503967285,59.89789581298828,516.1060180664062,10.811288,18.0,-1,22.681993
3,912,1093.3496050834656,281.8275089263916,831.5829467773438,447.083251953125,10.772038,14.0,-1,6.969534
2,912,1533.5298418998718,278.3030033111572,1271.76318359375,443.5587463378906,8.956414,8.0,1,11.970009
2140,912,1605.6331133842468,1038.9554386138916,1343.866455078125,1204.211181640625,8.94039,22.0,-1,3.9998336
2810,912,1881.2559161186218,79.02781105041504,1619.4892578125,244.28355407714844,7.5396748,10.0,-1,17.742308
2032,912,503.638530254364,-68.27026176452637,241.8718719482422,96.98548126220703,7.2809386,14.0,-1,12.442948
1332,912,649.5794024467468,586.9210758209229,387.812744140625,752.1768188476562,7.2242374,14.0,-1,19.676037
0,912,1484.9058184623718,817.1533756256104,1223.13916015625,982.4091186523438,6.8494954,18.0,-1,26.079193
8,912,1456.4259600639343,274.1756534576416,1194.6593017578125,439.431396484375,6.106323,14.0,-1,9.231495
12,912,1158.1621050834656,800.9411563873291,896.3954467773438,966.1968994140625,5.5277324,12.0,-1,17.06984
2281,912,1774.5767168998718,-53.11121940612793,1512.81005859375,112.14452362060547,5.5160713,10.0,-1,24.318047
2127,912,1075.0199542045593,241.31917762756348,813.2532958984375,406.5749206542969,5.2704206,14.0,-1,39.65749
1784,912,1659.9331622123718,341.363245010376,1398.16650390625,506.6189880371094,1.610065,12.0,-1,2.7282429
2080,912,654.2067217826843,52.779977798461914,392.4400634765625,218.0357208251953,0.9897642,12.0,-1,4.369064
2389,912,1372.8202471733093,238.70562171936035,1111.0535888671875,403.96136474609375,0.9197827,14.0,-1,1.0921642
2524,912,1685.2467608451843,306.4609317779541,1423.4801025390625,471.7166748046875,0.7736818,12.0,-1,3.9826376
1961,913,1552.1670031547546,488.538667678833,1289.3416748046875,653.7107543945312,50.785843,22.0,-1,23.598114
1879,913,1820.8282580375671,8.918916702270508,1558.0029296875,174.09100341796875,24.881308,10.0,-1,9.10682
4,913,1261.0143542289734,-43.02931022644043,998.1890258789062,122.14277648925781,24.28758,8.0,1,7.8453836
2779,913,461.59810972213745,38.23777961730957,198.7727813720703,203.4098663330078,21.505814,22.0,-1,13.158238
11,913,321.1050295829773,351.116548538208,58.279701232910156,516.2886352539062,16.237381,18.0,-1,21.95569
3,913,1094.0937609672546,281.2344379425049,831.2684326171875,446.4065246582031,12.71602,14.0,-1,7.6758595
2,913,1533.5256457328796,278.45532417297363,1270.7003173828125,443.6274108886719,11.199462,8.0,1,10.052771
9,913,1438.8531603813171,967.0421466827393,1176.02783203125,1132.2142333984375,11.191499,8.0,-1,30.113308
0,913,1485.2522082328796,818.9675006866455,1222.4268798828125,984.1395874023438,10.229579,18.0,-1,25.931004
1,913,1540.2878527641296,181.67572212219238,1277.4625244140625,346.8478088378906,9.751784,8.0,1,5.96639
2810,913,1881.9812121391296,80.72216987609863,1619.1558837890625,245.89425659179688,7.878668,10.0,-1,18.317587
12,913,1157.8525500297546,802.7912311553955,895.0272216796875,967.9633178710938,6.7462068,12.0,-1,17.668962
2032,913,503.3448748588562,-69.83194541931152,240.51954650878906,95.34014129638672,6.742777,14.0,-1,13.092189
2281,913,1774.9254260063171,-48.63148307800293,1512.10009765625,116.54060363769531,6.389038,10.0,-1,21.02951
2127,913,1076.5258288383484,240.5011920928955,813.7005004882812,405.67327880859375,6.292912,14.0,-1,41.39201
2140,913,1605.5612902641296,1038.8514728546143,1342.7359619140625,1204.0235595703125,6.268764,22.0,-1,2.6060097
1332,913,648.0116381645203,586.9555377960205,385.1863098144531,752.1276245117188,5.915014,14.0,-1,19.137543
8,913,1456.0780138969421,271.6564350128174,1193.252685546875,436.8285217285156,4.6805634,14.0,-1,10.060795
1784,913,1659.2254748344421,344.64309883117676,1396.400146484375,509.815185546875,0.9967496,12.0,-1,1.6863027
2524,913,1683.9021105766296,307.68618965148926,1421.0767822265625,472.8582763671875,0.85589415,10.0,-1,4.506461
2389,913,1377.4975695610046,238.73242378234863,1114.6722412109375,403.9045104980469,0.78507525,16.0,-1,1.5574481
2080,913,654.8679003715515,52.75317573547363,392.0425720214844,217.92526245117188,0.7497271,12.0,-1,4.632208
1961,914,1551.6918749809265,488.61779975891113,1287.775634765625,654.5189208984375,50.188297,22.0,-1,23.30465
1879,914,1821.7685351371765,9.373567581176758,1557.852294921875,175.27468872070312,18.836687,10.0,-1,9.362606
2779,914,460.0506091117859,37.94888496398926,196.13436889648438,203.85000610351562,15.76736,22.0,-1,13.984554
4,914,1262.1251635551453,-40.37294578552246,998.2089233398438,125.5281753540039,14.651097,8.0,1,6.876234
3,914,1093.890483379364,279.90991401672363,829.9742431640625,445.81103515625,11.946262,14.0,-1,8.156534
2,914,1531.803569316864,278.67971992492676,1267.8873291015625,444.5808410644531,11.894944,8.0,1,10.541735
11,914,322.76472425460815,351.0374164581299,58.84848403930664,516.9385375976562,10.330265,18.0,-1,22.67834
0,914,1485.9872851371765,820.0880756378174,1222.071044921875,985.9891967773438,9.488331,18.0,-1,30.410908
1,914,1539.255717754364,180.60403633117676,1275.3394775390625,346.5051574707031,9.247269,8.0,1,10.484241
2810,914,1881.4470019340515,79.76114082336426,1617.53076171875,245.66226196289062,8.75693,10.0,-1,20.296396
9,914,1439.4899706840515,968.3574237823486,1175.57373046875,1134.258544921875,7.644749,8.0,-1,30.157368
2032,914,503.5481524467468,-71.55220603942871,239.6319122314453,94.34891510009766,7.175238,14.0,-1,12.9931755
2127,914,1077.4430956840515,239.5397663116455,813.52685546875,405.4408874511719,6.327833,16.0,-1,47.278164
8,914,1458.1501269340515,272.1148090362549,1194.23388671875,438.01593017578125,5.67881,12.0,-1,10.875526
1332,914,646.8068652153015,586.0161151885986,382.890625,751.917236328125,5.616051,14.0,-1,17.048061
12,914,1160.3957934379578,804.3685932159424,896.4795532226562,970.2697143554688,4.896015,12.0,-1,17.989899
2281,914,1776.790629863739,-50.14468955993652,1512.8743896484375,115.75643157958984,4.309278,10.0,-1,20.873468
2140,914,1603.641704082489,1039.4802265167236,1339.7254638671875,1205.38134765625,4.196653,24.0,-1,1.7769253
2524,914,1681.775737285614,306.11230659484863,1417.8594970703125,472.013427734375,1.5709027,10.0,-1,4.939404
2389,914,1377.1867480278015,237.65619087219238,1113.2705078125,403.55731201171875,1.4043351,14.0,-1,1.4549345
1784,914,1662.2951464653015,345.1204242706299,1398.37890625,511.02154541015625,1.0870341,12.0,-1,1.7579272
2080,914,652.6004748344421,56.449174880981445,388.6842346191406,222.3502960205078,0.63867146,12.0,-1,3.8607087
1961,915,1552.068706035614,488.5959644317627,1288.2933349609375,654.2200927734375,44.272945,24.0,-1,22.594309
4,915,1261.3700366020203,-41.45696830749512,997.5946655273438,124.16716003417969,20.141272,8.0,1,5.1788535
2779,915,459.4714159965515,37.94888496398926,195.696044921875,203.57301330566406,18.003817,22.0,-1,12.755354
3,915,1093.890483379364,279.7347888946533,830.1151123046875,445.3589172363281,17.141447,14.0,-1,9.241786
1879,915,1823.631450176239,11.83970832824707,1559.8560791015625,177.46383666992188,16.268476,10.0,-1,9.894084
11,915,322.8437991142273,351.8442554473877,59.06842803955078,517.4683837890625,13.9627905,18.0,-1,21.71538
0,915,1487.304057598114,820.6473560333252,1223.5286865234375,986.271484375,12.293308,18.0,-1,28.943836
1,915,1537.453715801239,180.35298347473145,1273.6783447265625,345.97711181640625,10.9504385,8.0,1,10.590257
2,915,1532.2089648246765,280.56700325012207,1268.43359375,446.1911315917969,10.9452095,8.0,1,12.412218
2127,915,1076.3368945121765,240.28511238098145,812.5615234375,405.90924072265625,10.804748,16.0,-1,48.320507
9,915,1437.345805644989,970.3531665802002,1173.5704345703125,1135.977294921875,9.28139,8.0,-1,30.140682
2810,915,1880.8432421684265,80.57367134094238,1617.06787109375,246.1977996826172,8.597947,10.0,-1,17.995283
2032,915,500.8180651664734,-72.87923240661621,237.04269409179688,92.7448959350586,6.5367894,14.0,-1,13.05294
8,915,1456.730082988739,272.2645435333252,1192.9547119140625,437.888671875,5.7709503,14.0,-1,10.817511
1332,915,647.3942370414734,586.327470779419,383.6188659667969,751.9515991210938,5.4463773,14.0,-1,19.27421
2140,915,1604.4408984184265,1036.8874683380127,1340.66552734375,1202.5115966796875,5.3528733,24.0,-1,3.318204
12,915,1161.340678691864,803.4505786895752,897.5653076171875,969.07470703125,5.271643,14.0,-1,15.149773
2281,915,1777.394145488739,-51.80454063415527,1513.6187744140625,113.81958770751953,4.4195275,10.0,-1,19.268084
1784,915,1662.401225566864,342.98314094543457,1398.6258544921875,508.6072692871094,1.3756446,14.0,-1,4.3009233
2080,915,650.6926379203796,60.30569648742676,386.9172668457031,225.92982482910156,0.7650042,12.0,-1,3.9512386
2389,915,1375.8981738090515,233.24177742004395,1112.122802734375,398.86590576171875,0.5487874,28.0,-1,3.900897
1961,916,1551.8769946098328,488.1537265777588,1286.8956298828125,653.7864379882812,56.319843,22.0,-1,23.025372
2779,916,460.45023679733276,38.5924015045166,195.4688720703125,204.22511291503906,19.798113,22.0,-1,13.7650585
4,916,1263.2877612113953,-41.45696830749512,998.306396484375,124.17574310302734,16.872038,8.0,1,2.3424463
3,916,1092.825786113739,280.6675510406494,827.8444213867188,446.3002624511719,16.523565,14.0,-1,9.6764965
1879,916,1825.7820239067078,11.037057876586914,1560.8006591796875,176.66976928710938,14.599584,10.0,-1,10.563131
2,916,1533.0021166801453,281.0683078765869,1268.020751953125,446.7010192871094,13.974884,8.0,1,12.097128
1,916,1536.5998950004578,179.97449684143066,1271.6185302734375,345.6072082519531,13.354714,8.0,1,11.3151455
11,916,321.5519824028015,352.2739658355713,56.57061767578125,517.9066772460938,12.343155,18.0,-1,21.312525
9,916,1439.0846362113953,970.33616065979,1174.103271484375,1135.9688720703125,10.698334,8.0,-1,34.24267
2127,916,1074.623393535614,241.5886631011963,809.6420288085938,407.22137451171875,10.617805,16.0,-1,46.993355
2810,916,1880.2340502738953,82.38312721252441,1615.252685546875,248.01583862304688,10.348308,10.0,-1,16.875027
0,916,1490.6155200004578,821.9249057769775,1225.6341552734375,987.5576171875,9.927821,18.0,-1,24.687357
2032,916,501.24476194381714,-71.57620811462402,236.26339721679688,94.05650329589844,9.342444,14.0,-1,13.584278
8,916,1455.1901049613953,270.8570041656494,1190.208740234375,436.4897155761719,7.136802,14.0,-1,10.405945
1332,916,648.4159655570984,585.6971836090088,383.4346008300781,751.3298950195312,6.5797763,14.0,-1,16.73949
12,916,1164.526225566864,799.9207553863525,899.5448608398438,965.553466796875,6.1885505,14.0,-1,12.749655
2281,916,1777.9877123832703,-52.470075607299805,1513.00634765625,113.16263580322266,4.631333,10.0,-1,22.22915
2140,916,1602.5879321098328,1037.8855991363525,1337.6065673828125,1203.518310546875,2.7129452,24.0,-1,2.568952
1784,916,1661.7526049613953,340.4727268218994,1396.771240234375,506.1054382324219,2.4972036,14.0,-1,5.1201468
2080,916,650.6926379203796,60.32961463928223,385.7112731933594,225.9623260498047,1.0350732,12.0,-1,4.1890306
2389,916,1374.7714037895203,230.7694797515869,1109.7900390625,396.4021911621094,0.7993577,16.0,-1,4.8128333
2524,916,1676.1345629692078,308.1963596343994,1411.1531982421875,473.8290710449219,0.43280622,10.0,-1,4.202244
1961,917,1551.1894640922546,487.33216285705566,1284.69677734375,653.1805419921875,55.737354,22.0,-1,23.958326
4,917,1263.206614971161,-41.48489189147949,996.7139282226562,124.36348724365234,22.992521,14.0,-1,2.12644
2779,917,464.027690410614,39.8536319732666,197.53500366210938,205.70201110839844,22.877853,22.0,-1,13.649292
1879,917,1830.5900988578796,11.891199111938477,1564.097412109375,177.7395782470703,20.630854,10.0,-1,10.591417
11,917,320.41715574264526,351.88428688049316,53.924468994140625,517.732666015625,18.687223,18.0,-1,21.309868
3,917,1094.674876689911,282.4269504547119,828.1821899414062,448.27532958984375,16.304594,14.0,-1,9.29075
1,917,1536.5402941703796,178.1647129058838,1270.047607421875,344.0130920410156,15.3041725,8.0,1,14.934371
2,917,1534.2904162406921,279.0253086090088,1267.7977294921875,444.8736877441406,15.17377,8.0,1,11.007305
2127,917,1072.9337267875671,240.76767921447754,806.4410400390625,406.6160583496094,12.027581,16.0,-1,44.89518
2810,917,1882.3226428031921,84.30600929260254,1615.8299560546875,250.15438842773438,9.525162,10.0,-1,17.980692
0,917,1493.0024523735046,822.7503757476807,1226.509765625,988.5987548828125,9.376006,18.0,-1,27.432816
9,917,1439.8025012016296,970.3487644195557,1173.309814453125,1136.1971435546875,8.9116125,8.0,-1,32.49721
2032,917,502.8039355278015,-70.58791160583496,236.31124877929688,95.26046752929688,7.46744,14.0,-1,14.508968
8,917,1454.6436877250671,270.8744297027588,1188.1510009765625,436.7228088378906,7.440539,14.0,-1,8.8903675
1332,917,646.8947863578796,585.7357883453369,380.402099609375,751.5841674804688,6.9297485,14.0,-1,13.699617
12,917,1162.3377795219421,799.9081516265869,895.8450927734375,965.7565307617188,6.5191407,14.0,-1,11.645869
2281,917,1780.6340441703796,-54.709218978881836,1514.141357421875,111.13916015625,5.772871,10.0,-1,22.596554
2140,917,1603.5922961235046,1038.9559421539307,1337.099609375,1204.8043212890625,4.854733,24.0,-1,2.7763484
1784,917,1661.7829699516296,336.3758945465088,1395.290283203125,502.2242736816406,2.1279476,12.0,-1,9.100479
2080,917,650.6622729301453,58.99643898010254,384.1695861816406,224.84481811523438,0.93771356,14.0,-1,3.936358
2389,917,1371.2813830375671,227.0640354156494,1104.7886962890625,392.91241455078125,0.84141976,12.0,-1,6.4389896
2524,917,1673.7185168266296,311.95069313049316,1407.225830078125,477.799072265625,0.6139471,10.0,-1,4.0141854
1961,918,1551.023753643036,489.7216281890869,1283.703125,655.9161376953125,68.488335,22.0,-1,23.2404
1879,918,1833.431224346161,11.325067520141602,1566.110595703125,177.5195770263672,26.948807,10.0,-1,11.43971
3,918,1095.3214831352234,284.11768531799316,828.0008544921875,450.31219482421875,18.668165,14.0,-1,8.089796
4,918,1264.1380724906921,-41.87689018249512,996.8174438476562,124.31761932373047,17.5772,14.0,-1,4.174485
11,918,321.10989713668823,350.99183082580566,53.789268493652344,517.1863403320312,16.610205,16.0,-1,22.495487
2,918,1533.138011455536,277.39292335510254,1265.8173828125,443.5874328613281,16.106676,8.0,1,8.532513
2779,918,464.19340085983276,39.94072914123535,196.87277221679688,206.13523864746094,15.7467165,22.0,-1,12.774968
1,918,1538.932933330536,179.68824195861816,1271.6123046875,345.88275146484375,11.986445,8.0,1,13.462963
2810,918,1881.120189189911,83.59905433654785,1613.799560546875,249.79356384277344,10.770711,10.0,-1,18.31212
2127,918,1072.1379504203796,239.7589817047119,804.8173217773438,405.9534912109375,10.672589,16.0,-1,44.992817
0,918,1492.600169658661,823.0070896148682,1225.279541015625,989.2015991210938,9.904599,18.0,-1,27.321035
2032,918,504.8458819389343,-69.72313499450684,237.52525329589844,96.47137451171875,8.29257,14.0,-1,13.671238
12,918,1161.0963244438171,801.4058933258057,893.7756958007812,967.6004028320312,7.788689,14.0,-1,8.53654
2140,918,1600.1630358695984,1039.462839126587,1332.8424072265625,1205.6573486328125,7.316873,24.0,-1,3.155808
8,918,1451.2509264945984,271.6070041656494,1183.9302978515625,437.801513671875,7.185278,14.0,-1,6.553126
2281,918,1783.750316143036,-56.4812068939209,1516.4296875,109.71330261230469,6.619587,10.0,-1,22.816994
9,918,1441.810374736786,968.0917453765869,1174.48974609375,1134.2862548828125,6.4808903,8.0,-1,28.41918
1332,918,648.5116991996765,586.3114109039307,381.1910705566406,752.5059204101562,5.667763,14.0,-1,13.514671
1784,918,1660.9943346977234,336.7501926422119,1393.6737060546875,502.9447021484375,2.4341853,14.0,-1,6.348522
2389,918,1374.7177233695984,226.78745460510254,1107.3970947265625,392.9819641113281,1.1685029,10.0,-1,6.75455
2524,918,1673.3947253227234,311.8635959625244,1406.0740966796875,478.05810546875,0.775934,10.0,-1,4.5576706
2080,918,650.3830676078796,54.5629825592041,383.06243896484375,220.7574920654297,0.6509813,14.0,-1,4.074788
1961,919,1548.0063586235046,491.3055362701416,1280.8353271484375,657.9862060546875,55.106293,22.0,-1,23.719097
2779,919,464.59427976608276,40.163766860961914,197.42324829101562,206.8444366455078,26.932817,22.0,-1,12.920612
4,919,1265.0739245414734,-40.543447494506836,997.9028930664062,126.13722229003906,16.111986,14.0,-1,2.138783
2,919,1532.5466418266296,277.169885635376,1265.3756103515625,443.8505554199219,15.256669,8.0,1,10.238639
1,919,1539.1864123344421,180.13936805725098,1272.015380859375,346.8200378417969,15.172989,8.0,1,14.336985
3,919,1095.312327861786,285.50298500061035,828.1412963867188,452.18365478515625,14.506104,14.0,-1,6.51574
1879,919,1833.5366320610046,9.772516250610352,1566.3656005859375,176.45318603515625,13.632195,10.0,-1,7.3686132
2810,919,1879.9940295219421,84.03888893127441,1612.822998046875,250.7195587158203,13.040877,10.0,-1,17.463436
1332,919,649.5807604789734,585.7398014068604,382.40972900390625,752.4204711914062,12.10863,14.0,-1,13.303163
0,919,1493.2330431938171,822.2201480865479,1226.06201171875,988.9008178710938,12.086461,18.0,-1,31.955694
9,919,1442.8803820610046,965.5771427154541,1175.7093505859375,1132.2578125,11.160962,8.0,-1,32.211205
11,919,320.1583933830261,352.7925968170166,52.987361907958984,519.4732666015625,10.797839,16.0,-1,22.70885
2127,919,1072.1471056938171,238.49331092834473,804.97607421875,405.1739807128906,7.746095,16.0,-1,44.00843
2032,919,505.8543658256531,-70.31764793395996,238.68333435058594,96.36302185058594,7.6940064,14.0,-1,14.597776
8,919,1446.9857287406921,270.169153213501,1179.814697265625,436.8498229980469,6.781407,14.0,-1,5.962822
12,919,1158.622142314911,799.7823429107666,891.4511108398438,966.4630126953125,6.4517803,16.0,-1,3.932963
2281,919,1780.4425158500671,-57.95326042175293,1513.271484375,108.72740936279297,5.186186,10.0,-1,20.526333
2140,919,1601.5720324516296,1040.9324893951416,1334.4010009765625,1207.6131591796875,3.565625,24.0,-1,2.6361935
1784,919,1659.1998400688171,336.3260135650635,1392.02880859375,503.0066833496094,1.7227907,20.0,-1,4.773431
2389,919,1371.7027697563171,228.75066566467285,1104.53173828125,395.43133544921875,1.1570598,12.0,-1,6.1580653
2524,919,1673.4672961235046,313.68987464904785,1406.2962646484375,480.37054443359375,0.7295086,10.0,-1,3.0114818
2080,919,648.104350566864,55.27215003967285,380.9333190917969,221.95281982421875,0.4463916,16.0,-1,3.9222527
1961,920,1546.9589343070984,493.3941135406494,1278.6959228515625,660.7477416992188,57.562637,22.0,-1,23.107601
2779,920,463.31266355514526,40.429574966430664,195.04965209960938,207.783203125,26.213448,22.0,-1,12.351858
1879,920,1832.164622783661,8.075250625610352,1563.901611328125,175.4288787841797,21.202024,10.0,-1,9.253449
3,920,1096.3535265922546,286.0904941558838,828.0905151367188,453.4441223144531,18.48798,14.0,-1,7.7690806
4,920,1267.2343249320984,-41.448713302612305,998.9713134765625,125.90491485595703,14.283413,14.0,-1,3.0549002
1332,920,648.4320178031921,586.6575412750244,380.16900634765625,754.0111694335938,14.09625,16.0,-1,17.784859
11,920,321.90001249313354,352.2571506500244,53.637001037597656,519.6107788085938,13.053769,18.0,-1,21.216536
0,920,1492.5890612602234,821.1922702789307,1224.3260498046875,988.5458984375,13.031539,18.0,-1,33.7069
9,920,1444.111888408661,964.6084079742432,1175.848876953125,1131.9620361328125,11.725872,8.0,-1,35.457985
2,920,1532.6278796195984,277.0369052886963,1264.3648681640625,444.3905334472656,11.610358,8.0,1,11.1362505
2810,920,1882.071116924286,84.95478248596191,1613.80810546875,252.30841064453125,11.336566,10.0,-1,18.128365
1,920,1539.1051745414734,182.52329444885254,1270.8421630859375,349.8769226074219,9.984021,8.0,1,13.033571
2032,920,506.75435972213745,-71.06097221374512,238.49134826660156,96.29265594482422,9.412183,14.0,-1,15.313832
2127,920,1075.0322375297546,238.64658546447754,806.7692260742188,406.0002136230469,7.163309,16.0,-1,44.498936
8,920,1448.944652080536,273.52854347229004,1180.681640625,440.8821716308594,6.7238507,14.0,-1,3.762146
12,920,1155.7838854789734,797.1305637359619,887.5208740234375,964.4841918945312,5.217023,14.0,-1,6.8652697
2281,920,1783.3830065727234,-58.10416221618652,1515.1199951171875,109.24946594238281,4.4995203,10.0,-1,20.120928
2140,920,1599.4918932914734,1041.1213474273682,1331.2288818359375,1208.4749755859375,2.6145813,24.0,-1,1.5458585
1784,920,1656.1049304008484,334.5601291656494,1387.8419189453125,501.91375732421875,1.9096593,18.0,-1,3.5297666
2389,920,1375.447337627411,228.88364601135254,1107.184326171875,396.2372741699219,0.7938337,16.0,-1,3.4275188
2524,920,1672.4184069633484,314.3805637359619,1404.1553955078125,481.73419189453125,0.6959714,10.0,-1,3.1841445
2080,920,644.2583117485046,54.53196144104004,375.99530029296875,221.88558959960938,0.6189269,16.0,-1,4.004435
1961,921,1546.938060283661,496.9834690093994,1278.8289794921875,664.3208618164062,55.348984,22.0,-1,24.259647
2,921,1532.213206768036,278.5997714996338,1264.1041259765625,445.9371643066406,19.331594,8.0,1,12.698827
1879,921,1832.893138408661,5.618524551391602,1564.7840576171875,172.95591735839844,18.287615,10.0,-1,9.846942
4,921,1268.091380596161,-41.6859188079834,999.9822998046875,125.65147399902344,17.605051,14.0,-1,3.5265415
11,921,321.97195768356323,351.14454078674316,53.862876892089844,518.48193359375,15.294417,16.0,-1,21.64385
3,921,1095.846751689911,283.0491123199463,827.7376708984375,450.3865051269531,13.821935,14.0,-1,7.46012
2779,921,459.27555418014526,40.75004005432129,191.16647338867188,208.08743286132812,12.896126,22.0,-1,13.417776
0,921,1492.4271960258484,820.6096286773682,1224.318115234375,987.947021484375,11.862213,18.0,-1,32.227192
2127,921,1073.7970080375671,238.51633644104004,805.6879272460938,405.8537292480469,11.65641,16.0,-1,45.660297
1,921,1539.126048564911,184.77256202697754,1271.0169677734375,352.1099548339844,11.539619,8.0,1,10.343653
1332,921,650.0163073539734,585.9484958648682,381.9072265625,753.285888671875,10.348289,16.0,-1,13.820419
9,921,1444.214915752411,966.6347751617432,1176.1058349609375,1133.97216796875,9.714283,8.0,-1,36.943188
2032,921,508.6813006401062,-68.7398509979248,240.5722198486328,98.59754180908203,7.517685,14.0,-1,13.089556
2810,921,1882.2086901664734,83.63192176818848,1614.099609375,250.9693145751953,7.0456276,10.0,-1,14.4528055
8,921,1445.7919421195984,273.8957920074463,1177.682861328125,441.2331848144531,6.9395943,16.0,-1,5.025097
12,921,1156.5512804985046,797.0902194976807,888.4421997070312,964.4276123046875,5.209666,14.0,-1,3.16244
2281,921,1784.965159893036,-59.020002365112305,1516.8560791015625,108.31739044189453,4.4478965,10.0,-1,20.186434
1784,921,1652.4247546195984,334.60047340393066,1384.315673828125,501.9378662109375,2.4450347,14.0,-1,5.0970154
2140,921,1597.3678698539734,1042.9071140289307,1329.2587890625,1210.2445068359375,1.1156685,24.0,-1,2.4173787
2389,921,1375.676829814911,230.8791904449463,1107.5677490234375,398.2165832519531,1.0518445,12.0,-1,4.4219666
2524,921,1670.3939929008484,315.1290683746338,1402.284912109375,482.4664611816406,0.67356634,10.0,-1,4.4186625
2080,921,643.986674785614,53.47564125061035,375.8775939941406,220.8130340576172,0.6548602,10.0,-1,3.9596
1961,922,1545.780833721161,499.1861820220947,1276.8631591796875,666.8726196289062,50.710796,22.0,-1,24.568268
1879,922,1831.8395495414734,5.745889663696289,1562.921875,173.4323272705078,19.670393,10.0,-1,9.56824
2,922,1532.4784655570984,278.5832767486572,1263.560791015625,446.26971435546875,17.154236,8.0,1,10.556191
2779,922,458.61890745162964,43.77610206604004,189.70123291015625,211.46253967285156,15.541309,24.0,-1,12.146978
1,922,1540.0617175102234,186.9946231842041,1271.14404296875,354.6810607910156,14.947551,8.0,1,14.521908
2810,922,1881.097484111786,81.9208927154541,1612.1798095703125,249.60733032226562,14.382276,10.0,-1,17.815172
3,922,1095.7248034477234,281.2645511627197,826.80712890625,448.95098876953125,13.76088,14.0,-1,7.1806707
4,922,1268.2228503227234,-43.29720878601074,999.30517578125,124.38922882080078,13.264241,14.0,-1,6.410365
11,922,322.7303194999695,351.7276248931885,53.812644958496094,519.4140625,11.798854,16.0,-1,21.53673
0,922,1491.741282939911,820.187219619751,1222.8236083984375,987.8736572265625,11.71823,18.0,-1,30.97674
1332,922,650.7026782035828,585.9649906158447,381.7850036621094,753.6514282226562,10.5407095,14.0,-1,11.036095
2127,922,1071.4618639945984,237.84844398498535,802.544189453125,405.5348815917969,9.406588,16.0,-1,43.87716
9,922,1446.7440905570984,968.730676651001,1177.826416015625,1136.4171142578125,8.339946,8.0,-1,34.080338
2032,922,510.01652097702026,-69.21457481384277,241.09884643554688,98.47186279296875,7.6963296,14.0,-1,11.638679
8,922,1443.394847393036,275.0410099029541,1174.4771728515625,442.7274475097656,7.3776727,14.0,-1,5.409566
12,922,1157.8647570610046,795.382287979126,888.9470825195312,963.0687255859375,6.037243,6.0,1,1.568544
2281,922,1782.844798564911,-60.27490043640137,1513.9271240234375,107.41153717041016,3.2042656,10.0,-1,18.614315
1784,922,1652.546702861786,335.3345584869385,1383.6290283203125,503.02099609375,2.0214813,14.0,-1,3.5411649
2140,922,1597.539134502411,1043.085168838501,1328.6214599609375,1210.7716064453125,1.401534,24.0,-1,2.4630878
2389,922,1374.468333721161,229.42330360412598,1105.5506591796875,397.1097412109375,0.7699018,14.0,-1,4.5723457
2524,922,1669.196116924286,315.0067081451416,1400.2784423828125,482.6931457519531,0.6998367,10.0,-1,3.3488693
2080,922,646.8484606742859,53.879404067993164,377.9307861328125,221.5658416748047,0.54440206,12.0,-1,3.5210712
1961,923,1544.6245379447937,498.544153213501,1275.3834228515625,666.1712646484375,78.41138,22.0,-1,24.510643
2,923,1532.6499285697937,278.7080326080322,1263.4088134765625,446.33514404296875,19.67416,8.0,1,8.530903
1879,923,1831.4299578666687,6.072946548461914,1562.1888427734375,173.70005798339844,18.347345,10.0,-1,10.2612095
4,923,1267.1296648979187,-43.80195426940918,997.8885498046875,123.82515716552734,17.58026,14.0,-1,4.9082127
1,923,1541.8419451713562,185.82216835021973,1272.600830078125,353.44927978515625,14.212617,8.0,1,14.906198
11,923,320.6455683708191,350.436975479126,51.40445327758789,518.0640869140625,14.004643,16.0,-1,21.39003
2779,923,458.4591021537781,40.859628677368164,189.21798706054688,208.4867401123047,13.695598,24.0,-1,11.733339
0,923,1491.2435564994812,820.7636966705322,1222.00244140625,988.3908081054688,13.644138,18.0,-1,31.88671
8,923,1443.5692400932312,276.0374393463135,1174.328125,443.66455078125,12.463437,16.0,-1,3.564704
2127,923,1068.4389300346375,239.7607364654541,799.1978149414062,407.3878479003906,12.424702,16.0,-1,45.023846
3,923,1095.7497820854187,280.1444034576416,826.5086669921875,447.7715148925781,11.440418,14.0,-1,7.8484154
2810,923,1886.0631365776062,82.41379737854004,1616.822021484375,250.04090881347656,10.342761,10.0,-1,19.981028
9,923,1449.3395037651062,968.605920791626,1180.098388671875,1136.2330322265625,9.838729,8.0,-1,34.34624
1332,923,650.7111773490906,587.489221572876,381.4700622558594,755.1163330078125,9.465929,16.0,-1,12.952689
2032,923,512.6297564506531,-68.63451957702637,243.38864135742188,98.99259185791016,7.007729,14.0,-1,12.139667
12,923,1158.0401873588562,796.3385257720947,888.799072265625,963.9656372070312,5.3405604,6.0,1,1.581112
2281,923,1781.9430193901062,-61.09766960144043,1512.701904296875,106.5294418334961,3.9251373,10.0,-1,16.442453
1784,923,1655.0130877494812,333.1968021392822,1385.77197265625,500.82391357421875,2.3995516,14.0,-1,1.9863331
2140,923,1598.0246844291687,1040.918664932251,1328.7835693359375,1208.5457763671875,1.8830466,28.0,-1,0.55980647
2389,923,1371.2104754447937,230.30794715881348,1101.9693603515625,397.93505859375,1.1358243,24.0,-1,4.765006
2080,923,646.8399615287781,54.07041358947754,377.5988464355469,221.69752502441406,0.82887506,12.0,-1,3.8687007
2524,923,1668.7678484916687,314.336145401001,1399.5267333984375,481.9632568359375,0.69575566,10.0,-1,3.47928
1961,924,1545.152202129364,497.34502601623535,1275.47216796875,665.2493286132812,56.023335,22.0,-1,23.848291
2779,924,455.5192370414734,40.96352577209473,185.83920288085938,208.86782836914062,21.776503,24.0,-1,11.896603
1,924,1542.536723613739,185.81020545959473,1272.856689453125,353.7145080566406,18.616964,8.0,1,14.342981
1879,924,1831.752055644989,5.959253311157227,1562.072021484375,173.86355590820312,15.468165,10.0,-1,9.0999155
2,924,1532.749858379364,278.8700199127197,1263.06982421875,446.7743225097656,15.1013565,8.0,1,5.556332
4,924,1268.717143535614,-43.71738243103027,999.037109375,124.18692016601562,14.376847,14.0,-1,2.879788
3,924,1095.7399706840515,281.3882083892822,826.0599365234375,449.2925109863281,14.104919,14.0,-1,5.549983
11,924,319.7506136894226,349.9913272857666,50.070579528808594,517.8956298828125,13.448281,16.0,-1,20.591574
2127,924,1069.7795825004578,240.06267738342285,800.0995483398438,407.96697998046875,11.687001,16.0,-1,47.071
0,924,1490.269633769989,822.2918033599854,1220.589599609375,990.1961059570312,11.141463,18.0,-1,29.849379
2810,924,1886.0915331840515,82.08017921447754,1616.4114990234375,249.98448181152344,10.556466,10.0,-1,19.806633
8,924,1443.9167284965515,275.5794315338135,1174.2366943359375,443.4837341308594,9.55729,16.0,-1,4.2145042
9,924,1445.6183886528015,968.2990665435791,1175.9383544921875,1136.203369140625,8.978217,8.0,-1,33.352367
1332,924,650.7209887504578,587.6741275787354,381.04095458984375,755.5784301757812,8.868115,14.0,-1,18.498344
12,924,1160.3542895317078,796.3228702545166,890.6742553710938,964.2271728515625,6.775498,6.0,1,3.7529433
2032,924,513.083827495575,-70.61942863464355,243.40379333496094,97.28487396240234,6.3818398,14.0,-1,12.629949
2281,924,1781.625102519989,-61.15124320983887,1511.945068359375,106.75305938720703,4.380856,12.0,-1,14.900213
1784,924,1654.3625292778015,333.2087650299072,1384.6824951171875,501.1130676269531,2.7634535,14.0,-1,1.3836038
2140,924,1595.5939745903015,1041.8033390045166,1325.9139404296875,1209.7076416015625,2.6881301,26.0,-1,2.217304
2080,924,645.723491191864,56.15596961975098,376.04345703125,224.06027221679688,1.0719486,12.0,-1,4.196805
2389,924,1367.274272441864,234.5132999420166,1097.59423828125,402.4176025390625,0.96403676,14.0,-1,4.9964037
2524,924,1666.1821093559265,313.8941593170166,1396.5020751953125,481.7984619140625,0.4878653,10.0,-1,3.096627
1961,925,1542.2877306938171,496.19194984436035,1272.2694091796875,663.9549560546875,86.821526,22.0,-1,23.29362
2779,925,455.549418926239,40.00571632385254,185.53109741210938,207.7687225341797,24.39183,22.0,-1,13.372082
1,925,1542.1075549125671,184.74041175842285,1272.0892333984375,352.50341796875,18.323326,8.0,1,13.127131
1879,925,1830.9780383110046,2.799234390258789,1560.959716796875,170.56224060058594,15.975633,10.0,-1,9.8222275
4,925,1268.6869616508484,-41.81850242614746,998.6686401367188,125.94450378417969,14.898072,14.0,-1,0.1752665
1332,925,649.2648119926453,587.5491886138916,379.2464904785156,755.3121948242188,13.991809,16.0,-1,12.889225
3,925,1094.5106310844421,281.513147354126,824.4923095703125,449.2761535644531,11.983776,14.0,-1,5.2749147
2,925,1533.9146838188171,277.7268924713135,1263.8963623046875,445.4898986816406,11.571816,8.0,1,7.2903976
11,925,319.99595975875854,349.83013343811035,49.977638244628906,517.5931396484375,10.471226,16.0,-1,22.087143
0,925,1490.0064806938171,821.9972476959229,1219.9881591796875,989.76025390625,10.034837,18.0,-1,29.291061
2810,925,1886.4843859672546,84.04961585998535,1616.466064453125,251.8126220703125,8.880698,10.0,-1,19.943457
2127,925,1070.3178210258484,240.48995399475098,800.2994995117188,408.2529602050781,8.5434065,16.0,-1,48.478886
9,925,1445.7293810844421,969.8424625396729,1175.7110595703125,1137.60546875,8.268541,8.0,-1,33.953583
2032,925,514.5292468070984,-69.88973045349121,244.51092529296875,97.87327575683594,6.9895096,14.0,-1,13.139959
12,925,1160.7921862602234,797.5873355865479,890.7738647460938,965.350341796875,6.524803,6.0,1,0.0849942
8,925,1442.0192980766296,272.9939212799072,1172.0009765625,440.7569274902344,6.3901544,16.0,-1,3.2565346
2281,925,1781.6649279594421,-60.647329330444336,1511.6466064453125,107.11567687988281,3.3676577,12.0,-1,14.409118
2140,925,1597.6300158500671,1042.7489566802979,1327.6116943359375,1210.511962890625,2.4396188,24.0,-1,1.6494732
1784,925,1655.2677111625671,332.2728519439697,1385.2493896484375,500.0358581542969,2.1017406,6.0,1,0.6894412
2389,925,1363.2921252250671,236.3217716217041,1093.2738037109375,404.08477783203125,0.65101314,28.0,-1,4.3184853
2080,925,645.4479784965515,55.8356876373291,375.4296569824219,223.59869384765625,0.53366196,12.0,-1,3.7694407
2524,925,1663.7840685844421,316.14568519592285,1393.7657470703125,483.90869140625,0.26335818,10.0,-1,2.508564
1961,926,1543.8162951469421,495.6740665435791,1273.7767333984375,663.5706176757812,63.081757,22.0,-1,24.03891
4,926,1268.0970568656921,-43.73281669616699,998.0574951171875,124.16373443603516,23.245173,14.0,-1,1.5059352
3,926,1094.203441143036,281.766809463501,824.1638793945312,449.6633605957031,17.599941,14.0,-1,5.8162274
2779,926,454.062358379364,41.43831825256348,184.02279663085938,209.33486938476562,15.714146,22.0,-1,12.5271635
2,926,1533.7929797172546,277.6198978424072,1263.75341796875,445.5164489746094,15.485982,8.0,1,7.8524365
1,926,1544.2989611625671,183.59527015686035,1274.2593994140625,351.4918212890625,15.146179,8.0,1,10.17551
1879,926,1832.4189562797546,2.423898696899414,1562.37939453125,170.32044982910156,13.525886,10.0,-1,7.1599674
2810,926,1886.3558459281921,84.36692237854004,1616.3162841796875,252.2634735107422,13.265977,10.0,-1,18.44366
11,926,321.6656413078308,347.8726749420166,51.62607955932617,515.7692260742188,12.608167,16.0,-1,21.364553
8,926,1442.1895861625671,269.5585880279541,1172.1500244140625,437.45513916015625,10.893017,14.0,-1,4.370285
0,926,1488.7834582328796,822.1042423248291,1218.743896484375,990.0007934570312,10.7044115,18.0,-1,31.812008
9,926,1448.2124133110046,972.1345767974854,1178.1728515625,1140.0311279296875,9.47837,8.0,-1,31.61836
2127,926,1070.439525127411,239.28313636779785,800.3999633789062,407.1796875,9.465687,18.0,-1,43.733685
1332,926,647.9106554985046,589.0518741607666,377.87109375,756.9484252929688,9.207548,14.0,-1,17.611473
2032,926,515.0659289360046,-71.66475486755371,245.0263671875,96.23179626464844,7.3589973,14.0,-1,11.900419
12,926,1161.4159655570984,797.7214298248291,891.3764038085938,965.6179809570312,4.9185247,16.0,-1,2.016381
2281,926,1782.1843371391296,-59.28107261657715,1512.144775390625,108.615478515625,2.5388916,12.0,-1,13.428743
2140,926,1597.9976916313171,1041.1262760162354,1327.9581298828125,1209.0228271484375,2.3667047,24.0,-1,1.0943984
1784,926,1654.1856799125671,333.389368057251,1384.1461181640625,501.2859191894531,2.3393605,6.0,1,0.16455793
2389,926,1360.7468371391296,239.43184852600098,1090.707275390625,407.3283996582031,0.8588559,14.0,-1,2.8220716
2080,926,644.0951952934265,53.4545841217041,374.0556335449219,221.35113525390625,0.801682,14.0,-1,4.403615
2524,926,1662.0273547172546,316.5035037994385,1391.98779296875,484.4000549316406,0.18361764,8.0,-1,2.2074347
1961,927,1544.392924785614,494.64641761779785,1274.373779296875,662.7391357421875,68.95289,22.0,-1,23.651516
2779,927,449.1916003227234,43.37034034729004,179.17245483398438,211.4630584716797,21.062824,24.0,-1,12.821144
1,927,1546.185649394989,183.72405433654785,1276.16650390625,351.8167724609375,20.330973,8.0,1,5.705191
1879,927,1835.816264629364,1.818613052368164,1565.797119140625,169.9113311767578,18.93593,10.0,-1,8.072739
4,927,1267.6762499809265,-44.733816146850586,997.6571044921875,123.35890197753906,14.828155,8.0,1,1.6756434
2,927,1535.2814745903015,276.6341495513916,1265.2623291015625,444.72686767578125,12.176364,8.0,1,6.603884
0,927,1489.269633769989,822.2492618560791,1219.25048828125,990.3419799804688,12.092163,18.0,-1,32.971287
3,927,1094.113383769989,281.0589237213135,824.09423828125,449.1516418457031,11.381095,14.0,-1,7.812476
11,927,322.7531199455261,348.4301700592041,52.73397445678711,516.5228881835938,11.087071,16.0,-1,20.261843
9,927,1449.995952129364,970.6740055084229,1179.976806640625,1138.7667236328125,9.133222,8.0,-1,27.072641
1332,927,647.1418261528015,589.6935367584229,377.1226806640625,757.7862548828125,9.009955,16.0,-1,13.751495
8,927,1442.325053691864,266.8938846588135,1172.305908203125,434.9866027832031,7.5355754,14.0,-1,3.3325682
2032,927,514.5082201957703,-69.80351829528809,244.48907470703125,98.28919982910156,7.3145394,14.0,-1,12.501779
2127,927,1072.2756152153015,238.2128849029541,802.2564697265625,406.30560302734375,7.119516,18.0,-1,37.421974
2810,927,1886.0304980278015,84.37491798400879,1616.0113525390625,252.46763610839844,6.357269,10.0,-1,18.27058
12,927,1161.5021166801453,797.7214298248291,891.4829711914062,965.8141479492188,4.4162097,16.0,-1,1.9481084
2281,927,1781.230571269989,-59.12863731384277,1511.21142578125,108.96408081054688,3.577324,12.0,-1,15.436677
2140,927,1595.7585253715515,1043.2891178131104,1325.7393798828125,1211.3818359375,1.5706619,26.0,-1,1.6496534
1784,927,1651.5927538871765,329.472375869751,1381.5736083984375,497.5650939941406,1.3614522,6.0,1,0.53957653
2080,927,644.0951952934265,49.823434829711914,374.0760498046875,217.91615295410156,0.8609956,14.0,-1,4.196842
2389,927,1359.464702129364,241.1765079498291,1089.445556640625,409.26922607421875,0.657396,28.0,-1,5.295805
1961,928,1543.7455248832703,494.69829750061035,1273.8660888671875,662.7088012695312,76.582184,22.0,-1,23.996107
1879,928,1837.8453783988953,3.3308658599853516,1567.9659423828125,171.34136962890625,23.095171,10.0,-1,9.043677
4,928,1268.418315410614,-45.24098777770996,998.5388793945312,122.76951599121094,21.686544,8.0,1,1.7747757
1,928,1547.7695727348328,184.02166175842285,1277.89013671875,352.03216552734375,21.330816,8.0,1,4.4687696
2779,928,446.7214922904968,42.49825477600098,176.84205627441406,210.50875854492188,18.109522,22.0,-1,12.916226
3,928,1092.0725512504578,281.9070682525635,822.193115234375,449.9175720214844,15.438679,14.0,-1,6.8645015
2,928,1536.2259936332703,277.40532875061035,1266.3465576171875,445.41583251953125,13.932995,8.0,1,7.056764
0,928,1489.4662280082703,822.4861392974854,1219.5867919921875,990.4966430664062,13.116139,18.0,-1,33.7104
11,928,323.69252729415894,347.54778480529785,53.81309127807617,515.5582885742188,13.010128,16.0,-1,21.196201
9,928,1449.7770190238953,969.9075870513916,1179.8975830078125,1137.9180908203125,9.431098,10.0,-1,25.131248
2810,928,1884.0763354301453,83.75315284729004,1614.1968994140625,251.76365661621094,8.522984,10.0,-1,20.193869
2032,928,515.6732897758484,-68.35383415222168,245.79385375976562,99.65666961669922,8.325159,14.0,-1,12.987283
8,928,1441.1764330863953,264.477746963501,1171.2969970703125,432.4882507324219,7.9280853,16.0,-1,2.4547243
1332,928,647.1418261528015,587.9041690826416,377.26239013671875,755.9146728515625,7.100447,14.0,-1,17.542051
2127,928,1071.8669238090515,238.82671546936035,801.9874877929688,406.83721923828125,5.73123,18.0,-1,19.850704
12,928,1158.2272143363953,797.7214298248291,888.3477783203125,965.73193359375,5.2576137,14.0,-1,6.6466084
2281,928,1783.7690844535828,-58.731679916381836,1513.8896484375,109.27882385253906,4.6839747,10.0,-1,17.644014
1784,928,1650.9747729301453,326.4212589263916,1381.0953369140625,494.4317626953125,2.7817733,6.0,1,0.18666911
2140,928,1595.1544604301453,1042.409418106079,1325.2750244140625,1210.419921875,0.9317687,24.0,-1,1.015965
2080,928,645.1493945121765,48.16805458068848,375.26995849609375,216.17855834960938,0.76475674,12.0,-1,3.9551244
2389,928,1361.5198168754578,245.0856876373291,1091.640380859375,413.09619140625,0.6973019,28.0,-1,3.0282702
1961,929,1543.3926196098328,496.59978675842285,1273.32666015625,664.7593383789062,66.15022,22.0,-1,23.687
1,929,1548.1706957817078,186.05660438537598,1278.104736328125,354.2161560058594,28.128214,8.0,1,1.6106467
2779,929,445.41842222213745,43.33634376525879,175.3524627685547,211.4958953857422,21.048456,24.0,-1,11.643492
1879,929,1838.0301928520203,4.791467666625977,1567.9642333984375,172.95101928710938,18.773933,10.0,-1,9.823016
2,929,1538.1605639457703,279.9161014556885,1268.0946044921875,448.0756530761719,16.9338,8.0,1,8.527044
3,929,1092.0725512504578,280.73308753967285,822.006591796875,448.89263916015625,15.719914,14.0,-1,8.29278
0,929,1490.2711596488953,825.0770206451416,1220.2052001953125,993.236572265625,13.9348345,18.0,-1,26.560114
4,929,1272.2454028129578,-43.65769004821777,1002.179443359375,124.50186157226562,13.202544,8.0,1,1.9982907
11,929,324.77756452560425,346.3986759185791,54.711605072021484,514.5582275390625,12.51076,16.0,-1,21.444958
9,929,1446.8381762504578,969.9075870513916,1176.772216796875,1138.067138671875,9.535437,10.0,-1,24.744743
2810,929,1885.2932543754578,82.72162818908691,1615.227294921875,250.8811798095703,8.937713,10.0,-1,18.653698
8,929,1439.2661547660828,262.1584415435791,1169.2001953125,430.3179931640625,8.250176,14.0,-1,3.1606917
1332,929,648.2274584770203,587.0257511138916,378.1614990234375,755.185302734375,7.3281493,14.0,-1,15.975316
2032,929,515.5819354057312,-68.37858390808105,245.51597595214844,99.78096771240234,6.5334,14.0,-1,12.174595
12,929,1156.093852519989,801.7191104888916,886.0278930664062,969.878662109375,5.699143,14.0,-1,11.432309
2127,929,1071.6374926567078,240.62740516662598,801.571533203125,408.7869567871094,5.083773,18.0,-1,18.442577
2281,929,1784.7345385551453,-57.506216049194336,1514.6685791015625,110.65333557128906,4.2012095,10.0,-1,18.749472
1784,929,1650.0043139457703,325.81743812561035,1379.9383544921875,493.97698974609375,1.7762532,6.0,1,0.9045098
2389,929,1365.5884203910828,243.69744300842285,1095.5224609375,411.85699462890625,0.9778869,20.0,-1,2.2365031
2140,929,1591.8624682426453,1042.378168106079,1321.7965087890625,1210.5377197265625,0.9098565,24.0,-1,1.6773328
2080,929,643.2468676567078,47.43222999572754,373.180908203125,215.59178161621094,0.55985993,14.0,-1,4.2877
1961,930,1543.784396648407,500.83997535705566,1273.6094970703125,668.9561767578125,68.634346,22.0,-1,23.450703
1879,930,1838.3685030937195,3.601968765258789,1568.193603515625,171.71817016601562,28.004974,10.0,-1,10.53342
4,930,1274.316867351532,-43.5325984954834,1004.1419677734375,124.58360290527344,26.68065,8.0,1,1.6978307
2779,930,445.55435514450073,45.80074501037598,175.37945556640625,213.9169464111328,26.19428,24.0,-1,11.284979
1,930,1550.2632784843445,186.5303134918213,1280.08837890625,354.6465148925781,22.291739,8.0,1,1.1168494
2,930,1539.210177898407,280.19687843322754,1269.0352783203125,448.3130798339844,14.666306,8.0,1,7.312999
3,930,1090.8729586601257,279.9354648590088,820.6980590820312,448.0516662597656,14.530362,14.0,-1,7.539032
0,930,1492.3680148124695,822.4330539703369,1222.193115234375,990.5492553710938,12.381415,18.0,-1,35.435715
11,930,323.8543276786804,345.88111305236816,53.67942810058594,513.997314453125,11.718251,16.0,-1,20.72493
1332,930,647.0907015800476,584.6796360015869,376.9158020019531,752.7958374023438,9.960547,16.0,-1,17.731441
8,930,1437.665256023407,262.53211402893066,1167.4903564453125,430.6483154296875,8.33988,14.0,-1,3.2510319
2032,930,516.0239901542664,-67.7279109954834,245.84909057617188,100.38829040527344,8.019948,14.0,-1,12.048059
9,930,1446.7022433280945,969.5138034820557,1176.52734375,1137.6300048828125,6.837385,10.0,-1,22.18116
2810,930,1887.9908175468445,82.03493690490723,1617.81591796875,250.15113830566406,6.287494,10.0,-1,19.345259
12,930,1155.8182711601257,801.0957126617432,885.6433715820312,969.2119140625,6.206358,14.0,-1,3.3727884
2281,930,1782.517306804657,-58.748464584350586,1512.3424072265625,109.36773681640625,4.0403976,10.0,-1,19.39035
1784,930,1647.987033367157,325.9257297515869,1377.8121337890625,494.04193115234375,3.5148594,14.0,-1,0.5611415
2140,930,1590.236056804657,1044.6582126617432,1320.0611572265625,1212.7744140625,1.0396997,26.0,-1,2.0799737
2389,930,1362.001193523407,243.5891513824463,1091.8262939453125,411.7053527832031,1.0074952,14.0,-1,4.492756
2080,930,644.0814852714539,50.185068130493164,373.9065856933594,218.30126953125,0.8002897,14.0,-1,3.7607691
1961,931,1544.1758456230164,500.1804027557373,1273.663330078125,668.416015625,50.247334,20.0,-1,23.198614
1879,931,1838.6571688652039,1.8247814178466797,1568.1446533203125,170.06039428710938,28.504389,10.0,-1,9.817526
1,931,1550.4988436698914,186.0408763885498,1279.986328125,354.2764892578125,23.609505,8.0,1,0.8639736
4,931,1275.0264315605164,-43.886186599731445,1004.513916015625,124.34942626953125,21.744238,8.0,1,3.2457206
2779,931,444.8981204032898,47.034772872924805,174.38560485839844,215.2703857421875,15.684447,24.0,-1,10.661092
3,931,1094.474856853485,277.3626537322998,823.9623413085938,445.5982666015625,15.553641,14.0,-1,8.519653
2,931,1540.0225253105164,279.77360343933105,1269.510009765625,448.00921630859375,14.151448,8.0,1,6.6293416
11,931,325.31176710128784,346.04716300964355,54.799251556396484,514.2827758789062,11.7866745,18.0,-1,22.580671
0,931,1491.3273348808289,823.3912181854248,1220.8148193359375,991.6268310546875,11.559978,18.0,-1,30.06521
8,931,1436.7328524589539,261.3516674041748,1166.2203369140625,429.5872802734375,9.833498,14.0,-1,4.809499
2032,931,516.8328738212585,-65.6333179473877,246.3203582763672,102.602294921875,9.763028,14.0,-1,12.236221
1332,931,645.5548129081726,585.4012279510498,375.04229736328125,753.6368408203125,9.009023,16.0,-1,14.436024
9,931,1444.1559481620789,972.3228588104248,1173.6434326171875,1140.5584716796875,6.4372883,10.0,-1,21.704525
12,931,1159.2824130058289,801.7164134979248,888.7698974609375,969.9520263671875,6.4213834,6.0,1,3.0761058
2810,931,1889.5968661308289,81.1965160369873,1619.0843505859375,249.43212890625,5.744534,10.0,-1,18.9999
2281,931,1780.0287508964539,-58.91451454162598,1509.5162353515625,109.32109832763672,3.945056,10.0,-1,16.33573
2140,931,1588.8648104667664,1046.3968334197998,1318.352294921875,1214.6324462890625,1.6523706,24.0,-1,0.9386691
2389,931,1358.0713534355164,240.39115715026855,1087.558837890625,408.62677001953125,1.1706685,10.0,-1,6.734214
1784,931,1645.6651034355164,328.4484691619873,1375.152587890625,496.68408203125,1.1283175,16.0,-1,1.9939241
2080,931,643.845920085907,56.06521415710449,373.3334045410156,224.3008270263672,0.42471814,14.0,-1,4.113264
1961,932,1542.5283846855164,498.4455089569092,1271.4639892578125,666.5516357421875,45.15352,22.0,-1,23.885078
4,932,1275.30615568161,-43.62060737609863,1004.2417602539062,124.48551940917969,20.35504,8.0,1,4.6301584
1879,932,1838.6571688652039,0.010190963745117188,1567.5927734375,168.11631774902344,18.900557,10.0,-1,8.8298645
2032,932,517.6916995048523,-65.71188545227051,246.62730407714844,102.39424133300781,13.114586,14.0,-1,13.570612
9,932,1442.8930087089539,973.8799571990967,1171.82861328125,1141.986083984375,12.591447,10.0,-1,24.742476
3,932,1095.1588778495789,277.39356803894043,824.094482421875,445.49969482421875,12.197284,14.0,-1,8.847105
11,932,326.7495799064636,344.9997081756592,55.685184478759766,513.1058349609375,11.548352,18.0,-1,22.99087
2779,932,442.79996061325073,46.876996994018555,171.73556518554688,214.98312377929688,11.131088,24.0,-1,10.014
2,932,1541.4887118339539,279.8422374725342,1270.42431640625,447.9483642578125,11.102372,8.0,1,5.1706743
1,932,1550.4008212089539,185.7758617401123,1279.33642578125,353.8819885253906,11.043078,8.0,1,0.31108642
0,932,1491.8832430839539,825.8498668670654,1220.81884765625,993.9559936523438,10.791833,18.0,-1,32.95379
8,932,1436.7866854667664,261.9753246307373,1165.7222900390625,430.0814514160156,10.457314,14.0,-1,3.86618
1332,932,644.6408724784851,586.9022960662842,373.57647705078125,755.0084228515625,9.193721,14.0,-1,18.319767
12,932,1162.1890292167664,799.3621349334717,891.1246337890625,967.46826171875,8.857152,6.0,1,5.2333574
2810,932,1889.5006747245789,80.58878898620605,1618.436279296875,248.69491577148438,6.380033,10.0,-1,19.292295
2281,932,1778.6782870292664,-58.554147720336914,1507.6138916015625,109.5519790649414,4.4232078,10.0,-1,16.980476
1784,932,1640.2045321464539,328.4484691619873,1369.14013671875,496.5545959472656,2.243665,6.0,1,0.591918
2389,932,1354.9055819511414,240.2825756072998,1083.8411865234375,408.3887023925781,1.9304796,24.0,-1,9.458539
2080,932,645.1832003593445,56.438337326049805,374.1188049316406,224.54446411132812,0.38477013,16.0,-1,3.6671622
1961,933,1542.9487948417664,496.71107292175293,1271.68603515625,664.59228515625,92.51084,20.0,-1,22.127346
1879,933,1839.6908602714539,-2.0975818634033203,1568.4281005859375,165.78363037109375,25.34213,10.0,-1,8.112371
4,933,1272.9017977714539,-43.48684883117676,1001.6390380859375,124.39436340332031,18.659418,8.0,1,3.6323297
0,933,1492.6266512870789,823.9428844451904,1221.3638916015625,991.8240966796875,16.195759,18.0,-1,33.510437
1,933,1549.3517489433289,188.34809684753418,1278.0889892578125,356.22930908203125,15.481908,8.0,1,0.6762885
2779,933,441.87796354293823,48.156904220581055,170.61520385742188,216.03811645507812,14.089601,24.0,-1,10.913824
3,933,1094.1588778495789,277.92616081237793,822.8961181640625,445.807373046875,13.8674135,14.0,-1,8.306274
2,933,1540.4396395683289,282.4158763885498,1269.1768798828125,450.2970886230469,13.497834,8.0,1,2.1997244
11,933,325.45933866500854,344.0197582244873,54.19657897949219,511.9009704589844,11.789528,18.0,-1,22.833672
1332,933,645.1387362480164,586.9022960662842,373.8759765625,754.7835083007812,11.297927,14.0,-1,18.934923
8,933,1434.7029452323914,262.89335441589355,1163.440185546875,430.7745666503906,9.761958,16.0,-1,3.776347
12,933,1161.7785067558289,798.0426769256592,890.5157470703125,965.9238891601562,8.869655,6.0,1,7.766119
9,933,1446.1204257011414,975.1980113983154,1174.857666015625,1143.0792236328125,7.988903,8.0,-1,27.357042
2032,933,517.2382235527039,-65.64380073547363,245.9754638671875,102.23741149902344,6.7258434,14.0,-1,13.66294
2810,933,1889.5006747245789,79.38546562194824,1618.2379150390625,247.2666778564453,5.1854987,10.0,-1,15.110964
2127,933,1065.4546542167664,238.14481925964355,794.19189453125,406.0260314941406,3.4617147,26.0,-1,18.752218
2281,933,1780.3732333183289,-57.69058418273926,1509.1104736328125,110.19062805175781,3.2903073,12.0,-1,14.014261
1784,933,1642.5673251152039,326.37122917175293,1371.3045654296875,494.25244140625,1.9325639,18.0,-1,0.22085404
2389,933,1355.2470126152039,239.27754020690918,1083.9842529296875,407.15875244140625,1.720378,10.0,-1,8.605943
2080,933,646.0913424491882,55.824445724487305,374.8285827636719,223.70565795898438,0.4734198,16.0,-1,3.3678374
1961,934,1543.8157076835632,497.9496593475342,1272.111083984375,666.1006469726562,73.62738,20.0,-1,21.295322
0,934,1493.4277682304382,821.7790050506592,1221.72314453125,989.9299926757812,23.735624,18.0,-1,39.62509
2779,934,441.71023893356323,50.092145919799805,170.005615234375,218.24313354492188,22.339193,24.0,-1,10.967064
4,934,1273.7561373710632,-43.71447944641113,1002.051513671875,124.43650817871094,21.162645,8.0,1,2.3632853
1879,934,1843.5740084648132,-2.825960159301758,1571.869384765625,165.3250274658203,16.474977,10.0,-1,7.2921224
1,934,1548.4341158866882,190.52763175964355,1276.7294921875,358.6786193847656,13.954048,14.0,-1,0.6865964
3,934,1094.146701335907,276.8641185760498,822.4420776367188,445.0151062011719,13.726124,14.0,-1,10.79141
9,934,1445.6592135429382,975.8556041717529,1173.95458984375,1144.006591796875,13.24493,8.0,-1,29.607573
12,934,1162.924777507782,798.1095714569092,891.2201538085938,966.2605590820312,12.89183,6.0,1,3.904635
2,934,1540.2798190116882,281.6996898651123,1268.5751953125,449.8506774902344,11.902526,8.0,1,0.1746757
2032,934,515.8129458427429,-67.44474983215332,244.1083221435547,100.70623779296875,11.601849,14.0,-1,14.301002
11,934,323.31088972091675,341.49513053894043,51.606266021728516,509.6461181640625,11.584813,16.0,-1,22.182829
1332,934,645.5289034843445,588.9528942108154,373.82427978515625,757.1038818359375,8.794583,16.0,-1,16.898624
8,934,1434.1527438163757,264.2775402069092,1162.4481201171875,432.42852783203125,8.135606,14.0,-1,2.8640506
2810,934,1890.0347018241882,79.85387992858887,1618.330078125,248.00486755371094,7.2942886,10.0,-1,18.347385
2281,934,1782.4419283866882,-55.422983169555664,1510.7373046875,112.7280044555664,3.0803468,12.0,-1,12.445014
2127,934,1065.261447429657,237.3055248260498,793.5568237304688,405.4565124511719,2.1638541,26.0,-1,17.086937
1784,934,1642.5795016288757,326.30433464050293,1370.8748779296875,494.455322265625,1.3102702,14.0,-1,0.11337733
2389,934,1357.2035250663757,238.96034049987793,1085.4989013671875,407.111328125,1.0295593,10.0,-1,8.981287
2080,934,644.8241610527039,57.17181205749512,373.1195373535156,225.3227996826172,0.71828395,10.0,-1,4.3780594
1961,935,1545.1734347343445,497.98124504089355,1272.8885498046875,667.4417724609375,52.40475,20.0,-1,21.424934
1879,935,1844.6040987968445,-3.464479446411133,1572.3192138671875,165.9960479736328,29.479887,10.0,-1,9.0941105
4,935,1274.3810153007507,-45.17867469787598,1002.0961303710938,124.28185272216797,25.315706,8.0,1,1.1087291
2779,935,438.0877413749695,50.13305473327637,165.8028564453125,219.5935821533203,20.563665,24.0,-1,10.45964
0,935,1491.9673800468445,820.069746017456,1219.6824951171875,989.5302734375,13.703717,18.0,-1,35.79931
3,935,1092.9512057304382,276.0973949432373,820.6663208007812,445.55792236328125,12.669971,14.0,-1,11.795003
2,935,1539.7798800468445,282.53529167175293,1267.4949951171875,451.9958190917969,12.45271,8.0,1,0.83952665
11,935,323.49191999435425,338.7888927459717,51.207035064697266,508.2494201660156,11.943489,16.0,-1,21.454544
1,935,1549.683566570282,190.75135612487793,1277.398681640625,360.2118835449219,11.852382,14.0,-1,1.3825779
12,935,1162.901584148407,798.1128978729248,890.61669921875,967.5734252929688,9.6484995,16.0,-1,3.923026
9,935,1445.369601726532,972.2727489471436,1173.084716796875,1141.7332763671875,8.385579,10.0,-1,25.003466
2032,935,519.7435946464539,-67.44807624816895,247.45870971679688,102.012451171875,8.251346,14.0,-1,15.223396
1332,935,648.0954928398132,589.0903148651123,375.81060791015625,758.5508422851562,7.2463264,14.0,-1,16.515692
8,935,1434.9454073905945,265.77259635925293,1162.6605224609375,435.2331237792969,7.0680814,14.0,-1,4.5717845
2810,935,1889.566623210907,78.9017162322998,1617.28173828125,248.36224365234375,7.0468926,10.0,-1,16.281578
2281,935,1780.0144991874695,-53.13994026184082,1507.7296142578125,116.32058715820312,3.2596312,12.0,-1,9.735277
2127,935,1064.6111178398132,236.1946849822998,792.3262329101562,405.65521240234375,3.0222862,28.0,-1,18.509478
1784,935,1644.658908367157,326.24806022644043,1372.3740234375,495.7085876464844,1.257248,6.0,1,0.8631568
2389,935,1355.5906710624695,239.62858390808105,1083.3057861328125,409.089111328125,1.0889609,12.0,-1,9.46211
2080,935,644.8473544120789,57.84664726257324,372.5624694824219,227.3071746826172,0.8202866,12.0,-1,3.6806083
1961,936,1543.908420085907,501.1881160736084,1270.68359375,670.6531982421875,61.842793,20.0,-1,21.53538
4,936,1274.7027926445007,-45.31492042541504,1001.4779663085938,124.15016174316406,22.244192,8.0,1,0.19713616
2779,936,434.65286588668823,50.1828670501709,161.42803955078125,219.64794921875,20.631063,24.0,-1,11.712643
1879,936,1844.766574382782,-3.514291763305664,1571.541748046875,165.95079040527344,16.78863,10.0,-1,8.438365
0,936,1493.017306804657,818.6574153900146,1219.79248046875,988.1224975585938,14.944623,18.0,-1,36.763504
3,936,1095.531222820282,274.65314292907715,822.306396484375,444.11822509765625,13.7812395,14.0,-1,12.410924
2810,936,1888.857638835907,76.70787620544434,1615.6328125,246.17295837402344,13.629879,10.0,-1,13.132607
11,936,326.68839597702026,339.5308895111084,53.46356964111328,508.9959716796875,12.573632,16.0,-1,21.85202
2,936,1540.3702120780945,280.325719833374,1267.1453857421875,449.7908020019531,11.883288,8.0,1,1.17911
1,936,1549.5210909843445,190.4864559173584,1276.2962646484375,359.9515380859375,11.608449,14.0,-1,0.77454734
12,936,1163.4502291679382,799.4949398040771,890.2254028320312,968.9600219726562,11.488109,16.0,-1,3.9170442
9,936,1447.383517742157,970.7294979095459,1174.15869140625,1140.194580078125,8.620597,10.0,-1,26.625057
2032,936,518.9519839286804,-67.35112953186035,245.72715759277344,102.11395263671875,7.4245877,14.0,-1,14.809065
8,936,1434.574923992157,266.6183834075928,1161.35009765625,436.0834655761719,6.9360485,14.0,-1,4.591545
1332,936,650.8389315605164,589.8350887298584,377.6141052246094,759.3001708984375,4.9252334,14.0,-1,13.030423
2281,936,1777.656955242157,-53.33954048156738,1504.43212890625,116.12554168701172,4.7284937,14.0,-1,7.844228
2127,936,1069.334933757782,234.46384239196777,796.110107421875,403.9289245605469,3.2511508,16.0,-1,32.076042
1784,936,1642.252414226532,329.3136043548584,1369.027587890625,498.7786865234375,2.155166,6.0,1,0.35527682
2389,936,1353.217990398407,241.9592342376709,1079.9931640625,411.42431640625,1.4045568,10.0,-1,11.889281
2080,936,644.3411288261414,60.11586570739746,371.1163024902344,229.58094787597656,0.66391605,12.0,-1,4.085388
1961,937,1543.9872164726257,501.1881160736084,1269.7081298828125,670.876220703125,48.037853,20.0,-1,22.590515
4,937,1274.2336764335632,-45.17810249328613,999.95458984375,124.51000213623047,23.047369,8.0,1,0.121187925
1879,937,1844.3503756523132,-5.867547988891602,1570.0712890625,163.820556640625,22.643166,10.0,-1,7.5750723
2779,937,435.67250394821167,50.669729232788086,161.39341735839844,220.3578338623047,18.20953,24.0,-1,13.479064
11,937,328.6255793571472,338.0358028411865,54.346492767333984,507.7239074707031,14.987109,16.0,-1,22.534704
1,937,1552.5304293632507,188.88083457946777,1278.2513427734375,358.5689392089844,14.775627,8.0,1,2.7898512
0,937,1492.9610934257507,818.5941829681396,1218.6820068359375,988.2822875976562,13.4371805,18.0,-1,38.687347
3,937,1096.0279269218445,275.0278377532959,821.7488403320312,444.7159423828125,13.03983,14.0,-1,12.497074
2810,937,1891.0154147148132,75.43643760681152,1616.736328125,245.12454223632812,10.922398,10.0,-1,13.614426
2032,937,518.0539736747742,-66.12484169006348,243.77488708496094,103.56326293945312,9.86528,16.0,-1,14.45302
2,937,1539.8548922538757,281.5077877044678,1265.5758056640625,451.1958923339844,9.766273,14.0,-1,1.2171779
9,937,1446.1190524101257,970.0166072845459,1171.8399658203125,1139.7047119140625,7.8617234,8.0,-1,31.346724
1332,937,649.6887545585632,590.7253475189209,375.40966796875,760.4134521484375,6.698364,14.0,-1,14.702483
12,937,1165.1589694023132,801.5117244720459,890.8798828125,971.1998291015625,6.430788,16.0,-1,2.7309222
8,937,1434.7882418632507,266.7921504974365,1160.5091552734375,436.4802551269531,5.686044,14.0,-1,4.9778852
2281,937,1776.7348971366882,-53.19963264465332,1502.455810546875,116.48847198486328,4.209003,14.0,-1,6.833911
2389,937,1355.5167574882507,240.98422813415527,1081.2376708984375,410.6723327636719,1.6393179,8.0,-1,15.529902
1784,937,1640.8646578788757,328.9007930755615,1366.5855712890625,498.5888977050781,1.4919143,16.0,-1,0.47853017
2080,937,644.3411288261414,58.57770347595215,370.0620422363281,228.26580810546875,0.8617439,12.0,-1,4.37484
1961,938,1546.8863863945007,500.0228023529053,1271.94921875,669.9564819335938,53.501286,20.0,-1,23.436415
4,938,1274.876925945282,-45.83323097229004,999.9397583007812,124.10044860839844,24.056368,8.0,1,3.0472434
2779,938,434.155734539032,51.29251670837402,159.21856689453125,221.2261962890625,23.779013,22.0,-1,12.085666
1879,938,1841.0399508476257,-6.360437393188477,1566.102783203125,163.5732421875,22.964853,10.0,-1,7.850683
0,938,1492.9610934257507,820.9566402435303,1218.02392578125,990.8903198242188,14.970096,18.0,-1,33.23819
2810,938,1892.4432711601257,74.1374568939209,1617.506103515625,244.07113647460938,11.674861,10.0,-1,15.746742
1,938,1554.8931002616882,189.83414268493652,1279.9559326171875,359.767822265625,11.634345,8.0,1,3.3247075
11,938,329.93815183639526,337.4054927825928,55.00098419189453,507.33917236328125,11.27728,16.0,-1,22.704979
3,938,1096.8174777030945,276.2998104095459,821.8803100585938,446.2334899902344,10.529601,14.0,-1,12.427887
2,938,1540.2226901054382,281.9682674407959,1265.2855224609375,451.9019470214844,10.024612,14.0,-1,0.34410477
2032,938,516.7754092216492,-66.09495735168457,241.83824157714844,103.8387222290039,7.816198,14.0,-1,14.129311
9,938,1444.6368746757507,969.492223739624,1169.69970703125,1139.4259033203125,7.6154532,8.0,-1,31.723972
1332,938,649.4961886405945,591.9240474700928,374.55902099609375,761.8577270507812,7.4443207,14.0,-1,13.036337
12,938,1170.4929537773132,801.3304195404053,895.5557861328125,971.2640991210938,6.9532905,16.0,-1,3.5499322
8,938,1432.9471774101257,271.115026473999,1158.010009765625,441.0487060546875,3.7819617,14.0,-1,10.532912
2281,938,1776.5102877616882,-53.376535415649414,1501.5731201171875,116.55714416503906,3.0880392,12.0,-1,11.580554
1784,938,1639.4830660820007,330.3282222747803,1364.5458984375,500.26190185546875,2.6350431,14.0,-1,1.3875773
2389,938,1356.4708590507507,240.98422813415527,1081.53369140625,410.91790771484375,1.9090141,8.0,-1,15.406418
2080,938,642.4576144218445,55.50900840759277,367.52044677734375,225.44268798828125,0.6411994,16.0,-1,4.4721193
1961,939,1545.5085787773132,500.3630123138428,1270.065185546875,670.8370361328125,38.8182,20.0,-1,22.44323
2779,939,433.5570864677429,50.31784629821777,158.1136932373047,220.7918701171875,20.832964,24.0,-1,12.16762
0,939,1493.6859469413757,819.501501083374,1218.2425537109375,989.9755249023438,20.33789,18.0,-1,33.603157
11,939,329.31563901901245,337.4054927825928,53.87224578857422,507.8795166015625,19.185675,16.0,-1,21.870338
3,939,1097.253390789032,277.2316951751709,821.8099975585938,447.7057189941406,16.868462,16.0,-1,13.151966
1879,939,1838.4376559257507,-5.841073989868164,1562.9942626953125,164.63294982910156,16.505388,10.0,-1,7.2661624
2,939,1540.2226901054382,282.8680171966553,1264.779296875,453.342041015625,16.418457,14.0,-1,0.5380602
4,939,1273.438937664032,-47.490617752075195,997.9955444335938,122.98340606689453,15.965561,8.0,1,2.1499004
2810,939,1893.4676852226257,74.38762474060059,1618.0242919921875,244.8616485595703,15.30711,10.0,-1,22.344332
1,939,1553.6876559257507,190.90387535095215,1278.2442626953125,361.3778991699219,13.556878,8.0,1,5.0856194
9,939,1447.3143649101257,970.1769771575928,1171.8709716796875,1140.6510009765625,8.6699095,8.0,-1,31.169104
2032,939,518.9241518974304,-65.55931282043457,243.4807586669922,104.91471099853516,8.1971445,16.0,-1,14.409946
12,939,1171.4768404960632,799.0428218841553,896.033447265625,969.516845703125,6.6992188,16.0,-1,3.7241492
8,939,1433.7555270195007,270.6507930755615,1158.3121337890625,441.12481689453125,4.5615206,14.0,-1,10.548737
1332,939,645.7938265800476,592.4075679779053,370.3504333496094,762.881591796875,4.2919583,14.0,-1,13.967937
2281,939,1780.1042819023132,-54.161455154418945,1504.660888671875,116.31256866455078,3.8286378,12.0,-1,13.778215
2389,939,1357.5010104179382,238.61566734313965,1082.0576171875,409.0896911621094,2.7936227,8.0,-1,15.025998
1784,939,1639.1102633476257,330.27228355407715,1363.6668701171875,500.7463073730469,1.3205866,28.0,-1,1.0023952
2080,939,640.1701083183289,53.5456600189209,364.7267150878906,224.01968383789062,0.90218395,10.0,-1,4.3966665
1961,940,1545.8507418632507,502.56010246276855,1270.2540283203125,673.7883911132812,64.64586,20.0,-1,22.299221
4,940,1273.438937664032,-47.04770851135254,997.8422241210938,124.18058013916016,23.210482,8.0,1,3.0947502
0,940,1493.4463229179382,818.9308910369873,1217.849609375,990.1591796875,19.308388,18.0,-1,36.544865
1879,940,1837.3442721366882,-9.111299514770508,1561.74755859375,162.1169891357422,19.20304,10.0,-1,6.120326
2779,940,432.8990206718445,52.37396049499512,157.30230712890625,223.6022491455078,18.392862,24.0,-1,11.452644
1,940,1553.9234957695007,190.69068717956543,1278.3267822265625,361.9189758300781,17.895208,8.0,1,10.917041
2,940,1539.7600436210632,280.48682975769043,1264.163330078125,451.7151184082031,14.892636,14.0,-1,1.7864563
3,940,1096.2994112968445,276.21485710144043,820.7026977539062,447.4431457519531,14.578926,16.0,-1,11.708086
11,940,330.4689211845398,336.8967113494873,54.87220764160156,508.125,12.216184,16.0,-1,21.97704
2810,940,1893.6988863945007,76.16503715515137,1618.1021728515625,247.39332580566406,11.899746,10.0,-1,18.605717
2032,940,521.5052371025085,-65.55931282043457,245.9085235595703,105.66897583007812,9.014468,14.0,-1,15.234133
9,940,1449.9138522148132,970.6509838104248,1174.317138671875,1141.8792724609375,8.155173,8.0,-1,29.238863
12,940,1171.293673992157,799.4581127166748,895.6969604492188,970.6864013671875,5.7491317,16.0,-1,3.7215178
1332,940,645.0571627616882,591.9952220916748,369.46044921875,763.2235107421875,5.668179,14.0,-1,11.91773
8,940,1435.3098483085632,271.79566764831543,1159.713134765625,443.0239562988281,5.4619727,14.0,-1,6.6916976
2281,940,1783.3678317070007,-53.3740177154541,1507.7711181640625,117.8542709350586,2.814016,10.0,-1,14.927483
2389,940,1358.5027194023132,239.27497673034668,1082.906005859375,410.5032653808594,1.8304783,8.0,-1,14.576342
1784,940,1638.8531832695007,329.66422843933105,1363.2564697265625,500.89251708984375,1.2920858,28.0,-1,3.1284447
2080,940,639.5213961601257,52.774824142456055,363.9246826171875,224.00311279296875,0.7708094,12.0,-1,4.4979696
1961,941,1542.9953951835632,504.4456844329834,1267.5460205078125,675.7337036132812,43.54868,20.0,-1,21.473278
1879,941,1838.3990817070007,-9.639902114868164,1562.94970703125,161.6481170654297,17.96296,10.0,-1,9.040898
2779,941,434.50694608688354,56.4793758392334,159.0575714111328,227.76739501953125,17.193985,24.0,-1,12.110102
0,941,1494.2615084648132,821.3377132415771,1218.8121337890625,992.625732421875,16.379278,18.0,-1,38.707134
3,941,1095.1522555351257,274.3447017669678,819.702880859375,445.6327209472656,13.961219,14.0,-1,10.945751
2,941,1539.9833102226257,280.5196590423584,1264.533935546875,451.80767822265625,12.988647,14.0,-1,0.40019774
4,941,1272.5903658866882,-47.73198890686035,997.1409912109375,123.5560302734375,12.476996,8.0,1,1.9777453
1,941,1553.9416842460632,190.35837364196777,1278.4923095703125,361.6463928222656,11.772523,8.0,1,9.45574
2810,941,1893.3627047538757,78.5922908782959,1617.913330078125,249.88031005859375,9.286656,10.0,-1,16.681355
11,941,329.8032603263855,336.4778804779053,54.353885650634766,507.7658996582031,9.276,16.0,-1,21.165909
2032,941,520.9434237480164,-65.55931282043457,245.49404907226562,105.72870635986328,9.193557,16.0,-1,14.7053795
12,941,1170.3338961601257,800.2992610931396,894.884521484375,971.5872802734375,8.013782,16.0,-1,4.6519012
9,941,1450.8995699882507,968.8700618743896,1175.4501953125,1140.1580810546875,7.6294312,10.0,-1,25.828032
8,941,1433.3204684257507,272.95416831970215,1157.87109375,444.2421875,5.4648814,14.0,-1,4.8814745
1332,941,642.1308932304382,591.8841609954834,366.6815185546875,763.1721801757812,4.9255276,14.0,-1,12.103564
2281,941,1784.0417819023132,-50.520586013793945,1508.5924072265625,120.7674331665039,3.6164167,10.0,-1,15.579173
2389,941,1359.9005465507507,239.44840049743652,1084.451171875,410.7364196777344,1.7808064,8.0,-1,10.212629
1784,941,1639.8127779960632,328.771032333374,1364.3634033203125,500.0590515136719,1.4304008,14.0,-1,2.7649784
2080,941,639.5213961601257,52.343069076538086,364.072021484375,223.63108825683594,0.71569735,14.0,-1,4.12383
1961,942,1541.5572085380554,504.7486171722412,1264.8568115234375,675.997314453125,53.14787,20.0,-1,22.081085
0,942,1493.513873577118,820.9506435394287,1216.8134765625,992.1993408203125,22.882032,18.0,-1,35.353302
1879,942,1840.161334514618,-7.167215347290039,1563.4609375,164.08148193359375,20.257078,10.0,-1,8.944575
4,942,1274.4781680107117,-48.89508247375488,997.7777709960938,122.3536148071289,19.601633,8.0,1,1.724694
2779,942,434.50694608688354,58.54707908630371,157.80654907226562,229.7957763671875,17.844332,22.0,-1,12.843451
3,942,1094.7937197685242,275.0344753265381,818.0933227539062,446.2831726074219,17.15341,14.0,-1,9.954918
2,942,1539.208453655243,279.06078147888184,1262.508056640625,450.3094787597656,14.079774,14.0,-1,0.50389135
2032,942,522.302234172821,-65.49664497375488,245.60183715820312,105.7520523071289,11.362081,16.0,-1,15.440487
9,942,1448.372027873993,968.8111171722412,1171.671630859375,1140.059814453125,11.184085,10.0,-1,26.77551
1,942,1554.428668498993,188.5374050140381,1277.728271484375,359.7861022949219,11.096595,8.0,1,6.6661777
11,942,328.96080350875854,335.8573513031006,52.260406494140625,507.1060485839844,8.606755,16.0,-1,20.22335
2810,942,1898.8391909599304,78.5922908782959,1622.1387939453125,249.8409881591797,7.6664977,10.0,-1,22.584473
12,942,1169.3389468193054,798.8111171722412,892.6385498046875,970.059814453125,7.025228,16.0,-1,2.432364
8,942,1432.7085757255554,274.7466640472412,1156.0081787109375,445.995361328125,6.9309635,14.0,-1,4.9138904
1332,942,643.5150332450867,592.1454067230225,366.81463623046875,763.3941040039062,6.0185504,14.0,-1,12.647995
2281,942,1785.250201702118,-49.784257888793945,1508.5498046875,121.46443939208984,3.548476,10.0,-1,16.336966
2389,942,1360.6946597099304,243.2465419769287,1083.9942626953125,414.4952392578125,2.0903113,10.0,-1,10.801425
1784,942,1637.827350139618,325.0789394378662,1361.126953125,496.32763671875,1.3023462,14.0,-1,7.150773
2080,942,642.634265422821,52.236379623413086,365.9338684082031,223.48507690429688,0.65153956,12.0,-1,4.369027
2933,942,1895.1282534599304,345.0280361175537,1618.4278564453125,516.2767333984375,0.4915681,14.0,-1,2.4003866
1961,943,1540.123736858368,504.3479518890381,1263.3477783203125,676.0906982421875,53.090992,20.0,-1,20.618488
2779,943,431.3788332939148,61.06635093688965,154.60287475585938,232.80909729003906,18.99255,24.0,-1,11.659065
1879,943,1840.687457561493,-9.461069107055664,1563.9114990234375,162.28167724609375,18.246109,10.0,-1,8.751749
4,943,1275.216266155243,-49.20376777648926,998.4403076171875,122.53897857666016,16.997007,8.0,1,0.5927137
11,943,328.96080350875854,336.5667018890381,52.184844970703125,508.3094482421875,16.697943,16.0,-1,20.808472
0,943,1493.240436077118,820.4676418304443,1216.4644775390625,992.2103881835938,15.097038,18.0,-1,39.648666
3,943,1094.3524355888367,272.60890769958496,817.5764770507812,444.3516540527344,14.457114,14.0,-1,12.058437
2,943,1539.459918498993,279.06078147888184,1262.6839599609375,450.80352783203125,14.267696,8.0,1,0.73206484
1,943,1552.2510561943054,188.87022972106934,1275.47509765625,360.61297607421875,13.776539,8.0,1,6.585215
9,943,1450.838336467743,966.2522487640381,1174.0623779296875,1137.9949951171875,11.047549,10.0,-1,22.877823
2032,943,523.4840273857117,-66.86116218566895,246.70806884765625,104.88158416748047,10.916557,16.0,-1,15.954267
12,943,1164.774371623993,799.2939968109131,887.9984130859375,971.0367431640625,5.9804645,16.0,-1,1.882252
1332,943,641.7608828544617,594.3928127288818,364.98492431640625,766.1355590820312,5.8513513,14.0,-1,14.174197
8,943,1429.9556460380554,278.74718284606934,1153.1796875,450.48992919921875,4.3211966,14.0,-1,8.581945
2281,943,1787.140094280243,-48.19992256164551,1510.3641357421875,123.5428237915039,3.8254728,12.0,-1,15.6030445
2389,943,1363.357867717743,243.2362575531006,1086.5819091796875,414.97900390625,1.8792492,10.0,-1,9.453791
1784,943,1640.0220522880554,325.1117458343506,1363.24609375,496.8544921875,0.72047424,20.0,-1,5.3505425
2933,943,1894.7698550224304,348.2196559906006,1617.993896484375,519.96240234375,0.40538153,16.0,-1,1.5528376
2080,943,646.040271282196,46.653676986694336,369.2643127441406,218.39642333984375,0.4027171,12.0,-1,3.2453768
1961,944,1538.881305217743,502.5540065765381,1261.392333984375,674.820556640625,48.093185,20.0,-1,20.124588
2779,944,429.34508085250854,61.45259666442871,151.85610961914062,233.71914672851562,17.892221,24.0,-1,12.507554
1,944,1551.568072795868,187.6215419769287,1274.0791015625,359.8880920410156,16.835062,8.0,1,3.4366474
3,944,1093.5060000419617,272.8178310394287,816.0170288085938,445.0843811035156,15.645959,14.0,-1,10.972708
4,944,1276.0119814872742,-47.94341468811035,998.5230102539062,124.32313537597656,14.466583,8.0,1,0.078392744
0,944,1493.240436077118,819.1097316741943,1215.75146484375,991.3762817382812,13.03259,18.0,-1,36.605328
2810,944,1899.2810854911804,77.88055992126465,1621.7921142578125,250.14710998535156,9.493893,10.0,-1,20.170874
1879,944,1838.5467104911804,-9.108484268188477,1561.0577392578125,163.15806579589844,9.330808,10.0,-1,5.7713985
11,944,329.4302134513855,336.5667018890381,51.94124221801758,508.833251953125,9.044032,16.0,-1,20.589458
2032,944,523.4278140068054,-67.47154426574707,245.9388427734375,104.79500579833984,8.84682,16.0,-1,15.364651
1332,944,643.051990032196,593.5013332366943,365.5630187988281,765.7678833007812,8.639699,16.0,-1,12.436393
2,944,1541.5989565849304,279.06090354919434,1264.1099853515625,451.32745361328125,8.366963,8.0,1,1.2871382
12,944,1165.0926699638367,800.6766872406006,887.6036987304688,972.9432373046875,8.171189,16.0,-1,3.5227
8,944,1429.891559123993,281.17186546325684,1152.402587890625,453.43841552734375,7.1095033,14.0,-1,7.549019
9,944,1454.574176311493,965.7078151702881,1177.085205078125,1137.974365234375,4.8397436,10.0,-1,21.82751
2281,944,1788.2561831474304,-46.09214973449707,1510.7672119140625,126.17440032958984,4.650319,10.0,-1,16.40228
1784,944,1643.945025920868,326.8030605316162,1366.4560546875,499.0696105957031,2.2411377,12.0,-1,8.892328
2389,944,1364.873248577118,241.1026210784912,1087.38427734375,413.3691711425781,1.8451964,10.0,-1,9.095852
2080,944,644.9172549247742,45.22272300720215,367.42828369140625,217.48927307128906,0.6068736,12.0,-1,3.8154354
2933,944,1894.281207561493,347.9661159515381,1616.792236328125,520.232666015625,0.43893108,18.0,-1,2.42489
1961,945,1538.4319643974304,503.5270290374756,1260.275146484375,676.5057373046875,37.22194,20.0,-1,20.655956
2779,945,427.9772524833679,63.665517807006836,149.8204345703125,236.64422607421875,35.136745,22.0,-1,13.02109
1879,945,1838.2149233818054,-10.921838760375977,1560.05810546875,162.05686950683594,24.440218,10.0,-1,9.392356
3,945,1096.3340029716492,271.6628017425537,818.1771850585938,444.6415100097656,18.907824,14.0,-1,10.831606
1,945,1552.181598186493,187.6215419769287,1274.0247802734375,360.6002502441406,16.97439,14.0,-1,0.71276164
0,945,1494.3611636161804,817.7852687835693,1216.204345703125,990.7639770507812,16.212582,18.0,-1,38.20901
2,945,1541.936969280243,281.7868251800537,1263.7801513671875,454.7655334472656,14.451112,8.0,1,0.29862273
4,945,1277.8618350028992,-46.86777687072754,999.7050170898438,126.11093139648438,13.741418,8.0,1,2.3894742
1332,945,642.1248049736023,593.3711452484131,363.9679870605469,766.349853515625,11.107967,16.0,-1,11.732801
2032,945,519.9654574394226,-66.75943183898926,241.8086395263672,106.21927642822266,8.888108,16.0,-1,15.018338
11,945,331.1585040092468,335.34422874450684,53.001686096191406,508.32293701171875,8.7922125,16.0,-1,21.74989
12,945,1167.4929385185242,800.4872951507568,889.3361206054688,973.4660034179688,7.9547515,16.0,-1,4.068149
8,945,1428.3284487724304,280.6215114593506,1150.171630859375,453.6002197265625,7.456789,14.0,-1,5.987554
2810,945,1900.1365542411804,77.99872398376465,1621.979736328125,250.97743225097656,5.782978,10.0,-1,14.533721
2946,945,1461.549029827118,970.1462917327881,1183.3922119140625,1143.125,3.843211,10.0,-1,20.173199
2281,945,1787.174762248993,-46.63924598693848,1509.0179443359375,126.33946228027344,3.7833788,10.0,-1,18.10391
1784,945,1640.932330608368,327.23268699645996,1362.7755126953125,500.2113952636719,1.9432317,12.0,-1,7.487275
2389,945,1364.5232729911804,241.77248191833496,1086.366455078125,414.7511901855469,1.90778,10.0,-1,9.169529
2080,945,645.8921084403992,43.06990623474121,367.73529052734375,216.04861450195312,1.0235759,16.0,-1,4.134721
2933,945,1894.281207561493,348.1499538421631,1616.1243896484375,521.128662109375,0.96555114,12.0,-1,4.0441704
1961,946,1539.4666323661804,504.40810203552246,1261.26806640625,677.7695922851562,42.890133,20.0,-1,21.196362
1879,946,1838.2373843193054,-10.132089614868164,1560.038818359375,163.22940063476562,18.824242,10.0,-1,8.933425
1,946,1552.181598186493,190.0317897796631,1273.9830322265625,363.3932800292969,16.70787,8.0,1,0.6618426
2779,946,425.55011320114136,63.01570701599121,147.35154724121094,236.377197265625,16.013613,22.0,-1,12.710994
2,946,1543.5323061943054,281.7868251800537,1265.333740234375,455.1483154296875,14.772708,8.0,1,0.9096879
0,946,1493.012652873993,816.55641746521,1214.8140869140625,989.9179077148438,14.475089,18.0,-1,33.988796
3,946,1096.5542178153992,273.29918479919434,818.3556518554688,446.6606750488281,14.163875,14.0,-1,9.380198
4,946,1277.7821230888367,-44.59737586975098,999.5835571289062,128.7641143798828,13.334249,8.0,1,2.9643564
11,946,331.84117460250854,334.0691738128662,53.642608642578125,507.4306640625,10.710976,16.0,-1,21.683777
2032,946,518.3108859062195,-63.57712745666504,240.11231994628906,109.78436279296875,9.863538,14.0,-1,15.85137
8,946,1426.8138003349304,281.05919456481934,1148.615234375,454.4206848144531,7.872378,14.0,-1,2.1382194
2946,946,1462.8589663505554,968.8263759613037,1184.660400390625,1142.1878662109375,7.4118648,10.0,-1,22.360884
1332,946,638.6190981864929,592.5326747894287,360.4205322265625,765.8941650390625,6.2675953,16.0,-1,10.62006
12,946,1170.3452334403992,801.9701137542725,892.1466674804688,975.3316040039062,5.076808,16.0,-1,5.77043
2281,946,1786.4309878349304,-48.49393653869629,1508.232421875,124.8675537109375,4.0086694,10.0,-1,16.76609
1784,946,1641.4258608818054,327.09630393981934,1363.227294921875,500.4577941894531,2.0504162,12.0,-1,8.395636
2389,946,1363.504840373993,243.3798122406006,1085.3062744140625,416.7413024902344,1.5151502,10.0,-1,8.006393
2933,946,1896.7012515068054,346.96877098083496,1618.502685546875,520.3302612304688,0.4388548,14.0,-1,3.524776
2080,946,642.074695110321,43.04123497009277,363.8761291503906,216.40272521972656,0.1875202,18.0,-1,2.8153334
1961,947,1538.5704684257507,502.39964866638184,1259.3031005859375,676.7024536132812,37.721973,20.0,-1,21.571232
2779,947,425.55011320114136,61.73189353942871,146.28274536132812,236.03469848632812,24.058052,22.0,-1,13.319675
4,947,1277.332248210907,-44.0065860748291,998.0648803710938,130.2962188720703,22.334547,8.0,1,2.0642548
1879,947,1838.9167819023132,-11.329782485961914,1559.6494140625,162.9730224609375,17.521788,10.0,-1,8.504603
0,947,1495.2230563163757,815.3764553070068,1215.9556884765625,989.6792602539062,16.854445,18.0,-1,35.11726
1,947,1550.0486178398132,190.8447780609131,1270.78125,365.1475830078125,15.904472,14.0,-1,1.5958357
3,947,1099.3703951835632,274.41588401794434,820.10302734375,448.71868896484375,15.532975,14.0,-1,9.56765
11,947,331.09366941452026,335.1209011077881,51.82630157470703,509.4237060546875,14.602561,16.0,-1,21.322712
2,947,1544.7361178398132,278.71312522888184,1265.46875,453.01593017578125,11.029285,8.0,1,5.8135285
1332,947,638.9612154960632,589.5394802093506,359.69384765625,763.84228515625,9.086151,16.0,-1,11.782352
2032,947,519.1538882255554,-62.971574783325195,239.8865203857422,111.33123016357422,8.919595,14.0,-1,14.371875
8,947,1424.7084078788757,283.7713222503662,1145.4410400390625,458.0741271972656,8.481282,14.0,-1,5.601016
2946,947,1463.5065035820007,967.0435085296631,1184.2391357421875,1141.3463134765625,7.70781,10.0,-1,20.23257
12,947,1170.6131319999695,803.1973171234131,891.3457641601562,977.5001220703125,5.1094375,16.0,-1,7.2277727
2281,947,1785.9392428398132,-49.7348575592041,1506.671875,124.56794738769531,4.1023803,10.0,-1,15.832351
1784,947,1643.2711520195007,328.8737087249756,1364.0037841796875,503.176513671875,2.8495035,12.0,-1,9.102956
2389,947,1361.3082613945007,243.3798122406006,1082.0408935546875,417.6826171875,1.3310559,10.0,-1,8.509615
2933,947,1895.2541842460632,347.44933128356934,1615.98681640625,521.7521362304688,0.961407,14.0,-1,2.096027
2080,947,637.1736788749695,40.275930404663086,357.90631103515625,214.5787353515625,0.83949643,12.0,-1,4.2015095
1961,948,1537.9267916679382,503.85899925231934,1257.659912109375,678.314697265625,48.866657,20.0,-1,23.032604
1879,948,1838.2121920585632,-12.529413223266602,1557.9453125,161.92628479003906,25.92723,10.0,-1,10.077994
4,948,1276.6072726249695,-41.60611915588379,996.3403930664062,132.84957885742188,19.987797,8.0,1,1.1649444
0,948,1497.1084322929382,815.3764553070068,1216.841552734375,989.8321533203125,15.671154,18.0,-1,33.43053
3,948,1100.3528780937195,273.9223232269287,820.0859985351562,448.3780212402344,15.647282,14.0,-1,8.782093
2779,948,425.7033267021179,64.54364585876465,145.4364471435547,238.9993438720703,14.852543,22.0,-1,13.49313
2,948,1546.4588961601257,278.3274440765381,1266.1920166015625,452.78314208984375,14.403783,8.0,1,1.64608
1,948,1549.6036715507507,192.2784023284912,1269.3367919921875,366.7341003417969,12.925521,8.0,1,2.93016
11,948,334.05561780929565,333.53587913513184,53.78873825073242,507.9915771484375,12.493626,16.0,-1,21.027277
1332,948,638.9612154960632,589.0845851898193,358.6943359375,763.540283203125,11.962158,16.0,-1,11.753707
2032,948,517.8458743095398,-65.96808052062988,237.57899475097656,108.48761749267578,10.224271,14.0,-1,14.217027
2946,948,1462.3475680351257,967.1894435882568,1182.0806884765625,1141.6451416015625,10.052932,10.0,-1,21.90276
8,948,1425.0686373710632,287.34438133239746,1144.8017578125,461.8000793457031,7.5266595,14.0,-1,6.813436
12,948,1172.0947604179382,803.8361721038818,891.827880859375,978.2918701171875,6.506434,14.0,-1,9.386268
2281,948,1786.0915865898132,-47.870615005493164,1505.82470703125,126.5850830078125,3.4358873,10.0,-1,16.321457
2389,948,1362.2685885429382,241.45177268981934,1082.001708984375,415.907470703125,2.3050256,10.0,-1,13.380328
1784,948,1638.8684420585632,330.0815029144287,1358.6015625,504.5372009277344,1.5192152,16.0,-1,7.3155036
2933,948,1895.0436129570007,347.3329372406006,1614.7767333984375,521.7886352539062,0.77194166,12.0,-1,4.6059785
2080,948,634.3443636894226,38.17178916931152,354.0774841308594,212.6274871826172,0.60000986,12.0,-1,4.300111
1961,949,1535.7068209648132,503.6841640472412,1255.39013671875,677.9812622070312,59.86404,20.0,-1,22.412865
2779,949,426.80345487594604,67.99196434020996,146.4867706298828,242.2890625,29.389502,22.0,-1,14.078085
1879,949,1838.2121920585632,-11.180810928344727,1557.8955078125,163.1162872314453,20.57829,10.0,-1,9.928926
4,949,1278.7457613945007,-42.33187294006348,998.4290771484375,131.96522521972656,18.063393,8.0,1,1.8652759
1,949,1550.4432711601257,192.2784023284912,1270.1265869140625,366.57550048828125,14.308156,8.0,1,7.1829967
11,949,334.08169889450073,333.50868797302246,53.7650146484375,507.8057861328125,13.146133,16.0,-1,21.876448
0,949,1497.9278903007507,815.628927230835,1217.6112060546875,989.926025390625,13.129291,18.0,-1,34.193565
3,949,1098.5134615898132,274.3915309906006,818.19677734375,448.6886291503906,12.276889,14.0,-1,10.4643955
1332,949,638.7491488456726,589.4286708831787,358.4324645996094,763.7257690429688,12.154412,16.0,-1,12.332313
2,949,1543.5503268241882,278.03322410583496,1263.233642578125,452.330322265625,12.10399,14.0,-1,4.963691
2032,949,516.4231600761414,-63.97066688537598,236.10647583007812,110.32643127441406,10.494397,14.0,-1,13.7419405
2946,949,1458.3362154960632,969.2433071136475,1178.01953125,1143.5404052734375,9.200147,10.0,-1,24.547344
12,949,1171.4692721366882,804.7412929534912,891.152587890625,979.0383911132812,6.911545,14.0,-1,7.59221
8,949,1425.0897555351257,287.16176414489746,1144.7730712890625,461.4588623046875,6.208608,14.0,-1,4.920934
2810,949,1902.6230807304382,70.00041770935059,1622.306396484375,244.29751586914062,6.00152,10.0,-1,13.533055
2281,949,1786.6758151054382,-48.2101993560791,1506.359130859375,126.08689880371094,3.0958397,12.0,-1,16.860104
2389,949,1361.2036471366882,239.93861961364746,1080.886962890625,414.2357177734375,1.9982457,8.0,-1,13.26702
1784,949,1632.5115084648132,328.4258632659912,1352.19482421875,502.72296142578125,1.2075219,14.0,-1,4.423182
2933,949,1896.2790865898132,348.9591884613037,1615.96240234375,523.2562866210938,1.0452086,12.0,-1,5.5583143
2080,949,634.8305697441101,37.86745262145996,354.5138854980469,212.16455078125,0.42334414,14.0,-1,3.8812952
1961,950,1533.51806974411,504.0393886566162,1252.8486328125,678.2592163085938,58.68126,20.0,-1,21.777172
2779,950,428.13934659957886,68.94646263122559,147.46990966796875,243.16629028320312,23.65647,22.0,-1,14.136778
4,950,1278.4884676933289,-43.56752967834473,997.8190307617188,130.6522979736328,17.858593,8.0,1,0.33224487
3,950,1098.6790804862976,274.6753749847412,818.0096435546875,448.89520263671875,16.917624,14.0,-1,10.586516
1879,950,1838.107181072235,-10.803094863891602,1557.437744140625,163.41673278808594,14.540909,10.0,-1,8.09618
2,950,1545.61572599411,277.82668113708496,1264.9462890625,452.0465087890625,12.122275,14.0,-1,5.375255
1332,950,639.292453289032,588.80885887146,358.6230163574219,763.0286865234375,11.665615,16.0,-1,13.262565
0,950,1497.6756625175476,815.0201015472412,1217.0062255859375,989.2399291992188,11.016421,18.0,-1,37.682434
11,950,334.8383250236511,333.66200828552246,54.168888092041016,507.8818359375,10.928739,16.0,-1,22.14896
1,950,1550.2491488456726,190.51085472106934,1269.5797119140625,364.7306823730469,10.310237,8.0,1,7.3713403
12,950,1170.33301115036,808.238302230835,889.66357421875,982.4581298828125,8.265397,14.0,-1,8.9755745
2032,950,518.3914065361023,-65.5726261138916,237.7219696044922,108.64720153808594,7.054563,14.0,-1,13.485301
2946,950,1457.08252286911,969.0899868011475,1176.4130859375,1143.309814453125,6.8883452,8.0,-1,27.719597
2810,950,1902.232181072235,72.71483421325684,1621.562744140625,246.93466186523438,6.533537,10.0,-1,13.737291
8,950,1425.0648226737976,288.2162685394287,1144.3953857421875,462.43609619140625,5.4518437,14.0,-1,2.115268
2281,950,1786.95605802536,-48.70836067199707,1506.28662109375,125.51146697998047,4.261288,10.0,-1,18.015142
1784,950,1633.06103849411,327.97008323669434,1352.3916015625,502.1899108886719,2.817627,14.0,-1,5.516112
2389,950,1362.8338656425476,237.5269374847412,1082.1644287109375,411.74676513671875,2.2363594,8.0,-1,14.223185
2933,950,1893.5933871269226,350.22865867614746,1612.9239501953125,524.448486328125,1.0408405,12.0,-1,4.78135
2080,950,634.8555026054382,40.08370018005371,354.1860656738281,214.30352783203125,0.91657495,12.0,-1,3.9240508
1961,951,1534.575313091278,503.25697898864746,1253.625,678.2528686523438,54.22075,20.0,-1,20.06332
2779,951,427.82865476608276,69.58710289001465,146.8783416748047,244.58299255371094,21.529856,22.0,-1,13.314006
1,951,1550.9055132865906,189.92748069763184,1269.9552001953125,364.9233703613281,16.784853,8.0,1,0.1807859
4,951,1275.1074786186218,-42.56032752990723,994.1571655273438,132.43556213378906,16.76391,8.0,1,0.20399702
0,951,1496.4782671928406,813.5431118011475,1215.5279541015625,988.5390014648438,16.06536,18.0,-1,38.46918
1879,951,1837.800410747528,-7.976099014282227,1556.85009765625,167.01979064941406,13.613217,10.0,-1,5.490239
1332,951,639.3881793022156,588.4497890472412,358.4378662109375,763.4456787109375,11.961057,16.0,-1,11.510589
11,951,334.22492933273315,332.5602321624756,53.27461624145508,507.5561218261719,11.638194,16.0,-1,23.486155
3,951,1098.7210040092468,273.5166835784912,817.7706909179688,448.5125732421875,11.100327,14.0,-1,10.265671
2,951,1546.286006450653,278.77626609802246,1265.335693359375,453.77215576171875,10.705521,14.0,-1,2.4514992
2810,951,1901.1384234428406,71.39922142028809,1620.1881103515625,246.39511108398438,9.762927,10.0,-1,13.806566
2946,951,1456.8969683647156,968.0972499847412,1175.9466552734375,1143.0931396484375,9.477929,8.0,-1,31.047174
2032,951,518.3494830131531,-65.21216773986816,237.399169921875,109.78372192382812,8.871438,14.0,-1,13.291541
8,951,1424.7797808647156,288.3065700531006,1143.8294677734375,463.3024597167969,8.656926,14.0,-1,2.5342083
12,951,1172.4679522514343,810.6989345550537,891.5176391601562,985.69482421875,5.4402866,14.0,-1,10.592338
1784,951,1635.189082622528,330.38356590270996,1354.23876953125,505.37945556640625,3.9807987,14.0,-1,7.6757154
2281,951,1788.3640093803406,-46.198740005493164,1507.4136962890625,128.79714965820312,3.3786259,12.0,-1,13.401202
2389,951,1363.1044878959656,237.43663597106934,1082.1541748046875,412.4325256347656,1.8777198,8.0,-1,14.480798
2933,951,1894.1215777397156,349.25734519958496,1613.1712646484375,524.2532348632812,0.84016633,12.0,-1,4.731742
2080,951,634.6406512260437,41.4453182220459,353.6903381347656,216.4412078857422,0.5711511,28.0,-1,4.243965
1961,952,1534.8059039115906,506.1577739715576,1253.6964111328125,680.2959594726562,56.104687,20.0,-1,20.068407
4,952,1273.589961528778,-43.465349197387695,992.48046875,130.67283630371094,20.51045,14.0,-1,3.012916
2779,952,427.59791135787964,73.11550712585449,146.48841857910156,247.25369262695312,19.315973,22.0,-1,12.360056
1,952,1551.2851519584656,192.02081108093262,1270.1756591796875,366.15899658203125,17.353537,8.0,1,0.2443999
1879,952,1838.5165972709656,-3.7957935333251953,1557.4071044921875,170.34239196777344,17.120173,10.0,-1,10.300961
0,952,1493.993770122528,816.3060283660889,1212.88427734375,990.4442138671875,14.09835,18.0,-1,34.71865
3,952,1097.7429766654968,273.3379497528076,816.6334838867188,447.47613525390625,12.712876,14.0,-1,11.149667
2810,952,1901.3720660209656,71.40095329284668,1620.2625732421875,245.5391387939453,10.630917,10.0,-1,16.918802
2,952,1548.8637652397156,278.7265911102295,1267.7542724609375,452.8647766113281,10.4331665,14.0,-1,2.9942098
1332,952,640.5554156303406,588.0483379364014,359.4459228515625,762.1865234375,9.906541,16.0,-1,11.072716
11,952,332.3409991264343,332.4026165008545,51.23150634765625,506.5408020019531,9.2800455,16.0,-1,22.73506
2032,952,520.1524767875671,-63.265581130981445,239.04298400878906,110.87260437011719,8.687608,14.0,-1,14.124645
8,952,1424.9060015678406,289.70471000671387,1143.7965087890625,463.8428955078125,7.457168,14.0,-1,3.7699313
2946,952,1454.0202593803406,966.4770488739014,1172.9107666015625,1140.615234375,7.0420995,8.0,-1,29.846468
12,952,1174.523066997528,809.7111797332764,893.41357421875,983.849365234375,3.8705769,14.0,-1,14.65517
2281,952,1786.285762310028,-41.81884956359863,1505.17626953125,132.3193359375,3.1340392,12.0,-1,13.460763
2389,952,1361.1647906303406,235.82262992858887,1080.0552978515625,409.9608154296875,2.6313434,8.0,-1,14.64197
1784,952,1635.062861919403,330.38183403015137,1353.953369140625,504.52001953125,1.7929462,14.0,-1,2.4968128
2080,952,636.0834918022156,43.64275932312012,354.9739990234375,217.78094482421875,0.96012974,12.0,-1,5.428559
2933,952,1889.9580035209656,347.5322856903076,1608.8485107421875,521.6704711914062,0.8120687,14.0,-1,4.2915897
1961,953,1533.7082171440125,506.326322555542,1252.27587890625,681.49462890625,41.707382,20.0,-1,21.237932
2779,953,422.55506467819214,73.16775321960449,141.1227264404297,248.3360595703125,26.695734,24.0,-1,11.552904
4,953,1273.6312518119812,-44.970659255981445,992.1989135742188,130.19764709472656,21.410322,14.0,-1,0.7488334
1879,953,1839.5385394096375,-6.925920486450195,1558.106201171875,168.2423858642578,19.882002,10.0,-1,9.827139
1,953,1551.368007183075,191.0180950164795,1269.9356689453125,366.1864013671875,18.59711,8.0,1,2.1318386
0,953,1493.7785296440125,814.8847942352295,1212.34619140625,990.0531005859375,13.978031,18.0,-1,36.34799
11,953,331.9856524467468,332.3503704071045,50.553314208984375,507.5186767578125,13.599614,16.0,-1,22.004692
1332,953,639.7371172904968,588.1517009735107,358.3047790527344,763.3200073242188,11.177146,16.0,-1,13.243783
3,953,1099.0202288627625,274.0136089324951,817.587890625,449.1819152832031,11.149562,14.0,-1,8.956023
2,953,1549.7651019096375,279.28414726257324,1268.332763671875,454.45245361328125,10.899121,14.0,-1,2.9993467
2946,953,1451.2199358940125,964.2597942352295,1169.78759765625,1139.4281005859375,9.76773,8.0,-1,33.77774
2032,953,519.9961352348328,-64.17863655090332,238.5637969970703,110.98966979980469,9.7011,14.0,-1,14.421327
2810,953,1901.3307757377625,69.97596549987793,1619.8984375,245.14427185058594,9.445635,10.0,-1,15.202297
8,953,1425.249354839325,291.72286796569824,1143.8170166015625,466.89117431640625,8.058735,16.0,-1,5.302759
12,953,1176.7934832572937,806.7564373016357,895.3611450195312,981.9247436523438,4.6669793,14.0,-1,11.141146
2281,953,1786.6348528862,-39.79171943664551,1505.2025146484375,135.3765869140625,4.1067133,12.0,-1,14.287697
2389,953,1367.0409808158875,236.19128227233887,1085.608642578125,411.3595886230469,2.200957,6.0,-1,17.127567
1784,953,1637.628261089325,326.45150566101074,1356.1959228515625,501.61981201171875,1.6288843,14.0,-1,1.0641966
2080,953,635.2822833061218,44.69515800476074,353.8499450683594,219.86346435546875,1.2333664,12.0,-1,4.462346
2933,953,1889.4132952690125,347.900297164917,1607.98095703125,523.068603515625,0.9405808,10.0,-1,6.8093123
1961,954,1533.295575618744,506.5551128387451,1251.4034423828125,682.5394287109375,49.150486,20.0,-1,21.27983
2779,954,421.91665410995483,74.3222484588623,140.02452087402344,250.3065643310547,22.465317,22.0,-1,11.856847
1879,954,1838.542157649994,-7.630678176879883,1556.6500244140625,168.3536376953125,20.590614,10.0,-1,8.751244
4,954,1274.3767523765564,-45.068071365356445,992.484619140625,130.91624450683594,17.889256,8.0,1,0.20665777
0,954,1493.6106390953064,815.8198833465576,1211.718505859375,991.80419921875,15.968488,18.0,-1,33.96035
1332,954,638.4604315757751,587.9930400848389,356.56829833984375,763.9773559570312,15.518342,16.0,-1,13.165069
11,954,332.1535429954529,333.50460624694824,50.261409759521484,509.4889221191406,14.837989,16.0,-1,22.383785
2,954,1550.729901790619,280.028959274292,1268.8377685546875,456.0132751464844,14.37304,14.0,-1,0.7703483
1,954,1550.624921321869,190.49212455749512,1268.7327880859375,366.4764404296875,12.428233,14.0,-1,2.1452336
8,954,1427.5610785484314,292.2174663543701,1145.6689453125,468.2017822265625,10.383502,14.0,-1,5.1051006
2032,954,520.8940405845642,-67.9183521270752,239.0019073486328,108.06596374511719,9.623685,14.0,-1,14.931483
3,954,1098.6409735679626,272.39355278015137,816.7488403320312,448.37786865234375,9.157302,14.0,-1,10.789655
2946,954,1448.267255306244,963.5833110809326,1166.3751220703125,1139.567626953125,8.16372,8.0,-1,32.290157
2810,954,1902.035565853119,67.27787590026855,1620.1434326171875,243.26219177246094,7.7670875,10.0,-1,12.680517
12,954,1177.799481868744,805.1525249481201,895.9073486328125,981.1368408203125,3.908541,14.0,-1,12.022136
2281,954,1786.906903743744,-38.16220283508301,1505.0147705078125,137.82211303710938,2.9854279,12.0,-1,14.822301
2389,954,1369.815106868744,236.28869438171387,1087.9229736328125,412.27301025390625,2.8593485,6.0,-1,17.166521
1784,954,1640.0676703453064,327.6798686981201,1358.175537109375,503.6641845703125,1.593172,14.0,-1,0.9261591
2933,954,1883.419354915619,345.86279106140137,1601.5272216796875,521.8471069335938,1.0657135,10.0,-1,6.274258
2080,954,633.933789730072,46.61359977722168,352.0416564941406,222.59791564941406,0.54274637,12.0,-1,4.130683
1961,955,1530.5703024864197,508.6435298919678,1248.0689697265625,684.8338012695312,48.67728,20.0,-1,21.107738
2779,955,420.29617834091187,74.47467613220215,137.7948455810547,250.66494750976562,21.642258,22.0,-1,12.810556
4,955,1274.2138571739197,-41.69158363342285,991.7125244140625,134.49868774414062,19.328619,14.0,-1,1.008162
3,955,1098.6700339317322,272.1506099700928,816.168701171875,448.34088134765625,15.995308,14.0,-1,11.263315
1879,955,1839.5754294395447,-6.578134536743164,1557.0740966796875,169.6121368408203,15.676185,10.0,-1,9.708964
1332,955,640.0731406211853,587.6470699310303,357.5718078613281,763.8373413085938,15.042615,16.0,-1,13.460961
0,955,1494.8463034629822,815.001989364624,1212.344970703125,991.1922607421875,13.384315,18.0,-1,34.592712
1,955,1550.6121726036072,192.59345054626465,1268.11083984375,368.7837219238281,12.509376,14.0,-1,1.2520024
2,955,1550.5904440879822,281.0393123626709,1268.089111328125,457.2295837402344,12.294934,8.0,1,1.1998222
2032,955,520.9067893028259,-68.39374732971191,238.40545654296875,107.79652404785156,11.035136,14.0,-1,15.072348
11,955,333.35346364974976,333.09662437438965,50.85213088989258,509.2868957519531,10.399335,16.0,-1,22.45749
2810,955,1904.4827780723572,67.53595542907715,1621.9814453125,243.72622680664062,9.970139,10.0,-1,16.147305
2946,955,1448.0629782676697,966.0323848724365,1165.5616455078125,1142.22265625,8.202413,10.0,-1,26.468214
8,955,1430.5356345176697,290.4946346282959,1148.0343017578125,466.6849060058594,8.098268,14.0,-1,4.7692504
12,955,1176.0471091270447,803.8285884857178,893.5457763671875,980.0188598632812,5.6538577,12.0,-1,10.7974615
2281,955,1789.5322165489197,-38.31463050842285,1507.0308837890625,137.87564086914062,3.230202,12.0,-1,13.231504
2389,955,1368.7231345176697,235.81278038024902,1086.2218017578125,412.0030517578125,2.8608778,8.0,-1,15.666369
1784,955,1640.4189352989197,331.4355220794678,1357.9176025390625,507.62579345703125,2.7692463,14.0,-1,0.8653976
2933,955,1882.3244528770447,345.387487411499,1599.8231201171875,521.5777587890625,1.01313,10.0,-1,5.7921495
2080,955,629.2713522911072,48.855642318725586,346.77001953125,225.04591369628906,0.6104687,12.0,-1,3.5829015
1961,956,1530.3299765586853,509.26905632019043,1246.58056640625,685.8065185546875,48.36136,20.0,-1,21.920874
2779,956,419.3190665245056,78.09565544128418,135.5696563720703,254.63311767578125,21.860273,22.0,-1,12.364054
4,956,1275.5936484336853,-40.49626350402832,991.84423828125,136.04119873046875,18.351171,14.0,-1,1.1595517
1,956,1550.3633017539978,195.23298454284668,1266.6138916015625,371.77044677734375,16.255587,14.0,-1,0.87814736
3,956,1098.580892086029,272.88212394714355,814.8314819335938,449.4195861816406,15.673409,14.0,-1,12.220578
1879,956,1838.0475058555603,-7.34752082824707,1554.298095703125,169.18994140625,15.384735,10.0,-1,9.359364
2,956,1550.9914755821228,281.40589714050293,1267.2420654296875,457.943359375,12.728919,14.0,-1,0.054839015
0,956,1495.6433310508728,814.3964366912842,1211.8939208984375,990.9338989257812,12.505691,18.0,-1,37.18667
1332,956,641.6545310020447,584.6681652069092,357.9051208496094,761.2056274414062,11.686874,16.0,-1,15.165644
11,956,332.49801778793335,331.1916027069092,48.74860763549805,507.72906494140625,11.44458,16.0,-1,22.187925
2032,956,523.0414938926697,-69.31672096252441,239.29208374023438,107.22074127197266,10.304258,14.0,-1,15.235847
2946,956,1446.5417685508728,967.1172008514404,1162.7923583984375,1143.6546630859375,7.980171,8.0,-1,29.387606
2810,956,1906.0144248008728,67.30309867858887,1622.2650146484375,243.84056091308594,6.004267,10.0,-1,18.523563
8,956,1432.0188193321228,289.22636222839355,1148.2694091796875,465.7638244628906,5.68947,14.0,-1,4.152377
12,956,1173.8293051719666,803.3952159881592,890.0798950195312,979.9326782226562,5.5189624,14.0,-1,10.246072
2281,956,1792.5935263633728,-38.39480781555176,1508.8441162109375,138.1426544189453,3.606703,12.0,-1,12.787804
1784,956,1640.5080771446228,334.3881664276123,1356.7586669921875,510.9256286621094,1.4951168,16.0,-1,0.6274497
2389,956,1370.4957480430603,232.79826164245605,1086.746337890625,409.3357238769531,1.3484797,8.0,-1,14.810245
2933,956,1880.3026328086853,345.46766471862793,1596.55322265625,522.005126953125,1.2413994,10.0,-1,5.4473953
2080,956,626.6739401817322,51.37959098815918,342.9245300292969,227.91705322265625,0.6037786,12.0,-1,3.879486
1961,957,1529.7519736289978,510.2622356414795,1245.54150390625,687.3658447265625,54.76419,20.0,-1,21.080862
1879,957,1838.2522177696228,-9.23137092590332,1554.041748046875,167.8722381591797,35.61285,10.0,-1,10.309701
2779,957,418.78406286239624,78.64227104187012,134.57359313964844,255.74588012695312,24.64654,22.0,-1,12.490594
4,957,1276.3275351524353,-42.51114082336426,992.1170654296875,134.59246826171875,21.236845,14.0,-1,2.0874631
2,957,1550.7463583946228,278.20361137390137,1266.535888671875,455.3072204589844,16.52781,14.0,-1,1.7034359
0,957,1495.6280722618103,814.269681930542,1211.4176025390625,991.373291015625,13.706216,18.0,-1,35.47477
11,957,333.24318838119507,329.6122417449951,49.032718658447266,506.7158508300781,12.545302,16.0,-1,21.034151
3,957,1099.956624507904,273.46325492858887,815.7461547851562,450.5668640136719,12.539307,14.0,-1,11.708542
8,957,1432.0340781211853,289.35311698913574,1147.8236083984375,466.45672607421875,11.424125,16.0,-1,2.2191815
1332,957,641.3161520957947,583.1601848602295,357.1056823730469,760.2637939453125,10.674903,16.0,-1,11.721814
2032,957,522.6310629844666,-67.19784736633301,238.42059326171875,109.90576171875,10.109908,16.0,-1,15.338401
2946,957,1446.9869589805603,963.185453414917,1162.7764892578125,1140.2890625,9.859,8.0,-1,33.94232
12,957,1172.6831259727478,804.5568523406982,888.47265625,981.6604614257812,8.937463,14.0,-1,7.037252
2810,957,1905.9693808555603,67.69262504577637,1621.7589111328125,244.79623413085938,8.309552,10.0,-1,14.520405
1,957,1551.2586874961853,196.75768852233887,1267.0482177734375,373.8612976074219,6.818573,14.0,-1,3.5085368
2281,957,1790.8734335899353,-38.17296028137207,1506.6629638671875,138.93064880371094,3.7357435,12.0,-1,12.885647
2389,957,1373.9635214805603,231.24163627624512,1089.7530517578125,408.3452453613281,2.8038378,6.0,-1,16.841812
1784,957,1641.2300009727478,337.7097454071045,1357.01953125,514.8133544921875,2.1316686,14.0,-1,1.8832055
2080,957,626.3067831993103,49.979597091674805,342.0963134765625,227.0832061767578,0.90843296,16.0,-1,4.495039
2933,957,1881.8496298789978,345.120512008667,1597.63916015625,522.22412109375,0.7234468,12.0,-1,3.6136234
2986,957,1623.4836630821228,348.2414836883545,1339.273193359375,525.3450927734375,0.45068642,10.0,-1,3.0179384
1961,958,1529.6844687461853,510.432767868042,1245.0135498046875,687.50634765625,57.31398,20.0,-1,21.685387
1879,958,1838.2522177696228,-9.51341438293457,1553.581298828125,167.56016540527344,24.27376,10.0,-1,12.034159
4,958,1276.8238730430603,-41.29504585266113,992.1529541015625,135.77853393554688,19.618948,14.0,-1,2.7163897
2779,958,412.53196477890015,79.87991142272949,127.86104583740234,256.9534912109375,19.598196,22.0,-1,13.588203
2,958,1550.9196982383728,277.00265312194824,1266.248779296875,454.07623291015625,14.813943,8.0,1,0.0063136816
0,958,1497.1103720664978,815.846097946167,1212.439453125,992.919677734375,14.043594,18.0,-1,35.04453
1332,958,641.872640132904,580.558012008667,357.20172119140625,757.631591796875,13.901722,16.0,-1,12.481359
3,958,1099.9748129844666,273.0754680633545,815.3038940429688,450.1490478515625,12.228196,14.0,-1,11.034791
2032,958,524.1590476036072,-66.22127723693848,239.48812866210938,110.85230255126953,11.27161,14.0,-1,15.243773
2810,958,1904.8615927696228,67.28962516784668,1620.190673828125,244.3632049560547,10.727574,10.0,-1,13.845079
11,958,332.59461736679077,327.89449882507324,47.92369842529297,504.96807861328125,10.565165,16.0,-1,20.592793
1,958,1553.0334677696228,198.84637260437012,1268.362548828125,375.9199523925781,9.107749,14.0,-1,5.565983
8,958,1431.3514609336853,288.94112968444824,1146.6805419921875,466.01470947265625,8.790901,16.0,-1,0.7370104
2946,958,1447.3860068321228,963.185453414917,1162.715087890625,1140.259033203125,8.164569,8.0,-1,33.92809
12,958,1171.855062007904,802.4777507781982,887.1841430664062,979.5513305664062,6.1576915,14.0,-1,5.9942384
2281,958,1790.1067099571228,-37.59179878234863,1505.435791015625,139.48178100585938,4.98269,12.0,-1,13.576491
1784,958,1644.5803427696228,341.4773235321045,1359.909423828125,518.5509033203125,2.3945365,6.0,1,0.11133194
2389,958,1378.1606650352478,230.93267631530762,1093.48974609375,408.0062561035156,1.0512866,8.0,-1,12.054041
2986,958,1623.3318076133728,350.5088176727295,1338.660888671875,527.5823974609375,0.70846826,10.0,-1,3.9588673
2080,958,624.3840231895447,48.97761344909668,339.7131042480469,226.0511932373047,0.5933236,12.0,-1,3.9420507
2933,958,1880.9022421836853,345.538236618042,1596.2313232421875,522.61181640625,0.37659013,12.0,-1,3.5111253
1961,959,1530.2430624961853,509.70268058776855,1245.815185546875,686.0220336914062,76.83527,20.0,-1,22.203634
2779,959,412.56189489364624,78.07769584655762,128.13401794433594,254.3970489501953,23.873617,22.0,-1,12.911409
1879,959,1838.7428183555603,-8.327226638793945,1554.31494140625,167.99212646484375,19.250017,10.0,-1,8.574836
4,959,1275.0096640586853,-41.12779426574707,990.581787109375,135.19155883789062,17.076817,14.0,-1,1.8988628
0,959,1495.4432578086853,816.2867259979248,1211.015380859375,992.6060791015625,15.426248,18.0,-1,34.477448
3,959,1096.5965781211853,275.08631706237793,812.168701171875,451.4056701660156,11.861328,14.0,-1,11.916191
2,959,1551.5455527305603,276.45997428894043,1267.11767578125,452.7793273925781,11.172272,14.0,-1,2.401528
1332,959,641.1541647911072,576.4595775604248,356.7262878417969,752.7789306640625,11.048568,16.0,-1,11.716491
2032,959,521.5751700401306,-66.67410469055176,237.1472930908203,109.64524841308594,10.491329,14.0,-1,14.902636
11,959,331.12332677841187,326.7390880584717,46.69544982910156,503.0584411621094,10.481692,16.0,-1,20.211123
1,959,1553.0334677696228,198.12843132019043,1268.6055908203125,374.4477844238281,9.780296,14.0,-1,5.246001
12,959,1171.9870200157166,803.9776439666748,887.5591430664062,980.2969970703125,9.262874,14.0,-1,3.8823552
2946,959,1450.1849570274353,962.5412425994873,1165.757080078125,1138.860595703125,8.180434,8.0,-1,32.216736
8,959,1433.3180136680603,290.2203197479248,1148.89013671875,466.5396728515625,8.172936,6.0,1,0.68477964
2810,959,1904.8183798789978,66.67910575866699,1620.3905029296875,242.9984588623047,7.5902247,10.0,-1,14.323982
2281,959,1790.3962607383728,-37.59179878234863,1505.9683837890625,138.72755432128906,4.3062634,12.0,-1,12.563949
1784,959,1643.0503134727478,347.2653636932373,1358.6224365234375,523.584716796875,3.4187872,14.0,-1,1.6079419
2389,959,1382.7359824180603,235.48469352722168,1098.30810546875,411.8040466308594,1.5528723,8.0,-1,14.735452
2933,959,1882.4110312461853,344.09452629089355,1597.983154296875,520.4138793945312,1.3518997,14.0,-1,5.8345213
2080,959,623.561604976654,52.00098991394043,339.13372802734375,228.32034301757812,0.59574217,16.0,-1,4.7946997
2986,959,1622.0608115196228,351.94047355651855,1337.6329345703125,528.2598266601562,0.5481869,10.0,-1,2.400352
1961,960,1531.5625319480896,511.16357231140137,1246.704833984375,687.7098388671875,47.691288,20.0,-1,21.787052
4,960,1277.2729201316833,-42.30032539367676,992.4152221679688,134.24594116210938,20.49387,14.0,-1,0.53405607
2779,960,410.6126112937927,78.09257316589355,125.75491333007812,254.6388397216797,19.684645,22.0,-1,12.865898
1879,960,1841.839509487152,-8.571916580200195,1556.9818115234375,167.97434997558594,16.82844,10.0,-1,9.645215
0,960,1495.2905592918396,813.4501323699951,1210.432861328125,989.9963989257812,14.247421,18.0,-1,32.796448
3,960,1094.941804409027,274.98238945007324,810.0841064453125,451.5286560058594,13.724359,14.0,-1,10.507792
2,960,1551.161530971527,275.6862163543701,1266.3038330078125,452.23248291015625,12.757065,14.0,-1,1.274463
1332,960,641.9294142723083,572.6182842254639,357.07171630859375,749.16455078125,11.601283,18.0,-1,10.664141
8,960,1432.4062819480896,291.94613456726074,1147.548583984375,468.4924011230469,11.330529,16.0,-1,0.6143067
1,960,1552.6379714012146,199.34124565124512,1267.7802734375,375.88751220703125,9.819944,14.0,-1,2.973343
2946,960,1450.698884487152,963.2441387176514,1165.8411865234375,1139.7904052734375,9.808225,8.0,-1,31.917852
11,960,331.12332677841187,325.61535453796387,46.265628814697266,502.16162109375,9.379262,16.0,-1,21.623287
12,960,1170.9485182762146,805.9617900848389,886.0908203125,982.508056640625,9.241879,16.0,-1,2.82081
2810,960,1907.1423659324646,66.67910575866699,1622.28466796875,243.22537231445312,7.705891,10.0,-1,13.904324
2032,960,523.7905592918396,-67.36402320861816,238.932861328125,109.18224334716797,7.514082,16.0,-1,15.589597
1784,960,1642.830964565277,347.53759574890137,1357.9732666015625,524.0838623046875,4.630479,14.0,-1,0.77342045
2281,960,1791.6660475730896,-37.393571853637695,1506.808349609375,139.15269470214844,4.1675496,12.0,-1,16.180342
2389,960,1382.776521205902,235.49712944030762,1097.9188232421875,412.04339599609375,3.8528335,6.0,-1,17.94638
2933,960,1882.361726284027,341.97973442077637,1597.5040283203125,518.5260009765625,0.92659897,22.0,-1,4.7029905
2080,960,624.3832106590271,51.88776969909668,339.5255126953125,228.4340362548828,0.6923496,10.0,-1,4.8119526
2986,960,1620.5613112449646,353.40527153015137,1335.70361328125,529.9515380859375,0.6211943,10.0,-1,3.2780745
1961,961,1532.79714345932,511.16357231140137,1248.104248046875,688.8280029296875,47.066723,20.0,-1,20.97493
2779,961,406.53295278549194,77.00346183776855,121.84005737304688,254.6678924560547,26.96254,22.0,-1,12.509186
4,961,1278.37380361557,-41.396440505981445,993.680908203125,136.2679901123047,19.139196,14.0,-1,1.0524495
1879,961,1842.4645018577576,-8.565568923950195,1557.7716064453125,169.09886169433594,18.060266,10.0,-1,10.300522
0,961,1494.9737792015076,811.8148784637451,1210.2808837890625,989.4793090820312,16.893835,18.0,-1,31.107738
1332,961,642.7412657737732,569.7819194793701,358.0483703613281,747.4463500976562,15.590707,18.0,-1,11.782383
3,961,1092.8946776390076,273.61291313171387,808.2017822265625,451.27734375,13.120505,14.0,-1,9.461998
1,961,1552.229028224945,200.26959037780762,1267.5361328125,377.93402099609375,12.341905,14.0,-1,2.3857021
2,961,1551.2650389671326,274.7734966278076,1266.5721435546875,452.43792724609375,12.060321,14.0,-1,4.1646633
12,961,1170.5699095726013,806.8480815887451,885.8770141601562,984.5125122070312,10.8791895,14.0,-1,2.3152204
2032,961,523.342278957367,-68.20801734924316,238.64938354492188,109.45641326904297,9.61151,16.0,-1,16.155415
11,961,331.12332677841187,323.2796001434326,46.4304313659668,500.94403076171875,9.42843,16.0,-1,22.161232
2946,961,1450.801293849945,961.6854228973389,1166.1083984375,1139.349853515625,8.294237,8.0,-1,27.780468
2810,961,1905.9173827171326,66.99288749694824,1621.2244873046875,244.65731811523438,8.210515,10.0,-1,14.451607
8,961,1433.44948720932,290.137845993042,1148.756591796875,467.8022766113281,6.8513703,16.0,-1,2.1743455
1784,961,1644.88015127182,348.11083793640137,1360.187255859375,525.7752685546875,5.2515593,6.0,1,1.3942862
2281,961,1794.88845205307,-37.96905708312988,1510.195556640625,139.69537353515625,4.732045,10.0,-1,18.590378
2389,961,1384.19020986557,236.51556205749512,1099.497314453125,414.17999267578125,3.0151107,8.0,-1,16.1717
2080,961,622.9034361839294,54.38117790222168,338.2105407714844,232.0456085205078,1.0155681,12.0,-1,4.2260747
2933,961,1880.3277831077576,343.12438774108887,1595.6348876953125,520.788818359375,0.92556816,12.0,-1,4.4309673
2986,961,1619.619653224945,354.8859233856201,1334.9267578125,532.5503540039062,0.4481837,12.0,-1,3.3496103
1961,962,1528.5697264671326,511.16357231140137,1243.6021728515625,688.5921020507812,50.723312,20.0,-1,21.577171
2779,962,404.74872732162476,76.34823417663574,119.78117370605469,253.77676391601562,27.095695,22.0,-1,13.036472
1332,962,645.2537169456482,569.7064189910889,360.2861633300781,747.1349487304688,19.616085,18.0,-1,10.500869
0,962,1497.31228017807,810.3428325653076,1212.3447265625,987.7713623046875,19.450937,18.0,-1,30.437567
4,962,1277.4002928733826,-41.285417556762695,992.4327392578125,136.1431121826172,15.980487,14.0,-1,0.619056
1879,962,1842.223168849945,-8.169557571411133,1557.255615234375,169.25897216796875,14.219007,10.0,-1,10.349689
1,962,1553.03298330307,202.842924118042,1268.0654296875,380.2714538574219,13.357993,14.0,-1,1.245857
2810,962,1905.078149318695,66.4074535369873,1620.110595703125,243.8359832763672,13.016965,10.0,-1,14.948019
12,962,1168.4760375022888,808.4538555145264,883.5084838867188,985.8823852539062,10.821462,16.0,-1,5.0370345
2,962,1552.22634267807,275.71725273132324,1267.2587890625,453.1457824707031,10.559604,14.0,-1,4.5226493
2032,962,519.7669920921326,-66.97261238098145,234.7994384765625,110.45591735839844,9.992,16.0,-1,15.868662
3,962,1094.7792601585388,271.86752128601074,809.8117065429688,449.2960510253906,9.873534,14.0,-1,9.693199
11,962,331.1768660545349,325.70382499694824,46.209312438964844,503.1323547363281,8.671649,16.0,-1,22.565014
8,962,1434.839868068695,289.7399272918701,1149.872314453125,467.16845703125,7.966942,16.0,-1,2.1475687
2946,962,1448.9295897483826,961.0575542449951,1163.9620361328125,1138.486083984375,7.552677,10.0,-1,27.818571
2281,962,1794.608422756195,-38.11361885070801,1509.640869140625,139.31491088867188,5.0751286,10.0,-1,20.658794
1784,962,1648.00026845932,349.95165824890137,1363.03271484375,527.3801879882812,2.6945658,6.0,1,0.6892018
2389,962,1385.738793849945,236.62521171569824,1100.771240234375,414.0537414550781,2.2532802,6.0,-1,16.724401
2933,962,1880.474633693695,345.23339653015137,1595.507080078125,522.6619262695312,1.141436,12.0,-1,5.172757
2080,962,622.0994811058044,52.60842704772949,337.1319274902344,230.03695678710938,0.8085926,14.0,-1,4.4341273
2986,962,1619.619653224945,353.90612602233887,1334.652099609375,531.3346557617188,0.4731598,14.0,-1,3.0740874
1961,963,1526.9903807640076,512.7432842254639,1241.7119140625,690.4794311523438,63.83553,20.0,-1,23.11217
2779,963,406.7809844017029,76.43353080749512,121.50251770019531,254.169677734375,26.068214,22.0,-1,12.157267
1332,963,644.9606261253357,568.5811138153076,359.6821594238281,746.3172607421875,17.033678,18.0,-1,10.41698
2,963,1554.8856444358826,274.9102153778076,1269.607177734375,452.6463623046875,16.187368,14.0,-1,4.736284
4,963,1276.1641478538513,-41.30150032043457,990.8856811523438,136.4346466064453,14.785339,14.0,-1,2.727959
1,963,1553.212914943695,201.945707321167,1267.9344482421875,379.6818542480469,14.194612,8.0,1,2.081818
1879,963,1843.21071767807,-11.088991165161133,1557.9322509765625,166.64715576171875,12.140652,10.0,-1,8.104053
11,963,332.35447454452515,326.73730278015137,47.07600784301758,504.47344970703125,10.956353,16.0,-1,22.097473
0,963,1498.4251952171326,810.6748027801514,1213.146728515625,988.4109497070312,9.999156,18.0,-1,33.708828
2810,963,1903.814477443695,64.69070243835449,1618.5360107421875,242.42684936523438,9.680573,10.0,-1,14.083702
3,963,1095.42604970932,272.859281539917,810.1475830078125,450.5954284667969,9.54935,14.0,-1,12.195256
2032,963,519.605721950531,-65.2172794342041,234.32725524902344,112.51886749267578,7.650936,14.0,-1,14.834101
2946,963,1446.8280272483826,961.9385356903076,1161.549560546875,1139.6746826171875,7.2498794,10.0,-1,26.859621
12,963,1169.2882323265076,808.4538555145264,884.009765625,986.1900024414062,5.8156605,14.0,-1,5.5514617
8,963,1430.9046874046326,287.66332817077637,1145.626220703125,465.39947509765625,5.5967126,16.0,-1,3.994662
2281,963,1790.8075194358826,-39.775896072387695,1505.529052734375,137.9602508544922,5.373245,8.0,-1,25.998543
1784,963,1648.00026845932,352.51513481140137,1362.7218017578125,530.2512817382812,3.5944557,6.0,1,0.40655646
2389,963,1387.412133693695,236.22106742858887,1102.1336669921875,413.95721435546875,3.5493212,8.0,-1,17.017982
2080,963,621.7949767112732,54.295209884643555,336.5165100097656,232.03135681152344,0.7364778,14.0,-1,3.7688177
2933,963,1881.9237303733826,342.85229301452637,1596.645263671875,520.5884399414062,0.65656394,12.0,-1,4.65099
2986,963,1616.403832912445,354.23998832702637,1331.1253662109375,531.9761352539062,0.35667777,18.0,-1,3.2403247
1961,964,1526.8138365745544,514.1712017059326,1241.10205078125,693.076171875,54.46788,20.0,-1,23.517292
2779,964,403.6296019554138,76.51812553405762,117.91781616210938,255.423095703125,20.298796,22.0,-1,11.582401
1332,964,644.9606261253357,565.8864727020264,359.24884033203125,744.7914428710938,16.296808,18.0,-1,10.840001
4,964,1277.5294127464294,-41.91476631164551,991.817626953125,136.99020385742188,16.224062,14.0,-1,4.2727427
0,964,1496.612054347992,810.5556621551514,1210.9002685546875,989.4606323242188,14.399197,18.0,-1,30.32043
1,964,1553.2662291526794,199.36971855163574,1267.554443359375,378.2746887207031,14.19362,14.0,-1,1.7282759
2810,964,1901.859612941742,65.44511222839355,1616.1478271484375,244.35008239746094,12.722046,10.0,-1,12.359007
1879,964,1847.1531920433044,-11.731508255004883,1561.44140625,167.1734619140625,12.461787,10.0,-1,9.540228
2,964,1555.513909816742,274.16842460632324,1269.8021240234375,453.0733947753906,11.43879,14.0,-1,4.153068
2946,964,1445.450677394867,963.1071147918701,1159.7388916015625,1142.0120849609375,11.257884,8.0,-1,29.406004
2032,964,519.6453185081482,-66.50862312316895,233.93353271484375,112.39634704589844,9.814239,14.0,-1,14.2692
3,964,1096.6898741722107,271.963041305542,810.9780883789062,450.8680114746094,9.798515,14.0,-1,13.326943
11,964,333.5419211387634,327.58666801452637,47.830135345458984,506.49163818359375,9.656255,16.0,-1,22.17583
8,964,1427.1458678245544,288.13693046569824,1141.43408203125,467.0419006347656,7.222906,16.0,-1,2.400929
2281,964,1789.8814635276794,-39.63553047180176,1504.169677734375,139.26943969726562,5.4650073,8.0,-1,26.091496
12,964,1170.093499660492,807.8815898895264,884.3817138671875,986.7865600585938,4.546391,14.0,-1,9.629561
1784,964,1647.8560729026794,350.8202495574951,1362.144287109375,529.7252197265625,1.4839212,6.0,1,0.91353154
2389,964,1386.241693019867,237.38863945007324,1100.5299072265625,416.2936096191406,1.2109119,8.0,-1,12.875571
2933,964,1885.2928404808044,342.85229301452637,1599.5810546875,521.7572631835938,0.5132056,20.0,-1,3.423511
2080,964,623.5386290550232,56.28811454772949,337.82684326171875,235.19308471679688,0.50868005,12.0,-1,3.1822681
2986,964,1612.9161314964294,355.17956352233887,1327.204345703125,534.0845336914062,0.20424426,10.0,-1,2.9486318
1961,965,1522.915765285492,516.2479839324951,1236.632568359375,695.1448974609375,57.96961,22.0,-1,24.107964
1879,965,1850.2100768089294,-14.01786994934082,1563.9268798828125,164.87904357910156,17.04963,10.0,-1,11.371364
2779,965,403.0745711326599,76.2043285369873,116.79137420654297,255.1012420654297,16.379719,22.0,-1,12.061197
3,965,1096.461663722992,270.81478691101074,810.178466796875,449.7117004394531,15.742679,16.0,-1,13.058013
2,965,1554.419915676117,274.16842460632324,1268.13671875,453.0653381347656,15.340492,14.0,-1,4.4793673
0,965,1497.9246764183044,810.9806499481201,1211.6414794921875,989.8775634765625,14.5694,18.0,-1,33.632023
2810,965,1901.859612941742,65.36230278015137,1615.576416015625,244.25921630859375,14.33122,10.0,-1,12.275476
1,965,1553.1343932151794,200.04977226257324,1266.8511962890625,378.9466857910156,13.221786,14.0,-1,2.6815686
1332,965,642.2563109397888,563.9467144012451,355.9731140136719,742.8436279296875,13.081618,16.0,-1,9.5255165
11,965,334.68452978134155,327.0122356414795,48.40133285522461,505.9091491699219,12.515185,16.0,-1,22.373722
2032,965,519.7079558372498,-64.97078132629395,233.4247589111328,113.92613220214844,11.946461,14.0,-1,13.745274
2946,965,1446.209954738617,963.0200786590576,1159.9267578125,1141.9169921875,11.288407,10.0,-1,27.51702
4,965,1275.5257506370544,-41.719438552856445,989.2425537109375,137.17747497558594,10.580553,14.0,-1,5.6891575
8,965,1427.6028990745544,285.0874309539795,1141.3197021484375,463.9843444824219,8.602172,16.0,-1,0.20720273
12,965,1172.331780910492,809.7274761199951,886.048583984375,988.6243896484375,6.789696,14.0,-1,4.448851
2281,965,1792.3807311058044,-40.86033821105957,1506.0975341796875,138.0365753173828,6.360024,8.0,-1,27.05114
1784,965,1646.2574400901794,347.2704448699951,1359.9742431640625,526.1673583984375,3.6646607,6.0,1,0.30197114
2389,965,1386.057122707367,239.25762748718262,1099.77392578125,418.154541015625,3.002241,8.0,-1,14.671104
2933,965,1887.1846861839294,348.15783500671387,1600.9014892578125,527.0547485351562,0.93862396,14.0,-1,4.8021894
2986,965,1610.2007994651794,355.2754497528076,1323.9176025390625,534.17236328125,0.6932774,10.0,-1,4.2902393
2080,965,623.6913390159607,60.36511039733887,337.40814208984375,239.26202392578125,0.50136966,16.0,-1,4.3517823
1961,966,1521.0670866966248,517.5444469451904,1233.905517578125,697.406494140625,59.946743,22.0,-1,24.867699
1879,966,1851.3631072044373,-13.91154670715332,1564.2015380859375,165.95050048828125,22.194025,10.0,-1,10.823432
4,966,1274.8820281028748,-41.900346755981445,987.720458984375,137.96170043945312,19.930483,14.0,-1,6.2815633
1332,966,641.5514006614685,564.3267345428467,354.38983154296875,744.1887817382812,17.530203,16.0,-1,9.673604
2779,966,403.43244314193726,73.53576469421387,116.2708740234375,253.39781188964844,15.737232,22.0,-1,12.700735
1,966,1551.4245085716248,199.96598625183105,1264.262939453125,379.8280334472656,12.620439,14.0,-1,5.7556677
0,966,1498.7003874778748,809.9580211639404,1211.538818359375,989.820068359375,12.2385025,18.0,-1,33.116756
3,966,1097.0762419700623,271.7450695037842,809.9146728515625,451.60711669921875,12.162208,16.0,-1,13.807229
11,966,335.6685309410095,324.7929210662842,48.506961822509766,504.65496826171875,10.180139,16.0,-1,21.179825
2,966,1551.9125456809998,271.17057609558105,1264.7509765625,451.0326232910156,9.74994,14.0,-1,4.2207575
2946,966,1449.3604216575623,960.0890026092529,1162.1988525390625,1139.9510498046875,9.363408,8.0,-1,29.770723
8,966,1425.1387419700623,283.5197582244873,1137.9771728515625,463.3818054199219,9.349595,16.0,-1,1.3806605
2810,966,1905.2073454856873,66.02557182312012,1618.0457763671875,245.8876190185547,8.899565,10.0,-1,13.24451
2032,966,519.7079558372498,-64.31099128723145,232.54638671875,115.55105590820312,7.8248477,14.0,-1,14.819958
12,966,1172.5946745872498,811.7454357147217,885.43310546875,991.6074829101562,6.5226426,16.0,-1,6.049201
2281,966,1791.4895720481873,-42.39499092102051,1504.3280029296875,137.46705627441406,5.2144585,8.0,-1,27.26152
1784,966,1647.1493620872498,347.46534538269043,1359.98779296875,527.327392578125,2.4321485,6.0,1,1.3162353
2080,966,622.7690215110779,60.36511039733887,335.6074523925781,240.22715759277344,1.1784613,10.0,-1,3.962549
2933,966,1885.2621550559998,351.81702995300293,1598.1005859375,531.6790771484375,0.5240359,12.0,-1,3.3583627
2389,966,1389.6228728294373,237.9233226776123,1102.4613037109375,417.7853698730469,0.4590154,8.0,-1,11.033611
2986,966,1608.9852995872498,355.76991081237793,1321.82373046875,535.6319580078125,0.40068516,18.0,-1,4.091937
1961,967,1521.2829222679138,516.8813610076904,1233.0672607421875,697.4028930664062,45.898197,22.0,-1,24.34613
2779,967,401.9556441307068,74.84387016296387,113.73998260498047,255.3654022216797,22.080011,22.0,-1,12.730324
1,967,1552.2134642601013,199.21647453308105,1263.997802734375,379.7380065917969,18.15244,14.0,-1,5.2047467
4,967,1276.5547728538513,-42.06207466125488,988.339111328125,138.45945739746094,17.150106,14.0,-1,4.835455
2,967,1551.5192503929138,270.03260612487793,1263.3035888671875,450.55413818359375,15.837971,14.0,-1,3.978086
1332,967,641.8172850608826,565.8749523162842,353.60162353515625,746.396484375,14.789722,18.0,-1,9.095155
1879,967,1850.8247923851013,-11.443513870239258,1562.609130859375,169.07801818847656,14.627625,10.0,-1,9.776461
2810,967,1908.1413207054138,66.97808647155762,1619.9256591796875,247.49961853027344,13.313198,10.0,-1,21.379597
2946,967,1452.0351195335388,959.5788097381592,1163.8194580078125,1140.100341796875,11.473113,8.0,-1,35.67414
12,967,1173.60378408432,812.7961559295654,885.3881225585938,993.3176879882812,10.998509,16.0,-1,10.023773
3,967,1096.3423705101013,272.23927116394043,808.126708984375,452.76080322265625,10.8650055,16.0,-1,12.15003
0,967,1498.3091673851013,809.9580211639404,1210.093505859375,990.4795532226562,10.184554,18.0,-1,31.555464
2032,967,519.9496245384216,-65.56182289123535,231.7339630126953,114.95970916748047,9.971094,14.0,-1,14.167027
8,967,1424.7547240257263,282.01246452331543,1136.5390625,462.53399658203125,9.380508,16.0,-1,1.3423486
11,967,335.6685309410095,323.3274669647217,47.4528694152832,503.8489990234375,9.257104,16.0,-1,22.692787
2281,967,1789.7748656272888,-40.978410720825195,1501.5592041015625,139.54312133789062,5.7903047,8.0,-1,25.01373
3020,967,1087.700219631195,245.57319450378418,799.4845581054688,426.0947265625,2.7863142,16.0,-1,29.167915
2389,967,1392.4880003929138,233.37910270690918,1104.2723388671875,413.900634765625,2.586484,6.0,-1,16.708656
1784,967,1648.3627562522888,350.35841178894043,1360.1470947265625,530.8799438476562,2.5396485,8.0,1,1.4814384
2080,967,622.3318724632263,63.36831474304199,334.1162109375,243.8898468017578,0.75676006,10.0,-1,4.09435
2986,967,1608.3531126976013,355.5966320037842,1320.137451171875,536.1181640625,0.7281322,26.0,-1,3.9481559
2933,967,1880.7181029319763,356.1890392303467,1592.50244140625,536.7105712890625,0.43308797,16.0,-1,2.1795492
1961,968,1517.818871974945,517.4184703826904,1229.9268798828125,698.4263916015625,61.087803,22.0,-1,25.170681
2,968,1551.74440908432,271.11405754089355,1263.8524169921875,452.1219787597656,19.372278,14.0,-1,2.3218188
1332,968,643.6806273460388,566.2072887420654,355.78863525390625,747.2152099609375,18.092388,18.0,-1,10.488078
2779,968,402.73478841781616,75.22990226745605,114.8427963256836,256.2378234863281,17.283182,22.0,-1,12.278923
1879,968,1850.21560049057,-11.612321853637695,1562.3236083984375,169.39559936523438,13.107442,10.0,-1,10.509501
4,968,1276.5547728538513,-45.34973335266113,988.6627807617188,135.65818786621094,12.572696,14.0,-1,5.4041295
3,968,1097.5111327171326,272.49552726745605,809.619140625,453.5034484863281,11.56004,14.0,-1,12.859067
0,968,1497.75417470932,809.0435314178467,1209.8621826171875,990.0514526367188,11.251559,18.0,-1,36.2846
1,968,1552.02712392807,197.72819328308105,1264.1351318359375,378.7361145019531,11.083595,14.0,-1,8.899817
8,968,1423.985375881195,283.10609245300293,1136.0933837890625,464.114013671875,11.0476675,16.0,-1,2.8781543
11,968,334.00296926498413,321.61305046081543,46.11097717285156,502.6209716796875,10.053145,16.0,-1,22.84912
2032,968,520.4125304222107,-66.3833179473877,232.52053833007812,114.62460327148438,8.9195175,14.0,-1,14.480535
2946,968,1452.2059569358826,957.3226451873779,1164.31396484375,1138.33056640625,8.241527,8.0,-1,29.754616
12,968,1173.1146483421326,812.7961559295654,885.22265625,993.8040771484375,8.23215,16.0,-1,8.125414
2810,968,1909.15358877182,67.07516288757324,1621.2615966796875,248.0830841064453,8.220352,10.0,-1,14.17984
2281,968,1784.897485256195,-41.88989448547363,1497.0054931640625,139.11802673339844,4.1603956,10.0,-1,24.285746
1784,968,1651.1627440452576,355.07301139831543,1363.270751953125,536.0809326171875,3.050315,8.0,1,3.8980649
2389,968,1393.40310049057,229.33854484558105,1105.5111083984375,410.3464660644531,2.4244323,6.0,-1,17.19104
2986,968,1606.09938955307,358.08253288269043,1318.2073974609375,539.0904541015625,0.5366638,10.0,-1,3.2566242
2080,968,621.2620482444763,63.02477836608887,333.37005615234375,244.03269958496094,0.5092959,10.0,-1,4.2283936
2933,968,1883.41188955307,356.91016960144043,1595.5198974609375,537.9180908203125,0.5023967,14.0,-1,2.2351093
1961,969,1515.2099967002869,517.5467662811279,1226.8128662109375,698.5859375,69.11218,22.0,-1,24.096458
1879,969,1848.2074332237244,-13.219987869262695,1559.810302734375,167.81918334960938,20.739153,10.0,-1,12.460546
2779,969,402.5232825279236,73.35876274108887,114.12615203857422,254.39793395996094,20.193583,24.0,-1,10.973445
4,969,1278.0896353721619,-44.99356269836426,989.6925048828125,136.0456085205078,18.56787,14.0,-1,8.405985
1332,969,643.1493582725525,567.4738903045654,354.7522277832031,748.5130615234375,16.323997,18.0,-1,10.738106
2,969,1552.4197134971619,271.81901359558105,1264.0225830078125,452.8581848144531,13.345525,14.0,-1,2.6272483
1,969,1552.3435416221619,197.04499626159668,1263.9464111328125,378.08416748046875,12.718844,14.0,-1,6.058363
11,969,334.2144751548767,321.6133556365967,45.817344665527344,502.65252685546875,12.358291,16.0,-1,22.728075
3,969,1098.4179434776306,272.65308952331543,810.0208129882812,453.6922607421875,11.343558,14.0,-1,12.93684
0,969,1493.8186392784119,809.0218639373779,1205.4215087890625,990.06103515625,10.819589,18.0,-1,34.508
2032,969,522.4441275596619,-66.57365608215332,234.0469970703125,114.46551513671875,9.665241,14.0,-1,14.914549
2946,969,1454.6749625205994,955.9034557342529,1166.27783203125,1136.942626953125,8.382679,8.0,-1,32.53739
12,969,1172.4968619346619,812.5510997772217,884.0997314453125,993.5902709960938,8.051281,16.0,-1,10.366735
8,969,1424.7904410362244,284.44715690612793,1136.393310546875,465.486328125,4.78978,14.0,-1,3.1241934
2281,969,1780.1651968955994,-41.86190986633301,1491.76806640625,139.17726135253906,4.246265,10.0,-1,20.631979
3020,969,1086.1181998252869,239.2459545135498,797.7210693359375,420.2851257324219,3.429026,16.0,-1,43.503883
1784,969,1651.9144644737244,355.0727062225342,1363.517333984375,536.1118774414062,2.760129,8.0,1,2.1284902
2389,969,1392.5560660362244,225.1407299041748,1104.158935546875,406.1799011230469,2.6002533,8.0,-1,15.71631
2933,969,1884.3244986534119,357.09535026550293,1595.9273681640625,538.134521484375,1.0347666,14.0,-1,3.4284663
2080,969,618.9089407920837,67.57192802429199,330.5118103027344,248.61109924316406,0.99682564,14.0,-1,4.1063685
2986,969,1604.3336539268494,355.50465202331543,1315.9365234375,536.5438232421875,0.7104774,10.0,-1,4.4295926
1961,970,1514.6506705284119,516.710241317749,1226.3233642578125,696.9860229492188,56.94402,22.0,-1,22.611942
2779,970,398.87064123153687,72.9791316986084,110.5433349609375,253.25491333007812,24.06558,24.0,-1,10.614695
1879,970,1848.4641470909119,-14.297891616821289,1560.1368408203125,165.97789001464844,21.456963,10.0,-1,13.583196
3,970,1097.0643057823181,273.33942222595215,808.7369995117188,453.6152038574219,15.07462,16.0,-1,13.06229
2,970,1554.0961050987244,269.90485191345215,1265.768798828125,450.1806335449219,14.4005,14.0,-1,0.9023942
1,970,1552.3507437705994,195.87149620056152,1264.0234375,376.14727783203125,13.510723,14.0,-1,4.0899954
1332,970,641.4574637413025,567.563512802124,353.1301574707031,747.8392944335938,12.255147,18.0,-1,10.136752
4,970,1275.5723013877869,-43.94854164123535,987.2449951171875,136.32723999023438,11.79437,14.0,-1,10.507775
0,970,1492.5621695518494,811.6727046966553,1204.23486328125,991.948486328125,11.689389,18.0,-1,38.557804
2032,970,523.9442954063416,-66.57365608215332,235.6169891357422,113.7021255493164,9.477207,14.0,-1,15.35748
8,970,1426.2998404502869,286.0589351654053,1137.9725341796875,466.334716796875,8.41229,14.0,-1,5.640831
11,970,335.4921507835388,322.18573570251465,47.16484451293945,502.4615173339844,8.137447,16.0,-1,23.5337
2946,970,1453.7329459190369,955.2508296966553,1165.4056396484375,1135.526611328125,6.9022107,8.0,-1,33.950386
12,970,1173.4457144737244,813.3493404388428,885.118408203125,993.6251220703125,6.330075,14.0,-1,11.743572
1784,970,1652.5820670127869,359.4125118255615,1364.2547607421875,539.6882934570312,3.5996506,8.0,1,1.6454295
2281,970,1780.1319937705994,-41.38485145568848,1491.8046875,138.89093017578125,3.4257412,10.0,-1,18.908653
3020,970,1084.7351431846619,238.0974178314209,796.4078369140625,418.3731994628906,2.8293407,18.0,-1,40.274384
2933,970,1884.3244986534119,361.096960067749,1595.9971923828125,541.3727416992188,1.5822555,12.0,-1,5.469429
2389,970,1397.5353140830994,223.05621910095215,1109.2080078125,403.3320007324219,1.4777476,8.0,-1,14.702824
2080,970,616.2305655479431,67.22838401794434,327.90325927734375,247.50416564941406,0.45010212,14.0,-1,4.1612954
2986,970,1606.1208853721619,355.4554195404053,1317.7935791015625,535.731201171875,0.30627367,10.0,-1,4.0964875
3034,970,621.8950247764587,589.4671382904053,333.5677185058594,769.742919921875,0.20574485,14.0,-1,1.509644
1961,971,1513.5062918663025,518.8843364715576,1225.173583984375,699.6387329101562,82.350914,22.0,-1,24.366688
2,971,1554.3312430381775,269.08239555358887,1265.99853515625,449.8367919921875,18.357405,14.0,-1,1.9679303
2779,971,399.2558493614197,76.01162528991699,110.92314147949219,256.7660217285156,17.431776,24.0,-1,9.433388
4,971,1274.5802664756775,-44.068376541137695,986.24755859375,136.68601989746094,15.853108,14.0,-1,10.518606
1,971,1552.3358817100525,195.30904960632324,1264.003173828125,376.0634460449219,14.553266,14.0,-1,5.527179
1332,971,640.09894323349,568.6323833465576,351.7662353515625,749.3867797851562,13.983612,18.0,-1,12.906525
0,971,1493.752507686615,811.7925395965576,1205.4197998046875,992.5469360351562,13.517239,18.0,-1,38.380077
3,971,1096.237370967865,272.81396293640137,807.9046630859375,453.568359375,9.8669,16.0,-1,11.426597
11,971,336.898446559906,322.37951469421387,48.565738677978516,503.1339111328125,9.390416,16.0,-1,22.786484
2946,971,1452.18292760849,955.6260967254639,1163.8502197265625,1136.3804931640625,9.283605,8.0,-1,31.585281
1879,971,1846.9682059288025,-15.020753860473633,1558.635498046875,165.733642578125,8.639009,10.0,-1,9.359301
2032,971,524.2242941856384,-65.00611305236816,235.89158630371094,115.74828338623047,8.450889,14.0,-1,15.167428
12,971,1173.4605765342712,814.8365459442139,885.1278686523438,995.5909423828125,8.028242,14.0,-1,11.503373
8,971,1428.632878780365,286.99658012390137,1140.3001708984375,467.7509765625,6.6921005,14.0,-1,5.3122363
2810,971,1910.8939871788025,65.83769035339355,1622.561279296875,246.5920867919922,5.431204,10.0,-1,15.119296
1784,971,1654.36115026474,357.6007671356201,1366.0284423828125,538.3551635742188,4.6749244,8.0,1,2.126915
2281,971,1777.6876883506775,-44.37475776672363,1489.35498046875,136.379638671875,4.4292283,10.0,-1,18.422562
3020,971,1084.9444632530212,236.751127243042,796.6117553710938,417.5055236816406,3.662316,16.0,-1,44.397755
2389,971,1398.1005301475525,220.95934867858887,1109.767822265625,401.7137451171875,2.3540509,8.0,-1,16.289007
2933,971,1885.05499792099,360.61950492858887,1596.7222900390625,541.3739013671875,1.2647169,10.0,-1,5.9867597
2080,971,613.80890417099,68.79858207702637,325.4761962890625,249.552978515625,1.0286078,12.0,-1,4.1441603
2986,971,1604.384831905365,352.61742973327637,1316.0521240234375,533.371826171875,0.24891116,28.0,-1,3.166453
3034,971,619.4350028038025,589.6558208465576,331.102294921875,770.4102172851562,0.21953392,14.0,-1,1.8654422
1961,972,1512.3714652061462,518.9551067352295,1222.8572998046875,699.5645141601562,45.895477,22.0,-1,25.137905
1332,972,639.4825491905212,571.0682048797607,349.9683837890625,751.6776123046875,20.892178,18.0,-1,11.888533
2779,972,399.6778769493103,76.83169364929199,110.16371154785156,257.44110107421875,20.362947,24.0,-1,10.645916
1879,972,1845.1519827842712,-16.126192092895508,1555.6378173828125,164.48321533203125,15.134014,10.0,-1,11.873693
4,972,1274.5802664756775,-44.29257392883301,985.0661010742188,136.31683349609375,13.585391,14.0,-1,10.244133
1,972,1553.3881888389587,195.30904960632324,1263.8740234375,375.91845703125,13.031193,14.0,-1,3.0577583
2,972,1555.0462698936462,268.08605766296387,1265.5321044921875,448.6954650878906,10.773079,14.0,-1,4.5593295
0,972,1493.3735404014587,811.735258102417,1203.859375,992.3446655273438,10.638739,18.0,-1,36.642742
3,972,1096.7025198936462,273.14474296569824,807.1883544921875,453.754150390625,10.629226,14.0,-1,11.742697
2032,972,526.1691336631775,-66.0333423614502,236.65496826171875,114.57606506347656,10.105544,16.0,-1,13.982634
11,972,339.1024680137634,322.661039352417,49.58830261230469,503.27044677734375,9.770883,16.0,-1,23.092033
2810,972,1909.5374808311462,65.82092094421387,1620.0233154296875,246.43032836914062,9.730047,10.0,-1,15.78677
2946,972,1449.6171927452087,952.9909343719482,1160.10302734375,1133.600341796875,7.177265,8.0,-1,28.093601
12,972,1173.873601436615,816.5912761688232,884.3594360351562,997.20068359375,6.625847,14.0,-1,10.638207
8,972,1430.7960257530212,287.360746383667,1141.2818603515625,467.97015380859375,6.0204296,14.0,-1,6.5320415
2281,972,1776.5655570030212,-44.53514289855957,1487.0513916015625,136.0742645263672,3.7509077,10.0,-1,18.537777
3020,972,1084.9420828819275,237.70370292663574,795.4279174804688,418.3131103515625,3.6031103,16.0,-1,41.693115
1784,972,1653.6127982139587,361.32101249694824,1364.0986328125,541.930419921875,2.9977734,8.0,1,2.2112641
2389,972,1400.5633597373962,224.49740409851074,1111.0491943359375,405.1068115234375,1.2411747,8.0,-1,12.885312
2933,972,1884.2739310264587,359.31735038757324,1594.759765625,539.9267578125,1.1801435,14.0,-1,4.752721
2986,972,1601.1455130577087,352.365873336792,1311.63134765625,532.9752807617188,0.4793103,10.0,-1,3.4997566
2080,972,614.8014578819275,67.83549308776855,325.28729248046875,248.4449005126953,0.4277339,14.0,-1,4.474118
3034,972,620.4776358604431,591.3398723602295,330.9634704589844,771.9492797851562,0.25327513,12.0,-1,0.88942754
1961,973,1512.446584224701,519.1742839813232,1222.9093017578125,700.0821533203125,67.68638,22.0,-1,24.07798
4,973,1275.3688864707947,-42.86046028137207,985.8316040039062,138.0474090576172,21.02101,14.0,-1,7.826167
1879,973,1847.3463644981384,-15.18791389465332,1557.80908203125,165.71995544433594,17.314053,10.0,-1,11.654699
1332,973,641.4091086387634,569.5881023406982,351.871826171875,750.4959716796875,15.60871,18.0,-1,11.421347
0,973,1491.934621334076,811.2643718719482,1202.3973388671875,992.1722412109375,14.957024,18.0,-1,36.58453
2779,973,395.8011450767517,77.83178520202637,106.26386260986328,258.7396545410156,13.268131,22.0,-1,13.331313
2,973,1553.5895285606384,267.8691997528076,1264.05224609375,448.7770690917969,11.675866,14.0,-1,2.4175217
1,973,1552.4877219200134,195.49438285827637,1262.950439453125,376.4022521972656,10.83328,14.0,-1,1.0281255
2946,973,1449.3070578575134,950.8645915985107,1159.769775390625,1131.7724609375,9.728258,8.0,-1,34.04953
3,973,1097.017385005951,272.1615581512451,807.4801025390625,453.0694274902344,9.558111,14.0,-1,11.243663
11,973,339.1024680137634,322.8346538543701,49.565185546875,503.7425231933594,9.184729,16.0,-1,22.312408
12,973,1173.9650168418884,816.5912761688232,884.427734375,997.4991455078125,7.04732,14.0,-1,9.379719
2032,973,525.6853995323181,-66.33362007141113,236.1481170654297,114.57424926757812,6.478352,16.0,-1,14.853424
2810,973,1910.311818599701,63.79778861999512,1620.7745361328125,244.70565795898438,6.372723,10.0,-1,15.124864
8,973,1430.5184836387634,284.77270317077637,1140.981201171875,465.6805725097656,5.9307423,14.0,-1,7.105833
3020,973,1087.186818599701,240.28637504577637,797.6495361328125,421.1942443847656,4.8161283,16.0,-1,40.819595
2281,973,1777.498830318451,-47.14145088195801,1487.9615478515625,133.76641845703125,4.6140203,10.0,-1,19.108397
1784,973,1653.8395285606384,362.6467571258545,1364.30224609375,543.5546264648438,2.7033777,8.0,1,2.2835526
2389,973,1398.804738521576,230.65157890319824,1109.2674560546875,411.5594482421875,1.5389361,12.0,-1,11.544878
2933,973,1883.869191646576,359.62508964538574,1594.3319091796875,540.532958984375,0.9132104,12.0,-1,5.7766647
2080,973,613.565511226654,66.89861869812012,324.0282287597656,247.80648803710938,0.8227629,12.0,-1,3.7859414
2986,973,1601.188283443451,352.52975273132324,1311.6510009765625,533.4376220703125,0.406881,10.0,-1,3.3896565
3034,973,614.1975302696228,587.0718059539795,324.6602478027344,767.9796752929688,0.25881603,20.0,-1,0.5448761
1961,974,1510.203176021576,521.546537399292,1220.1181640625,702.2246704101562,71.680275,22.0,-1,24.136925
2779,974,395.86609411239624,76.81551933288574,105.78108215332031,257.49365234375,32.47874,22.0,-1,11.99295
1879,974,1848.1256613731384,-13.687898635864258,1558.0406494140625,166.990234375,16.730116,10.0,-1,13.449635
1332,974,641.152181148529,569.5881023406982,351.0671691894531,750.2662353515625,16.367403,18.0,-1,11.519886
4,974,1276.7613425254822,-40.57403755187988,986.6763305664062,140.10409545898438,14.449597,14.0,-1,10.808206
2,974,1553.986623287201,267.51562309265137,1263.901611328125,448.1937561035156,12.862941,16.0,-1,3.8747804
2810,974,1910.047414302826,63.13921928405762,1619.96240234375,243.81735229492188,11.515332,10.0,-1,14.027571
11,974,338.86276388168335,321.41097831726074,48.77775192260742,502.089111328125,10.868392,16.0,-1,21.883389
3,974,1098.0156149864197,272.860013961792,807.9306030273438,453.53814697265625,9.982047,14.0,-1,12.244761
0,974,1492.4901633262634,812.0273113250732,1202.4051513671875,992.7054443359375,9.719535,18.0,-1,41.69114
12,974,1174.2618308067322,819.0493450164795,884.1768188476562,999.7274780273438,9.61907,16.0,-1,9.448655
2946,974,1449.695607662201,949.5450115203857,1159.610595703125,1130.22314453125,9.552947,8.0,-1,33.840275
1,974,1552.2045187950134,195.99557304382324,1262.1195068359375,376.6737060546875,9.009176,14.0,-1,2.585433
2032,974,524.2700552940369,-66.88286781311035,234.18504333496094,113.7952651977539,8.578597,14.0,-1,14.972309
8,974,1427.5211691856384,283.51025199890137,1137.4361572265625,464.1883850097656,6.635994,14.0,-1,8.875306
2281,974,1775.8512473106384,-50.70630073547363,1485.7662353515625,129.97183227539062,5.2285075,10.0,-1,21.269869
3020,974,1084.9485983848572,237.91607475280762,794.8635864257812,418.5942077636719,4.861003,16.0,-1,45.68437
1784,974,1654.8522238731384,364.31234550476074,1364.7672119140625,544.990478515625,2.8661315,8.0,1,0.6745298
2389,974,1398.234670162201,232.11144828796387,1108.149658203125,412.7895812988281,1.9456338,8.0,-1,14.531252
2933,974,1887.6957297325134,360.89706230163574,1597.6107177734375,541.5751953125,1.2483026,10.0,-1,5.356454
3034,974,612.3720602989197,586.7184734344482,322.28704833984375,767.3966064453125,0.90598124,20.0,-1,1.4685985
2080,974,616.4957480430603,65.17504692077637,326.4107360839844,245.85317993164062,0.7313199,12.0,-1,4.113801
2986,974,1601.188283443451,354.565580368042,1311.103271484375,535.2437133789062,0.3037719,10.0,-1,4.0209255
1961,975,1510.4105887413025,522.9078960418701,1219.30126953125,703.9566650390625,30.919672,22.0,-1,25.282923
1332,975,642.518132686615,571.0468120574951,351.4088134765625,752.0955810546875,18.566496,18.0,-1,11.396612
2779,975,394.55704259872437,76.43020439147949,103.44772338867188,257.4789733886719,18.024946,22.0,-1,12.479223
1879,975,1847.4389090538025,-13.00273323059082,1556.32958984375,168.04603576660156,16.457983,10.0,-1,12.858758
4,975,1278.86212682724,-41.93817329406738,987.7528076171875,139.110595703125,14.41977,14.0,-1,10.095742
2032,975,524.2700552940369,-65.33625221252441,233.16073608398438,115.71251678466797,11.690055,16.0,-1,14.735352
2,975,1555.42950963974,267.199857711792,1264.3201904296875,448.2486267089844,11.105651,16.0,-1,3.5308719
2810,975,1909.3063406944275,64.84220695495605,1618.197021484375,245.89097595214844,10.770757,10.0,-1,15.90574
0,975,1491.5297293663025,811.9094219207764,1200.42041015625,992.9581909179688,10.044063,18.0,-1,37.598137
12,975,1174.3966116905212,817.7561016082764,883.2872924804688,998.8048706054688,9.203097,16.0,-1,3.480381
11,975,337.5845618247986,320.613431930542,46.475242614746094,501.6622009277344,8.548797,16.0,-1,22.995998
1,975,1552.787663936615,196.70702934265137,1261.6783447265625,377.75579833984375,8.406003,14.0,-1,8.243179
3,975,1102.2926077842712,272.4724407196045,811.1832885742188,453.5212097167969,8.383964,14.0,-1,14.604469
2946,975,1451.06232213974,948.4600200653076,1159.9530029296875,1129.5087890625,8.07053,8.0,-1,31.985167
2281,975,1775.2836356163025,-50.70630073547363,1484.17431640625,130.34246826171875,5.834837,10.0,-1,20.945917
8,975,1424.51251745224,283.947416305542,1133.4031982421875,464.9961853027344,5.204345,14.0,-1,8.602824
3020,975,1089.6222586631775,238.23956108093262,798.512939453125,419.288330078125,3.7010772,16.0,-1,45.738903
1784,975,1654.6486258506775,365.0346050262451,1363.539306640625,546.0833740234375,2.182587,8.0,1,0.77716917
2389,975,1403.23859167099,230.574613571167,1112.1292724609375,411.6233825683594,2.0563745,8.0,-1,15.042975
2080,975,616.255925655365,61.44207572937012,325.1466064453125,242.4908447265625,0.9476761,12.0,-1,4.5404534
2933,975,1887.798894405365,358.84350395202637,1596.6895751953125,539.8922729492188,0.8764775,12.0,-1,3.443035
2986,975,1599.3458914756775,354.5874614715576,1308.236572265625,535.63623046875,0.60655355,10.0,-1,3.9451919
3034,975,611.196843624115,590.0717144012451,320.0875244140625,771.1204833984375,0.53570753,22.0,-1,2.7083392
1961,976,1509.9692435264587,524.6233501434326,1218.0401611328125,706.1856079101562,62.938824,22.0,-1,24.726154
2779,976,393.26919317245483,76.66671562194824,101.3401107788086,258.2289733886719,40.032166,22.0,-1,13.364599
0,976,1490.2891898155212,811.8055400848389,1198.360107421875,993.3677978515625,20.041914,18.0,-1,36.133972
1879,976,1847.8630423545837,-11.84013557434082,1555.9339599609375,169.7221221923828,18.707148,10.0,-1,13.0598955
1332,976,642.1511588096619,573.4793682098389,350.2220764160156,755.0416259765625,17.099764,18.0,-1,12.723666
2,976,1555.9350638389587,266.35217094421387,1264.0059814453125,447.9144287109375,15.9584465,16.0,-1,4.8213196
3,976,1102.4823050498962,273.21688652038574,810.55322265625,454.7791442871094,14.450784,16.0,-1,15.322536
2810,976,1911.7801566123962,63.73713493347168,1619.85107421875,245.2993927001953,11.670207,10.0,-1,16.626453
11,976,336.45071935653687,321.3706340789795,44.521636962890625,502.9328918457031,11.592949,16.0,-1,21.990162
12,976,1174.70978307724,816.2065410614014,882.7807006835938,997.768798828125,10.262898,16.0,-1,4.695957
4,976,1278.91144323349,-41.49557685852051,986.9823608398438,140.06668090820312,9.006095,14.0,-1,9.612457
2032,976,523.8961081504822,-65.43526649475098,231.96702575683594,116.12699127197266,8.522669,16.0,-1,13.720945
8,976,1423.9598441123962,285.4454936981201,1132.03076171875,467.00775146484375,6.9754567,14.0,-1,4.970897
2946,976,1455.2805228233337,947.0384502410889,1163.3514404296875,1128.6007080078125,6.8389583,8.0,-1,33.627556
1,976,1553.0470023155212,196.07455253601074,1261.117919921875,377.6368103027344,6.7520137,14.0,-1,11.630743
2281,976,1773.5712943077087,-50.99505805969238,1481.6422119140625,130.56719970703125,4.5364957,10.0,-1,21.143164
3020,976,1089.9823050498962,238.23956108093262,798.05322265625,419.80181884765625,4.298014,16.0,-1,43.998264
1784,976,1653.8596243858337,364.79418754577637,1361.9305419921875,546.3564453125,4.245209,8.0,1,1.0434891
2389,976,1404.6544241905212,227.8681926727295,1112.725341796875,409.4304504394531,2.145764,8.0,-1,16.7302
3034,976,611.196843624115,594.1604595184326,319.26776123046875,775.7227172851562,0.9262214,22.0,-1,2.954398
2986,976,1598.1654105186462,354.9036235809326,1306.236328125,536.4658813476562,0.74414545,10.0,-1,4.170882
2080,976,617.0847220420837,64.03591728210449,325.1556396484375,245.59817504882812,0.5271064,12.0,-1,4.0085487
2933,976,1882.3416800498962,355.4584331512451,1590.41259765625,537.0206909179688,0.33175597,12.0,-1,2.4839478
1961,977,1511.4631400108337,524.9712505340576,1218.342041015625,706.5691528320312,66.704704,22.0,-1,24.73736
2779,977,392.7794394493103,79.09454154968262,99.65834045410156,260.69244384765625,26.066454,22.0,-1,12.798182
1332,977,643.2186026573181,576.8768901824951,350.0975036621094,758.4747924804688,19.136051,18.0,-1,14.558604
1879,977,1847.5003714561462,-11.966188430786133,1554.3792724609375,169.6317138671875,17.559153,10.0,-1,13.325727
0,977,1491.3918509483337,810.7880229949951,1198.270751953125,992.3859252929688,15.222324,18.0,-1,37.855625
3,977,1101.8885550498962,272.598783493042,808.7674560546875,454.1966857910156,14.75838,16.0,-1,16.632069
4,977,1277.8896536827087,-41.318071365356445,984.7685546875,140.2798309326172,14.469626,14.0,-1,10.631859
12,977,1177.3219046592712,816.2249736785889,884.2008056640625,997.8228759765625,13.147198,6.0,1,0.26784897
2,977,1556.8516898155212,264.87447929382324,1263.7305908203125,446.4723815917969,11.470001,14.0,-1,4.001746
2946,977,1456.9231009483337,946.4683818817139,1163.802001953125,1128.0662841796875,10.868842,8.0,-1,34.550915
2032,977,522.463445186615,-67.25410652160645,229.34234619140625,114.34379577636719,9.842327,16.0,-1,14.6559725
11,977,338.0931181907654,321.89306449890137,44.97201919555664,503.490966796875,8.925428,16.0,-1,23.109539
1,977,1551.6588187217712,194.158597946167,1258.5377197265625,375.7565002441406,7.808954,16.0,-1,10.921891
2810,977,1911.7801566123962,60.62154960632324,1618.6590576171875,242.21945190429688,6.8892884,10.0,-1,13.30275
8,977,1422.8325247764587,286.24157524108887,1129.71142578125,467.8394775390625,6.1800523,14.0,-1,7.15192
2281,977,1776.2768607139587,-47.93646430969238,1483.15576171875,133.66143798828125,5.27034,10.0,-1,20.107912
3020,977,1089.5888724327087,235.70101737976074,796.4677734375,417.2989196777344,4.199428,18.0,-1,45.09244
1784,977,1655.6245169639587,364.9257183074951,1362.50341796875,546.5236206054688,3.4106588,8.0,1,1.6615818
2389,977,1407.0760550498962,226.11935234069824,1113.9549560546875,407.7172546386719,3.24526,8.0,-1,15.6265955
3034,977,610.9147086143494,594.1604595184326,317.7936096191406,775.7583618164062,1.3501134,22.0,-1,2.4532826
2080,977,615.9979910850525,64.20072746276855,322.87689208984375,245.7986297607422,0.65716666,12.0,-1,4.8287706
2933,977,1880.2200980186462,352.4651470184326,1587.0989990234375,534.0630493164062,0.612838,12.0,-1,4.984302
2986,977,1599.1374564170837,357.1921977996826,1306.016357421875,538.7901000976562,0.59328794,10.0,-1,4.3173056
1961,978,1509.1218314170837,526.0847759246826,1215.298095703125,707.438232421875,51.39787,22.0,-1,24.924437
2779,978,393.40220403671265,78.67312431335449,99.5784683227539,260.0265808105469,26.20688,22.0,-1,12.667122
0,978,1491.4199271202087,810.9418926239014,1197.59619140625,992.2953491210938,17.263191,18.0,-1,34.003265
1332,978,641.83087682724,580.3297710418701,348.00714111328125,761.6832275390625,15.881325,20.0,-1,15.477524
4,978,1281.8444876670837,-41.58477973937988,988.020751953125,139.7686767578125,15.812737,14.0,-1,10.401884
3,978,1101.8784232139587,272.71566581726074,808.0546875,454.0691223144531,15.545208,16.0,-1,14.972921
1879,978,1846.9898734092712,-10.76512336730957,1553.1661376953125,170.5883331298828,14.956077,10.0,-1,13.665351
2,978,1559.0459036827087,261.20797538757324,1265.22216796875,442.5614318847656,12.538272,14.0,-1,3.07607
2810,978,1913.7807669639587,60.62154960632324,1619.95703125,241.97500610351562,11.394938,10.0,-1,14.829356
12,978,1174.6970267295837,815.9625225067139,880.873291015625,997.3159790039062,10.989293,16.0,-1,2.3200898
11,978,339.5631957054138,319.618070602417,45.73945999145508,500.9715270996094,10.865626,16.0,-1,22.785559
2946,978,1457.3182425498962,944.4840679168701,1163.4945068359375,1125.8375244140625,9.812311,8.0,-1,33.779552
2032,978,523.2367758750916,-67.96894264221191,229.4130401611328,113.38451385498047,9.184384,16.0,-1,15.061639
1,978,1551.7695364952087,194.41845512390137,1257.94580078125,375.77191162109375,7.6099377,16.0,-1,10.466092
8,978,1422.9027152061462,284.0147075653076,1129.0789794921875,465.3681640625,6.4607143,14.0,-1,8.620712
2281,978,1776.2768607139587,-43.49536323547363,1482.453125,137.85809326171875,5.7409263,8.0,-1,24.592375
1784,978,1654.0603079795837,366.9152202606201,1360.236572265625,548.2686767578125,4.5214963,8.0,1,1.2311236
3020,978,1089.4011282920837,237.03503227233887,795.577392578125,418.38848876953125,4.040539,18.0,-1,43.117744
2389,978,1405.8983206748962,224.667387008667,1112.0745849609375,406.0208435058594,3.3546193,8.0,-1,14.914586
2933,978,1880.2668509483337,349.0204448699951,1586.443115234375,530.3739013671875,1.1431209,12.0,-1,6.268381
3034,978,607.2130484580994,600.1177349090576,313.3893127441406,781.47119140625,0.9109575,20.0,-1,3.4561324
2080,978,613.6275992393494,62.178083419799805,319.8038635253906,243.5315399169922,0.6112551,12.0,-1,3.8332658
2986,978,1598.3597464561462,360.5560894012451,1304.5360107421875,541.9095458984375,0.41893712,28.0,-1,3.8755736
1961,979,1508.0253958702087,526.2608623504639,1213.8251953125,708.4736938476562,41.821438,20.0,-1,24.26987
2779,979,393.8425192832947,80.56161308288574,99.64231872558594,262.7744445800781,20.778872,22.0,-1,12.2889595
1332,979,639.4238638877869,581.5588359832764,345.2236633300781,763.7716674804688,18.299532,18.0,-1,15.608745
4,979,1282.3485159873962,-41.84179878234863,988.1483154296875,140.37103271484375,16.387356,14.0,-1,9.70542
1879,979,1847.8783011436462,-12.04301643371582,1553.6781005859375,170.16981506347656,14.306782,10.0,-1,13.468919
11,979,338.2174963951111,318.50778007507324,44.017295837402344,500.7206115722656,14.245343,16.0,-1,22.166437
0,979,1490.4741263389587,810.0987529754639,1196.27392578125,992.3115844726562,13.182762,18.0,-1,35.572712
2946,979,1458.2906546592712,943.8671245574951,1164.0904541015625,1126.0799560546875,11.481938,8.0,-1,32.20318
2,979,1558.5627493858337,260.0681438446045,1264.362548828125,442.2809753417969,11.451831,14.0,-1,4.721003
12,979,1172.5389456748962,814.1693096160889,878.3387451171875,996.3821411132812,9.659798,18.0,-1,2.9611454
3,979,1102.1862845420837,269.4794292449951,807.986083984375,451.6922607421875,9.440753,16.0,-1,17.186716
2032,979,526.179769039154,-68.89071083068848,231.9795684814453,113.3221206665039,7.9765134,14.0,-1,14.720341
1,979,1551.4410452842712,194.23666191101074,1257.2408447265625,376.4494934082031,7.4988904,14.0,-1,13.773581
8,979,1422.9027152061462,284.7133159637451,1128.7025146484375,466.9261474609375,6.568294,14.0,-1,7.5666122
3020,979,1089.711980342865,238.52770805358887,795.5117797851562,420.74053955078125,6.242935,18.0,-1,51.450294
2281,979,1779.8891654014587,-43.362504959106445,1485.68896484375,138.85032653808594,5.560228,8.0,-1,25.178362
2810,979,1916.9173636436462,61.399824142456055,1622.7171630859375,243.61265563964844,5.5408807,10.0,-1,14.966261
1784,979,1648.3702445030212,369.0890483856201,1354.1700439453125,551.3018798828125,3.3192024,8.0,1,2.1065354
2389,979,1405.5260062217712,228.36950492858887,1111.3258056640625,410.58233642578125,1.8945049,8.0,-1,14.729444
2933,979,1878.4246878623962,349.0204448699951,1584.2244873046875,531.2332763671875,1.3418959,12.0,-1,4.3789945
3034,979,604.330632686615,599.5072612762451,310.13043212890625,781.7200927734375,1.2729675,22.0,-1,3.066553
2080,979,616.1545157432556,63.953413009643555,321.9543151855469,246.16624450683594,1.0205251,12.0,-1,4.1948166
2986,979,1598.6842093467712,361.93530082702637,1304.4840087890625,544.1481323242188,0.67887694,10.0,-1,4.4972153
1961,980,1504.9917349815369,527.4223003387451,1210.5509033203125,709.8897094726562,67.08432,20.0,-1,24.484737
2779,980,395.2120871543884,81.64031791687012,100.77125549316406,264.10772705078125,20.418959,20.0,-1,13.389271
1332,980,637.2541556358337,579.4502544403076,342.8133239746094,761.9176635742188,18.474318,18.0,-1,14.653281
1879,980,1850.3754019737244,-10.945817947387695,1555.9345703125,171.52159118652344,14.93969,10.0,-1,12.268572
12,980,1172.3826651573181,813.3524150848389,877.9418334960938,995.81982421875,14.7291565,18.0,-1,4.72183
3,980,1101.2143301963806,270.07873344421387,806.7734985351562,452.546142578125,14.235976,16.0,-1,17.200329
4,980,1280.6691641807556,-46.014299392700195,986.2283325195312,136.45310974121094,12.941456,14.0,-1,10.459862
0,980,1490.7046256065369,810.1560649871826,1196.2637939453125,992.6234741210938,11.98268,18.0,-1,37.24495
11,980,338.4631247520447,316.17233085632324,44.02229309082031,498.6397399902344,11.895995,16.0,-1,22.689478
2,980,1558.7190299034119,259.2343120574951,1264.2781982421875,441.70172119140625,10.096488,16.0,-1,4.852298
1,980,1550.7782340049744,194.00665092468262,1256.33740234375,376.47406005859375,9.10654,16.0,-1,12.476194
2946,980,1460.2226920127869,943.8098125457764,1165.7818603515625,1126.2772216796875,8.531857,8.0,-1,29.919033
2032,980,527.1458640098572,-68.19748115539551,232.7050323486328,114.26992797851562,7.286114,14.0,-1,14.777576
2281,980,1782.0736441612244,-43.52861213684082,1487.6328125,138.9387969970703,6.105118,8.0,-1,25.641445
3020,980,1091.7518057823181,239.47030448913574,797.3109741210938,421.9377136230469,6.056467,16.0,-1,51.13792
8,980,1421.8591666221619,282.12365531921387,1127.4183349609375,464.591064453125,5.671972,12.0,-1,10.435373
1784,980,1647.9405875205994,371.33093070983887,1353.499755859375,553.79833984375,2.4976084,8.0,1,1.7576795
2389,980,1402.1338248252869,229.76629447937012,1107.6929931640625,412.23370361328125,2.4061615,8.0,-1,15.134007
3034,980,601.3821158409119,602.4223613739014,306.9412841796875,784.8897705078125,1.7515913,24.0,-1,3.4160447
2080,980,619.1483206748962,62.148054122924805,324.7074890136719,244.61546325683594,0.7955609,12.0,-1,4.5191402
2986,980,1596.3674674034119,362.1091899871826,1301.9266357421875,544.5765991210938,0.47013578,28.0,-1,3.6598122
2933,980,1880.9079947471619,346.76122856140137,1586.4671630859375,529.2286376953125,0.4575735,14.0,-1,2.1412067
1961,981,1505.4888052940369,529.1697063446045,1210.5718994140625,711.8253784179688,58.568344,20.0,-1,24.002628
2779,981,395.9758734703064,82.61584281921387,101.05896759033203,265.2715148925781,25.089281,22.0,-1,13.553442
1879,981,1851.5444693565369,-12.852785110473633,1556.6275634765625,169.80288696289062,18.859858,10.0,-1,10.962598
12,981,1169.1278433799744,815.3225994110107,874.2109375,997.978271484375,16.534277,18.0,-1,5.2779646
1332,981,635.4670462608337,578.7270793914795,340.5501403808594,761.3827514648438,16.128225,18.0,-1,14.4360485
4,981,1279.2086539268494,-46.46318244934082,984.291748046875,136.19248962402344,15.334867,14.0,-1,10.28911
3,981,1101.1227164268494,270.68725395202637,806.205810546875,453.3429260253906,13.944206,16.0,-1,17.121649
0,981,1490.3600211143494,809.8279705047607,1195.443115234375,992.483642578125,13.852867,18.0,-1,35.053993
2,981,1559.4563345909119,257.6566753387451,1264.5394287109375,440.3123474121094,13.164169,14.0,-1,5.5744114
1,981,1551.0765738487244,193.34155082702637,1256.15966796875,375.9972229003906,10.328805,16.0,-1,14.960157
2032,981,526.4362235069275,-69.13141822814941,231.51931762695312,113.52425384521484,9.861798,16.0,-1,14.656835
11,981,339.4474196434021,317.0195903778076,44.530513763427734,499.6752624511719,9.835153,16.0,-1,23.218992
2946,981,1461.0455679893494,946.4029216766357,1166.128662109375,1129.05859375,9.056272,8.0,-1,30.089415
2281,981,1783.6572623252869,-46.960954666137695,1488.7403564453125,135.69471740722656,6.079151,10.0,-1,22.070915
8,981,1421.9083609580994,281.9837017059326,1126.991455078125,464.6393737792969,5.7436757,14.0,-1,10.521917
3020,981,1091.7026114463806,241.047758102417,796.7857055664062,423.70343017578125,4.1710687,16.0,-1,44.563118
1784,981,1647.2992300987244,372.5398235321045,1352.38232421875,555.1954956054688,3.6874619,8.0,1,1.523005
3034,981,602.8168997764587,603.5861492156982,307.8999938964844,786.2418212890625,2.5121982,24.0,-1,3.039287
2389,981,1399.5322623252869,229.660306930542,1104.6153564453125,412.31597900390625,1.8557606,8.0,-1,15.616271
2986,981,1592.6627554893494,362.21517753601074,1297.745849609375,544.870849609375,0.5757573,10.0,-1,4.0929513
2080,981,615.244695186615,62.92049980163574,320.3277893066406,245.576171875,0.5190986,12.0,-1,3.6064262
2933,981,1884.4773306846619,345.0234661102295,1589.5604248046875,527.6791381835938,0.41771257,16.0,-1,0.01589733
1961,982,1506.5162405967712,530.2934131622314,1211.3302001953125,712.8009643554688,40.461964,20.0,-1,22.621414
2779,982,394.873601436615,83.87166023254395,99.68756103515625,266.37921142578125,24.377172,22.0,-1,14.0728035
12,982,1167.9096121788025,816.0834522247314,872.7235717773438,998.5910034179688,17.132507,18.0,-1,4.3815317
1879,982,1852.1698050498962,-12.597318649291992,1556.9837646484375,169.9102325439453,15.227551,10.0,-1,13.050548
1332,982,633.8675894737244,582.2648487091064,338.6815490722656,764.7723999023438,14.299611,20.0,-1,16.015768
2,982,1561.7506155967712,257.67186164855957,1266.5645751953125,440.1794128417969,14.1982765,14.0,-1,4.607379
3,982,1101.11505651474,271.4534168243408,805.9290161132812,453.9609680175781,12.316602,16.0,-1,16.47781
11,982,339.34306478500366,316.23167610168457,44.15702438354492,498.7392272949219,12.099509,16.0,-1,22.20123
4,982,1279.2738699913025,-46.517072677612305,984.0878295898438,135.990478515625,11.661019,14.0,-1,11.027554
0,982,1491.9420218467712,811.636552810669,1196.7559814453125,994.1441040039062,10.897175,18.0,-1,37.279385
1,982,1551.0842337608337,192.17134284973145,1255.898193359375,374.67889404296875,8.627246,14.0,-1,15.318007
2946,982,1462.8262991905212,947.1266040802002,1167.6402587890625,1129.6341552734375,7.359264,8.0,-1,29.6912
2032,982,527.6688437461853,-69.14660453796387,232.48280334472656,113.36094665527344,7.1126437,16.0,-1,14.826292
8,982,1420.7711234092712,281.31016731262207,1125.5850830078125,463.8177185058594,4.9884853,12.0,-1,14.333859
3020,982,1091.2730765342712,240.5580005645752,796.0870361328125,423.0655517578125,4.0997825,16.0,-1,43.788795
2281,982,1781.6510062217712,-49.61457633972168,1486.4649658203125,132.89297485351562,3.6963184,10.0,-1,22.336546
2389,982,1399.9709525108337,230.6064624786377,1104.784912109375,413.114013671875,1.9125128,6.0,-1,16.790674
1784,982,1646.8425345420837,369.83418464660645,1351.656494140625,552.3417358398438,1.7146574,8.0,1,1.5921407
3034,982,600.5145621299744,603.337236404419,305.3285217285156,785.8447875976562,1.1747019,22.0,-1,2.5050974
2080,982,617.2539114952087,62.29796028137207,322.06787109375,244.80551147460938,0.7863522,12.0,-1,4.6336465
2933,982,1880.4252982139587,342.07979011535645,1585.2392578125,524.5873413085938,0.5998447,6.0,1,0.42645967
2986,982,1595.1643118858337,362.67683601379395,1299.978271484375,545.1843872070312,0.5074639,16.0,-1,4.1254315
1961,983,1504.6536002159119,531.3953113555908,1209.218017578125,713.7797241210938,42.53691,20.0,-1,22.726227
2779,983,394.2290930747986,81.83683967590332,98.79351043701172,264.22125244140625,25.504862,22.0,-1,12.807716
1332,983,632.892156124115,583.9613513946533,337.4565734863281,766.3457641601562,24.628428,20.0,-1,16.707657
1879,983,1853.4744009971619,-14.47431755065918,1558.038818359375,167.91009521484375,19.595762,10.0,-1,13.272486
4,983,1279.3758902549744,-47.80891227722168,983.9403076171875,134.57550048828125,19.454565,14.0,-1,13.263196
3,983,1101.5437369346619,271.6944751739502,806.108154296875,454.0788879394531,18.271328,16.0,-1,16.276903
12,983,1167.9711050987244,811.7587146759033,872.5355224609375,994.1431274414062,15.223447,18.0,-1,3.6308537
0,983,1491.7952017784119,815.7868518829346,1196.359619140625,998.1712646484375,12.856857,18.0,-1,34.745247
2,983,1562.5500845909119,257.98936653137207,1267.114501953125,440.373779296875,12.663959,14.0,-1,4.8326015
11,983,338.47649908065796,316.7461414337158,43.040916442871094,499.13055419921875,10.643737,16.0,-1,22.767426
2946,983,1463.2775015830994,949.4064807891846,1167.8419189453125,1131.7908935546875,10.608652,8.0,-1,28.231743
1,983,1551.6960806846619,192.54649543762207,1256.260498046875,374.930908203125,9.969134,16.0,-1,13.697937
2281,983,1779.4925894737244,-48.640424728393555,1484.0570068359375,133.74398803710938,6.885608,8.0,-1,26.13119
2032,983,532.6412405967712,-69.38766288757324,237.20565795898438,112.99674987792969,6.343119,14.0,-1,14.662058
3020,983,1090.9345450401306,238.87727546691895,795.4989624023438,421.2616882324219,6.3006263,16.0,-1,47.439034
8,983,1420.7096304893494,281.9362964630127,1125.2740478515625,464.3207092285156,6.0487094,12.0,-1,12.709417
2389,983,1401.5747427940369,228.40727424621582,1106.13916015625,410.79168701171875,2.7086904,8.0,-1,16.67937
1784,983,1644.7579703330994,368.7035388946533,1349.3223876953125,551.0879516601562,2.4874842,8.0,1,2.2492716
2080,983,617.7739005088806,61.44983100891113,322.33831787109375,243.83424377441406,1.1629928,12.0,-1,4.8195424
3034,983,600.2314200401306,602.3622913360596,304.79583740234375,784.7467041015625,0.9547799,22.0,-1,2.8804698
2933,983,1877.8302359580994,340.0878162384033,1582.3946533203125,522.4722290039062,0.90373296,6.0,1,0.33003578
2986,983,1595.4902701377869,363.3053455352783,1300.0546875,545.6897583007812,0.5617836,8.0,-1,4.1761
1961,984,1507.3151297569275,532.2492389678955,1210.830810546875,714.3145751953125,47.01974,20.0,-1,22.6748
1332,984,635.618718624115,585.0881671905518,339.1343994140625,767.1535034179688,25.348223,20.0,-1,16.672003
4,984,1280.359441280365,-47.92101860046387,983.8751220703125,134.14431762695312,18.693823,16.0,-1,15.116466
12,984,1170.57257604599,814.1425495147705,874.0882568359375,996.2078857421875,17.306215,18.0,-1,1.5146127
2779,984,394.1747031211853,82.40628242492676,97.69038391113281,264.47161865234375,15.811829,20.0,-1,13.94889
1879,984,1856.242253780365,-15.762250900268555,1559.7579345703125,166.30308532714844,15.736148,10.0,-1,13.260538
0,984,1492.8546805381775,818.1712970733643,1196.370361328125,1000.2366333007812,12.932679,18.0,-1,35.595676
2,984,1562.5724539756775,257.84622383117676,1266.088134765625,439.91156005859375,11.79115,14.0,-1,5.894983
11,984,339.43995428085327,314.74463081359863,42.95563507080078,496.8099670410156,11.480927,16.0,-1,22.48474
3,984,1101.5213675498962,271.1791706085205,805.0370483398438,453.2445068359375,10.891562,16.0,-1,19.212204
2032,984,532.1514792442322,-70.52921867370605,235.6671600341797,111.53611755371094,9.250273,14.0,-1,14.815048
2946,984,1462.6791434288025,949.8576374053955,1166.19482421875,1131.9229736328125,8.744811,8.0,-1,29.221708
1,984,1552.2206473350525,193.94143867492676,1255.736328125,376.00677490234375,7.26356,16.0,-1,13.739983
3079,984,1918.6427664756775,66.39970588684082,1622.158447265625,248.4650421142578,7.040397,10.0,-1,20.656586
2281,984,1778.6408133506775,-48.203413009643555,1482.156494140625,133.86192321777344,6.053638,8.0,-1,25.864887
3020,984,1091.41534948349,238.98938179016113,794.9310302734375,421.0547180175781,4.977794,16.0,-1,46.99749
8,984,1420.323308467865,281.37512397766113,1123.8389892578125,463.4404602050781,3.8038652,14.0,-1,11.443819
2389,984,1400.5873465538025,231.968843460083,1104.10302734375,414.0341796875,3.1560583,6.0,-1,16.860779
1784,984,1645.372136592865,367.1943073272705,1348.8878173828125,549.2596435546875,2.6105578,8.0,1,2.93404
3034,984,597.0668692588806,602.6944904327393,300.5825500488281,784.7598266601562,1.5012273,24.0,-1,3.8523266
2986,984,1594.5009207725525,362.5133991241455,1298.0166015625,544.5787353515625,0.6508603,14.0,-1,4.161566
2933,984,1874.001042842865,339.3378620147705,1577.5167236328125,521.4031982421875,0.47370496,16.0,-1,1.34441
2080,984,614.9921011924744,60.66307258605957,318.5077819824219,242.72840881347656,0.39198872,10.0,-1,3.7624154
1961,985,1504.5815558433533,534.2043781280518,1206.9345703125,716.2681274414062,51.041138,20.0,-1,23.078339
2779,985,394.1747031211853,83.90289497375488,96.52771759033203,265.9666442871094,23.303148,20.0,-1,15.0493355
1332,985,636.5923285484314,586.8652057647705,338.9453430175781,768.928955078125,20.430262,20.0,-1,16.551765
4,985,1280.0044684410095,-49.447980880737305,982.3574829101562,132.6157684326172,15.851911,16.0,-1,19.672943
1879,985,1855.7458624839783,-17.367231369018555,1558.098876953125,164.69651794433594,14.152641,10.0,-1,12.827576
3,985,1101.8525519371033,270.4697895050049,804.20556640625,452.5335388183594,13.437449,16.0,-1,18.236046
2032,985,530.5511298179626,-71.50858116149902,232.90414428710938,110.55516815185547,11.425254,14.0,-1,13.123422
0,985,1492.8068976402283,818.1725177764893,1195.159912109375,1000.2362670898438,9.833055,18.0,-1,36.925137
11,985,340.31203603744507,314.25329780578613,42.6650505065918,496.3170471191406,9.407832,16.0,-1,22.291178
2,985,1564.6671271324158,258.2547016143799,1267.0201416015625,440.3184509277344,8.775399,14.0,-1,7.9312572
12,985,1170.6497321128845,814.6833820343018,873.0027465820312,996.7471313476562,8.658087,18.0,-1,2.8893917
2946,985,1463.4386115074158,949.8576374053955,1165.7916259765625,1131.92138671875,8.083273,8.0,-1,28.76615
3079,985,1916.1092658042908,67.72319221496582,1618.4622802734375,249.7869415283203,6.8611565,10.0,-1,20.285877
1,985,1553.5643439292908,192.76065254211426,1255.9173583984375,374.82440185546875,6.224821,14.0,-1,16.785404
2281,985,1778.5484747886658,-48.45271110534668,1480.9014892578125,133.6110382080078,5.735439,8.0,-1,26.023315
3020,985,1088.8877081871033,237.8717975616455,791.24072265625,419.935546875,4.9516826,16.0,-1,44.241558
8,985,1423.9818243980408,281.28857612609863,1126.3348388671875,463.3523254394531,3.9739637,14.0,-1,7.625986
1784,985,1643.0008673667908,363.959810256958,1345.3538818359375,546.0235595703125,2.576024,8.0,1,2.7829628
2389,985,1403.9792609214783,233.29455757141113,1106.332275390625,415.3583068847656,1.1428876,8.0,-1,13.988203
3034,985,600.816358089447,607.4201984405518,303.16937255859375,789.4839477539062,0.9801673,22.0,-1,3.1810014
2986,985,1591.2747931480408,364.73611640930176,1293.6278076171875,546.7998657226562,0.8236294,14.0,-1,4.2182474
2080,985,613.5288519859314,59.74693489074707,315.8818664550781,241.81068420410156,0.4712701,16.0,-1,4.002318
2933,985,1874.1699347496033,340.2763385772705,1576.52294921875,522.340087890625,0.29673544,14.0,-1,1.3182937
1961,986,1504.0281805992126,534.1350269317627,1206.041259765625,716.6446533203125,51.532467,20.0,-1,22.799246
1332,986,637.935010433197,588.2110767364502,339.9480895996094,770.720703125,29.17578,20.0,-1,17.214787
2779,986,394.6051001548767,83.8283863067627,96.61817932128906,266.3380126953125,16.772415,20.0,-1,14.631827
1879,986,1855.4461493492126,-16.294889450073242,1557.459228515625,166.21473693847656,15.874404,10.0,-1,13.005826
0,986,1493.1141180992126,817.847002029419,1195.127197265625,1000.3566284179688,14.078445,18.0,-1,36.269123
4,986,1281.054120540619,-48.312177658081055,983.0671997070312,134.19744873046875,11.442525,16.0,-1,23.388952
3,986,1102.152265071869,270.8776111602783,804.1653442382812,453.3872375488281,11.339568,16.0,-1,18.471527
12,986,1168.7388739585876,816.303544998169,870.751953125,998.8131713867188,11.246545,18.0,-1,3.7685368
11,986,339.22096395492554,314.88670539855957,41.23404312133789,497.3963317871094,9.826575,16.0,-1,22.530901
2,986,1564.1683173179626,258.19346809387207,1266.181396484375,440.7030944824219,9.540845,14.0,-1,8.2606535
1,986,1553.9853339195251,193.65825080871582,1255.9984130859375,376.1678771972656,9.41642,14.0,-1,16.09298
2946,986,1463.7875800132751,947.9290943145752,1165.8006591796875,1130.438720703125,9.251263,8.0,-1,30.839256
8,986,1425.9972968101501,281.34651374816895,1128.0103759765625,463.85614013671875,8.8874655,14.0,-1,4.7331753
2032,986,533.6870856285095,-72.10200309753418,235.70016479492188,110.40762329101562,8.8310795,14.0,-1,13.584824
3079,986,1914.5654120445251,70.01310920715332,1616.5784912109375,252.52273559570312,7.789579,10.0,-1,18.851803
2281,986,1781.3172430992126,-50.57533073425293,1483.330322265625,131.93429565429688,6.9765353,8.0,-1,26.757292
3020,986,1087.7756171226501,238.31883430480957,789.7886962890625,420.8284606933594,5.454267,18.0,-1,45.424313
1784,986,1638.6651434898376,363.9018726348877,1340.67822265625,546.4114990234375,3.9098465,8.0,1,2.0796514
2389,986,1408.1597723960876,231.5731372833252,1110.1728515625,414.082763671875,3.6794565,8.0,-1,15.4772
3034,986,599.8710150718689,603.948320388794,301.88409423828125,786.4579467773438,1.3557048,22.0,-1,3.1697369
2986,986,1587.9737372398376,363.5757007598877,1289.98681640625,546.0853271484375,1.2099584,10.0,-1,4.804118
2080,986,612.3611578941345,61.455827713012695,314.3742370605469,243.9654541015625,0.7226312,14.0,-1,3.5113792
1961,987,1503.3964972496033,533.9711170196533,1205.289306640625,716.7528076171875,47.587658,20.0,-1,22.36286
1332,987,638.8577704429626,588.3841419219971,340.7505798339844,771.1658325195312,22.093355,20.0,-1,17.43188
2779,987,394.82046270370483,86.60289192199707,96.71327209472656,269.38458251953125,17.245531,20.0,-1,14.072756
0,987,1492.0443243980408,817.1351184844971,1193.9371337890625,999.9168090820312,16.984583,18.0,-1,36.920284
1879,987,1854.3261847496033,-14.582990646362305,1556.218994140625,168.19869995117188,16.157179,10.0,-1,13.443269
12,987,1168.750684261322,816.4674549102783,870.6434936523438,999.2491455078125,15.896027,18.0,-1,3.5283725
2,987,1564.2275519371033,257.2446765899658,1266.120361328125,440.0263671875,13.607613,14.0,-1,6.5009646
3,987,1102.7417120933533,269.3800525665283,804.634521484375,452.1617431640625,12.274789,16.0,-1,19.035664
4,987,1282.2610602378845,-47.37849235534668,984.1538696289062,135.4031982421875,11.109108,16.0,-1,19.07868
11,987,336.07495641708374,316.06746101379395,37.96776580810547,498.8491516113281,10.948352,16.0,-1,21.605768
3079,987,1914.5536017417908,70.77456855773926,1616.4464111328125,253.55625915527344,9.336848,10.0,-1,20.585321
2946,987,1463.3436408042908,948.9615955352783,1165.2364501953125,1131.7432861328125,8.073141,8.0,-1,27.870333
2281,987,1781.9152960777283,-52.68946647644043,1483.80810546875,130.09222412109375,7.6453037,8.0,-1,27.457102
8,987,1426.0661749839783,279.76475715637207,1127.958984375,462.54644775390625,7.568732,14.0,-1,3.3513591
2032,987,533.7683539390564,-71.68417930603027,235.66116333007812,111.0975112915039,7.543934,14.0,-1,14.734623
1,987,1554.1532111167908,192.6493091583252,1256.0460205078125,375.4309997558594,6.099199,14.0,-1,15.924562
3020,987,1088.535352230072,236.8866138458252,790.4281616210938,419.6683044433594,5.0048437,18.0,-1,46.91163
2389,987,1406.2373175621033,232.6743335723877,1108.130126953125,415.4560241699219,2.5568984,8.0,-1,15.454632
1784,987,1636.7473273277283,364.23057746887207,1338.64013671875,547.0122680664062,2.0926952,16.0,-1,0.091866024
3034,987,595.2989630699158,601.2563953399658,297.1917724609375,784.0380859375,1.4647741,24.0,-1,2.1017969
2986,987,1584.2028937339783,362.6952381134033,1286.095703125,545.4769287109375,0.69055575,10.0,-1,4.0636864
2080,987,612.147901058197,55.136491775512695,314.04071044921875,237.91818237304688,0.45564497,14.0,-1,4.1646223
2933,987,1878.2811408042908,340.9741687774658,1580.1739501953125,523.755859375,0.25739965,6.0,1,0.2978495
1961,988,1501.2306036949158,536.3622913360596,1202.7998046875,719.1587524414062,29.853584,20.0,-1,21.272495
1332,988,640.268018245697,591.4922962188721,341.83721923828125,774.2887573242188,27.55893,20.0,-1,16.01757
2779,988,392.8034567832947,84.90916633605957,94.3726577758789,267.70562744140625,21.501814,20.0,-1,13.782343
1879,988,1853.0748419761658,-12.675626754760742,1554.64404296875,170.12083435058594,16.76371,10.0,-1,12.882598
4,988,1283.0596442222595,-48.05010795593262,984.6288452148438,134.74635314941406,16.33467,16.0,-1,20.21894
0,988,1490.2425665855408,816.4528064727783,1191.811767578125,999.249267578125,13.826542,18.0,-1,35.49606
11,988,336.97583532333374,317.24400520324707,38.54503631591797,500.04046630859375,13.575637,16.0,-1,21.98717
12,988,1168.7934699058533,816.4674549102783,870.3626708984375,999.263916015625,11.029994,18.0,-1,3.6544628
3079,988,1913.4123663902283,70.04918098449707,1614.9815673828125,252.84564208984375,9.296747,10.0,-1,18.281427
3,988,1103.7296271324158,268.9175281524658,805.298828125,451.7139892578125,9.180263,14.0,-1,18.97873
2032,988,534.5073828697205,-71.40437126159668,236.0765838623047,111.39208984375,7.6537633,14.0,-1,14.5414295
2,988,1567.0322394371033,256.5821704864502,1268.6014404296875,439.3786315917969,7.5267963,14.0,-1,6.7168927
2946,988,1463.3614630699158,948.5205554962158,1164.9306640625,1131.3170166015625,6.8222575,8.0,-1,26.591923
2281,988,1780.4024786949158,-51.173994064331055,1481.9716796875,131.62246704101562,6.584931,8.0,-1,24.52128
1,988,1554.1532111167908,192.78218269348145,1255.722412109375,375.5786437988281,6.247074,16.0,-1,10.976311
8,988,1426.1792120933533,278.5320301055908,1127.7484130859375,461.3284912109375,5.1411004,14.0,-1,3.9864647
3020,988,1086.9929938316345,237.25163459777832,788.5621948242188,420.048095703125,4.9558625,16.0,-1,42.73586
1784,988,1637.6536993980408,363.32859992980957,1339.222900390625,546.1250610351562,3.6257076,8.0,1,0.7835185
2389,988,1403.4923224449158,234.1053638458252,1105.0615234375,416.9018249511719,1.1260053,8.0,-1,12.963838
2986,988,1580.8263068199158,365.27134895324707,1282.3955078125,548.0678100585938,1.0217692,12.0,-1,5.3315945
3034,988,594.2549567222595,601.0494861602783,295.82415771484375,783.845947265625,0.88774943,26.0,-1,1.5340359
2080,988,614.5310492515564,53.49882698059082,316.1002502441406,236.2952880859375,0.563778,18.0,-1,4.392561
2933,988,1871.8874640464783,343.34141731262207,1573.4566650390625,526.1378784179688,0.3893415,6.0,1,0.622795
1961,989,1501.0251593589783,537.1405506134033,1202.1219482421875,720.6962280273438,35.99075,20.0,-1,20.782497
1332,989,639.3000617027283,593.0093250274658,340.3968505859375,776.5650024414062,27.09334,18.0,-1,14.5994425
12,989,1168.4928107261658,816.4953479766846,869.589599609375,1000.051025390625,22.606836,18.0,-1,3.046503
2779,989,391.70782232284546,86.9364185333252,92.80461120605469,270.4920959472656,16.121508,20.0,-1,13.324944
1879,989,1853.0007452964783,-12.675626754760742,1554.0975341796875,170.8800506591797,13.650883,10.0,-1,12.799402
4,989,1283.8219122886658,-48.63270378112793,984.918701171875,134.9229736328125,13.137123,16.0,-1,21.609987
2,989,1567.0396857261658,256.00349617004395,1268.136474609375,439.5591735839844,11.892047,14.0,-1,7.5737724
0,989,1489.7429327964783,816.5997180938721,1190.8397216796875,1000.1553955078125,11.238217,18.0,-1,37.335876
3079,989,1913.2407355308533,67.64230537414551,1614.3375244140625,251.19798278808594,11.074323,10.0,-1,18.662016
11,989,339.40033864974976,317.5105457305908,40.497127532958984,501.06622314453125,10.743852,16.0,-1,21.871193
3,989,1102.319531917572,269.49861335754395,803.4163208007812,453.0542907714844,9.392442,16.0,-1,17.367764
8,989,1426.8160529136658,280.07344245910645,1127.912841796875,463.6291198730469,9.09037,16.0,-1,1.816802
2032,989,536.203809261322,-71.6596736907959,237.30059814453125,111.89600372314453,8.374708,16.0,-1,14.851429
2946,989,1464.0119757652283,948.4678821563721,1165.1087646484375,1132.0235595703125,7.546704,10.0,-1,23.774733
1,989,1555.9566779136658,191.59166145324707,1257.053466796875,375.1473388671875,6.603708,14.0,-1,11.377454
2281,989,1780.4024786949158,-51.622846603393555,1481.499267578125,131.93283081054688,5.251901,8.0,-1,25.326149
3020,989,1088.555860042572,240.63423347473145,789.6526489257812,424.1899108886719,5.140594,16.0,-1,41.52027
2389,989,1404.2296271324158,231.8683032989502,1105.326416015625,415.4239807128906,1.9498366,8.0,-1,15.698092
1784,989,1639.6545538902283,361.1685047149658,1340.7513427734375,544.7241821289062,1.8047352,18.0,-1,0.45315593
2080,989,612.8054633140564,52.21722602844238,313.9022521972656,235.7729034423828,1.3522863,12.0,-1,4.3545046
2986,989,1578.7581915855408,365.71837043762207,1279.85498046875,549.2740478515625,1.0022514,10.0,-1,4.865997
3034,989,592.5568671226501,596.1542224884033,293.6536560058594,779.7098999023438,0.60154915,28.0,-1,1.8328354
2933,989,1872.1794562339783,344.6748523712158,1573.2762451171875,528.2305297851562,0.40456924,8.0,1,0.76121974
1961,990,1500.5597052574158,538.2375507354736,1201.02978515625,722.7581176757812,37.355015,20.0,-1,19.749643
1332,990,639.4815802574158,592.6441059112549,339.95166015625,777.1646728515625,26.074247,18.0,-1,13.71716
12,990,1166.885449886322,813.3612689971924,867.3555297851562,997.8818359375,18.469856,18.0,-1,3.1441221
2779,990,392.4701895713806,87.70977973937988,92.94026947021484,272.2303466796875,16.516691,20.0,-1,12.383306
1879,990,1853.0681281089783,-12.822187423706055,1553.5382080078125,171.69837951660156,14.041043,10.0,-1,13.145793
2,990,1565.8054327964783,253.64825630187988,1266.2755126953125,438.1688232421875,13.216197,14.0,-1,5.7268367
4,990,1282.6729254722595,-51.10574150085449,983.1430053710938,133.41482543945312,12.66207,16.0,-1,19.098389
11,990,339.8240256309509,316.34021186828613,40.294105529785156,500.86077880859375,12.132417,16.0,-1,22.393713
0,990,1489.3051886558533,815.1623554229736,1189.7752685546875,999.6829223632812,11.240151,18.0,-1,34.969254
3079,990,1913.2407355308533,66.21081733703613,1613.7108154296875,250.73138427734375,9.575969,10.0,-1,20.03454
3,990,1100.7349371910095,268.7576313018799,801.2050170898438,453.2781982421875,9.080628,16.0,-1,16.16014
8,990,1428.1442999839783,281.5885944366455,1128.6143798828125,466.1091613769531,7.947111,16.0,-1,2.279151
2281,990,1781.2767462730408,-50.57819938659668,1481.746826171875,133.94236755371094,7.6927323,10.0,-1,23.275246
2032,990,532.4961981773376,-70.92312431335449,232.96627807617188,113.59744262695312,7.3071227,16.0,-1,15.185359
1,990,1557.7351202964783,192.01202583312988,1258.2052001953125,376.5325927734375,6.506781,16.0,-1,11.739557
2946,990,1466.0234503746033,949.3362445831299,1166.4935302734375,1133.8568115234375,6.467115,10.0,-1,20.916077
2389,990,1405.6335577964783,233.5058307647705,1106.1036376953125,418.0263977050781,3.7333317,6.0,-1,17.11085
3020,990,1087.956006526947,243.09271430969238,788.4260864257812,427.61328125,3.1728792,14.0,-1,30.777254
1784,990,1640.1800665855408,361.41003608703613,1340.650146484375,545.9306030273438,2.9800174,8.0,1,0.40548357
3034,990,593.0453925132751,591.7874164581299,293.5154724121094,776.3079833984375,1.1212388,24.0,-1,1.389997
2986,990,1578.4672980308533,363.3119525909424,1278.9373779296875,547.83251953125,0.5531284,10.0,-1,4.8832297
2080,990,609.4346747398376,52.21722602844238,309.9047546386719,236.73779296875,0.5520119,20.0,-1,3.7009964
2933,990,1869.2799201011658,346.39624214172363,1569.75,530.9168090820312,0.44159678,18.0,-1,0.027624458
1961,991,1501.0145468711853,540.173433303833,1200.722412109375,725.6293334960938,40.881443,20.0,-1,20.295403
1332,991,639.4101157188416,593.4757404327393,339.11798095703125,778.931640625,22.75879,18.0,-1,14.701805
2779,991,392.4701895713806,88.51242256164551,92.17805480957031,273.96832275390625,20.206854,20.0,-1,13.590576
11,991,342.19024419784546,317.05212593078613,41.898109436035156,502.5080261230469,15.440442,16.0,-1,23.575373
1879,991,1853.1718955039978,-11.564207077026367,1552.8797607421875,173.89169311523438,14.2093315,10.0,-1,13.645178
12,991,1165.1877646446228,813.2479572296143,864.8956298828125,998.703857421875,13.975655,18.0,-1,5.0644846
4,991,1282.5598349571228,-54.56237602233887,982.2677001953125,130.89352416992188,12.746311,16.0,-1,19.572317
3079,991,1912.4653525352478,65.65139961242676,1612.1732177734375,251.1072998046875,11.194813,10.0,-1,19.440388
0,991,1489.0936484336853,813.150239944458,1188.801513671875,998.6061401367188,10.930892,18.0,-1,38.5987
3,991,1102.8236289024353,268.849214553833,802.531494140625,454.30511474609375,10.775432,16.0,-1,17.104313
1,991,1559.9532675743103,189.92886543273926,1259.6611328125,375.384765625,10.261951,16.0,-1,14.69272
2946,991,1466.3016562461853,950.5259113311768,1166.009521484375,1135.9818115234375,9.29981,12.0,-1,17.340424
2,991,1566.5984091758728,254.25403022766113,1266.3062744140625,439.7099304199219,9.182518,16.0,-1,7.1176605
8,991,1424.4384970664978,283.8847370147705,1124.1463623046875,469.34063720703125,8.173639,16.0,-1,1.1045465
2032,991,534.7905783653259,-69.05547904968262,234.49844360351562,116.40042114257812,6.9190464,16.0,-1,16.727465
2281,991,1780.2558798789978,-47.74801445007324,1479.9637451171875,137.7078857421875,4.986114,10.0,-1,22.545376
1784,991,1639.7071738243103,360.6706256866455,1339.4150390625,546.1265258789062,3.4660015,18.0,-1,0.42598256
3020,991,1087.0786337852478,243.09271430969238,786.7864990234375,428.5486145019531,2.62855,14.0,-1,26.434954
2389,991,1407.3270468711853,232.60833930969238,1107.034912109375,418.0642395019531,2.502333,8.0,-1,15.294723
2986,991,1578.7158408164978,362.9440631866455,1278.4237060546875,548.3999633789062,1.0861726,12.0,-1,5.185267
3034,991,595.0698447227478,590.2132892608643,294.7777099609375,775.669189453125,0.8180241,26.0,-1,2.3938625
2080,991,608.4809775352478,50.18451118469238,308.1888427734375,235.64041137695312,0.7218471,14.0,-1,3.8335845
2933,991,1869.1307578086853,344.649507522583,1568.838623046875,530.1054077148438,0.57163805,8.0,1,0.9573839
1961,992,1499.4604849815369,539.4305744171143,1198.8565673828125,725.1373291015625,42.747814,20.0,-1,20.703232
2779,992,392.4701895713806,87.28714179992676,91.86627197265625,272.993896484375,22.191507,20.0,-1,12.898317
1332,992,640.3126883506775,594.3440265655518,339.7087707519531,780.05078125,20.163218,18.0,-1,13.348467
1879,992,1852.9399771690369,-9.957273483276367,1552.3360595703125,175.74948120117188,15.95639,10.0,-1,13.885057
4,992,1281.7211050987244,-54.62844657897949,981.1171875,131.07830810546875,13.982987,16.0,-1,20.407516
12,992,1161.8036246299744,814.198335647583,861.19970703125,999.9050903320312,13.091964,20.0,-1,7.55069
2,992,1566.6579947471619,254.42300605773926,1266.0540771484375,440.1297607421875,12.428376,14.0,-1,7.251313
8,992,1424.4827017784119,284.92004585266113,1123.8787841796875,470.6268005371094,10.968257,16.0,-1,3.620617
0,992,1489.4648795127869,814.2457599639893,1188.8609619140625,999.9525146484375,10.577912,18.0,-1,38.822426
1,992,1560.3509879112244,191.77420234680176,1259.7470703125,377.48095703125,10.565776,14.0,-1,17.60934
3,992,1102.9452261924744,267.26663398742676,802.34130859375,452.973388671875,10.122568,16.0,-1,17.657623
11,992,344.35648488998413,317.98819160461426,43.752567291259766,503.6949462890625,9.681764,16.0,-1,22.623442
2032,992,534.2601370811462,-69.81447410583496,233.65621948242188,115.89228057861328,9.512406,16.0,-1,16.396729
3079,992,1910.1078238487244,63.83893013000488,1609.50390625,249.54568481445312,9.225921,10.0,-1,19.433758
2281,992,1778.7767691612244,-49.648359298706055,1478.1728515625,136.0583953857422,7.0406613,8.0,-1,25.506334
2946,992,1466.4029898643494,950.4792804718018,1165.799072265625,1136.18603515625,5.7442474,12.0,-1,16.673018
3020,992,1088.5519766807556,242.09100532531738,787.9480590820312,427.7977600097656,4.3007197,14.0,-1,28.621098
1784,992,1639.6925406455994,360.6706256866455,1339.088623046875,546.3773803710938,2.5779269,10.0,1,0.15673834
2389,992,1409.6025748252869,233.21756172180176,1108.9986572265625,418.92431640625,1.8595902,6.0,-1,18.058197
3034,992,593.5137076377869,593.1089191436768,292.9097900390625,778.815673828125,1.391416,24.0,-1,1.5672663
2986,992,1576.9508414268494,362.82180976867676,1276.346923828125,548.528564453125,1.2324444,10.0,-1,5.183009
2080,992,606.1987051963806,48.858293533325195,305.59478759765625,234.56504821777344,0.7314956,12.0,-1,4.6508727
2933,992,1872.8154654502869,346.58218574523926,1572.2115478515625,532.2889404296875,0.5887698,8.0,1,0.42220905
1961,993,1499.8092398643494,538.6677722930908,1197.672119140625,724.5828857421875,39.976692,20.0,-1,20.899567
12,993,1160.4559073448181,814.0316028594971,858.3187866210938,999.9467163085938,23.512297,20.0,-1,7.345767
1332,993,640.3002982139587,594.4101428985596,338.1631774902344,780.3252563476562,20.504826,18.0,-1,14.069983
2779,993,389.2700400352478,87.22215461730957,87.13291931152344,273.13726806640625,18.741255,20.0,-1,13.710447
4,993,1282.9942984580994,-54.242048263549805,980.857177734375,131.67306518554688,15.036266,16.0,-1,19.884062
0,993,1489.7584586143494,813.3768177032471,1187.621337890625,999.2919311523438,13.695351,18.0,-1,36.12418
2032,993,532.2399039268494,-69.81447410583496,230.102783203125,116.10063934326172,12.3469925,16.0,-1,16.240913
1879,993,1855.9191031455994,-9.192747116088867,1553.781982421875,176.7223663330078,11.752412,10.0,-1,13.65083
1,993,1559.0577750205994,191.2489185333252,1256.920654296875,377.1640319824219,9.836326,14.0,-1,15.746222
3,993,1106.0418448448181,268.4260730743408,803.9047241210938,454.3411865234375,9.412694,14.0,-1,19.14785
11,993,344.7014174461365,316.21934700012207,42.56429672241211,502.13446044921875,9.027937,16.0,-1,22.958319
3079,993,1910.9430289268494,63.873613357543945,1608.805908203125,249.78872680664062,8.34146,10.0,-1,21.167953
3020,993,1090.1331534385681,244.24058723449707,787.9960327148438,430.15570068359375,8.105776,18.0,-1,40.417435
2,993,1565.1091666221619,252.79411506652832,1262.9720458984375,438.709228515625,7.3402963,16.0,-1,6.46488
8,993,1425.8743033409119,285.4171314239502,1123.7371826171875,471.3322448730469,6.7969995,16.0,-1,4.4048114
2946,993,1466.4029898643494,950.4492664337158,1164.265869140625,1136.3643798828125,6.1472716,12.0,-1,9.342515
2281,993,1778.7341666221619,-46.32636833190918,1476.5970458984375,139.5887451171875,5.5674057,8.0,-1,24.28813
1784,993,1639.0646109580994,361.80516242980957,1336.927490234375,547.7202758789062,3.5705395,10.0,1,0.07330792
2389,993,1410.2276968955994,230.11543464660645,1108.090576171875,416.0305480957031,3.5454628,8.0,-1,15.828457
2933,993,1875.8457388877869,346.4238758087158,1573.7086181640625,532.3389892578125,1.2019012,16.0,-1,0.18374911
3034,993,593.1604971885681,594.9387073516846,291.02337646484375,780.8538208007812,0.88405937,24.0,-1,2.5391138
2080,993,604.0083060264587,49.92892646789551,301.8711853027344,235.8440399169922,0.6215008,16.0,-1,3.5891347
2986,993,1572.8951773643494,360.55919075012207,1270.758056640625,546.4743041992188,0.540041,12.0,-1,5.1005926
1961,994,1497.1958060264587,539.1618213653564,1195.1097412109375,725.284423828125,37.16834,20.0,-1,20.642212
1332,994,640.3002982139587,595.2455005645752,338.2142333984375,781.3681030273438,27.85486,18.0,-1,12.978231
12,994,1160.7340750694275,811.356523513794,858.6480102539062,997.4791259765625,20.742561,18.0,-1,7.492975
2779,994,385.2812170982361,86.87520027160645,83.19515228271484,272.997802734375,16.836075,20.0,-1,13.738726
0,994,1489.8244681358337,812.1165943145752,1187.7384033203125,998.2391967773438,15.722187,18.0,-1,38.1211
1879,994,1856.2275443077087,-8.134733200073242,1554.1414794921875,177.9878692626953,15.362742,10.0,-1,14.365499
3079,994,1910.0604300498962,63.21228218078613,1607.974365234375,249.3348846435547,14.748611,10.0,-1,20.006811
11,994,342.2539839744568,316.1346607208252,40.16791915893555,502.25726318359375,12.7363615,16.0,-1,22.350386
4,994,1283.1296439170837,-54.45680046081543,981.0435791015625,131.66580200195312,12.313275,16.0,-1,21.071379
2,994,1562.3558402061462,252.79411506652832,1260.269775390625,438.9167175292969,12.273488,14.0,-1,8.138516
8,994,1427.8439993858337,282.7645740509033,1125.7579345703125,468.8871765136719,10.030734,16.0,-1,2.8680205
3,994,1105.8676810264587,267.2763843536377,803.7816162109375,453.39898681640625,8.280018,14.0,-1,17.06437
1,994,1556.6873831748962,191.71251106262207,1254.601318359375,377.8351135253906,8.136348,16.0,-1,12.051903
2032,994,532.5364127159119,-67.73225212097168,230.45034790039062,118.39035034179688,8.113845,16.0,-1,16.72504
2281,994,1774.5784964561462,-45.96778678894043,1472.492431640625,140.15481567382812,7.468405,10.0,-1,20.924139
2946,994,1465.8933157920837,953.254961013794,1163.8072509765625,1139.3775634765625,6.7360024,12.0,-1,12.545584
3020,994,1090.564031124115,243.56086921691895,788.4779663085938,429.6834716796875,3.8936875,16.0,-1,50.500313
1784,994,1638.1951956748962,363.1897144317627,1336.109130859375,549.3123168945312,3.3904438,18.0,-1,0.33875102
2389,994,1412.2757620811462,230.5398120880127,1110.189697265625,416.66241455078125,2.208102,8.0,-1,15.258873
3034,994,593.1949210166931,593.004961013794,291.1088562011719,779.1275634765625,1.5214891,24.0,-1,1.2393246
2986,994,1574.1290335655212,363.84395027160645,1272.04296875,549.966552734375,1.0954974,12.0,-1,4.987165
2933,994,1877.1181693077087,345.2920093536377,1575.0321044921875,531.4146118164062,1.06082,8.0,1,0.45022514
2080,994,601.9488883018494,51.85376167297363,299.8628234863281,237.9763641357422,0.5767021,12.0,-1,2.7499454
1961,995,1495.0649466514587,538.4677753448486,1193.0623779296875,724.7778930664062,37.88534,20.0,-1,20.419678
12,995,1162.367742061615,810.6321430206299,860.3651733398438,996.9422607421875,24.047808,20.0,-1,7.1143713
1332,995,639.2385306358337,596.0636005401611,337.2359619140625,782.3737182617188,21.127878,18.0,-1,12.808224
2779,995,385.3324179649353,84.84012031555176,83.32984924316406,271.1502380371094,19.117294,22.0,-1,13.540993
4,995,1284.1501517295837,-52.38082695007324,982.1475830078125,133.92929077148438,14.919224,16.0,-1,20.65695
11,995,339.58972692489624,316.2081928253174,37.587158203125,502.518310546875,14.114171,16.0,-1,22.483671
1,995,1559.0427298545837,190.12481880187988,1257.0401611328125,376.4349365234375,11.954025,14.0,-1,14.432322
0,995,1491.0261282920837,813.5957660675049,1189.0235595703125,999.9058837890625,11.807828,18.0,-1,36.649612
3079,995,1906.5119681358337,66.17430305480957,1604.5093994140625,252.4844207763672,11.502468,10.0,-1,16.431318
1879,995,1856.9879202842712,-7.486310958862305,1554.9853515625,178.8238067626953,11.122276,10.0,-1,14.2451935
2,995,1561.7908987998962,252.58282661437988,1259.788330078125,438.8929443359375,10.987648,14.0,-1,9.029591
2946,995,1465.8933157920837,953.9043598175049,1163.8907470703125,1140.2144775390625,10.409028,12.0,-1,16.891613
2032,995,529.8693442344666,-67.83648490905762,227.8667755126953,118.4736328125,10.249654,16.0,-1,15.524691
8,995,1429.9913382530212,279.925630569458,1127.98876953125,466.2357482910156,9.19006,16.0,-1,2.7348413
3,995,1104.35773229599,266.94043159484863,802.3551635742188,453.25054931640625,8.821007,14.0,-1,15.125132
3020,995,1091.3084769248962,243.33368110656738,789.305908203125,429.643798828125,7.579993,16.0,-1,48.898483
2281,995,1772.8533987998962,-45.96778678894043,1470.850830078125,140.3423309326172,5.2080073,10.0,-1,19.09856
1784,995,1639.8532767295837,360.4380512237549,1337.8507080078125,546.7481689453125,2.7193954,20.0,-1,0.40464497
2389,995,1415.3389945030212,232.49237251281738,1113.33642578125,418.802490234375,1.9506339,6.0,-1,17.272692
2933,995,1873.5542044639587,347.94641304016113,1571.5516357421875,534.2565307617188,1.6525,8.0,1,0.5443211
3034,995,591.1998648643494,593.7797870635986,289.1972961425781,780.0899047851562,1.3175406,22.0,-1,2.1382291
2986,995,1577.1174368858337,363.6710834503174,1275.1148681640625,549.981201171875,0.65196854,24.0,-1,5.071384
2080,995,599.5365042686462,52.94250679016113,297.533935546875,239.25262451171875,0.44692087,20.0,-1,3.735683
1961,996,1496.2685599327087,539.5284442901611,1193.89013671875,726.2471313476562,57.756054,20.0,-1,21.36478
1332,996,640.094304561615,596.0636005401611,337.71588134765625,782.7822875976562,26.465065,18.0,-1,13.671052
4,996,1282.6786551475525,-50.21015739440918,980.3002319335938,136.50852966308594,19.06135,16.0,-1,19.186876
2,996,1558.7487845420837,253.06863594055176,1256.370361328125,439.7873229980469,18.63053,16.0,-1,7.0133123
2779,996,382.80885076522827,84.66171455383301,80.43042755126953,271.3804016113281,17.83536,22.0,-1,13.956864
0,996,1492.5168509483337,812.3549823760986,1190.138427734375,999.0736694335938,16.071875,18.0,-1,38.145485
12,996,1165.1595511436462,811.4362201690674,862.7811279296875,998.1549072265625,14.509149,20.0,-1,6.073054
11,996,340.27429723739624,317.06326484680176,37.8958740234375,503.7819519042969,14.009398,16.0,-1,23.454685
1879,996,1856.3624320030212,-9.16963005065918,1553.9840087890625,177.54905700683594,12.295143,10.0,-1,14.922823
3079,996,1904.1993460655212,64.45732307434082,1601.8209228515625,251.17601013183594,11.203933,10.0,-1,16.449905
2032,996,529.799382686615,-67.23773765563965,227.42095947265625,119.48094940185547,9.050614,16.0,-1,15.858766
1,996,1557.9665579795837,189.13018989562988,1255.588134765625,375.848876953125,8.96519,16.0,-1,14.026516
3,996,1106.3007254600525,268.92349433898926,803.9223022460938,455.6421813964844,8.599751,14.0,-1,16.379665
8,996,1431.5114798545837,282.6459369659424,1129.133056640625,469.3646240234375,8.2522745,16.0,-1,3.8614154
2946,996,1465.8933157920837,953.3727436065674,1163.514892578125,1140.0914306640625,8.01718,10.0,-1,18.651098
3020,996,1090.9176688194275,241.47754096984863,788.5392456054688,428.19622802734375,6.8847733,16.0,-1,51.746044
2281,996,1773.0627493858337,-48.67548942565918,1470.684326171875,138.04319763183594,5.0575557,10.0,-1,23.224365
2389,996,1417.4868216514587,230.58575630187988,1115.1083984375,417.304443359375,2.2206352,8.0,-1,15.445106
1784,996,1642.7590384483337,361.05871772766113,1340.380615234375,547.7774047851562,1.9378396,18.0,-1,0.95873535
2933,996,1874.2760062217712,349.4356098175049,1571.8975830078125,536.154296875,1.220486,8.0,1,0.43381768
2080,996,596.3853812217712,56.075273513793945,294.0069580078125,242.79396057128906,1.0393221,12.0,-1,4.1870475
2986,996,1576.3806204795837,361.5442523956299,1274.002197265625,548.262939453125,0.9610028,12.0,-1,4.7798233
3034,996,589.2473502159119,593.3595600128174,286.8689270019531,780.0782470703125,0.82601374,24.0,-1,1.9535903
1961,997,1496.2685599327087,543.2034931182861,1193.6483154296875,729.9793090820312,42.772312,20.0,-1,21.893484
2779,997,380.5967993736267,84.62811470031738,77.97655487060547,271.4039306640625,26.971367,20.0,-1,14.149637
1332,997,640.4960379600525,594.5798969268799,337.87579345703125,781.355712890625,25.526047,18.0,-1,14.399402
4,997,1282.6666922569275,-49.00823783874512,980.0464477539062,137.767578125,17.264091,16.0,-1,21.430218
12,997,1166.0853934288025,809.5687885284424,863.4651489257812,996.3446044921875,16.733858,18.0,-1,5.3418074
0,997,1492.1820120811462,810.9307880401611,1189.561767578125,997.7066040039062,16.57919,18.0,-1,36.929028
3079,997,1904.1392874717712,62.54748725891113,1601.51904296875,249.32330322265625,16.485197,10.0,-1,20.469168
11,997,340.4944586753845,317.9267292022705,37.87421417236328,504.7025451660156,14.568946,16.0,-1,22.501524
2,997,1558.4503226280212,252.01989936828613,1255.830078125,438.79571533203125,11.968654,14.0,-1,7.7003164
1879,997,1856.6367239952087,-7.366910934448242,1554.0164794921875,179.40890502929688,10.552604,12.0,-1,15.236362
2032,997,529.6038107872009,-67.66786003112793,226.9835662841797,119.10795593261719,10.469655,16.0,-1,16.292397
1,997,1559.5720267295837,189.9530963897705,1256.9517822265625,376.7289123535156,8.2735,16.0,-1,11.768029
3,997,1106.5439505577087,268.92349433898926,803.9237060546875,455.6993103027344,7.64171,14.0,-1,16.223053
2946,997,1464.4925589561462,952.4973773956299,1161.872314453125,1139.273193359375,6.1830387,10.0,-1,22.494923
2281,997,1771.6256155967712,-46.90322685241699,1469.00537109375,139.87258911132812,6.15865,10.0,-1,22.08521
8,997,1434.3319144248962,280.89819526672363,1131.711669921875,467.67401123046875,5.379604,16.0,-1,5.6733065
3020,997,1092.1020560264587,243.27627754211426,789.4818115234375,430.0520935058594,4.1531415,16.0,-1,50.163578
1784,997,1639.3732962608337,361.6519184112549,1336.7530517578125,548.427734375,2.4463308,18.0,-1,1.610475
2389,997,1418.9669241905212,228.83191108703613,1116.3466796875,415.60772705078125,2.3570735,8.0,-1,14.222709
2986,997,1575.8253226280212,361.27893257141113,1273.205078125,548.0547485351562,1.0392855,12.0,-1,5.3919272
2933,997,1874.8173880577087,349.71508979797363,1572.1971435546875,536.4909057617188,0.6081827,6.0,1,0.13582754
3034,997,586.5029654502869,594.2572650909424,283.8827209472656,781.0330810546875,0.5866317,22.0,-1,1.002679
2080,997,597.6474967002869,56.49328804016113,295.0272521972656,243.26910400390625,0.5840883,16.0,-1,4.6811466
1961,998,1497.4228568077087,542.6926898956299,1193.5362548828125,729.2855834960938,34.69164,20.0,-1,20.665262
1332,998,641.7367606163025,593.8098773956299,337.85015869140625,780.4027709960938,22.780352,18.0,-1,13.899774
2779,998,380.1985754966736,85.46627998352051,76.31197357177734,272.0591735839844,20.072092,20.0,-1,13.999298
12,998,1166.0853934288025,811.2036151885986,862.1987915039062,997.7965087890625,19.35974,20.0,-1,6.085351
4,998,1285.4887137413025,-48.55898857116699,981.6021118164062,138.03390502929688,17.67138,16.0,-1,19.45949
2,998,1558.6129202842712,251.5624713897705,1254.726318359375,438.1553649902344,13.659705,14.0,-1,7.4037075
1879,998,1859.2006888389587,-6.258832931518555,1555.3140869140625,180.3340606689453,13.186642,10.0,-1,13.988564
0,998,1493.0748343467712,807.7432270050049,1189.188232421875,994.3361206054688,11.563877,20.0,-1,38.543163
3079,998,1903.1337943077087,62.44400215148926,1599.2471923828125,249.03689575195312,10.694364,10.0,-1,20.071226
2032,998,529.2649893760681,-67.07393455505371,225.37838745117188,119.51895904541016,9.85395,16.0,-1,15.361619
11,998,342.2985625267029,317.6483783721924,38.41196060180664,504.24127197265625,9.453252,16.0,-1,22.002228
3,998,1107.66779088974,267.4540729522705,803.7811889648438,454.0469665527344,8.049279,14.0,-1,11.523857
2946,998,1467.6854300498962,950.8369159698486,1163.798828125,1137.4298095703125,7.7228227,10.0,-1,23.908747
1,998,1559.4840140342712,188.6156940460205,1255.597412109375,375.2085876464844,7.4634304,16.0,-1,9.929806
8,998,1434.0424857139587,277.6603717803955,1130.1558837890625,464.2532653808594,6.27334,16.0,-1,4.643063
2281,998,1772.0338187217712,-46.50192070007324,1468.147216796875,140.09097290039062,5.342377,10.0,-1,22.32952
3020,998,1091.304753780365,243.59326362609863,787.4181518554688,430.1861572265625,3.6407893,16.0,-1,48.413322
1784,998,1637.0681204795837,367.4194965362549,1333.1815185546875,554.0123901367188,2.1844943,20.0,-1,1.4770288
2389,998,1417.6016898155212,229.63659858703613,1113.715087890625,416.2294921875,2.149456,8.0,-1,14.627727
3034,998,585.4384512901306,594.2572650909424,281.5518493652344,780.8501586914062,1.8671361,20.0,-1,1.1600361
2080,998,598.0725455284119,57.690446853637695,294.1859436035156,244.28334045410156,0.77209336,12.0,-1,3.4656546
2933,998,1873.9283499717712,347.38281440734863,1570.041748046875,533.9757080078125,0.7190463,8.0,1,0.23179263
2986,998,1571.4262747764587,363.5560932159424,1267.5396728515625,550.1489868164062,0.40122887,12.0,-1,3.5488596
1961,999,1496.5039114952087,542.3065814971924,1191.349853515625,728.7409057617188,38.54568,20.0,-1,21.800095
1332,999,643.0445914268494,595.3720722198486,337.8905334472656,781.806396484375,23.321602,18.0,-1,15.481849
2779,999,378.7037253379822,88.46353340148926,73.54966735839844,274.8978576660156,23.246641,22.0,-1,14.877962
12,999,1166.2485404014587,811.2036151885986,861.094482421875,997.637939453125,17.730316,20.0,-1,5.5305333
4,999,1286.6244559288025,-47.908674240112305,981.4703979492188,138.52565002441406,13.258987,16.0,-1,18.06192
1879,999,1859.0728812217712,-7.99903678894043,1553.9188232421875,178.43528747558594,13.013943,10.0,-1,14.699507
0,999,1492.4869437217712,807.2703266143799,1187.3328857421875,993.7046508789062,12.50415,18.0,-1,38.248318
2032,999,530.7446188926697,-68.18494987487793,225.59056091308594,118.24937438964844,11.472469,16.0,-1,14.523088
2,999,1560.0847220420837,251.872163772583,1254.9306640625,438.3064880371094,9.986804,14.0,-1,6.0579014
3079,999,1905.2196097373962,62.74295234680176,1600.0655517578125,249.17727661132812,9.708702,10.0,-1,21.22047
11,999,344.31384801864624,317.01492500305176,39.1597900390625,503.4492492675781,9.188355,16.0,-1,20.802485
2946,999,1468.8647513389587,954.1069355010986,1163.710693359375,1140.541259765625,8.021067,8.0,-1,27.236044
8,999,1435.5123343467712,273.95581245422363,1130.3582763671875,460.39013671875,7.808632,16.0,-1,3.8739784
1,999,1559.4840140342712,186.22882270812988,1254.3299560546875,372.66314697265625,6.8858705,14.0,-1,10.423247
2281,999,1775.2015433311462,-46.031293869018555,1470.0474853515625,140.4030303955078,5.6267314,8.0,-1,26.18468
3,999,1110.23273229599,266.382905960083,805.0786743164062,452.8172302246094,5.2575355,14.0,-1,14.7974415
1784,999,1634.5845999717712,367.30420112609863,1329.4305419921875,553.738525390625,5.1870184,22.0,-1,1.9950219
3020,999,1090.9193167686462,242.28885078430176,785.7652587890625,428.7231750488281,3.6376238,16.0,-1,45.852646
2389,999,1415.1727347373962,229.58535957336426,1110.0186767578125,416.0196838378906,2.9879005,8.0,-1,15.413721
2986,999,1567.4965872764587,365.0789203643799,1262.342529296875,551.5132446289062,0.7996211,12.0,-1,4.2800055
3034,999,583.3873038291931,594.3765277862549,278.2332458496094,780.8108520507812,0.73734593,22.0,-1,1.2740209
2080,999,597.7313590049744,59.98265266418457,292.5773010253906,246.41697692871094,0.6261299,12.0,-1,3.7105994
2933,999,1873.3304495811462,348.5496234893799,1568.1763916015625,534.9839477539062,0.40884963,8.0,1,0.6309109
1961,1000,1498.9955039024353,542.889253616333,1193.4022216796875,730.6943969726562,36.52401,20.0,-1,22.00937
1332,1000,644.2140402793884,595.9979572296143,338.6207580566406,783.8031005859375,27.207247,18.0,-1,15.695926
2779,1000,376.0548758506775,88.88653755187988,70.46159362792969,276.6916809082031,24.20056,22.0,-1,13.0403385
12,1000,1161.9721274375916,811.2109699249268,856.3788452148438,999.01611328125,18.06229,20.0,-1,8.489086
1879,1000,1859.7651572227478,-7.915189743041992,1554.171875,179.88995361328125,16.13178,10.0,-1,14.860823
0,1000,1492.4796347618103,806.3016681671143,1186.8863525390625,994.1068115234375,14.445796,18.0,-1,37.77054
4,1000,1286.3598837852478,-47.908674240112305,980.7666015625,139.89646911621094,14.344533,16.0,-1,18.945705
11,1000,345.76049184799194,315.93164253234863,40.16720962524414,503.7367858886719,12.685089,16.0,-1,21.974293
3079,1000,1906.1025595664978,61.45401191711426,1600.50927734375,249.2591552734375,10.979045,10.0,-1,19.864122
2,1000,1562.9294638633728,250.62689399719238,1257.336181640625,438.4320373535156,9.385908,14.0,-1,6.871305
1,1000,1558.9101767539978,183.06408882141113,1253.31689453125,370.8692321777344,9.16913,14.0,-1,12.482059
8,1000,1435.8021445274353,272.86816596984863,1130.2088623046875,460.6733093261719,8.111283,16.0,-1,2.8439536
2032,1000,530.7446188926697,-68.5267391204834,225.15133666992188,119.27840423583984,7.1464124,14.0,-1,14.935767
2281,1000,1775.7508749961853,-44.57473564147949,1470.1575927734375,143.23040771484375,7.117895,8.0,-1,28.005573
2946,1000,1467.5445761680603,954.5696125030518,1161.9512939453125,1142.374755859375,6.519859,10.0,-1,23.490839
3,1000,1110.6818442344666,264.9565143585205,805.0885620117188,452.76165771484375,5.5754356,14.0,-1,16.599854
3020,1000,1091.229817867279,244.3425006866455,785.6365356445312,432.14764404296875,4.5147934,16.0,-1,49.444134
2389,1000,1415.1867880821228,226.22412300109863,1109.593505859375,414.0292663574219,2.990531,6.0,-1,16.846207
1784,1000,1634.4735312461853,366.73062324523926,1328.8802490234375,554.5357666015625,2.7735727,20.0,-1,1.1696281
2986,1000,1565.8550009727478,366.37588691711426,1260.26171875,554.1810302734375,1.0789341,12.0,-1,5.131137
3034,1000,581.703938961029,594.9989337921143,276.11065673828125,782.8040771484375,0.7284949,22.0,-1,1.6796719
2080,1000,596.826009273529,60.31096076965332,291.23272705078125,248.11610412597656,0.60114986,12.0,-1,4.196265
2933,1000,1873.1672568321228,348.23172187805176,1567.573974609375,536.036865234375,0.51235765,8.0,1,1.4059573
1961,1001,1501.4870200157166,542.1676654815674,1195.271728515625,730.0787963867188,49.536926,20.0,-1,21.29064
1332,1001,642.0762228965759,597.8876361846924,335.8609313964844,785.7987670898438,31.51534,20.0,-1,15.559008
2779,1001,373.16133642196655,89.59420967102051,66.946044921875,277.5053405761719,23.873611,22.0,-1,13.017422
3079,1001,1904.434651851654,60.28270149230957,1598.2193603515625,248.19383239746094,13.792638,10.0,-1,20.537176
0,1001,1494.4782309532166,806.8490009307861,1188.262939453125,994.7601318359375,13.042263,18.0,-1,40.472664
4,1001,1288.260579586029,-47.79171562194824,982.0452880859375,140.11941528320312,11.988351,16.0,-1,16.67738
1879,1001,1860.412923336029,-7.915189743041992,1554.1976318359375,179.99594116210938,11.0871725,12.0,-1,15.181039
11,1001,348.9528136253357,313.4446430206299,42.73752212524414,501.35577392578125,10.444232,16.0,-1,21.571081
2032,1001,528.6256766319275,-68.28063011169434,222.41038513183594,119.63050079345703,9.160235,16.0,-1,15.728532
1,1001,1559.458333492279,181.883638381958,1253.2430419921875,369.7947692871094,8.939707,16.0,-1,12.401167
12,1001,1159.6247763633728,811.1448993682861,853.4094848632812,999.0560302734375,8.430448,18.0,-1,6.0980196
8,1001,1434.0734457969666,272.7271137237549,1127.858154296875,460.63824462890625,8.198215,16.0,-1,3.801237
2946,1001,1464.624349117279,953.8410663604736,1158.4090576171875,1141.752197265625,7.9325333,10.0,-1,24.237972
3,1001,1110.218343257904,266.8472309112549,804.0030517578125,454.75836181640625,6.5271,14.0,-1,16.45259
2281,1001,1776.101399898529,-45.902875900268555,1469.8861083984375,142.0082550048828,6.250361,8.0,-1,26.956066
2,1001,1565.4965415000916,251.79443550109863,1259.28125,439.70556640625,5.933302,16.0,-1,5.007654
3020,1001,1091.229817867279,245.95788764953613,785.0145263671875,433.8690185546875,3.7200577,16.0,-1,49.298725
1784,1001,1636.931722164154,368.4011859893799,1330.7164306640625,556.3123168945312,3.0657785,18.0,-1,2.192614
2389,1001,1413.851155757904,224.310152053833,1107.6358642578125,412.2212829589844,1.6171283,8.0,-1,13.282652
2080,1001,599.6769003868103,61.54400825500488,293.46160888671875,249.45513916015625,0.9371078,12.0,-1,3.8584454
2986,1001,1564.1869711875916,364.01855659484863,1257.9716796875,551.9296875,0.902909,12.0,-1,4.3438625
3034,1001,584.1442160606384,596.7473773956299,277.9289245605469,784.6585083007812,0.90171146,22.0,-1,1.1499557
2933,1001,1872.433187007904,347.23254585266113,1566.2178955078125,535.1436767578125,0.7426508,8.0,1,1.0646279
1961,1002,1502.588216304779,540.5899677276611,1195.552978515625,728.1966552734375,59.86883,20.0,-1,22.028444
1332,1002,640.1787009239197,597.5157489776611,333.1434631347656,785.1224365234375,35.06632,20.0,-1,17.855179
2779,1002,369.1593527793884,88.12124824523926,62.124114990234375,275.7279357910156,16.123064,24.0,-1,13.26125
11,1002,349.24757528305054,311.78772163391113,42.212337493896484,499.3944091796875,15.102653,16.0,-1,21.727013
0,1002,1494.9389243125916,807.7900409698486,1187.9036865234375,995.396728515625,13.913711,18.0,-1,37.856663
12,1002,1159.3258872032166,810.3095111846924,852.2906494140625,997.9161987304688,12.932311,18.0,-1,5.6913896
2,1002,1567.7899985313416,252.67886543273926,1260.7547607421875,440.2855529785156,12.739179,14.0,-1,3.628163
4,1002,1289.6408286094666,-47.924482345581055,982.6055908203125,139.6822052001953,12.444187,14.0,-1,16.769358
1879,1002,1860.0036215782166,-7.624967575073242,1552.9683837890625,179.98171997070312,11.178679,10.0,-1,14.405202
3079,1002,1904.125569820404,60.95797920227051,1597.09033203125,248.56466674804688,10.771886,10.0,-1,20.727768
2032,1002,529.3374228477478,-66.53214836120605,222.30218505859375,121.07453918457031,9.503609,16.0,-1,15.464988
1,1002,1559.458333492279,181.883638381958,1252.423095703125,369.4903259277344,8.521325,14.0,-1,9.552703
3,1002,1108.7479453086853,268.3036518096924,801.7127075195312,455.91033935546875,7.2638736,14.0,-1,12.991172
8,1002,1433.6579184532166,271.15234565734863,1126.6226806640625,458.759033203125,6.9804535,16.0,-1,3.708722
2946,1002,1466.3156332969666,952.4779071807861,1159.2803955078125,1140.0845947265625,6.3502545,10.0,-1,26.353653
2281,1002,1779.574300289154,-42.257612228393555,1472.5390625,145.3490753173828,4.845493,8.0,-1,25.531527
3020,1002,1090.050862789154,247.23498725891113,783.015625,434.8416748046875,4.2238193,16.0,-1,47.219456
2389,1002,1417.030843257904,220.66467475891113,1109.99560546875,408.2713623046875,2.6729076,8.0,-1,16.399603
1784,1002,1638.177571773529,370.36328315734863,1331.142333984375,557.969970703125,2.1956477,20.0,-1,1.379771
2986,1002,1563.477864742279,361.93567085266113,1256.442626953125,549.5423583984375,0.72789556,12.0,-1,4.834785
3034,1002,583.3124594688416,595.2473163604736,276.2772216796875,782.85400390625,0.7185661,20.0,-1,1.7641248
2933,1002,1875.428304195404,352.2907123565674,1568.39306640625,539.8973999023438,0.6863894,8.0,1,0.5036415
2080,1002,599.1739706993103,62.61709785461426,292.13873291015625,250.22378540039062,0.601016,12.0,-1,3.9331326
1961,1003,1501.4881796836853,542.4872760772705,1193.37548828125,730.6654052734375,54.27293,20.0,-1,22.780003
1332,1003,642.8192343711853,596.618745803833,334.70654296875,784.796875,27.940046,20.0,-1,17.492325
2779,1003,368.770085811615,86.75674629211426,60.65739440917969,274.93487548828125,24.997385,24.0,-1,13.132458
0,1003,1496.2060751914978,806.656343460083,1188.0933837890625,994.83447265625,16.73747,18.0,-1,39.5024
4,1003,1290.9755454063416,-48.13656425476074,982.8628540039062,140.04156494140625,13.099346,14.0,-1,14.1529455
1879,1003,1858.3401083946228,-6.416532516479492,1550.2274169921875,181.7615966796875,11.242837,10.0,-1,14.629841
11,1003,350.22499990463257,310.7874164581299,42.112308502197266,498.9655456542969,9.053428,16.0,-1,22.05683
2032,1003,532.2365622520447,-65.75841331481934,224.12387084960938,122.41971588134766,8.746772,16.0,-1,14.914112
1,1003,1559.3399863243103,182.152193069458,1251.227294921875,370.330322265625,8.44827,14.0,-1,8.4118595
3079,1003,1904.4503378868103,59.86853218078613,1596.337646484375,248.04666137695312,8.106121,10.0,-1,20.20488
2946,1003,1467.9566855430603,952.5749225616455,1159.843994140625,1140.7530517578125,8.072834,10.0,-1,24.571383
2,1003,1564.4050498008728,251.74194526672363,1256.2923583984375,439.9200744628906,7.974008,16.0,-1,4.456633
12,1003,1158.1723227500916,809.1034259796143,850.0596313476562,997.2815551757812,7.724898,18.0,-1,4.519147
2281,1003,1780.1881308555603,-44.01437187194824,1472.075439453125,144.16375732421875,6.6840596,8.0,-1,28.124428
8,1003,1432.9198203086853,272.31701850891113,1124.80712890625,460.4951477050781,6.47175,16.0,-1,3.1581426
3020,1003,1093.655843257904,244.86429023742676,785.5431518554688,433.04241943359375,4.1131706,16.0,-1,49.064293
3,1003,1108.7479453086853,268.3036518096924,800.63525390625,456.4817810058594,3.6930258,14.0,-1,14.511673
1784,1003,1636.5249228477478,373.481294631958,1328.4122314453125,561.659423828125,2.7276316,22.0,-1,2.5003033
2389,1003,1420.5786337852478,221.54898262023926,1112.4659423828125,409.72711181640625,0.9050346,8.0,-1,12.918687
2986,1003,1561.9034628868103,362.5534381866455,1253.790771484375,550.7315673828125,0.81215453,12.0,-1,4.580101
3034,1003,581.5330100059509,595.8941974639893,273.4203186035156,784.0723266601562,0.69174546,22.0,-1,2.0115507
2080,1003,599.3176169395447,61.82809638977051,291.2049255371094,250.0062255859375,0.5633816,16.0,-1,4.458823
2933,1003,1871.9040732383728,354.127046585083,1563.7913818359375,542.30517578125,0.36742064,6.0,1,0.49415588
1961,1004,1501.7597861289978,545.1709308624268,1193.317138671875,733.7957763671875,54.096714,20.0,-1,23.535318
1332,1004,642.2514853477478,598.019380569458,333.808837890625,786.6442260742188,46.62146,20.0,-1,18.27348
2779,1004,368.156804561615,85.92370796203613,59.71415710449219,274.5485534667969,23.2395,22.0,-1,12.7079735
0,1004,1494.3591513633728,806.656343460083,1185.91650390625,995.2811889648438,17.173021,18.0,-1,37.873375
4,1004,1293.2409873008728,-50.103864669799805,984.79833984375,138.52098083496094,14.13623,14.0,-1,16.460976
1879,1004,1858.3401083946228,-6.851591110229492,1549.8974609375,181.77325439453125,13.870106,10.0,-1,15.115855
2,1004,1564.1405234336853,251.45092964172363,1255.6978759765625,440.0757751464844,10.739795,14.0,-1,6.4098377
11,1004,350.0466742515564,311.49221992492676,41.604026794433594,500.1170654296875,10.662139,16.0,-1,21.987741
2032,1004,534.610433101654,-63.8538875579834,226.16778564453125,124.77095794677734,9.522227,16.0,-1,15.046547
8,1004,1430.6568808555603,270.70813179016113,1122.2142333984375,459.3329772949219,9.098035,18.0,-1,4.449643
3079,1004,1904.0316367149353,58.208452224731445,1595.5889892578125,246.8332977294922,8.150602,10.0,-1,15.679431
1,1004,1558.7835898399353,182.6515827178955,1250.3409423828125,371.27642822265625,8.0876,14.0,-1,8.142136
2946,1004,1469.0279746055603,954.0987873077393,1160.5853271484375,1142.7236328125,7.1572785,10.0,-1,24.497551
3,1004,1108.8647055625916,267.55310249328613,800.4220581054688,456.1779479980469,7.060358,14.0,-1,11.944002
12,1004,1160.0946249961853,808.2380084991455,851.6519775390625,996.8628540039062,6.6032596,18.0,-1,4.869778
2281,1004,1780.2876181602478,-47.39639091491699,1471.844970703125,141.22845458984375,5.829104,8.0,-1,29.362944
3020,1004,1094.4955039024353,244.73663520812988,786.0528564453125,433.3614807128906,4.2958536,16.0,-1,49.794704
1784,1004,1632.6045126914978,373.547700881958,1324.161865234375,562.1725463867188,3.4436023,20.0,-1,2.471434
2389,1004,1428.1967978477478,222.95767402648926,1119.754150390625,411.58251953125,2.965699,6.0,-1,16.42363
3034,1004,584.4754538536072,599.1639728546143,276.0328063964844,787.788818359375,0.9679243,18.0,-1,1.0671077
2933,1004,1868.8211874961853,348.677827835083,1560.3785400390625,537.3026733398438,0.78665966,6.0,1,0.6825341
2080,1004,598.2786765098572,62.30302619934082,289.8360290527344,250.92787170410156,0.6692743,14.0,-1,4.563203
2986,1004,1562.6568808555603,362.65701484680176,1254.2142333984375,551.2818603515625,0.6250903,12.0,-1,4.650692
1332,1005,641.7711386680603,597.0762348175049,333.752197265625,786.1235961914062,40.968224,20.0,-1,18.263367
1961,1005,1498.5497031211853,546.3565082550049,1190.53076171875,735.4038696289062,29.530716,20.0,-1,21.28401
2779,1005,365.647340297699,86.36569404602051,57.62839889526367,275.4130554199219,26.337112,24.0,-1,11.761562
1879,1005,1856.2282919883728,-7.858610153198242,1548.2093505859375,181.18875122070312,16.202005,10.0,-1,15.258799
0,1005,1494.6134238243103,807.0123920440674,1186.594482421875,996.0597534179688,14.752228,18.0,-1,38.313145
4,1005,1293.2409873008728,-50.811323165893555,985.2220458984375,138.2360382080078,13.906972,14.0,-1,16.985403
8,1005,1427.4200644493103,270.8524799346924,1119.401123046875,459.89984130859375,10.641768,18.0,-1,3.6250892
12,1005,1161.6528525352478,806.8628559112549,853.6339111328125,995.9102172851562,10.024898,18.0,-1,4.9052563
3079,1005,1902.0103964805603,57.28808784484863,1593.991455078125,246.33544921875,9.245643,10.0,-1,12.244609
11,1005,348.2679991722107,311.49221992492676,40.24905776977539,500.5395812988281,8.549783,16.0,-1,22.91102
2281,1005,1780.0681357383728,-45.90125846862793,1472.0491943359375,143.14610290527344,8.151089,8.0,-1,31.121973
2032,1005,536.19952917099,-64.04746055603027,228.1805877685547,124.9999008178711,7.7729077,16.0,-1,14.701024
2,1005,1564.4846396446228,249.74417304992676,1256.4656982421875,438.7915344238281,7.6748066,14.0,-1,6.5830793
2946,1005,1473.6678671836853,955.1862812042236,1165.64892578125,1144.233642578125,7.3122616,10.0,-1,24.549818
1,1005,1558.7945761680603,180.62738227844238,1250.775634765625,369.67474365234375,7.1661987,14.0,-1,8.296114
3,1005,1107.8185629844666,266.54373359680176,799.7996215820312,455.5910949707031,6.1339607,14.0,-1,14.343322
3020,1005,1094.7317099571228,241.92511177062988,786.7127685546875,430.97247314453125,5.962431,16.0,-1,53.06768
2389,1005,1428.2129111289978,223.01916694641113,1120.1939697265625,412.0665283203125,3.168896,8.0,-1,17.029861
1784,1005,1632.6629843711853,375.2097797393799,1324.64404296875,564.2571411132812,2.7348251,20.0,-1,2.8078372
2986,1005,1561.8694052696228,364.8635883331299,1253.8504638671875,553.9109497070312,1.4125673,10.0,-1,4.6226797
3034,1005,586.5756430625916,597.8589496612549,278.55670166015625,786.9063110351562,1.3904473,22.0,-1,2.0705328
2933,1005,1866.4150595664978,349.3435688018799,1558.3961181640625,538.3909301757812,0.946459,6.0,1,0.05650574
2080,1005,599.1300559043884,62.95536994934082,291.1111145019531,252.0027313232422,0.8871203,12.0,-1,4.049463
1961,1006,1497.7843222618103,546.5736865997314,1189.6656494140625,736.0896606445312,47.242447,20.0,-1,22.203955
1332,1006,638.901204586029,596.6942920684814,330.78253173828125,786.2102661132812,36.678577,20.0,-1,19.044384
2779,1006,364.4851584434509,85.2749195098877,56.366485595703125,274.7908935546875,19.889606,22.0,-1,12.707294
0,1006,1494.6689658164978,807.7091846466064,1186.55029296875,997.2251586914062,17.508944,18.0,-1,38.21341
4,1006,1293.8681235313416,-51.24763298034668,985.7494506835938,138.26834106445312,17.057756,14.0,-1,18.876648
11,1006,346.42336416244507,312.55427742004395,38.304691314697266,502.07025146484375,13.547848,16.0,-1,21.265903
3079,1006,1900.1594443321228,57.28808784484863,1592.040771484375,246.80406188964844,11.070767,10.0,-1,15.22776
1879,1006,1854.6769003868103,-7.839078903198242,1546.5582275390625,181.67689514160156,10.371698,10.0,-1,14.521684
8,1006,1426.3571982383728,272.84214973449707,1118.238525390625,462.3581237792969,10.007558,16.0,-1,3.581305
2032,1006,536.8391165733337,-61.69042778015137,228.72044372558594,127.82554626464844,9.891547,16.0,-1,16.128557
1,1006,1557.7146201133728,179.1220874786377,1249.595947265625,368.6380615234375,9.787856,14.0,-1,9.1509
2,1006,1566.9255576133728,250.20305061340332,1258.806884765625,439.7190246582031,9.526719,14.0,-1,5.5709143
3020,1006,1094.7317099571228,238.08647346496582,786.613037109375,427.6024475097656,9.2520075,16.0,-1,48.995224
2281,1006,1784.0343222618103,-48.10658073425293,1475.9156494140625,141.40939331054688,8.794191,8.0,-1,30.355011
12,1006,1158.6051840782166,807.9493579864502,850.4865112304688,997.46533203125,8.537594,20.0,-1,6.516655
2946,1006,1475.6877646446228,950.8255786895752,1167.569091796875,1140.341552734375,7.081166,10.0,-1,24.23763
3,1006,1106.5883994102478,262.4741382598877,798.4697265625,451.9901123046875,5.944006,14.0,-1,12.826754
1784,1006,1632.8777060508728,377.12117195129395,1324.759033203125,566.6371459960938,3.3467495,20.0,-1,2.9470375
2389,1006,1428.6090292930603,228.42866706848145,1120.4903564453125,417.94464111328125,2.7030327,8.0,-1,15.655975
2986,1006,1562.9121298789978,364.57844734191895,1254.79345703125,554.0944213867188,0.8565579,16.0,-1,4.9317408
2080,1006,599.978597164154,61.05148506164551,291.85992431640625,250.5674591064453,0.7472121,12.0,-1,4.343007
2933,1006,1862.4937949180603,349.9464282989502,1554.3751220703125,539.46240234375,0.62666017,14.0,-1,0.31399673
3034,1006,594.3974509239197,596.412919998169,286.2787780761719,785.9288940429688,0.43684456,26.0,-1,2.98758
1961,1007,1499.8086142539978,546.5736865997314,1191.47021484375,736.3109130859375,61.36691,20.0,-1,22.330585
1332,1007,639.6215720176697,596.8598804473877,331.2831726074219,786.5971069335938,22.897532,20.0,-1,18.396954
2779,1007,362.47645711898804,84.6880054473877,54.138057708740234,274.42523193359375,20.459354,24.0,-1,12.305433
1879,1007,1852.4857382774353,-6.41444206237793,1544.1473388671875,183.32278442382812,14.565494,10.0,-1,14.112332
0,1007,1494.8962607383728,808.8733081817627,1186.557861328125,998.6105346679688,14.323804,18.0,-1,37.700047
2032,1007,536.3613181114197,-60.72167778015137,228.02291870117188,129.0155487060547,13.187654,16.0,-1,16.291702
4,1007,1292.5710043907166,-51.41991996765137,984.2326049804688,138.3173065185547,12.442346,14.0,-1,19.03098
12,1007,1156.4145102500916,805.6557788848877,848.0761108398438,995.3930053710938,10.319238,18.0,-1,5.820978
2946,1007,1474.2950644493103,950.064287185669,1165.9566650390625,1139.801513671875,8.983401,10.0,-1,24.968517
8,1007,1424.1572470664978,272.42500495910645,1115.81884765625,462.1622314453125,8.800288,16.0,-1,2.7931128
3079,1007,1900.8745322227478,56.78537178039551,1592.5361328125,246.52259826660156,8.608224,10.0,-1,15.401645
11,1007,346.7112708091736,313.45408821105957,38.37287139892578,503.1913146972656,8.154067,16.0,-1,21.147532
2,1007,1567.1401572227478,250.02787971496582,1258.8017578125,439.7651062011719,8.127287,14.0,-1,3.0779767
3020,1007,1096.2079672813416,237.79576301574707,787.8695678710938,427.5329895019531,6.9989247,16.0,-1,49.980404
1,1007,1555.8725790977478,180.93541145324707,1247.5341796875,370.6726379394531,6.9167542,14.0,-1,7.8718915
2281,1007,1782.3602499961853,-47.00483512878418,1474.0218505859375,142.73239135742188,6.083324,8.0,-1,23.96372
3,1007,1105.2084555625916,261.24580574035645,796.8700561523438,450.9830322265625,4.246429,16.0,-1,13.273661
2389,1007,1428.3519492149353,226.35823249816895,1120.0135498046875,416.095458984375,3.1767044,8.0,-1,17.537964
1784,1007,1634.9677939414978,376.6036548614502,1326.62939453125,566.3408813476562,2.169637,22.0,-1,2.9692216
3034,1007,595.2977499961853,599.9943408966064,286.9593505859375,789.7315673828125,1.2053659,24.0,-1,3.5947926
2080,1007,600.8279318809509,62.49246406555176,292.4895324707031,252.2296905517578,1.1743046,16.0,-1,4.331474
2986,1007,1562.9121298789978,365.7273120880127,1254.57373046875,555.4645385742188,0.7356851,12.0,-1,4.8225765
2933,1007,1864.2160849571228,352.36262702941895,1555.877685546875,542.099853515625,0.63834995,16.0,-1,0.11477324
1961,1008,1500.4602255821228,545.4445362091064,1191.67919921875,735.1417236328125,42.514317,20.0,-1,22.120682
1332,1008,639.6821799278259,598.4514331817627,330.9011535644531,788.1486206054688,33.87498,20.0,-1,17.414034
2779,1008,362.3366560935974,86.86174201965332,53.55562973022461,276.5589294433594,26.762102,24.0,-1,10.73296
0,1008,1493.7226767539978,808.8314990997314,1184.941650390625,998.5286865234375,13.736568,18.0,-1,36.274887
12,1008,1156.9203696250916,805.6557788848877,848.1393432617188,995.3529663085938,13.46064,18.0,-1,5.7585516
3079,1008,1900.8745322227478,53.78270149230957,1592.093505859375,243.47988891601562,12.133961,10.0,-1,15.458082
4,1008,1290.7338461875916,-51.754560470581055,981.9528198242188,137.942626953125,11.918224,16.0,-1,16.907024
2032,1008,535.1652884483337,-60.419355392456055,226.38426208496094,129.27783203125,11.889464,16.0,-1,16.259
11,1008,347.21404790878296,314.6328296661377,38.433021545410156,504.33001708984375,11.864254,16.0,-1,21.82851
1879,1008,1851.0693564414978,-7.167234420776367,1542.288330078125,182.5299530029297,11.41986,10.0,-1,14.690144
2946,1008,1476.4414267539978,951.5612354278564,1167.660400390625,1141.2584228515625,7.313013,10.0,-1,21.349989
2,1008,1567.2002158164978,249.0191822052002,1258.419189453125,438.71636962890625,7.2275767,14.0,-1,3.8810873
3020,1008,1096.3426718711853,238.16511726379395,787.5616455078125,427.8623046875,6.8069005,16.0,-1,49.979446
2281,1008,1778.5886435508728,-46.15765190124512,1469.8076171875,143.53953552246094,6.7726936,8.0,-1,25.373112
8,1008,1424.8127646446228,271.80183601379395,1116.03173828125,461.4990234375,6.3737698,16.0,-1,2.978496
1,1008,1554.4681601524353,181.82097053527832,1245.6871337890625,371.5181579589844,5.377447,14.0,-1,9.946927
3,1008,1105.574056148529,261.83030891418457,796.7930297851562,451.5274963378906,3.8268483,14.0,-1,14.920233
1784,1008,1636.3077597618103,375.98237800598145,1327.5267333984375,565.6795654296875,2.6784918,22.0,-1,2.943193
2389,1008,1426.4403281211853,220.71028327941895,1117.6593017578125,410.407470703125,1.4032086,8.0,-1,12.720736
3034,1008,598.1602072715759,604.5069751739502,289.3791809082031,794.2041625976562,1.3884082,22.0,-1,3.042044
2986,1008,1562.3497519493103,364.3504810333252,1253.5687255859375,554.0476684570312,0.7384847,12.0,-1,4.4946213
2080,1008,600.1453757286072,62.19272041320801,291.3643493652344,251.88990783691406,0.70824933,12.0,-1,4.3870864
2933,1008,1863.3458456993103,356.13496589660645,1554.5648193359375,545.8321533203125,0.57987875,16.0,-1,0.70412153
1961,1009,1498.8971152305603,545.6351184844971,1189.4373779296875,736.8262939453125,38.20695,20.0,-1,21.916538
1332,1009,637.7903952598572,598.7130603790283,328.3306579589844,789.9042358398438,22.289566,18.0,-1,16.350971
2779,1009,361.7065100669861,87.73921394348145,52.24677276611328,278.9303894042969,20.997774,24.0,-1,11.368723
4,1009,1289.5874228477478,-51.28964042663574,980.127685546875,139.9015350341797,19.946291,14.0,-1,15.596617
12,1009,1158.4076132774353,803.7674427032471,848.9478759765625,994.9586181640625,14.119217,18.0,-1,4.8878775
2032,1009,537.375569820404,-61.85375785827637,227.91583251953125,129.33741760253906,13.594117,16.0,-1,17.320288
11,1009,347.02667760849,314.2447681427002,37.56694030761719,505.4359436035156,12.187614,18.0,-1,22.645395
0,1009,1494.5079550743103,809.5502796173096,1185.0482177734375,1000.741455078125,10.958537,18.0,-1,37.0745
8,1009,1424.8127646446228,269.5795154571533,1115.35302734375,460.77069091796875,10.75546,16.0,-1,3.070572
3079,1009,1901.9234824180603,51.64671516418457,1592.4637451171875,242.837890625,10.358732,10.0,-1,17.241003
1879,1009,1854.4880576133728,-8.234922409057617,1545.0283203125,182.9562530517578,10.261997,10.0,-1,14.268478
3020,1009,1097.085774898529,238.16511726379395,787.6260375976562,429.3562927246094,9.069501,18.0,-1,49.802822
2946,1009,1479.0760703086853,953.0179309844971,1169.6163330078125,1144.2091064453125,8.64602,10.0,-1,22.735603
2,1009,1569.5029501914978,248.55546760559082,1260.043212890625,439.74664306640625,7.3721395,14.0,-1,2.210725
1,1009,1552.7149863243103,181.6490650177002,1243.2552490234375,372.8402404785156,6.365968,14.0,-1,9.457018
2281,1009,1774.7693076133728,-50.699995040893555,1465.3095703125,140.49118041992188,4.4391003,8.0,-1,25.640358
3,1009,1104.6358847618103,263.1748523712158,795.1761474609375,454.36602783203125,3.7724326,16.0,-1,13.362927
2389,1009,1427.2707724571228,216.8520679473877,1117.81103515625,408.0432434082031,3.490627,6.0,-1,17.123116
1784,1009,1634.1512656211853,376.7341785430908,1324.6915283203125,567.9253540039062,2.7636926,20.0,-1,2.037325
3034,1009,594.5162558555603,606.5555896759033,285.0565185546875,797.7467651367188,1.1960942,22.0,-1,3.1750128
2986,1009,1561.9972128868103,364.80186653137207,1252.5374755859375,555.9930419921875,1.1109921,12.0,-1,4.264477
2933,1009,1864.8554892539978,355.8263416290283,1555.395751953125,547.0175170898438,0.92613405,8.0,1,0.8576431
2080,1009,600.1528830528259,63.35844612121582,290.6931457519531,254.54962158203125,0.68345594,14.0,-1,3.9851098
1961,1010,1497.1169028282166,547.6738452911377,1186.8399658203125,739.6207275390625,40.995434,20.0,-1,21.404383
12,1010,1158.0412802696228,803.2403736114502,847.7643432617188,995.187255859375,22.519033,18.0,-1,5.0627236
1332,1010,637.2182517051697,597.1104907989502,326.9413146972656,789.057373046875,21.693436,20.0,-1,16.974363
2779,1010,361.54557943344116,86.81819343566895,51.26864242553711,278.76507568359375,18.50642,24.0,-1,11.763602
1879,1010,1856.070638179779,-6.498136520385742,1545.793701171875,185.44874572753906,14.48499,10.0,-1,15.383363
11,1010,344.6791625022888,315.89863777160645,34.402225494384766,507.84552001953125,13.429429,18.0,-1,21.862751
0,1010,1497.3944907188416,808.362382888794,1187.1175537109375,1000.3092651367188,12.164271,18.0,-1,40.314705
2032,1010,539.8088889122009,-61.39637565612793,229.53195190429688,130.55050659179688,11.971116,16.0,-1,17.549969
3079,1010,1901.826741695404,52.37277412414551,1591.5498046875,244.3196563720703,11.595815,10.0,-1,20.90477
3020,1010,1097.8100790977478,239.1546802520752,787.5331420898438,431.1015625,11.044144,18.0,-1,47.129826
4,1010,1290.0930380821228,-51.74177360534668,979.8161010742188,140.20510864257812,9.326997,14.0,-1,15.443887
2946,1010,1480.218343257904,954.3528003692627,1169.94140625,1146.2996826171875,9.053043,10.0,-1,24.989025
8,1010,1424.7172446250916,269.6176929473877,1114.4403076171875,461.5645751953125,8.249352,16.0,-1,3.0951455
1,1010,1552.197103023529,180.57844734191895,1241.920166015625,372.52532958984375,6.6802306,14.0,-1,6.5857434
2,1010,1568.489583492279,248.21296882629395,1258.212646484375,440.15985107421875,6.328737,14.0,-1,7.0853567
1784,1010,1635.5880942344666,376.15828132629395,1325.3111572265625,568.1051635742188,5.3633313,20.0,-1,3.0638485
2281,1010,1773.893392086029,-50.699995040893555,1463.616455078125,141.24688720703125,5.290196,8.0,-1,26.507395
3,1010,1105.986409664154,263.8722400665283,795.70947265625,455.8191223144531,5.083515,16.0,-1,14.275814
2389,1010,1427.9159750938416,215.53364753723145,1117.6390380859375,407.48052978515625,2.2846775,6.0,-1,17.341112
3034,1010,590.0855002403259,604.0714893341064,279.8085632324219,796.0183715820312,1.8299025,24.0,-1,2.127386
2986,1010,1562.5424399375916,365.70710945129395,1252.2655029296875,557.6539916992188,0.9701047,12.0,-1,4.9981303
2080,1010,600.1528830528259,65.1748218536377,289.8759460449219,257.1217041015625,0.6109442,16.0,-1,3.940878
2933,1010,1865.602864742279,350.8863697052002,1555.325927734375,542.833251953125,0.44159862,8.0,1,0.46416977
1961,1011,1495.815999507904,547.7841358184814,1184.5166015625,740.6166381835938,43.09697,20.0,-1,21.009691
1332,1011,636.6006064414978,597.888750076294,325.30120849609375,790.7212524414062,25.264574,18.0,-1,16.09798
2779,1011,360.0556540489197,87.0167407989502,48.756256103515625,279.8492431640625,17.162628,24.0,-1,12.014212
0,1011,1497.1547446250916,809.0614795684814,1185.8553466796875,1001.8939819335938,15.482029,18.0,-1,35.61686
11,1011,345.20332860946655,314.8935718536377,33.9039306640625,507.72607421875,12.992665,18.0,-1,22.686575
12,1011,1159.448323726654,801.4022388458252,848.14892578125,994.2347412109375,12.759777,18.0,-1,4.522928
4,1011,1291.2046103477478,-52.86895561218262,979.9052124023438,139.9635467529297,12.391155,14.0,-1,16.00269
2032,1011,539.2460227012634,-63.481550216674805,227.94662475585938,129.3509521484375,12.390816,16.0,-1,17.532133
1879,1011,1857.3961997032166,-5.274900436401367,1546.0968017578125,187.55760192871094,11.634097,10.0,-1,14.638763
3020,1011,1097.5785727500916,239.1832447052002,786.2791748046875,432.0157470703125,10.202152,18.0,-1,47.278084
1,1011,1551.3166098594666,178.65458869934082,1240.0172119140625,371.4870910644531,9.092378,14.0,-1,5.854469
3079,1011,1902.981038570404,49.72801399230957,1591.681640625,242.56051635742188,8.739702,10.0,-1,18.132185
2946,1011,1482.9765219688416,954.9626636505127,1171.6771240234375,1147.795166015625,8.662234,8.0,-1,30.59879
8,1011,1423.465169429779,267.59761238098145,1112.165771484375,460.43011474609375,8.561283,16.0,-1,2.4231064
2281,1011,1773.2660727500916,-50.699995040893555,1461.9666748046875,142.13250732421875,7.5887237,8.0,-1,28.5052
2,1011,1570.690999507904,247.14213752746582,1259.3916015625,439.9746398925781,6.9315186,14.0,-1,8.936759
3,1011,1106.8123984336853,263.7013416290283,795.5130004882812,456.5338439941406,4.31549,14.0,-1,14.206346
1784,1011,1635.5880942344666,376.8796558380127,1324.2886962890625,569.712158203125,2.3529975,20.0,-1,2.8980942
2389,1011,1427.296468257904,217.56675910949707,1115.9970703125,410.3992614746094,1.4264871,8.0,-1,12.857972
3034,1011,586.9742941856384,603.1095752716064,275.6748962402344,795.9420776367188,1.2463926,22.0,-1,1.3571453
2986,1011,1563.578206539154,366.82039070129395,1252.27880859375,559.6528930664062,1.0368316,12.0,-1,4.6233892
2933,1011,1866.8673911094666,351.6871509552002,1555.5679931640625,544.5196533203125,1.0275882,6.0,1,0.32201543
2080,1011,600.4745078086853,64.71818733215332,289.17510986328125,257.5506896972656,0.55000466,12.0,-1,3.7060826
1961,1012,1495.0380606651306,549.0020923614502,1182.5965576171875,742.1708374023438,42.896835,20.0,-1,21.957388
1332,1012,636.03204870224,597.888750076294,323.5905456542969,791.0574951171875,31.77466,18.0,-1,15.887262
2779,1012,359.8728880882263,88.83012580871582,47.4313850402832,281.9988708496094,18.98174,24.0,-1,12.237719
1879,1012,1858.3700919151306,-3.6606578826904297,1545.9285888671875,189.50808715820312,12.727231,10.0,-1,14.578108
4,1012,1290.3882803916931,-56.262617111206055,977.94677734375,136.9061279296875,11.841596,16.0,-1,18.94626
0,1012,1498.8102774620056,806.9767627716064,1186.3687744140625,1000.1455078125,11.588651,18.0,-1,37.280094
12,1012,1159.0989127159119,801.547197341919,846.6574096679688,994.7159423828125,11.167019,18.0,-1,5.802593
11,1012,345.99253606796265,313.0516834259033,33.55103302001953,506.2204284667969,10.7599325,18.0,-1,21.82853
3020,1012,1096.8235220909119,239.25871467590332,784.3820190429688,432.4274597167969,10.456589,16.0,-1,47.121086
2032,1012,539.2460227012634,-64.7880687713623,226.8045196533203,128.38067626953125,9.4239435,16.0,-1,17.044971
2,1012,1572.5549063682556,247.9752368927002,1260.1134033203125,441.14398193359375,8.482251,14.0,-1,8.081702
2946,1012,1484.9410147666931,954.909013748169,1172.49951171875,1148.0777587890625,8.405826,8.0,-1,31.072857
8,1012,1422.2292227745056,265.64927864074707,1109.7877197265625,458.8180236816406,6.8050838,16.0,-1,3.0063453
3079,1012,1904.3901114463806,48.578630447387695,1591.9486083984375,241.74737548828125,6.7940946,10.0,-1,12.321903
2281,1012,1774.0461173057556,-51.19312858581543,1461.6046142578125,141.97561645507812,6.1545568,8.0,-1,25.9577
1,1012,1551.9523673057556,177.81514167785645,1239.5108642578125,370.98388671875,5.612819,14.0,-1,5.9833345
3,1012,1107.6800284385681,263.7874011993408,795.238525390625,456.9561462402344,4.9099917,14.0,-1,15.908021
1784,1012,1634.3987784385681,379.0268726348877,1321.957275390625,572.1956176757812,4.1814065,20.0,-1,2.4353101
2389,1012,1426.8716788291931,216.84617805480957,1114.43017578125,410.0149230957031,3.2065904,8.0,-1,16.721756
3034,1012,587.4860892295837,604.105791091919,275.0445861816406,797.2745361328125,2.0000718,22.0,-1,2.2476602
2933,1012,1869.1882071495056,354.1051197052002,1556.7467041015625,547.2738647460938,0.7776732,6.0,1,0.366649
2986,1012,1563.0822501182556,367.2735767364502,1250.6407470703125,560.4423217773438,0.776414,12.0,-1,4.780966
2080,1012,598.0068411827087,61.831254959106445,285.5653381347656,255.0,0.5779225,16.0,-1,3.7133002
1961,1013,1495.1747641563416,550.7057666778564,1181.8670654296875,744.2855834960938,40.434723,20.0,-1,19.950949
1332,1013,633.696126461029,597.888750076294,320.388427734375,791.4685668945312,24.218855,20.0,-1,16.718325
2779,1013,359.0951132774353,88.15873908996582,45.78741455078125,281.7385559082031,16.876879,24.0,-1,9.320404
4,1013,1289.9779868125916,-56.886335372924805,976.6702880859375,136.6934814453125,16.133896,16.0,-1,20.324354
11,1013,347.26152181625366,313.61131477355957,33.95382308959961,507.1911315917969,14.351231,18.0,-1,21.226372
3020,1013,1097.2014365196228,238.21727180480957,783.8937377929688,431.7970886230469,12.453602,18.0,-1,45.834908
0,1013,1498.764485836029,806.1120166778564,1185.456787109375,999.6918334960938,12.302588,18.0,-1,36.006348
1879,1013,1858.961019039154,-2.0972423553466797,1545.6533203125,191.48257446289062,12.175404,10.0,-1,14.72864
1,1013,1551.6061606407166,178.19542121887207,1238.2984619140625,371.7752380371094,11.868712,14.0,-1,6.5418663
2032,1013,539.2460227012634,-64.52284049987793,225.93832397460938,129.05697631835938,11.808417,16.0,-1,17.194118
3079,1013,1903.227620601654,47.62993049621582,1589.919921875,241.20974731445312,11.153736,10.0,-1,12.6572895
12,1013,1161.4516806602478,801.2061939239502,848.1439819335938,994.7860107421875,9.61138,20.0,-1,6.775309
2946,1013,1485.0905356407166,954.3570728302002,1171.7828369140625,1147.9368896484375,9.4490385,8.0,-1,29.474344
2281,1013,1777.1945395469666,-52.861066818237305,1463.8868408203125,140.71875,7.026172,8.0,-1,27.718143
2,1013,1575.897542476654,246.1308765411377,1262.58984375,439.710693359375,6.767084,14.0,-1,10.577137
8,1013,1422.0202231407166,267.55858039855957,1108.7125244140625,461.1383972167969,6.6438174,16.0,-1,3.9652638
3,1013,1106.082112789154,262.49522590637207,792.7744140625,456.0750427246094,6.48682,14.0,-1,11.9484415
2389,1013,1431.2953696250916,216.17802619934082,1117.9876708984375,409.7578430175781,3.2880247,8.0,-1,13.73065
1784,1013,1628.532063961029,381.5776538848877,1315.224365234375,575.157470703125,1.6791229,20.0,-1,2.3672292
3034,1013,584.6303000450134,607.2014331817627,271.3226013183594,800.78125,0.95739174,22.0,-1,1.555994
2986,1013,1563.161702632904,368.4826831817627,1249.85400390625,562.0625,0.8872249,12.0,-1,4.8326254
2933,1013,1866.5734457969666,355.6983814239502,1553.2657470703125,549.2781982421875,0.5266704,6.0,1,0.34734386
2080,1013,598.3481040000916,63.47911262512207,285.0404052734375,257.0589294433594,0.49166775,12.0,-1,3.299502
1961,1014,1495.6814169883728,550.3449115753174,1181.9859619140625,744.1566162109375,32.522552,20.0,-1,18.986076
1332,1014,633.2685446739197,599.4539203643799,319.5730895996094,793.265625,21.393454,20.0,-1,16.989752
2779,1014,357.22463750839233,88.01678657531738,43.52918243408203,281.8284912109375,16.00591,26.0,-1,8.512085
11,1014,348.3301558494568,314.21573066711426,34.634700775146484,508.0274353027344,15.154866,18.0,-1,21.661283
4,1014,1290.1386923789978,-57.34235954284668,976.4432373046875,136.46934509277344,13.7316885,16.0,-1,19.628689
0,1014,1498.8067831993103,806.0285663604736,1185.111328125,999.8402709960938,12.407725,18.0,-1,36.124016
2032,1014,537.5680747032166,-63.398237228393555,223.87261962890625,130.41346740722656,11.990765,18.0,-1,17.934465
1879,1014,1859.2979941368103,-1.8478984832763672,1545.6025390625,191.96380615234375,11.715798,10.0,-1,15.06965
3020,1014,1099.2022910118103,237.18191719055176,785.5068359375,430.9936218261719,9.979945,18.0,-1,44.92987
3079,1014,1902.1467490196228,47.71338081359863,1588.4512939453125,241.52508544921875,9.512954,10.0,-1,14.63906
2,1014,1573.8042197227478,243.59716987609863,1260.1087646484375,437.40887451171875,9.383166,14.0,-1,7.3389115
8,1014,1421.4714560508728,268.10281562805176,1107.7760009765625,461.9145202636719,9.0142565,16.0,-1,4.0626335
2946,1014,1485.0482382774353,952.1874408721924,1171.352783203125,1145.9991455078125,8.9467745,8.0,-1,29.279047
1,1014,1551.9419150352478,175.22021675109863,1238.2464599609375,369.03192138671875,8.06997,14.0,-1,7.571534
12,1014,1161.5503134727478,803.5330829620361,847.8548583984375,997.3447875976562,8.02878,20.0,-1,8.541102
2281,1014,1775.8772177696228,-52.017316818237305,1462.1817626953125,141.7943878173828,7.0908847,8.0,-1,29.280521
3,1014,1108.942952632904,262.7590045928955,795.2474975585938,456.5707092285156,6.6819,14.0,-1,16.857834
3191,1014,1620.7675986289978,378.04016304016113,1307.0721435546875,571.8518676757812,2.0472567,22.0,-1,1.7470704
2389,1014,1432.7345175743103,211.611421585083,1119.0390625,405.4231262207031,2.008351,8.0,-1,13.42108
2933,1014,1862.5909628868103,351.6646137237549,1548.8955078125,545.476318359375,1.0238923,8.0,1,1.2510555
2080,1014,595.7776999473572,64.04916572570801,282.0822448730469,257.8608703613281,1.0131133,18.0,-1,4.4009
2986,1014,1563.8780722618103,367.87011909484863,1250.1826171875,561.6818237304688,0.7493635,16.0,-1,4.7015514
3034,1014,583.1298117637634,609.0665302276611,269.4343566894531,802.8782348632812,0.50192153,24.0,-1,1.5366669
1961,1015,1497.1944785118103,552.3453540802002,1183.2801513671875,746.693603515625,31.553816,20.0,-1,17.869484
1332,1015,631.312825679779,599.4559497833252,317.39849853515625,793.80419921875,17.0749,18.0,-1,15.600614
1879,1015,1859.6510214805603,-0.4471416473388672,1545.7366943359375,193.90110778808594,15.375596,10.0,-1,15.1915
0,1015,1498.8067831993103,805.5019092559814,1184.8924560546875,999.8501586914062,12.497067,18.0,-1,36.787148
11,1015,349.3665328025818,313.72484016418457,35.452205657958984,508.0730895996094,12.392547,16.0,-1,22.684763
2779,1015,354.29194021224976,87.98323249816895,40.37761306762695,282.33148193359375,12.2397375,26.0,-1,7.7068686
4,1015,1289.401204586029,-58.034040451049805,975.4868774414062,136.314208984375,12.094006,16.0,-1,20.853083
2032,1015,537.2370047569275,-63.59570121765137,223.3226776123047,130.75254821777344,12.043036,16.0,-1,17.20589
12,1015,1162.5111289024353,803.5500049591064,848.5968017578125,997.8982543945312,11.969604,18.0,-1,7.4068375
8,1015,1418.5200400352478,264.0205249786377,1104.605712890625,458.3687744140625,11.044473,16.0,-1,4.398026
2946,1015,1485.7899374961853,949.9376392364502,1171.8756103515625,1144.285888671875,10.263568,8.0,-1,29.150436
2,1015,1574.4859824180603,245.2323169708252,1260.5716552734375,439.58056640625,9.501777,14.0,-1,5.5194197
3079,1015,1902.6411337852478,47.30148506164551,1588.726806640625,241.6497344970703,9.407349,10.0,-1,18.33242
1,1015,1553.1759238243103,175.90410041809082,1239.2615966796875,370.2523498535156,9.017109,14.0,-1,7.061189
3,1015,1107.9592490196228,263.1145191192627,794.044921875,457.4627685546875,8.653873,14.0,-1,13.322934
2281,1015,1776.2456259727478,-52.017316818237305,1462.331298828125,142.3309326171875,8.1187315,8.0,-1,29.266407
3020,1015,1096.341390132904,236.97444343566895,782.4270629882812,431.32269287109375,7.689956,18.0,-1,39.95661
2389,1015,1432.5731406211853,212.57243537902832,1118.6588134765625,406.9206848144531,1.9483972,10.0,-1,10.978283
3191,1015,1620.1081748008728,378.2340259552002,1306.19384765625,572.582275390625,1.1029626,20.0,-1,1.8614413
2986,1015,1563.1404013633728,367.3327808380127,1249.22607421875,561.6810302734375,0.978029,14.0,-1,4.65667
2933,1015,1863.3612265586853,354.3770923614502,1549.4468994140625,548.725341796875,0.66467863,8.0,1,0.7187617
3034,1015,582.4061179161072,610.8676319122314,268.4917907714844,805.2158813476562,0.5968463,24.0,-1,1.0929699
2080,1015,598.3076682090759,62.95482063293457,284.3933410644531,257.3030700683594,0.3028297,20.0,-1,3.9170644
1961,1016,1498.0660605430603,552.9844989776611,1183.4686279296875,747.5485229492188,31.129957,20.0,-1,19.514835
1332,1016,629.1576743125916,598.4914569854736,314.56024169921875,793.0554809570312,19.723158,18.0,-1,13.835218
2779,1016,351.1853652000427,87.69827461242676,36.58793258666992,282.2622985839844,16.536165,24.0,-1,10.025811
0,1016,1500.7531943321228,805.6762714385986,1186.15576171875,1000.2402954101562,15.238369,18.0,-1,36.94468
4,1016,1291.1471152305603,-56.038496017456055,976.5496826171875,138.52552795410156,13.601161,16.0,-1,24.048414
2032,1016,539.0665335655212,-63.59570121765137,224.46910095214844,130.96832275390625,12.685483,16.0,-1,17.010317
1879,1016,1859.6510214805603,3.584169387817383,1545.0535888671875,198.148193359375,10.637577,10.0,-1,13.645402
11,1016,349.62599325180054,313.6674213409424,35.028560638427734,508.2314453125,10.141818,18.0,-1,22.15145
2946,1016,1488.6203818321228,948.9088764190674,1174.02294921875,1143.472900390625,9.757968,8.0,-1,27.778732
12,1016,1163.9727988243103,801.9177875518799,849.3753662109375,996.4818115234375,8.900118,20.0,-1,7.27547
3,1016,1110.7711386680603,261.20620918273926,796.1737060546875,455.7702331542969,8.808568,14.0,-1,16.546722
8,1016,1418.6775107383728,263.17727851867676,1104.080078125,457.7413024902344,8.468929,18.0,-1,5.8970366
2281,1016,1776.3204550743103,-52.60731315612793,1461.7230224609375,141.9567108154297,8.126228,8.0,-1,32.339195
2,1016,1574.9223837852478,245.393648147583,1260.324951171875,439.9576721191406,7.8259296,14.0,-1,3.6266265
1,1016,1551.4369101524353,176.4794635772705,1236.8394775390625,371.0434875488281,7.196396,14.0,-1,9.11824
3079,1016,1902.1931357383728,48.53705024719238,1587.595703125,243.10107421875,6.841021,10.0,-1,14.501214
3020,1016,1096.169026851654,236.95681953430176,781.5715942382812,431.5208435058594,3.5980299,18.0,-1,33.642345
2389,1016,1432.5562949180603,215.18557929992676,1117.9588623046875,409.7496032714844,2.1705706,8.0,-1,14.257847
3191,1016,1619.1151328086853,379.9234027862549,1304.5177001953125,574.4874267578125,1.7183152,20.0,-1,1.8918216
2080,1016,598.0007224082947,62.30017280578613,283.4032897949219,256.86419677734375,1.1593444,10.0,-1,5.335875
2986,1016,1562.0323691368103,367.8898334503174,1247.4349365234375,562.453857421875,0.9371026,12.0,-1,5.17393
2933,1016,1861.8451132774353,352.5403461456299,1547.2476806640625,547.1043701171875,0.54929847,8.0,1,0.27286607
3034,1016,581.2885947227478,611.3207416534424,266.691162109375,805.884765625,0.38362193,28.0,-1,0.94391835
1961,1017,1498.7447714805603,553.5567646026611,1183.7542724609375,748.7141723632812,25.090475,20.0,-1,19.876577
1332,1017,629.3107504844666,599.0416278839111,314.32025146484375,794.1990356445312,20.873451,20.0,-1,15.806423
1879,1017,1859.0689902305603,2.7929859161376953,1544.0784912109375,197.9503936767578,18.213255,10.0,-1,13.225838
2779,1017,351.3288321495056,89.80832099914551,36.33833312988281,284.9657287597656,16.484282,26.0,-1,8.256147
4,1017,1288.9081015586853,-56.756208419799805,973.9176025390625,138.4011993408203,13.636635,16.0,-1,21.264002
2032,1017,538.6978659629822,-65.21330070495605,223.70736694335938,129.94410705566406,12.866193,16.0,-1,17.462067
3079,1017,1903.4420371055603,50.84143257141113,1588.4515380859375,245.99884033203125,12.403304,10.0,-1,19.983782
0,1017,1502.5251669883728,804.4964008331299,1187.53466796875,999.65380859375,12.034982,18.0,-1,38.526737
11,1017,349.8817038536072,314.7744770050049,34.891204833984375,509.931884765625,10.284281,18.0,-1,22.760761
2281,1017,1775.1067099571228,-49.64294242858887,1460.1162109375,145.51446533203125,8.943025,8.0,-1,32.05886
2,1017,1575.3640341758728,243.01111030578613,1260.37353515625,438.16851806640625,8.328874,14.0,-1,5.432559
2946,1017,1489.1865439414978,948.9088764190674,1174.196044921875,1144.0662841796875,7.944034,10.0,-1,27.806334
8,1017,1418.7026572227478,261.51553535461426,1103.712158203125,456.6729431152344,7.797083,18.0,-1,6.7564793
1,1017,1549.4577841758728,176.849458694458,1234.46728515625,372.0068664550781,6.938144,14.0,-1,6.754422
12,1017,1163.753499507904,804.2849750518799,848.7630004882812,999.4423828125,5.9234433,18.0,-1,5.8394003
3,1017,1110.274495601654,260.8554096221924,795.2839965820312,456.0128173828125,5.512724,14.0,-1,17.349155
3020,1017,1096.0681357383728,237.46173286437988,781.07763671875,432.619140625,2.9013186,18.0,-1,32.574184
2389,1017,1433.7258505821228,214.680513381958,1118.7353515625,409.8379211425781,2.0122607,10.0,-1,13.813805
3191,1017,1616.9707236289978,383.83557319641113,1301.980224609375,578.9929809570312,1.5586872,20.0,-1,1.4717999
2986,1017,1562.2354941368103,369.08093452453613,1247.2449951171875,564.2383422851562,1.0510579,12.0,-1,4.46183
2080,1017,594.618001461029,62.20706367492676,279.62750244140625,257.3644714355469,0.590066,14.0,-1,3.359849
3034,1017,578.461995601654,610.9291400909424,263.47149658203125,806.0865478515625,0.33631265,28.0,-1,1.0139722
2933,1017,1861.8451132774353,350.2144184112549,1546.8546142578125,545.371826171875,0.23363392,16.0,-1,0.4754326
1961,1018,1498.0554404258728,553.496171951294,1182.968994140625,748.7591552734375,23.92586,20.0,-1,17.56679
1332,1018,627.6862998008728,597.7895069122314,312.599853515625,793.052490234375,16.911993,18.0,-1,15.538395
4,1018,1285.8319296836853,-55.55885124206543,970.7454833984375,139.70413208007812,16.113058,16.0,-1,23.980087
3079,1018,1904.6040244102478,51.09898567199707,1589.517578125,246.36196899414062,15.999921,10.0,-1,20.696148
11,1018,349.3331274986267,314.7567615509033,34.246681213378906,510.0197448730469,15.00996,18.0,-1,21.981737
0,1018,1502.6231894493103,804.1565113067627,1187.5367431640625,999.4194946289062,14.941382,18.0,-1,38.04633
2779,1018,351.9412398338318,87.5431079864502,36.854793548583984,282.80609130859375,14.08899,26.0,-1,8.831171
1879,1018,1859.4489951133728,4.579439163208008,1544.362548828125,199.84242248535156,13.919229,10.0,-1,13.574304
3,1018,1109.4879965782166,259.5032215118408,794.4015502929688,454.7662048339844,11.938504,14.0,-1,17.147099
2,1018,1576.9906210899353,242.4580249786377,1261.9041748046875,437.72100830078125,11.015082,14.0,-1,7.5709124
2032,1018,538.7387595176697,-65.53150749206543,223.65231323242188,129.73147583007812,8.72301,18.0,-1,16.659204
12,1018,1160.6548056602478,804.3603687286377,845.568359375,999.6233520507812,7.991904,18.0,-1,5.0706296
8,1018,1418.8246054649353,261.23228645324707,1103.7381591796875,456.4952697753906,7.9745255,18.0,-1,6.524329
2281,1018,1776.6803183555603,-48.28149223327637,1461.5938720703125,146.9814910888672,7.5136876,8.0,-1,33.26372
1,1018,1549.4168906211853,174.45820808410645,1234.3304443359375,369.72119140625,6.9433465,14.0,-1,7.4269743
2946,1018,1487.5262656211853,946.6051807403564,1172.4398193359375,1141.8681640625,6.25897,10.0,-1,24.886927
2389,1018,1433.3020224571228,215.23320198059082,1118.215576171875,410.4961853027344,2.3413193,8.0,-1,14.532258
3191,1018,1611.7430624961853,385.46614265441895,1296.6566162109375,580.7291259765625,2.011977,20.0,-1,0.9774126
3020,1018,1092.2553915977478,237.47944831848145,777.1689453125,432.742431640625,1.9332966,18.0,-1,22.738611
2986,1018,1562.3603720664978,371.7357349395752,1247.27392578125,566.9987182617188,0.85660404,10.0,-1,4.761932
3034,1018,578.9830222129822,611.0333423614502,263.8965759277344,806.2963256835938,0.73869085,24.0,-1,1.341017
2080,1018,596.7543540000916,66.25132942199707,281.66790771484375,261.5143127441406,0.55888855,16.0,-1,4.051104
1961,1019,1501.3368735313416,553.7925281524658,1185.0933837890625,749.2846069335938,27.833214,18.0,-1,16.664394
1879,1019,1858.202962398529,6.430864334106445,1541.95947265625,201.92294311523438,20.46464,10.0,-1,14.881048
1332,1019,628.4587607383728,596.4476795196533,312.21527099609375,791.9397583007812,18.130812,20.0,-1,16.480022
2779,1019,353.39283895492554,88.90831184387207,37.149349212646484,284.400390625,17.580675,24.0,-1,9.3174715
0,1019,1504.5436606407166,804.1902942657471,1188.3001708984375,999.682373046875,16.557714,18.0,-1,39.888504
4,1019,1285.759358882904,-56.640729904174805,969.515869140625,138.85134887695312,13.789573,16.0,-1,25.546913
3079,1019,1902.6852622032166,51.419694900512695,1586.4417724609375,246.91177368164062,12.454823,10.0,-1,19.70545
11,1019,350.91011571884155,313.7006092071533,34.6666259765625,509.19268798828125,10.946506,16.0,-1,22.68084
12,1019,1160.4901328086853,804.0856800079346,844.2466430664062,999.5777587890625,10.471236,18.0,-1,5.4168825
2,1019,1580.497151851654,240.92683601379395,1264.253662109375,436.4189147949219,9.358367,14.0,-1,7.6130476
8,1019,1417.119710445404,263.08372688293457,1100.876220703125,458.5758056640625,9.345914,18.0,-1,7.1222506
2946,1019,1484.1657309532166,944.5110950469971,1167.9222412109375,1140.003173828125,9.1058,10.0,-1,22.813004
1,1019,1552.570149898529,173.1671314239502,1236.32666015625,368.6592102050781,8.543302,14.0,-1,9.67409
2281,1019,1776.1896567344666,-47.25729179382324,1459.9461669921875,148.2347869873047,8.105135,8.0,-1,28.834957
2032,1019,537.7233481407166,-65.59135246276855,221.4798583984375,129.90072631835938,8.000094,16.0,-1,17.570257
3,1019,1110.2348227500916,259.46943855285645,793.9913330078125,454.9615173339844,7.667188,14.0,-1,17.783081
3020,1019,1092.405110836029,235.9980640411377,776.16162109375,431.4901428222656,3.0055187,18.0,-1,12.152527
2389,1019,1433.374593257904,212.9160327911377,1117.131103515625,408.4081115722656,2.0554411,8.0,-1,15.270898
3191,1019,1613.3947348594666,387.2609119415283,1297.1512451171875,582.7529907226562,1.6496321,22.0,-1,1.2533364
2986,1019,1562.2748618125916,374.06517219543457,1246.0313720703125,569.5572509765625,1.5854007,12.0,-1,5.0046177
3034,1019,578.651937007904,612.6597766876221,262.408447265625,808.15185546875,1.236014,24.0,-1,1.286277
2080,1019,596.1596274375916,70.33989143371582,279.9161376953125,265.83197021484375,0.6053477,10.0,-1,3.674541
2779,1020,352.1316771507263,89.60517311096191,34.64657974243164,285.1862487792969,22.137037,24.0,-1,9.235926
4,1020,1285.8699851036072,-55.6720027923584,968.3848876953125,139.90907287597656,18.666052,16.0,-1,22.137932
1961,1020,1500.5192770957947,555.4285068511963,1183.0341796875,751.0095825195312,17.7669,18.0,-1,15.370756
1332,1020,628.3481345176697,597.5726718902588,310.863037109375,793.1537475585938,16.195578,18.0,-1,15.230291
0,1020,1506.2581686973572,803.5707187652588,1188.7730712890625,999.1517944335938,16.143682,18.0,-1,39.3503
1879,1020,1857.4478659629822,8.075662612915039,1539.9627685546875,203.65673828125,15.816722,10.0,-1,14.894664
11,1020,352.32901906967163,313.7492160797119,34.84392166137695,509.3302917480469,14.338435,18.0,-1,23.540855
3079,1020,1900.6304831504822,52.55851173400879,1583.1453857421875,248.13958740234375,12.932952,10.0,-1,20.738306
2032,1020,538.1047568321228,-65.63995933532715,220.61965942382812,129.9411163330078,11.372158,18.0,-1,17.42119
8,1020,1418.4861960411072,265.25989723205566,1101.0010986328125,460.8409729003906,10.39461,18.0,-1,6.5944586
3,1020,1111.6920676231384,258.34128761291504,794.2069702148438,453.92236328125,10.166362,14.0,-1,14.457011
2,1020,1585.4671530723572,240.40683937072754,1267.9820556640625,435.9879150390625,9.98079,14.0,-1,9.182748
12,1020,1162.479299068451,804.4335117340088,844.9942016601562,1000.0145874023438,9.148763,18.0,-1,6.586482
1,1020,1553.0266013145447,172.8749179840088,1235.54150390625,368.45599365234375,7.8959804,14.0,-1,8.022203
2281,1020,1773.4002585411072,-43.76920127868652,1455.9151611328125,151.81187438964844,7.1476026,8.0,-1,27.669025
2946,1020,1486.2248435020447,942.00364112854,1168.73974609375,1137.584716796875,5.8993087,10.0,-1,20.81031
2389,1020,1435.4724020957947,212.5911350250244,1117.9873046875,408.1722106933594,3.236766,8.0,-1,14.760293
3020,1020,1091.490773677826,235.1859836578369,774.0056762695312,430.7670593261719,1.6137333,20.0,-1,10.655395
3191,1020,1612.5684714317322,386.76767921447754,1295.0833740234375,582.3487548828125,1.5181823,20.0,-1,0.5509234
2080,1020,594.414388179779,68.54783058166504,276.9292907714844,264.12890625,0.933579,10.0,-1,3.969706
2986,1020,1560.5555319786072,374.50010108947754,1243.0704345703125,570.0811767578125,0.91360563,10.0,-1,4.7674665
3034,1020,577.4353232383728,610.9643955230713,259.9502258300781,806.5454711914062,0.44164813,22.0,-1,1.3164798
1332,1021,628.614396572113,598.6631870269775,310.2856750488281,794.5911865234375,23.773514,20.0,-1,17.419336
1961,1021,1499.30552816391,554.2757358551025,1180.976806640625,750.2037353515625,21.457052,18.0,-1,15.161907
12,1021,1163.089951992035,804.9556674957275,844.76123046875,1000.8836669921875,18.498146,20.0,-1,7.827819
0,1021,1506.44322347641,802.5960483551025,1188.114501953125,998.5240478515625,18.455193,18.0,-1,40.844593
2032,1021,538.0788893699646,-65.87943077087402,219.7501678466797,130.04856872558594,15.196674,16.0,-1,18.092033
2779,1021,352.1575446128845,86.91260719299316,33.82882308959961,282.8406066894531,14.892792,24.0,-1,11.004717
4,1021,1287.7874007225037,-55.97316551208496,969.4586791992188,139.954833984375,13.961362,16.0,-1,23.3014
3079,1021,1902.6323103904724,53.30111122131348,1584.3035888671875,249.22911071777344,13.314374,10.0,-1,20.342453
1879,1021,1858.5514998435974,6.395883560180664,1540.2227783203125,202.32388305664062,11.855281,10.0,-1,14.748395
2,1021,1586.3886580467224,240.3689670562744,1268.0599365234375,436.2969665527344,11.054699,14.0,-1,8.979214
11,1021,353.2598433494568,315.0958957672119,34.931121826171875,511.0238952636719,10.92962,18.0,-1,23.486156
3,1021,1112.6506819725037,257.54737281799316,794.3219604492188,453.4753723144531,10.840302,16.0,-1,14.956795
8,1021,1417.68589925766,265.82752418518066,1099.357177734375,461.7555236816406,10.610442,18.0,-1,7.175991
2281,1021,1772.3669295310974,-43.7313289642334,1454.0382080078125,152.19667053222656,8.013799,8.0,-1,30.328304
1,1021,1552.6984724998474,174.1747226715088,1234.3697509765625,370.10272216796875,7.9945884,14.0,-1,7.795534
2946,1021,1485.0598006248474,938.3016147613525,1166.7310791015625,1134.2296142578125,5.1018863,10.0,-1,19.365635
2389,1021,1435.151475429535,211.63266944885254,1116.82275390625,407.5606689453125,2.4628344,10.0,-1,14.831285
3191,1021,1614.370225429535,388.04880714416504,1296.04150390625,583.976806640625,2.4000294,20.0,-1,0.8388715
3020,1021,1091.3146224021912,236.55784034729004,772.9859008789062,432.48583984375,1.9343787,18.0,-1,13.991351
2986,1021,1560.47984457016,376.3900547027588,1242.151123046875,572.3180541992188,1.107863,12.0,-1,4.5186725
3034,1021,574.9752058982849,610.0779209136963,256.646484375,806.0059204101562,1.0554802,24.0,-1,1.0612774
2080,1021,593.3054060935974,69.96018409729004,274.9766845703125,265.88818359375,0.9738171,14.0,-1,3.8439627
2933,1021,1865.6913924217224,346.4186191558838,1547.3626708984375,542.3466186523438,0.43442428,8.0,1,0.01710844
1961,1022,1499.21226644516,553.9827060699463,1179.8385009765625,750.1854248046875,27.119837,18.0,-1,15.289889
11,1022,355.3530478477478,315.9891757965088,35.97928237915039,512.19189453125,17.983938,16.0,-1,23.387823
1332,1022,629.3620162010193,598.3734531402588,309.9882507324219,794.576171875,16.353153,20.0,-1,15.721451
12,1022,1162.8953108787537,805.9855136871338,843.5215454101562,1002.188232421875,16.179888,20.0,-1,7.3597136
0,1022,1506.901963710785,803.7987461090088,1187.5281982421875,1000.00146484375,16.081404,18.0,-1,40.517628
2779,1022,351.7341933250427,87.48087501525879,32.36042785644531,283.68359375,15.292628,24.0,-1,12.198551
4,1022,1289.5801253318787,-57.818716049194336,970.2063598632812,138.38400268554688,14.383836,16.0,-1,22.423883
2032,1022,538.1271071434021,-65.04123497009277,218.7533416748047,131.16148376464844,14.030063,16.0,-1,17.450787
3079,1022,1902.6323103904724,53.51517677307129,1583.258544921875,249.7178955078125,13.897889,10.0,-1,20.916197
1879,1022,1857.420518398285,6.223611831665039,1538.0467529296875,202.42633056640625,13.346042,10.0,-1,14.075594
3,1022,1114.731553554535,255.5853672027588,795.3577880859375,451.7880859375,9.670384,16.0,-1,17.119486
2,1022,1587.2678084373474,239.19104957580566,1267.89404296875,435.3937683105469,9.243186,14.0,-1,6.3573976
8,1022,1415.67955160141,264.3656711578369,1096.3057861328125,460.5683898925781,9.219171,20.0,-1,6.414963
1,1022,1553.33970785141,173.3082981109619,1233.9659423828125,369.5110168457031,8.431478,14.0,-1,8.881693
2281,1022,1772.6835799217224,-42.28973960876465,1453.309814453125,153.91297912597656,6.981273,8.0,-1,29.64646
2946,1022,1483.9528670310974,936.0378818511963,1164.5791015625,1132.2406005859375,6.8647876,12.0,-1,20.245192
3191,1022,1612.956162929535,391.96164894104004,1293.5823974609375,588.1643676757812,2.4387836,22.0,-1,1.6826895
2389,1022,1433.7070174217224,213.34937477111816,1114.333251953125,409.5520935058594,2.3796213,10.0,-1,14.154308
3020,1022,1092.83775472641,238.7167148590088,773.4639892578125,434.91943359375,2.2697196,18.0,-1,27.136917
2986,1022,1559.599717617035,378.5421543121338,1240.2259521484375,574.744873046875,0.86606425,10.0,-1,3.9827616
2080,1022,591.2657942771912,69.23929786682129,271.89202880859375,265.4420166015625,0.8141379,10.0,-1,3.654149
2933,1022,1867.527451992035,346.4186191558838,1548.1536865234375,542.621337890625,0.5402559,8.0,1,0.44071847
3034,1022,574.0146803855896,607.2799472808838,254.6409149169922,803.482666015625,0.47838828,26.0,-1,1.0566123
1961,1023,1500.9118704795837,553.7493381500244,1180.56640625,750.4157104492188,24.16266,18.0,-1,16.976345
2779,1023,351.9126410484314,90.41337013244629,31.567176818847656,287.0797424316406,18.224892,24.0,-1,11.99029
4,1023,1290.7460989952087,-58.3442440032959,970.400634765625,138.32212829589844,16.044912,16.0,-1,23.744114
1332,1023,629.1835684776306,597.9242038726807,308.8381042480469,794.590576171875,14.167306,20.0,-1,15.941136
0,1023,1510.0943655967712,804.0461521148682,1189.7489013671875,1000.7125244140625,13.154332,18.0,-1,39.355515
1879,1023,1857.7338919639587,3.8624210357666016,1537.388427734375,200.52879333496094,12.476101,10.0,-1,13.818367
12,1023,1161.3781790733337,803.5980319976807,841.03271484375,1000.264404296875,11.664987,20.0,-1,8.118935
3,1023,1113.8873953819275,255.56150245666504,793.5419311523438,452.2278747558594,11.585941,16.0,-1,15.559469
2281,1023,1770.4808402061462,-44.7619686126709,1450.1353759765625,151.90440368652344,11.178012,8.0,-1,29.585459
3079,1023,1902.0661673545837,53.28818702697754,1581.720703125,249.95455932617188,10.999764,10.0,-1,21.747894
2032,1023,537.93732213974,-67.02489280700684,217.59185791015625,129.6414794921875,10.858574,16.0,-1,17.845196
8,1023,1412.3547415733337,266.4338779449463,1092.00927734375,463.1002502441406,10.197654,18.0,-1,5.29237
11,1023,357.2383551597595,315.89014625549316,36.89289093017578,512.5565185546875,9.599082,16.0,-1,22.680107
1,1023,1554.3338675498962,173.61145973205566,1233.9884033203125,370.27783203125,9.467893,14.0,-1,8.236901
2946,1023,1484.2962698936462,936.8653659820557,1163.9508056640625,1133.53173828125,7.1394877,10.0,-1,17.603909
2,1023,1590.2678275108337,238.33545875549316,1269.92236328125,435.0018310546875,5.723375,14.0,-1,2.6666205
3020,1023,1090.5158743858337,241.0095920562744,770.17041015625,437.67596435546875,3.6190884,18.0,-1,21.583075
2389,1023,1432.3172659873962,213.3732395172119,1111.9718017578125,410.03961181640625,3.3594897,8.0,-1,13.366242
3191,1023,1617.8867239952087,393.6343479156494,1297.541259765625,590.3007202148438,1.6609496,18.0,-1,1.8498013
2986,1023,1557.5246634483337,379.32715797424316,1237.17919921875,575.9935302734375,1.0003392,12.0,-1,4.9550095
3034,1023,575.9131064414978,610.8882541656494,255.56764221191406,807.5546264648438,0.9265997,24.0,-1,1.3859286
2080,1023,588.5786490440369,69.50211524963379,268.2331848144531,266.1684875488281,0.4651935,12.0,-1,4.1902585
2779,1024,350.1274218559265,90.70228004455566,28.627477645874023,287.30242919921875,27.98689,24.0,-1,13.112311
1961,1024,1500.5880789756775,553.6467990875244,1179.088134765625,750.2469482421875,27.012392,18.0,-1,17.754189
1332,1024,631.2866568565369,597.2446994781494,309.7867126464844,793.8448486328125,21.02453,20.0,-1,15.039121
0,1024,1512.19757604599,803.7119235992432,1190.6976318359375,1000.3120727539062,17.58354,18.0,-1,41.966393
4,1024,1292.134343624115,-57.098196029663086,970.6343994140625,139.501953125,14.770631,16.0,-1,21.141207
11,1024,358.07772970199585,315.4494113922119,36.57778549194336,512.049560546875,12.09998,18.0,-1,22.496134
12,1024,1161.7191824913025,807.5026950836182,840.21923828125,1004.1028442382812,11.973172,18.0,-1,7.199274
3079,1024,1903.8705496788025,51.4153995513916,1582.37060546875,248.0155487060547,11.930923,10.0,-1,20.14438
1879,1024,1856.0897879600525,5.697397232055664,1534.58984375,202.29754638671875,10.704682,10.0,-1,14.496569
2032,1024,537.0148062705994,-66.92235374450684,215.51486206054688,129.67779541015625,10.135528,18.0,-1,18.57103
3,1024,1113.9322562217712,251.44178199768066,792.4323120117188,448.04193115234375,8.629554,14.0,-1,19.857443
1,1024,1555.0128836631775,173.91504859924316,1233.512939453125,370.51519775390625,7.8724265,14.0,-1,10.506612
2,1024,1593.772527217865,239.80552101135254,1272.2725830078125,436.4056701660156,7.083435,14.0,-1,3.4505377
2281,1024,1773.62677526474,-43.41768455505371,1452.1268310546875,153.18246459960938,6.5550084,8.0,-1,29.823788
8,1024,1406.8900809288025,269.24985694885254,1085.39013671875,465.8500061035156,6.369051,18.0,-1,5.363904
2946,1024,1482.83966588974,935.9672336578369,1161.3397216796875,1132.5673828125,6.0053406,12.0,-1,17.961496
3020,1024,1090.47101354599,238.0436191558838,768.9710693359375,434.6437683105469,3.4405634,18.0,-1,30.975735
2389,1024,1431.3324637413025,217.33725929260254,1109.83251953125,413.9374084472656,2.4296572,10.0,-1,10.879267
3191,1024,1617.0995535850525,393.1964817047119,1295.599609375,589.796630859375,1.6008514,20.0,-1,1.064299
2986,1024,1558.624577999115,379.73963356018066,1237.1246337890625,576.3397827148438,0.7000668,14.0,-1,4.9391117
2080,1024,588.5235342979431,67.76154518127441,267.0235900878906,264.3616943359375,0.5728537,12.0,-1,3.9729345
3034,1024,574.6458029747009,608.5805149078369,253.14585876464844,805.1806640625,0.44414052,22.0,-1,1.8409157
1961,1025,1497.5551199913025,553.802453994751,1175.5281982421875,750.4830932617188,28.131012,20.0,-1,18.61895
2779,1025,349.2058176994324,90.0517520904541,27.178895950317383,286.7323913574219,26.322199,22.0,-1,13.376947
0,1025,1512.76202917099,805.4874515533447,1190.735107421875,1002.1680908203125,20.752703,18.0,-1,35.061916
1332,1025,631.0849661827087,597.5804691314697,309.05804443359375,794.2611083984375,19.713873,18.0,-1,14.876836
2032,1025,535.9878897666931,-66.5833797454834,213.96096801757812,130.09725952148438,14.556163,18.0,-1,17.977379
4,1025,1293.6410574913025,-57.863271713256836,971.6141357421875,138.81736755371094,14.399247,16.0,-1,22.445347
1879,1025,1857.98810338974,6.757852554321289,1535.961181640625,203.43849182128906,12.142753,10.0,-1,14.305294
11,1025,357.74909353256226,314.2101078033447,35.722171783447266,510.8907470703125,12.106579,16.0,-1,22.021852
3079,1025,1905.2943778038025,49.07961463928223,1583.2674560546875,245.76025390625,11.082657,10.0,-1,19.375904
12,1025,1161.900456905365,806.4588871002197,839.87353515625,1003.1395263671875,10.277314,18.0,-1,6.950733
2281,1025,1776.166081905365,-42.91377830505371,1454.13916015625,153.76686096191406,10.051635,8.0,-1,32.137115
3,1025,1114.398015499115,250.86647987365723,792.37109375,447.547119140625,8.240291,14.0,-1,19.228594
2,1025,1595.2001395225525,239.64986610412598,1273.1732177734375,436.33050537109375,7.6133075,14.0,-1,4.28518
2946,1025,1482.2142996788025,937.0869388580322,1160.1873779296875,1133.767578125,7.3121033,12.0,-1,16.319323
1,1025,1554.831609249115,175.25234413146973,1232.8046875,371.9329833984375,6.9869075,14.0,-1,11.966087
8,1025,1405.1090750694275,270.96807289123535,1083.0821533203125,467.6487121582031,6.534015,18.0,-1,4.7309875
3020,1025,1092.4144339561462,237.3779239654541,770.3875122070312,434.0585632324219,5.250207,18.0,-1,34.748558
3191,1025,1614.6195731163025,393.7304935455322,1292.5926513671875,590.4111328125,2.1153927,18.0,-1,0.073444724
2389,1025,1429.159245967865,217.14010047912598,1107.13232421875,413.82073974609375,1.8901057,10.0,-1,10.302128
3034,1025,578.6156668663025,607.7513675689697,256.5887451171875,804.4320068359375,1.3289359,24.0,-1,2.1175914
2986,1025,1559.82794713974,383.3182621002197,1237.801025390625,579.9989013671875,0.95410186,12.0,-1,4.1924934
2080,1025,588.1306204795837,66.3651065826416,266.10369873046875,263.0457458496094,0.77588105,12.0,-1,4.709022
2933,1025,1869.7262625694275,347.4309940338135,1547.6993408203125,544.1116333007812,0.6629303,8.0,1,0.5641555
1332,1026,633.0427298545837,598.3318119049072,310.58795166015625,795.75927734375,28.761131,18.0,-1,14.799523
0,1026,1513.7597098350525,806.2891483306885,1191.304931640625,1003.7166137695312,21.139225,18.0,-1,36.41108
2779,1026,348.1626925468445,89.18563270568848,25.707914352416992,286.61309814453125,18.278902,22.0,-1,14.455324
1961,1026,1496.596745967865,553.802453994751,1174.1419677734375,751.2299194335938,17.067366,18.0,-1,17.530378
4,1026,1292.7691702842712,-58.4491024017334,970.3143920898438,138.97836303710938,13.38,16.0,-1,18.01923
11,1026,358.2217001914978,313.5723819732666,35.76692199707031,510.9998474121094,12.198525,16.0,-1,22.478666
1879,1026,1857.98810338974,3.2510929107666016,1535.5333251953125,200.67855834960938,12.116753,10.0,-1,14.683258
12,1026,1164.0275321006775,806.9253787994385,841.57275390625,1004.3528442382812,11.697052,18.0,-1,5.638338
2032,1026,535.8227286338806,-65.98802757263184,213.36795043945312,131.43943786621094,10.817,16.0,-1,17.49838
3079,1026,1903.9579520225525,46.79848670959473,1581.503173828125,244.2259521484375,10.357587,10.0,-1,20.280718
8,1026,1401.2094168663025,269.7165470123291,1078.754638671875,467.1440124511719,8.524287,18.0,-1,4.700409
2,1026,1598.7328543663025,238.29122352600098,1276.278076171875,435.71868896484375,8.292485,14.0,-1,6.2231274
2946,1026,1480.6393485069275,936.4343509674072,1158.1845703125,1133.86181640625,8.226886,12.0,-1,15.30826
1,1026,1555.9330496788025,176.5998477935791,1233.478271484375,374.0273132324219,6.621818,14.0,-1,11.606321
3,1026,1114.6701102256775,249.53960609436035,792.21533203125,446.9670715332031,6.354296,16.0,-1,18.271692
3020,1026,1091.3622488975525,238.25994300842285,768.907470703125,435.6874084472656,5.9354515,18.0,-1,33.029293
2281,1026,1776.46710729599,-41.41898155212402,1454.0123291015625,156.00848388671875,5.911274,8.0,-1,26.671713
3191,1026,1617.3419852256775,394.341272354126,1294.88720703125,591.7687377929688,2.5580328,20.0,-1,1.2256849
2389,1026,1432.2152762413025,214.15569496154785,1109.760498046875,411.5831604003906,1.4415312,10.0,-1,8.170102
3034,1026,579.946355342865,606.8192386627197,257.4915771484375,804.2467041015625,0.83982843,22.0,-1,0.97700834
2986,1026,1556.9386649131775,384.6889896392822,1234.48388671875,582.116455078125,0.67476577,12.0,-1,4.520555
2933,1026,1868.8358817100525,348.1878299713135,1546.381103515625,545.6152954101562,0.5634384,8.0,1,0.40057772
2080,1026,584.30695104599,71.3602237701416,261.8521728515625,268.7876892089844,0.4641283,14.0,-1,4.3803654
1332,1027,633.074773311615,597.4876651763916,310.4415283203125,795.509521484375,23.796339,18.0,-1,16.534107
2779,1027,346.94304037094116,87.5961856842041,24.309795379638672,285.6180419921875,23.03887,24.0,-1,13.86909
1961,1027,1495.7787528038025,554.3538150787354,1173.1455078125,752.3756713867188,21.486525,18.0,-1,16.886616
0,1027,1513.8334403038025,803.3624820709229,1191.2001953125,1001.3843383789062,16.035719,18.0,-1,34.94491
12,1027,1166.4774832725525,807.0322208404541,843.84423828125,1005.0540771484375,14.50919,20.0,-1,7.3453975
2,1027,1598.7328543663025,237.14150428771973,1276.099609375,435.1633605957031,14.411082,14.0,-1,7.234841
2032,1027,534.8189597129822,-65.76776695251465,212.1857147216797,132.25408935546875,13.996194,16.0,-1,16.44807
3079,1027,1903.129949092865,48.14078712463379,1580.4967041015625,246.1626434326172,12.839263,10.0,-1,20.4557
1879,1027,1856.817937374115,0.03956031799316406,1534.1846923828125,198.06141662597656,11.162768,10.0,-1,15.055778
4,1027,1293.0631766319275,-60.89218711853027,970.429931640625,137.12966918945312,10.544242,16.0,-1,18.69554
8,1027,1399.0675711631775,270.3780460357666,1076.434326171875,468.39990234375,8.617241,18.0,-1,4.521516
11,1027,359.24050283432007,314.65593910217285,36.60725784301758,512.6777954101562,8.402755,16.0,-1,23.18889
1,1027,1556.7601981163025,179.46624183654785,1234.126953125,377.48809814453125,7.180601,14.0,-1,14.246281
3,1027,1115.8254446983337,249.53960609436035,793.1921997070312,447.56146240234375,6.7982526,16.0,-1,16.258615
3020,1027,1093.6042532920837,237.4968204498291,770.9710083007812,435.5186767578125,5.999971,20.0,-1,36.4484
2946,1027,1480.4176688194275,936.3928165435791,1157.784423828125,1134.4146728515625,5.8004985,12.0,-1,14.050853
2281,1027,1779.0971121788025,-45.13678550720215,1456.4638671875,152.88507080078125,4.722524,8.0,-1,25.46732
2389,1027,1433.0582938194275,217.28704261779785,1110.425048828125,415.30889892578125,1.3783017,10.0,-1,6.764968
3034,1027,585.9642386436462,609.8427066802979,263.33099365234375,807.8645629882812,1.1362231,24.0,-1,2.271143
3191,1027,1615.9386649131775,397.73833656311035,1293.305419921875,595.7601928710938,1.0657841,20.0,-1,2.6881337
2986,1027,1553.294988155365,384.12896156311035,1230.6617431640625,582.1508178710938,0.9746156,14.0,-1,5.2397375
2080,1027,584.2093558311462,70.43279457092285,261.57611083984375,268.45465087890625,0.6838899,12.0,-1,4.8058233
2933,1027,1864.738835811615,349.24810218811035,1542.1055908203125,547.2699584960938,0.322396,8.0,1,1.1161053
1961,1028,1493.461492061615,558.383279800415,1170.0830078125,756.2542724609375,24.874586,20.0,-1,16.999313
0,1028,1513.7533621788025,802.0830478668213,1190.3748779296875,999.9540405273438,19.893164,18.0,-1,36.53988
4,1028,1291.9696097373962,-60.4129695892334,968.5911254882812,137.45802307128906,15.474631,16.0,-1,20.004211
1332,1028,631.606511592865,598.5098056793213,308.22802734375,796.3807983398438,15.261056,20.0,-1,16.9587
2779,1028,347.1131796836853,86.45298194885254,23.734695434570312,284.323974609375,15.005952,24.0,-1,11.750793
2032,1028,535.5127463340759,-65.76776695251465,212.13426208496094,132.1032257080078,14.453052,18.0,-1,17.514318
11,1028,359.5372099876404,314.58896827697754,36.15872573852539,512.4599609375,13.461842,18.0,-1,22.884106
2,1028,1597.7604422569275,238.82004737854004,1274.3819580078125,436.6910400390625,13.159058,14.0,-1,9.658002
1879,1028,1856.9474539756775,1.031961441040039,1533.5689697265625,198.9029541015625,11.601502,10.0,-1,14.041325
3079,1028,1903.3873953819275,48.35604286193848,1580.0089111328125,246.22703552246094,11.435863,10.0,-1,19.602406
3,1028,1117.8580374717712,249.3823947906494,794.4795532226562,447.2533874511719,11.412835,16.0,-1,17.451324
12,1028,1166.7739310264587,805.8003330230713,843.3954467773438,1003.6713256835938,10.368903,20.0,-1,7.548399
3020,1028,1092.9425101280212,237.34729957580566,769.5640258789062,435.2182922363281,10.31121,18.0,-1,34.703373
1,1028,1559.2164969444275,180.10239601135254,1235.8380126953125,377.973388671875,8.67656,14.0,-1,15.188005
8,1028,1399.0675711631775,271.2602024078369,1075.6890869140625,469.1311950683594,6.2409644,18.0,-1,3.3723354
2946,1028,1480.0375418663025,935.3299350738525,1156.6590576171875,1133.200927734375,6.2091517,12.0,-1,15.225911
2281,1028,1778.9430594444275,-42.11160850524902,1455.5645751953125,155.75938415527344,6.1974983,10.0,-1,21.96715
2389,1028,1435.28546667099,218.12156105041504,1111.906982421875,415.9925537109375,2.4086478,10.0,-1,9.606018
3034,1028,587.2689261436462,609.7643222808838,263.89044189453125,807.6353149414062,1.8984329,20.0,-1,2.3870192
3191,1028,1612.4393973350525,396.02158546447754,1289.0609130859375,593.892578125,1.3911668,22.0,-1,2.1234074
2986,1028,1553.04279088974,382.9034824371338,1229.664306640625,580.7744750976562,1.1109307,14.0,-1,5.6463466
2080,1028,582.7174429893494,67.62308692932129,259.3389587402344,265.49407958984375,0.5825736,12.0,-1,4.3942623
2933,1028,1866.353581905365,349.7971591949463,1542.97509765625,547.6681518554688,0.19086684,22.0,-1,0.6553515
1961,1029,1493.461492061615,558.017297744751,1169.087158203125,756.0768432617188,30.27048,20.0,-1,17.02097
1332,1029,629.8964896202087,600.655725479126,305.52215576171875,798.7152709960938,21.843195,20.0,-1,15.491963
2779,1029,345.98793172836304,89.57998085021973,21.613597869873047,287.6395263671875,19.078495,22.0,-1,10.36356
2032,1029,534.8913016319275,-65.90506553649902,210.5169677734375,132.15447998046875,16.622519,18.0,-1,17.217674
0,1029,1515.7206473350525,802.7793216705322,1191.3463134765625,1000.8388671875,16.510214,18.0,-1,38.390392
4,1029,1294.0369925498962,-60.4129695892334,969.6626586914062,137.64657592773438,15.717739,16.0,-1,20.642153
11,1029,362.6261954307556,313.6892337799072,38.251861572265625,511.748779296875,15.5220375,18.0,-1,22.758736
3079,1029,1899.580144405365,48.00472450256348,1575.205810546875,246.06427001953125,13.031167,10.0,-1,18.927074
2,1029,1598.70587682724,241.61995887756348,1274.33154296875,439.67950439453125,12.14418,14.0,-1,9.510919
1879,1029,1854.847722530365,0.28377723693847656,1530.473388671875,198.34332275390625,11.444672,10.0,-1,14.789155
12,1029,1165.9772391319275,805.078088760376,841.6029052734375,1003.1376342773438,10.779206,20.0,-1,7.282066
3,1029,1120.0194754600525,249.70052528381348,795.6451416015625,447.76007080078125,10.064708,16.0,-1,18.045855
3020,1029,1096.0637259483337,235.4555606842041,771.6893920898438,433.5151062011719,9.348018,18.0,-1,47.682587
1,1029,1561.16730260849,181.10445594787598,1236.79296875,379.16400146484375,8.135155,14.0,-1,15.711747
8,1029,1398.0607352256775,271.4872989654541,1073.6864013671875,469.5468444824219,7.3744397,18.0,-1,4.5112834
2946,1029,1477.88849401474,932.6554203033447,1153.51416015625,1130.7149658203125,6.3129764,12.0,-1,13.336629
2281,1029,1774.55548620224,-39.71028709411621,1450.18115234375,158.34925842285156,6.149359,12.0,-1,15.717966
2389,1029,1438.210027217865,216.35991859436035,1113.835693359375,414.4194641113281,1.753146,10.0,-1,10.63585
3034,1029,586.2773489952087,613.0555667877197,261.90301513671875,811.1151123046875,1.4956974,24.0,-1,1.8195103
3191,1029,1612.8964285850525,399.8633670806885,1288.5220947265625,597.9229125976562,1.2489129,20.0,-1,2.8292775
2986,1029,1554.4708914756775,382.1790409088135,1230.0965576171875,580.2385864257812,1.2291383,14.0,-1,4.7616267
2080,1029,582.7191519737244,68.98385047912598,258.3448181152344,267.04339599609375,0.43426964,14.0,-1,3.264639
2933,1029,1864.564031124115,348.8778324127197,1540.189697265625,546.9373779296875,0.3824184,10.0,1,0.03521383
1961,1030,1492.4823660850525,558.1173343658447,1167.3719482421875,756.7630004882812,29.288689,20.0,-1,16.938278
1332,1030,627.4040274620056,601.8125858306885,302.2936096191406,800.458251953125,26.18329,18.0,-1,15.076549
4,1030,1294.64484167099,-60.55740928649902,969.534423828125,138.0882568359375,14.394694,16.0,-1,21.712343
11,1030,364.28836584091187,308.414514541626,39.177947998046875,507.0601806640625,12.676067,18.0,-1,22.35393
2779,1030,347.04435682296753,91.76589393615723,21.93393898010254,290.41156005859375,12.528945,24.0,-1,10.182536
0,1030,1517.0966238975525,801.0928592681885,1191.9862060546875,999.738525390625,12.5214815,18.0,-1,38.55868
2032,1030,536.545476436615,-65.87250328063965,211.43505859375,132.77316284179688,10.772256,18.0,-1,18.59329
1,1030,1563.150945186615,180.72722816467285,1238.04052734375,379.3728942871094,10.754798,14.0,-1,17.667358
1879,1030,1853.8871512413025,-1.169179916381836,1528.7767333984375,197.4764862060547,10.233349,10.0,-1,14.311171
12,1030,1165.3416800498962,805.178430557251,840.2312622070312,1003.8240966796875,9.479876,18.0,-1,6.9217567
3079,1030,1896.84796667099,49.76482582092285,1571.737548828125,248.41049194335938,9.225235,10.0,-1,19.521107
2,1030,1602.7843680381775,242.0115909576416,1277.6739501953125,440.6572570800781,8.651046,14.0,-1,14.575672
8,1030,1397.1725516319275,272.6196231842041,1072.0621337890625,471.2652893066406,7.7986856,18.0,-1,4.7561564
3020,1030,1096.5920462608337,234.7547550201416,771.4816284179688,433.4004211425781,7.356362,18.0,-1,50.335896
3,1030,1119.237370967865,248.91018104553223,794.126953125,447.55584716796875,6.050137,16.0,-1,19.182077
2946,1030,1477.88849401474,931.490198135376,1152.778076171875,1130.1358642578125,5.776899,12.0,-1,11.066231
2281,1030,1771.503972530365,-40.57156944274902,1446.3935546875,158.0740966796875,3.2284393,10.0,-1,16.216085
2389,1030,1443.21808385849,214.82491493225098,1118.107666015625,413.4705810546875,2.1497107,10.0,-1,12.360884
3191,1030,1617.4574637413025,399.8633670806885,1292.3470458984375,598.509033203125,1.5778204,22.0,-1,2.8177874
3034,1030,583.9131827354431,613.003381729126,258.8027648925781,811.6490478515625,1.2995485,24.0,-1,2.8916278
2986,1030,1551.01593542099,382.3763675689697,1225.905517578125,581.0220336914062,1.0477916,12.0,-1,5.280353
2080,1030,584.597234249115,72.45223426818848,259.48681640625,271.097900390625,0.48347452,14.0,-1,4.0767365
2933,1030,1863.71759557724,351.9005374908447,1538.607177734375,550.5462036132812,0.4028629,22.0,-1,0.27712566
1961,1031,1489.6404757499695,556.9625797271729,1163.83154296875,755.800048828125,30.501242,20.0,-1,18.70878
0,1031,1516.2815890312195,801.1845035552979,1190.47265625,1000.02197265625,20.806543,18.0,-1,38.755146
1332,1031,626.9197726249695,603.1861515045166,301.11083984375,802.0236206054688,19.169912,18.0,-1,14.399124
4,1031,1293.7556490898132,-58.7099666595459,967.9467163085938,140.12750244140625,16.86717,16.0,-1,21.003124
2779,1031,348.21439123153687,90.0432071685791,22.405458450317383,288.88067626953125,16.455893,24.0,-1,12.391962
11,1031,364.2294993400574,306.185998916626,38.42056655883789,505.0234680175781,13.877251,16.0,-1,22.855997
2032,1031,537.2902102470398,-65.2225399017334,211.4812774658203,133.61492919921875,13.379235,18.0,-1,17.021923
12,1031,1165.8380465507507,804.0743350982666,840.0291137695312,1002.9118041992188,12.316163,18.0,-1,5.487154
1879,1031,1855.5450167655945,-1.3876705169677734,1529.736083984375,197.44979858398438,10.994007,10.0,-1,14.981573
3079,1031,1895.607638835907,50.85952186584473,1569.7987060546875,249.69699096679688,8.820974,10.0,-1,19.221437
2,1031,1604.124484539032,241.2233829498291,1278.3155517578125,440.06085205078125,8.203673,14.0,-1,12.160178
3,1031,1118.4607882499695,248.81853675842285,792.65185546875,447.656005859375,7.882019,16.0,-1,18.350857
1,1031,1563.2098116874695,179.8908634185791,1237.40087890625,378.72833251953125,7.782371,14.0,-1,16.77081
3020,1031,1097.3824801445007,233.26198768615723,771.5735473632812,432.0994567871094,7.743418,18.0,-1,46.814808
8,1031,1398.267550945282,274.621545791626,1072.4586181640625,473.4590148925781,6.6791058,18.0,-1,4.7442155
2281,1031,1771.2430148124695,-40.34377098083496,1445.43408203125,158.4936981201172,5.557504,10.0,-1,19.088608
2946,1031,1477.7388644218445,930.2643375396729,1151.929931640625,1129.101806640625,5.107329,12.0,-1,11.762402
3191,1031,1617.027560710907,401.0773868560791,1291.2186279296875,599.9148559570312,3.14417,24.0,-1,2.9154067
3034,1031,584.2044405937195,613.4196109771729,258.3955078125,812.257080078125,2.7633846,26.0,-1,2.4683552
2389,1031,1445.8033175468445,214.0727481842041,1119.994384765625,412.91021728515625,2.0223367,8.0,-1,13.18918
2986,1031,1551.3558077812195,383.60637855529785,1225.546875,582.44384765625,1.1382269,14.0,-1,5.1097617
2080,1031,583.0285677909851,73.49077796936035,257.2196350097656,272.3282470703125,0.6577094,12.0,-1,4.154752
1961,1032,1489.1815829277039,552.9512729644775,1162.7939453125,753.6137084960938,34.119366,20.0,-1,19.832527
2779,1032,348.98970556259155,89.57663917541504,22.602067947387695,290.23907470703125,18.050922,24.0,-1,10.0153675
1332,1032,626.2279086112976,599.8801670074463,299.84027099609375,800.5426025390625,16.669794,18.0,-1,13.77783
1879,1032,1855.9646639823914,-0.5743160247802734,1529.5770263671875,200.08811950683594,16.369965,10.0,-1,14.87086
0,1032,1516.8223299980164,800.2750034332275,1190.4346923828125,1000.9374389648438,14.168724,18.0,-1,37.570766
2032,1032,537.9040560722351,-68.72434043884277,211.51641845703125,131.93809509277344,13.49152,18.0,-1,18.073795
4,1032,1293.6884188652039,-62.246572494506836,967.30078125,138.41586303710938,12.645562,16.0,-1,20.926573
12,1032,1166.9465975761414,804.872049331665,840.5589599609375,1005.5344848632812,11.46024,18.0,-1,4.7728806
3,1032,1118.4813265800476,247.7153720855713,792.0936889648438,448.3778076171875,10.933488,16.0,-1,17.531025
11,1032,365.6858172416687,307.14820289611816,39.298179626464844,507.8106384277344,10.308812,16.0,-1,22.954754
2,1032,1606.8627352714539,241.2882785797119,1280.47509765625,441.9507141113281,9.569745,14.0,-1,16.408785
1,1032,1562.8600497245789,180.45874977111816,1236.472412109375,381.1211853027344,8.423573,16.0,-1,18.215912
8,1032,1397.0360751152039,271.9020481109619,1070.6484375,472.5644836425781,7.5807157,18.0,-1,4.935198
3079,1032,1895.5871005058289,51.370615005493164,1569.199462890625,252.03305053710938,7.4294353,10.0,-1,18.879698
3020,1032,1094.8438754081726,233.86878395080566,768.4562377929688,434.5312194824219,6.8410225,18.0,-1,44.952232
2946,1032,1478.2238192558289,928.0743808746338,1151.836181640625,1128.73681640625,6.227651,12.0,-1,11.089849
2281,1032,1772.1244540214539,-40.21674156188965,1445.73681640625,160.44569396972656,5.4636474,10.0,-1,14.973206
3191,1032,1616.9341464042664,403.87937355041504,1290.5465087890625,604.5418090820312,3.1126416,22.0,-1,3.1711445
2389,1032,1447.5742831230164,214.6319980621338,1121.1866455078125,415.29443359375,1.6475114,8.0,-1,15.188194
3034,1032,583.2460360527039,612.189920425415,256.8583984375,812.8523559570312,1.6000668,28.0,-1,1.5579311
2080,1032,580.3995547294617,73.42588233947754,254.0119171142578,274.08831787109375,0.849263,14.0,-1,4.5329027
2986,1032,1548.4163241386414,384.3011875152588,1222.0286865234375,584.963623046875,0.46439317,12.0,-1,3.7895553
2933,1032,1861.0636630058289,344.24082374572754,1534.676025390625,544.9032592773438,0.24048026,20.0,-1,0.5337046
1961,1033,1489.1815829277039,554.8209934234619,1161.107177734375,755.7582397460938,24.67726,20.0,-1,18.933842
0,1033,1517.0095858573914,801.0296726226807,1188.9351806640625,1001.9669189453125,21.97769,18.0,-1,37.452488
4,1033,1292.1327548027039,-62.90651512145996,964.058349609375,138.03073120117188,21.458153,16.0,-1,21.960428
1332,1033,629.7767672538757,599.4249362945557,301.7023620605469,800.3621826171875,20.466667,18.0,-1,13.288461
2779,1033,350.3903594017029,89.57663917541504,22.315954208374023,290.5138854980469,16.38526,24.0,-1,9.453748
12,1033,1166.855227947235,806.0350437164307,838.7808227539062,1006.9722900390625,12.468036,18.0,-1,4.0962486
2,1033,1606.4784579277039,241.0272617340088,1278.404052734375,441.9645080566406,12.429527,14.0,-1,17.073208
11,1033,365.67127561569214,308.49219703674316,37.59687042236328,509.429443359375,11.965306,18.0,-1,23.281267
2032,1033,539.3699984550476,-68.9333553314209,211.29559326171875,132.00389099121094,11.326964,18.0,-1,18.012264
3,1033,1118.4259066581726,247.6139316558838,790.3515014648438,448.5511779785156,10.420219,16.0,-1,16.93705
3020,1033,1093.1282992362976,233.4525852203369,765.0538940429688,434.38983154296875,9.299523,18.0,-1,50.691628
3079,1033,1895.9978671073914,50.108835220336914,1567.9234619140625,251.04608154296875,7.8347206,10.0,-1,21.425304
1,1033,1565.5805087089539,180.9189853668213,1237.506103515625,381.8562316894531,7.7143073,14.0,-1,21.737396
2946,1033,1478.4711337089539,926.9694919586182,1150.396728515625,1127.90673828125,7.6361585,14.0,-1,7.432957
1879,1033,1858.6426424980164,-0.24536705017089844,1530.5682373046875,200.69187927246094,7.5767093,10.0,-1,14.369284
8,1033,1395.9998202323914,271.7366428375244,1067.9254150390625,472.67388916015625,5.975798,18.0,-1,3.685983
2281,1033,1773.4583163261414,-41.042959213256836,1445.3839111328125,159.894287109375,2.7929976,12.0,-1,13.3533
2389,1033,1446.9005770683289,213.07813453674316,1118.826171875,414.015380859375,2.6204197,10.0,-1,12.251619
3191,1033,1619.8635897636414,407.24183082580566,1291.7891845703125,608.1790771484375,2.3750012,26.0,-1,2.6254094
3034,1033,586.2564425468445,613.4650974273682,258.1820373535156,814.40234375,0.79680794,20.0,-1,1.9082456
2080,1033,579.608142375946,75.88199806213379,251.5337371826172,276.8192443847656,0.7500437,16.0,-1,3.0386019
2986,1033,1547.6716952323914,387.65174293518066,1219.5972900390625,588.5889892578125,0.5607433,10.0,-1,3.5571218
2933,1033,1858.0004305839539,347.36890602111816,1529.926025390625,548.30615234375,0.1832216,20.0,-1,0.47964054
1961,1034,1489.6291060447693,555.4208164215088,1160.4456787109375,756.5112915039062,36.579166,20.0,-1,18.84902
1332,1034,628.819474697113,602.461893081665,299.63604736328125,803.5523681640625,19.550611,20.0,-1,14.990718
2779,1034,351.19044828414917,89.43525123596191,22.007020950317383,290.5257263183594,17.90996,24.0,-1,10.392523
2032,1034,538.4403853416443,-68.7981014251709,209.2569580078125,132.29237365722656,17.317282,18.0,-1,19.110615
4,1034,1293.3366866111755,-63.96390342712402,964.1532592773438,137.12657165527344,13.423757,16.0,-1,22.16476
1879,1034,1860.8410201072693,-1.316213607788086,1531.6575927734375,199.77426147460938,13.379279,10.0,-1,14.176584
12,1034,1166.1692061424255,806.412576675415,836.9857788085938,1007.5030517578125,12.254689,18.0,-1,4.77464
0,1034,1517.1234908103943,802.6434726715088,1187.9400634765625,1003.7339477539062,12.220611,18.0,-1,39.095448
11,1034,365.5573706626892,308.3940830230713,36.37394332885742,509.48455810546875,10.423255,16.0,-1,22.517925
3079,1034,1899.2033247947693,49.23006629943848,1570.0198974609375,250.32054138183594,9.253671,10.0,-1,21.652615
3,1034,1117.596330165863,247.23545265197754,788.4129028320312,448.325927734375,9.127724,16.0,-1,14.413189
3020,1034,1091.4509444236755,233.11158180236816,762.2675170898438,434.2020568847656,8.3104,18.0,-1,33.21103
8,1034,1394.6781783103943,271.40491676330566,1065.4947509765625,472.4953918457031,8.071923,18.0,-1,3.6922936
1,1034,1567.2649703025818,182.90537452697754,1238.08154296875,383.995849609375,7.794719,14.0,-1,21.617409
2,1034,1609.1388716697693,240.30442237854004,1279.9554443359375,441.3948974609375,6.243874,14.0,-1,15.95485
2946,1034,1478.9218306541443,927.06760597229,1149.7384033203125,1128.1580810546875,5.6897883,14.0,-1,5.369323
2281,1034,1772.6818404197693,-44.3969783782959,1443.4984130859375,156.69349670410156,3.9281614,12.0,-1,9.906794
3191,1034,1619.3324751853943,408.0060214996338,1290.1490478515625,609.0964965820312,3.5020962,22.0,-1,2.5934615
3034,1034,583.5077376365662,615.4178867340088,254.32431030273438,816.5083618164062,1.6255231,28.0,-1,1.7014723
2389,1034,1447.8883833885193,209.1505832672119,1118.7049560546875,410.2410583496094,1.4169049,10.0,-1,10.877504
2986,1034,1545.3971724510193,390.9383945465088,1216.2137451171875,592.0288696289062,0.65236926,16.0,-1,4.034241
2080,1034,580.2200331687927,79.27460670471191,251.03660583496094,280.3650817871094,0.62662244,12.0,-1,4.0674176
1961,1035,1489.721574306488,557.9721012115479,1159.85498046875,759.6044311523438,45.589542,20.0,-1,21.12522
0,1035,1514.8589034080505,801.7684268951416,1184.9923095703125,1003.4007568359375,17.79369,18.0,-1,37.07314
1332,1035,626.441300868988,604.3719425201416,296.57470703125,806.0042724609375,14.77719,18.0,-1,13.554741
11,1035,366.154363155365,308.33953285217285,36.28776931762695,509.97186279296875,14.247567,16.0,-1,22.05258
4,1035,1294.5334029197693,-64.48052024841309,964.6668090820312,137.1518096923828,14.106404,16.0,-1,21.639847
3079,1035,1898.0979170799255,48.30706214904785,1568.2313232421875,249.93939208984375,12.704438,10.0,-1,20.716042
2779,1035,349.99861669540405,88.87246131896973,20.132022857666016,290.5047912597656,12.352674,24.0,-1,9.376572
3,1035,1118.4287886619568,247.29000282287598,788.5621948242188,448.9223327636719,11.559163,16.0,-1,15.942232
2032,1035,539.0615096092224,-67.1361141204834,209.19491577148438,134.4962158203125,11.282734,18.0,-1,18.296963
1879,1035,1859.4856123924255,-1.6454524993896484,1529.6190185546875,199.98687744140625,9.463316,12.0,-1,14.487339
1,1035,1566.478898525238,186.52816200256348,1236.6123046875,388.1604919433594,7.853335,16.0,-1,22.592264
2,1035,1609.906144618988,241.83904457092285,1280.03955078125,443.47137451171875,7.6301384,16.0,-1,12.15871
12,1035,1167.339494228363,804.8895206451416,837.472900390625,1006.5218505859375,6.787658,18.0,-1,3.47379
3020,1035,1092.4599776268005,234.11483192443848,762.5933837890625,435.7471618652344,6.4294815,18.0,-1,33.224766
8,1035,1395.9616866111755,270.9724979400635,1066.0950927734375,472.6048278808594,5.7572694,18.0,-1,3.9265447
2946,1035,1477.328996181488,928.8571720123291,1147.46240234375,1130.489501953125,5.66165,14.0,-1,7.84246
2281,1035,1768.252580165863,-45.67696189880371,1438.385986328125,155.9553680419922,3.1352682,14.0,-1,10.477592
3191,1035,1618.2636885643005,411.6395206451416,1288.3970947265625,613.2718505859375,2.0672936,22.0,-1,2.7640092
3034,1035,585.6486220359802,612.0953311920166,255.7820281982422,813.7276611328125,1.6750692,24.0,-1,3.314561
2389,1035,1448.5119795799255,207.03597450256348,1118.6453857421875,408.6683044433594,1.5798416,8.0,-1,12.656341
2986,1035,1545.3047041893005,392.30474281311035,1215.4381103515625,593.9370727539062,1.2602772,12.0,-1,4.9334807
2080,1035,579.7801833152771,83.11757850646973,249.91358947753906,284.7499084472656,0.51647186,12.0,-1,3.6870427
2933,1035,1853.5371260643005,342.97722816467285,1523.6705322265625,544.6095581054688,0.2013209,22.0,-1,0.6137885
1961,1036,1488.2868208885193,556.3999423980713,1158.3160400390625,759.2901000976562,34.87728,20.0,-1,19.553326
1332,1036,625.6344771385193,604.3088779449463,295.6636962890625,807.1990356445312,16.905174,18.0,-1,14.448883
11,1036,365.69033193588257,305.6306858062744,35.71955108642578,508.5208435058594,13.702537,16.0,-1,21.484777
4,1036,1295.7854170799255,-63.589040756225586,965.8146362304688,139.30111694335938,13.246796,16.0,-1,22.145214
1879,1036,1861.5614790916443,-2.7877864837646484,1531.5906982421875,200.1023712158203,12.794465,12.0,-1,14.104364
0,1036,1514.3947310447693,800.1006870269775,1184.4239501953125,1002.9908447265625,12.679423,18.0,-1,40.79716
2779,1036,348.03749990463257,90.41657447814941,18.06671905517578,293.3067321777344,12.29036,24.0,-1,8.87994
2,1036,1609.9397749900818,242.70606422424316,1279.968994140625,445.5962219238281,12.022042,16.0,-1,12.87673
2032,1036,539.8348860740662,-66.69676780700684,209.86410522460938,136.19338989257812,10.123675,18.0,-1,19.14155
8,1036,1398.0388960838318,271.0355625152588,1068.068115234375,473.92572021484375,9.535228,16.0,-1,4.347906
3,1036,1119.0712447166443,246.6201877593994,789.1004638671875,449.5103454589844,9.115441,16.0,-1,17.333134
3079,1036,1896.4533247947693,50.86495399475098,1566.4825439453125,253.75511169433594,8.406501,10.0,-1,19.811863
1,1036,1566.7014937400818,184.59644508361816,1236.730712890625,387.4866027832031,6.6322803,16.0,-1,23.30601
2946,1036,1478.0515913963318,931.3333530426025,1148.080810546875,1134.2235107421875,5.5900483,14.0,-1,5.5119452
12,1036,1169.2256026268005,807.9717197418213,839.2548217773438,1010.8618774414062,5.5097675,18.0,-1,2.338719
3020,1036,1093.0637373924255,232.00486183166504,763.0929565429688,434.89501953125,4.2339416,18.0,-1,24.555582
2281,1036,1765.3621382713318,-46.67743492126465,1435.391357421875,156.2127227783203,3.2438715,12.0,-1,11.701903
3191,1036,1616.2783980369568,410.3162021636963,1286.3076171875,613.2063598632812,3.1012013,22.0,-1,2.7352169
3034,1036,582.0933699607849,609.5520420074463,252.12258911132812,812.4421997070312,1.4653158,26.0,-1,2.1191454
2389,1036,1449.1347212791443,208.00583839416504,1119.1639404296875,410.89599609375,1.4640924,10.0,-1,11.97897
2080,1036,577.9887099266052,83.50156593322754,248.01792907714844,286.3917236328125,0.98053354,14.0,-1,4.610095
2986,1036,1545.2710738182068,393.64695167541504,1215.30029296875,596.537109375,0.8247957,12.0,-1,4.7595925
1961,1037,1487.8232283592224,555.0806980133057,1157.394775390625,758.3899536132812,31.96441,20.0,-1,19.766575
4,1037,1294.2739729881287,-61.308218002319336,963.8455200195312,142.00103759765625,16.548239,16.0,-1,21.101252
2032,1037,538.7361006736755,-67.15910911560059,208.30764770507812,136.150146484375,16.262487,18.0,-1,18.541727
0,1037,1513.3771834373474,799.9133396148682,1182.94873046875,1003.2225952148438,14.76048,20.0,-1,42.353283
2779,1037,350.2762064933777,92.25608253479004,19.847753524780273,295.5653381347656,14.722614,24.0,-1,8.054375
1332,1037,626.7082381248474,605.0481662750244,296.27978515625,808.357421875,14.624482,20.0,-1,15.467254
3,1037,1118.3538069725037,247.8274326324463,787.9253540039062,451.1366882324219,11.941432,16.0,-1,14.198984
1879,1037,1862.20836019516,-6.178243637084961,1531.7799072265625,197.13101196289062,10.130536,12.0,-1,14.260338
11,1037,364.46964406967163,303.16233253479004,34.04119110107422,506.4715881347656,9.818458,16.0,-1,23.286003
2,1037,1612.074326992035,242.89341163635254,1281.6458740234375,446.2026672363281,9.703643,16.0,-1,12.366823
3079,1037,1895.0192732810974,51.128366470336914,1564.5908203125,254.4376220703125,9.522132,10.0,-1,20.22495
1,1037,1566.0087752342224,182.32126808166504,1235.580322265625,385.6305236816406,8.084281,16.0,-1,25.789965
8,1037,1399.3054060935974,272.31958961486816,1068.876953125,475.62884521484375,7.2909274,16.0,-1,2.8606558
2946,1037,1481.881455898285,933.5757541656494,1151.4530029296875,1136.885009765625,6.372379,14.0,-1,3.5651593
3020,1037,1092.7722029685974,231.4990940093994,762.34375,434.808349609375,5.759247,18.0,-1,39.20811
12,1037,1170.2429060935974,805.8411350250244,839.814453125,1009.150390625,5.570461,16.0,-1,2.2134132
2281,1037,1765.65367269516,-47.19879722595215,1435.2252197265625,156.11045837402344,3.6887357,12.0,-1,13.478607
3191,1037,1615.797959804535,410.86268043518066,1285.3695068359375,614.1719360351562,2.206913,22.0,-1,2.4253283
3034,1037,578.9084792137146,606.0722141265869,248.4800262451172,809.3814697265625,0.85931045,24.0,-1,2.6733513
2389,1037,1451.91099691391,210.68235206604004,1121.4825439453125,413.9916076660156,0.8498842,10.0,-1,11.244882
2986,1037,1546.1059432029724,391.25477027893066,1215.677490234375,594.5640258789062,0.81337696,12.0,-1,4.7981267
2080,1037,578.3176283836365,84.92081642150879,247.88917541503906,288.2300720214844,0.5063201,12.0,-1,3.9511347
1961,1038,1487.6213850975037,557.2644519805908,1155.8408203125,761.355224609375,35.783382,20.0,-1,21.384562
0,1038,1514.2082991600037,800.3550891876221,1182.427734375,1004.4458618164062,18.242205,18.0,-1,38.487305
1332,1038,628.6005721092224,607.7386951446533,296.82000732421875,811.8294677734375,15.974716,18.0,-1,16.00587
2,1038,1611.8098616600037,241.95353889465332,1280.029296875,446.0443115234375,14.164588,16.0,-1,9.734121
2032,1038,540.279908657074,-69.52937126159668,208.4993438720703,134.5614013671875,14.148421,18.0,-1,18.534067
11,1038,363.7163939476013,303.64900398254395,31.935829162597656,507.7397766113281,12.788751,16.0,-1,22.375885
8,1038,1399.9833235740662,271.9397449493408,1068.2027587890625,476.030517578125,12.56897,16.0,-1,3.2153995
4,1038,1293.7890486717224,-61.57790946960449,962.0084838867188,142.5128631591797,12.475917,16.0,-1,23.813911
1,1038,1566.1279768943787,182.7559986114502,1234.347412109375,386.8467712402344,10.089009,16.0,-1,22.896015
3079,1038,1893.9635481834412,49.89923286437988,1562.1829833984375,253.99000549316406,10.015426,10.0,-1,20.082533
3,1038,1119.614366054535,246.7188892364502,787.8338012695312,450.8096618652344,9.981727,16.0,-1,18.829147
2946,1038,1481.7622542381287,933.8943347930908,1149.981689453125,1137.985107421875,9.192894,14.0,-1,1.646882
1879,1038,1863.1687483787537,-8.683103561401367,1531.38818359375,195.4076690673828,9.158208,12.0,-1,14.33677
2779,1038,348.89333486557007,91.35725593566895,17.112770080566406,295.4480285644531,9.129975,24.0,-1,7.0097675
3020,1038,1091.9013533592224,232.66755867004395,760.1207885742188,436.7583312988281,6.601225,18.0,-1,42.95647
12,1038,1166.7194685935974,804.6498889923096,834.9389038085938,1008.7406616210938,5.722344,18.0,-1,2.522718
2281,1038,1767.6645979881287,-50.35706901550293,1435.884033203125,153.73370361328125,5.0212293,12.0,-1,11.399829
3191,1038,1615.1945052146912,412.01121711730957,1283.4139404296875,616.1019897460938,3.5942032,20.0,-1,1.2764271
2389,1038,1458.0100569725037,212.08757209777832,1126.2294921875,416.1783447265625,2.1132948,10.0,-1,10.607847
3034,1038,578.2189803123474,606.3419055938721,246.43841552734375,810.4326782226562,1.9423293,22.0,-1,1.5648179
2080,1038,579.6373000144958,87.40019416809082,247.8567352294922,291.490966796875,0.71104074,14.0,-1,4.0230536
2986,1038,1546.7259993553162,390.29991340637207,1214.9454345703125,594.3906860351562,0.6346302,12.0,-1,3.9993982
1961,1039,1487.5645003318787,559.3134937286377,1155.601806640625,764.2907104492188,52.09369,20.0,-1,21.232613
1332,1039,630.1906294822693,606.7153491973877,298.2279357910156,811.6925659179688,30.104868,20.0,-1,17.582088
0,1039,1513.8163313865662,801.1943531036377,1181.8536376953125,1006.1715698242188,16.655855,18.0,-1,39.18869
2,1039,1611.8740706443787,242.97831916809082,1279.911376953125,447.9555358886719,13.973938,16.0,-1,13.143071
2032,1039,540.4814009666443,-74.05891227722168,208.51870727539062,130.91830444335938,13.600236,18.0,-1,17.855087
4,1039,1292.2992415428162,-63.51576042175293,960.3365478515625,141.46145629882812,11.923667,16.0,-1,23.225275
1879,1039,1862.1564192771912,-9.972089767456055,1530.1937255859375,195.005126953125,11.233368,12.0,-1,12.86324
8,1039,1400.0560774803162,273.0813159942627,1068.0933837890625,478.05853271484375,11.150746,16.0,-1,2.9350553
2946,1039,1481.4065413475037,934.9921436309814,1149.44384765625,1139.9693603515625,10.904149,16.0,-1,1.5973275
11,1039,364.41880559921265,304.79124641418457,32.456111907958984,509.7684631347656,10.591068,16.0,-1,22.542381
12,1039,1167.9626936912537,806.3173389434814,836.0,1011.2945556640625,9.736601,18.0,-1,1.8496525
3079,1039,1893.0121321678162,49.65243721008301,1561.0494384765625,254.62965393066406,8.734623,10.0,-1,20.184103
3,1039,1121.2739729881287,243.63728523254395,789.311279296875,448.614501953125,8.468781,16.0,-1,19.1353
1,1039,1568.5642561912537,185.3986988067627,1236.6015625,390.37591552734375,7.757297,16.0,-1,22.973013
3020,1039,1092.0770735740662,230.94651985168457,760.1143798828125,435.9237365722656,6.5067043,18.0,-1,41.084312
2779,1039,346.64780378341675,92.8026294708252,14.685110092163086,297.77984619140625,5.2558913,24.0,-1,5.9575253
2281,1039,1765.2748274803162,-48.98196220397949,1433.3121337890625,155.99525451660156,4.1716285,12.0,-1,10.905519
3191,1039,1615.2513899803162,412.25801277160645,1283.2886962890625,617.2352294921875,1.848472,18.0,-1,1.2005234
2389,1039,1460.7551741600037,210.06297492980957,1128.79248046875,415.0401916503906,1.6522598,10.0,-1,11.610345
2986,1039,1543.5068831443787,389.22126960754395,1211.544189453125,594.198486328125,1.331263,14.0,-1,5.3975477
3034,1039,576.4728102684021,604.936601638794,244.51011657714844,809.913818359375,1.261355,20.0,-1,1.8079433
2080,1039,575.8652052879333,86.51252937316895,243.9025115966797,291.48974609375,0.58163714,18.0,-1,3.9814072
1961,1040,1485.9584822654724,559.2857837677002,1153.2587890625,764.1889038085938,44.623608,20.0,-1,21.717138
1332,1040,629.992814540863,603.7975025177002,297.2931213378906,808.7006225585938,28.161348,20.0,-1,17.527971
4,1040,1293.3577132225037,-64.70370292663574,960.6580200195312,140.1994171142578,20.813536,16.0,-1,21.06281
0,1040,1515.855576992035,801.425859451294,1183.1558837890625,1006.3289794921875,17.511505,20.0,-1,41.1377
3,1040,1122.3718733787537,244.59684944152832,789.6721801757812,449.4999694824219,11.972972,16.0,-1,21.300829
2,1040,1612.071885585785,243.45479011535645,1279.3721923828125,448.35791015625,11.910148,16.0,-1,11.115297
11,1040,365.34711599349976,304.4478931427002,32.647422790527344,509.35101318359375,11.573617,16.0,-1,22.073212
8,1040,1400.44468832016,273.1090259552002,1067.7449951171875,478.01214599609375,10.443414,16.0,-1,2.7569976
3079,1040,1892.7712264060974,50.13994026184082,1560.071533203125,255.04306030273438,9.663875,10.0,-1,18.561987
2032,1040,541.0472731590271,-75.69717216491699,208.3475799560547,129.20594787597656,8.735856,18.0,-1,17.835884
2946,1040,1481.1298689842224,933.406816482544,1148.43017578125,1138.3099365234375,8.335203,16.0,-1,1.940513
1,1040,1568.919541835785,183.14012336730957,1236.2198486328125,388.0432434082031,8.181402,16.0,-1,20.288836
12,1040,1169.4990096092224,808.3940601348877,836.79931640625,1013.2971801757812,7.455427,18.0,-1,2.699819
1879,1040,1863.4108748435974,-7.384382247924805,1530.711181640625,197.51873779296875,7.393364,12.0,-1,12.769486
3020,1040,1090.9213118553162,230.38023567199707,758.2216186523438,435.2833557128906,6.1070065,18.0,-1,35.920403
2779,1040,344.28735303878784,93.39317512512207,11.58765983581543,298.2962951660156,4.052896,24.0,-1,7.281664
2281,1040,1763.06138753891,-51.48431205749512,1430.3616943359375,153.41880798339844,3.03765,12.0,-1,12.26803
3191,1040,1614.09947347641,413.7712574005127,1281.3997802734375,618.6743774414062,2.5666525,18.0,-1,1.1800213
2389,1040,1458.6303572654724,208.37394905090332,1125.9306640625,413.2770690917969,1.2803544,10.0,-1,10.068612
2986,1040,1544.290147304535,389.3088550567627,1211.5904541015625,594.2119750976562,1.2214953,10.0,-1,4.896821
3034,1040,574.5115523338318,605.1589527130127,241.81185913085938,810.0620727539062,1.0348665,22.0,-1,0.43022215
2080,1040,574.2473006248474,86.27739143371582,241.547607421875,291.1805114746094,0.7237098,10.0,-1,4.3513837
1961,1041,1485.60875082016,561.5819721221924,1152.1746826171875,766.9503784179688,38.60567,20.0,-1,21.579735
1332,1041,629.6857161521912,604.1467304229736,296.25164794921875,809.51513671875,32.84243,20.0,-1,17.825897
0,1041,1517.5300154685974,798.6325092315674,1184.095947265625,1004.0009155273438,28.740059,18.0,-1,39.971806
4,1041,1295.8610091209412,-63.690534591674805,962.4269409179688,141.67787170410156,16.208103,16.0,-1,20.977121
3,1041,1122.4609236717224,244.7238483428955,789.02685546875,450.0922546386719,14.716453,16.0,-1,17.987774
3079,1041,1892.6037459373474,51.95990180969238,1559.169677734375,257.32830810546875,13.120705,10.0,-1,17.273777
2032,1041,541.8345503807068,-77.34965324401855,208.40048217773438,128.0187530517578,12.635315,18.0,-1,17.664278
11,1041,366.07872915267944,303.3144245147705,32.64466094970703,508.6828308105469,10.877136,18.0,-1,22.527048
2946,1041,1479.62681722641,930.7397480010986,1146.1927490234375,1136.108154296875,10.067185,16.0,-1,1.0286005
1879,1041,1865.56529378891,-7.398588180541992,1532.1312255859375,197.96981811523438,9.698258,12.0,-1,13.537768
2,1041,1612.7470564842224,241.15286445617676,1279.31298828125,446.5212707519531,8.99698,16.0,-1,8.169798
2779,1041,346.4151530265808,96.40237617492676,12.981084823608398,301.7707824707031,7.961612,24.0,-1,7.404029
1,1041,1568.5141463279724,180.95575141906738,1235.080078125,386.32415771484375,6.4916463,16.0,-1,20.692602
8,1041,1402.4831404685974,274.1286029815674,1069.049072265625,479.49700927734375,6.094751,16.0,-1,2.9190118
12,1041,1168.741807460785,805.9646015167236,835.3077392578125,1011.3330078125,5.053676,18.0,-1,1.9781648
3020,1041,1090.8322615623474,231.32776069641113,757.398193359375,436.6961669921875,5.014086,20.0,-1,36.18337
2281,1041,1766.9055037498474,-55.54681205749512,1433.471435546875,149.82159423828125,4.0652337,12.0,-1,13.166497
3191,1041,1612.89634847641,415.51147651672363,1279.4622802734375,620.8798828125,3.436161,18.0,-1,0.39107034
2389,1041,1455.81822347641,208.3881549835205,1122.3841552734375,413.7565612792969,1.3560654,12.0,-1,9.312128
2986,1041,1544.137803554535,390.6879291534424,1210.7037353515625,596.0563354492188,0.80356336,12.0,-1,4.4193096
2080,1041,575.4601454734802,84.98672676086426,242.0260772705078,290.3551330566406,0.80022484,12.0,-1,4.0543456
3034,1041,571.9254927635193,604.3405780792236,238.49142456054688,809.708984375,0.7024998,20.0,-1,2.4516091
1961,1042,1485.7319960594177,561.1183185577393,1151.9248046875,767.1768188476562,33.562366,20.0,-1,22.425589
1332,1042,629.5624709129333,605.4948444366455,295.7552795410156,811.5533447265625,25.691721,20.0,-1,17.564518
0,1042,1518.1201796531677,797.6952838897705,1184.31298828125,1003.7537841796875,19.669786,18.0,-1,39.017677
3,1042,1123.8119521141052,241.27749824523926,790.0047607421875,447.33599853515625,16.066378,16.0,-1,19.673525
1879,1042,1867.5629286766052,-7.903181076049805,1533.7557373046875,198.1553192138672,15.916275,12.0,-1,14.785256
4,1042,1296.334596157074,-62.24677848815918,962.5274047851562,143.8117218017578,13.6065,16.0,-1,21.372257
3079,1042,1893.7503066062927,51.88574409484863,1559.943115234375,257.9442443847656,13.576674,10.0,-1,17.33451
11,1042,365.62375020980835,305.72326850891113,31.816558837890625,511.7817687988281,13.335378,18.0,-1,22.245043
2,1042,1614.0269179344177,240.11779975891113,1280.2197265625,446.1763000488281,11.705158,14.0,-1,8.485469
2032,1042,540.6687026023865,-81.57111930847168,206.86151123046875,124.48738098144531,11.412442,16.0,-1,17.9515
1,1042,1567.3583388328552,179.64004707336426,1233.5511474609375,385.69854736328125,8.284928,16.0,-1,23.036905
8,1042,1400.4436659812927,274.8952350616455,1066.636474609375,480.9537353515625,6.7259007,16.0,-1,2.8217309
3020,1042,1089.9448256492615,229.58694648742676,756.1376342773438,435.64544677734375,6.5937457,20.0,-1,47.424625
12,1042,1171.1396498680115,807.1924152374268,837.3324584960938,1013.2509155273438,5.9848876,16.0,-1,1.6860024
2946,1042,1478.8695693016052,929.3903522491455,1145.0623779296875,1135.4488525390625,5.604864,6.0,1,0.5555507
2779,1042,343.85856580734253,96.47653388977051,10.051374435424805,302.5350341796875,5.5737615,24.0,-1,6.199559
3191,1042,1609.9274306297302,415.8923053741455,1276.1202392578125,621.9508056640625,4.4347787,16.0,-1,0.48671377
2281,1042,1768.6698622703552,-53.23211479187012,1434.8626708984375,152.82638549804688,3.4949925,12.0,-1,14.244256
2080,1042,576.3096327781677,87.91971015930176,242.50244140625,293.97821044921875,1.0636574,12.0,-1,3.46222
2389,1042,1453.5486464500427,208.536226272583,1119.741455078125,414.5947265625,0.86440873,12.0,-1,8.500078
3034,1042,573.1120772361755,604.8989582061768,239.3048858642578,810.9574584960938,0.7728312,20.0,-1,1.8268769
2986,1042,1543.9507460594177,388.630220413208,1210.1435546875,594.688720703125,0.70123726,12.0,-1,4.428236
1332,1043,629.5637221336365,605.9329624176025,295.3903503417969,812.28759765625,27.309715,20.0,-1,17.757603
1961,1043,1485.7307448387146,562.3039951324463,1151.557373046875,768.6586303710938,25.188423,20.0,-1,21.739368
0,1043,1517.7690749168396,796.2916660308838,1183.595703125,1002.6463012695312,14.575847,18.0,-1,39.142303
4,1043,1297.6882033348083,-62.766530990600586,963.5148315429688,143.58810424804688,13.213773,16.0,-1,23.396635
3,1043,1125.6347975730896,241.17417335510254,791.46142578125,447.52880859375,12.529626,16.0,-1,17.513584
3079,1043,1893.874177455902,51.004404067993164,1559.7008056640625,257.3590393066406,12.431798,10.0,-1,19.340532
11,1043,364.76917791366577,310.2711582183838,30.595806121826172,516.6257934570312,9.9584055,18.0,-1,22.403625
2032,1043,539.7102217674255,-81.53053855895996,205.53684997558594,124.8240966796875,9.732948,16.0,-1,17.810337
2946,1043,1479.6094069480896,927.9566440582275,1145.43603515625,1134.311279296875,8.815055,16.0,-1,0.5520326
1,1043,1564.524568080902,179.1925449371338,1230.3511962890625,385.54718017578125,7.08782,16.0,-1,18.502155
8,1043,1400.052888393402,275.2500400543213,1065.8795166015625,481.60467529296875,6.8053894,16.0,-1,2.7354176
1879,1043,1867.2043776512146,-8.055105209350586,1533.031005859375,198.29953002929688,6.792301,12.0,-1,13.985891
12,1043,1169.025544643402,805.6085605621338,834.8521728515625,1011.9631958007812,5.7078376,16.0,-1,1.3326938
3020,1043,1092.3875441551208,229.73142433166504,758.2141723632812,436.0860595703125,5.182405,20.0,-1,36.78573
2,1043,1614.2256178855896,240.0772190093994,1280.05224609375,446.4318542480469,4.7975516,14.0,-1,14.898293
2779,1043,341.9094190597534,97.21573829650879,7.736047267913818,303.57037353515625,4.0840993,26.0,-1,4.6648545
2281,1043,1768.1887526512146,-50.82889366149902,1434.015380859375,155.52574157714844,3.182902,12.0,-1,13.610307
3191,1043,1608.8213210105896,417.1686191558838,1274.64794921875,623.5232543945312,2.1683524,18.0,-1,0.44146356
2389,1043,1457.0769362449646,209.9301242828369,1122.903564453125,416.2847595214844,1.5790967,10.0,-1,8.022076
3034,1043,574.1774764060974,601.2586460113525,240.0041046142578,807.61328125,0.95443374,20.0,-1,2.24722
2080,1043,579.5632338523865,89.56208229064941,245.38986206054688,295.9167175292969,0.9266572,12.0,-1,4.08302
2986,1043,1544.270661830902,387.20090675354004,1210.0972900390625,593.5555419921875,0.84805197,14.0,-1,5.430372
1961,1044,1483.248200893402,561.3228855133057,1149.0361328125,767.8812866210938,34.400517,22.0,-1,22.079638
1332,1044,630.3347182273865,606.8506565093994,296.1226501464844,813.4090576171875,21.855333,18.0,-1,16.580982
0,1044,1517.7690749168396,796.4254856109619,1183.5570068359375,1002.98388671875,18.410576,18.0,-1,37.63544
3,1044,1128.3012404441833,241.08469581604004,794.0891723632812,447.6430969238281,14.202316,16.0,-1,19.638554
4,1044,1299.4712233543396,-62.82721519470215,965.2591552734375,143.73118591308594,13.680486,16.0,-1,21.348433
3079,1044,1894.0285964012146,51.004404067993164,1559.8165283203125,257.56280517578125,11.133228,10.0,-1,19.094118
11,1044,364.9508490562439,311.1223850250244,30.738780975341797,517.6807861328125,10.155489,16.0,-1,23.108484
2032,1044,538.9924788475037,-82.27052116394043,204.78041076660156,124.28787994384766,9.977307,16.0,-1,17.160772
2946,1044,1478.829988002777,927.7075901031494,1144.617919921875,1134.2659912109375,9.537669,6.0,1,0.16149774
1879,1044,1867.1936354637146,-6.070592880249023,1532.9815673828125,200.48780822753906,9.14573,12.0,-1,13.133054
1,1044,1566.378083705902,178.3922519683838,1232.166015625,384.9506530761719,8.124937,14.0,-1,22.810495
12,1044,1167.817048549652,801.5200901031494,833.60498046875,1008.0784912109375,7.62245,18.0,-1,2.6037037
2,1044,1613.6816725730896,239.7881565093994,1279.4696044921875,446.3465576171875,7.55241,14.0,-1,15.354391
8,1044,1401.201081752777,276.3848056793213,1066.989013671875,482.9432067871094,6.8343024,16.0,-1,2.9454465
3020,1044,1092.5182814598083,229.88880348205566,758.3062133789062,436.44720458984375,4.3429613,20.0,-1,37.60905
2281,1044,1764.589265346527,-47.78146934509277,1430.377197265625,158.7769317626953,4.1051507,12.0,-1,14.633164
3191,1044,1608.8718581199646,418.7600803375244,1274.6597900390625,625.3184814453125,1.9207116,18.0,-1,0.6663265
2389,1044,1457.9187331199646,214.49924659729004,1123.7066650390625,421.0576477050781,1.2712181,14.0,-1,7.420142
3034,1044,572.9876265525818,605.6304416656494,238.7755584716797,812.1888427734375,0.96216893,22.0,-1,2.0322964
2986,1044,1536.896638393402,385.0172824859619,1202.6845703125,591.57568359375,0.57606465,14.0,-1,3.7943938
2080,1044,577.7693037986755,88.42753028869629,243.55723571777344,294.9859313964844,0.49271873,12.0,-1,3.1851542
1961,1045,1482.760896205902,561.7261447906494,1148.4700927734375,768.5468139648438,48.51944,20.0,-1,22.609962
4,1045,1298.3410964012146,-62.8691463470459,964.05029296875,143.95152282714844,25.510567,16.0,-1,20.687784
1332,1045,630.3588881492615,606.8506565093994,296.0680847167969,813.6713256835938,23.400078,20.0,-1,16.804823
0,1045,1517.3735671043396,797.0422458648682,1183.082763671875,1003.8629150390625,17.070011,20.0,-1,41.45726
3,1045,1129.8201613426208,240.92612648010254,795.5293579101562,447.7467956542969,15.300986,16.0,-1,19.334497
2032,1045,540.1207900047302,-82.68753623962402,205.82998657226562,124.13313293457031,12.732368,16.0,-1,18.16162
11,1045,366.3720450401306,311.55188941955566,32.081241607666016,518.37255859375,12.236286,16.0,-1,21.91432
2,1045,1612.3435378074646,240.01294898986816,1278.052734375,446.8336181640625,10.475664,14.0,-1,19.346272
1879,1045,1866.277253627777,-7.145132064819336,1531.9864501953125,199.675537109375,10.033595,12.0,-1,14.530309
8,1045,1402.1094069480896,277.29505348205566,1067.818603515625,484.11572265625,9.151143,16.0,-1,1.3439399
3079,1045,1894.6914381980896,52.54184913635254,1560.400634765625,259.3625183105469,8.763889,10.0,-1,18.054493
2946,1045,1481.887361049652,925.3809909820557,1147.5965576171875,1132.20166015625,8.200122,16.0,-1,0.8872793
1,1045,1564.585114955902,177.8102207183838,1230.2943115234375,384.6308898925781,8.175315,14.0,-1,21.949121
12,1045,1168.1406569480896,796.8695774078369,833.849853515625,1003.6902465820312,6.630192,16.0,-1,1.3017606
2281,1045,1762.5415358543396,-48.965383529663086,1428.250732421875,157.85528564453125,5.028477,10.0,-1,18.558298
3020,1045,1092.5182814598083,228.2523593902588,758.2274780273438,435.0730285644531,3.9300232,20.0,-1,44.80962
3191,1045,1606.710359096527,417.32740211486816,1272.4195556640625,624.1480712890625,2.7023413,16.0,-1,0.86802113
2389,1045,1458.4963698387146,217.31431007385254,1124.20556640625,424.1349792480469,1.8147279,10.0,-1,9.692239
2986,1045,1534.459138393402,385.11438941955566,1200.1683349609375,591.93505859375,1.2131985,10.0,-1,5.039447
3034,1045,576.9257521629333,607.2788181304932,242.63494873046875,814.0994873046875,0.896266,20.0,-1,1.6292922
2080,1045,577.6740279197693,91.27604103088379,243.3832244873047,298.0967102050781,0.6315873,12.0,-1,3.826851
1961,1046,1478.8987441062927,561.4749240875244,1144.723876953125,768.60205078125,43.32011,22.0,-1,23.458088
1332,1046,633.6249709129333,609.0384616851807,299.4501037597656,816.1655883789062,21.28484,18.0,-1,15.949081
0,1046,1517.7439589500427,796.9394626617432,1183.569091796875,1004.0665893554688,19.893358,18.0,-1,41.865814
3,1046,1128.7250380516052,240.37598609924316,794.5501708984375,447.50311279296875,17.147871,16.0,-1,18.968424
4,1046,1296.3123183250427,-64.00975608825684,962.137451171875,143.11737060546875,16.772161,16.0,-1,20.22983
1879,1046,1868.0719618797302,-5.199789047241211,1533.8970947265625,201.92733764648438,13.758125,12.0,-1,14.484275
11,1046,367.51338720321655,311.55188941955566,33.33852005004883,518.6790161132812,11.939355,18.0,-1,23.362404
3079,1046,1896.9609999656677,53.63181495666504,1562.7861328125,260.7589416503906,11.045354,10.0,-1,19.211166
2032,1046,540.1207900047302,-81.78583335876465,205.9459228515625,125.34129333496094,9.83513,16.0,-1,18.008806
2,1046,1612.5781874656677,239.54908180236816,1278.4033203125,446.67620849609375,9.462823,14.0,-1,20.84321
1,1046,1565.3318495750427,177.4877414703369,1231.156982421875,384.6148681640625,8.456736,16.0,-1,24.05052
12,1046,1168.5565810203552,794.2040500640869,834.3817138671875,1001.3311767578125,7.438476,16.0,-1,2.1042542
2946,1046,1484.4245009422302,927.3019504547119,1150.2496337890625,1134.4290771484375,7.4323,16.0,-1,2.4088736
8,1046,1399.5497450828552,278.25950050354004,1065.3748779296875,485.3866271972656,7.410458,16.0,-1,4.0092406
2281,1046,1760.3480849266052,-50.39681053161621,1426.1732177734375,156.73031616210938,4.3298507,10.0,-1,16.844404
3020,1046,1091.019654750824,230.2091770172119,756.8447875976562,437.3363037109375,4.2967887,18.0,-1,48.46075
3191,1046,1605.9164443016052,415.76478004455566,1271.7415771484375,622.8919067382812,2.845111,16.0,-1,0.023702502
3034,1046,577.9513564109802,609.7162570953369,243.7764892578125,816.8433837890625,1.1129401,22.0,-1,1.3971355
2986,1046,1530.8347792625427,388.77051734924316,1196.659912109375,595.8976440429688,0.7563982,12.0,-1,5.0806317
2080,1046,576.8503127098083,93.85227394104004,242.67544555664062,300.9794006347656,0.6933003,10.0,-1,4.4466553
2389,1046,1457.7815566062927,215.1461887359619,1123.606689453125,422.2733154296875,0.64481854,12.0,-1,7.709235
1961,1047,1477.8414931297302,563.2602024078369,1142.1375732421875,770.9144897460938,45.84259,22.0,-1,24.288387
0,1047,1517.1154189109802,796.9806003570557,1181.4114990234375,1004.6348876953125,19.788145,20.0,-1,40.681988
1332,1047,637.2673048973083,609.1372776031494,301.5633850097656,816.7915649414062,18.601982,18.0,-1,15.795374
4,1047,1295.861451625824,-62.037343978881836,960.1575317382812,145.616943359375,18.430986,16.0,-1,18.598728
3,1047,1130.0559096336365,237.58338356018066,794.3519897460938,445.2376708984375,15.307082,16.0,-1,19.454319
11,1047,368.41739797592163,310.7877902984619,32.713478088378906,518.4420776367188,12.7020645,16.0,-1,22.50381
2032,1047,538.2731795310974,-84.75960350036621,202.5692596435547,122.89468383789062,12.094566,18.0,-1,18.110645
2946,1047,1483.6120009422302,928.7888278961182,1147.9080810546875,1136.443115234375,11.174113,14.0,-1,2.3270235
3079,1047,1898.7101454734802,52.460519790649414,1563.0062255859375,260.11480712890625,10.319793,10.0,-1,19.85021
1879,1047,1871.0552382469177,-6.181783676147461,1535.351318359375,201.47250366210938,10.312668,12.0,-1,14.092744
1,1047,1567.7734999656677,179.7341709136963,1232.069580078125,387.3884582519531,9.74255,16.0,-1,23.346357
12,1047,1170.9719862937927,794.2040500640869,835.26806640625,1001.8583374023438,7.3503633,16.0,-1,1.8483462
8,1047,1399.0339980125427,277.30637550354004,1063.330078125,484.9606628417969,7.010334,14.0,-1,3.883338
2,1047,1612.3311171531677,241.28186988830566,1276.627197265625,448.9361572265625,6.941197,14.0,-1,21.228909
3020,1047,1092.0927748680115,224.93860816955566,756.3888549804688,432.5928955078125,5.077207,18.0,-1,44.730698
2281,1047,1759.4961562156677,-50.22688865661621,1423.792236328125,157.42739868164062,4.7638116,10.0,-1,17.033306
3191,1047,1603.6030898094177,414.1793918609619,1267.899169921875,621.8336791992188,3.4716861,18.0,-1,0.6383886
3034,1047,581.0922865867615,608.6319065093994,245.38836669921875,816.2861938476562,1.4107679,20.0,-1,2.031186
2389,1047,1457.7815566062927,212.6214084625244,1122.07763671875,420.27569580078125,1.00849,12.0,-1,7.6815667
2080,1047,575.8929762840271,94.39682960510254,240.18905639648438,302.0511169433594,0.899863,10.0,-1,3.907988
2986,1047,1532.4533095359802,389.9646701812744,1196.7493896484375,597.6189575195312,0.7819558,14.0,-1,5.0566006
1961,1048,1478.5525527000427,567.0632419586182,1142.5740966796875,774.4315795898438,50.669353,22.0,-1,23.570053
1332,1048,634.7501845359802,612.4264621734619,298.771728515625,819.7947998046875,19.3945,18.0,-1,15.303869
3,1048,1131.7388319969177,236.2392063140869,795.7603759765625,443.6075439453125,16.762672,16.0,-1,20.08865
4,1048,1295.587281703949,-62.11350059509277,959.6088256835938,145.2548370361328,13.766479,16.0,-1,22.150612
0,1048,1517.2615370750427,797.3372898101807,1181.2830810546875,1004.7056274414062,12.734601,20.0,-1,41.642292
3079,1048,1897.1780409812927,51.72623634338379,1561.1995849609375,259.0945739746094,12.544797,10.0,-1,19.997725
1879,1048,1871.3707900047302,-9.043935775756836,1535.392333984375,198.32440185546875,10.855247,12.0,-1,13.910587
2946,1048,1481.4878554344177,930.9740695953369,1145.5093994140625,1138.3424072265625,10.48747,14.0,-1,1.290874
11,1048,369.86894369125366,311.7522678375244,33.89048767089844,519.12060546875,10.335938,18.0,-1,23.3059
2032,1048,537.5594801902771,-86.6139965057373,201.58102416992188,120.75434112548828,10.113011,18.0,-1,19.279558
1,1048,1569.3793349266052,179.4910068511963,1233.40087890625,386.8593444824219,5.872059,16.0,-1,25.883995
8,1048,1396.2611708641052,281.6951389312744,1060.28271484375,489.0634765625,5.86248,16.0,-1,4.8627944
2,1048,1609.5369277000427,243.5743808746338,1273.5584716796875,450.9427185058594,5.812923,16.0,-1,13.9380455
2281,1048,1759.4961562156677,-52.3441219329834,1423.5177001953125,155.0242156982422,5.702168,10.0,-1,17.27944
3020,1048,1094.3956923484802,224.7654209136963,758.417236328125,432.1337585449219,5.333622,20.0,-1,45.331112
12,1048,1170.0912489891052,793.6341037750244,834.11279296875,1001.00244140625,5.2704043,16.0,-1,2.4367547
3191,1048,1609.1306777000427,413.45911598205566,1273.1522216796875,620.8274536132812,3.4089632,18.0,-1,1.0638661
2389,1048,1453.5296034812927,214.49595069885254,1117.5511474609375,421.8642883300781,1.3868331,12.0,-1,7.1110015
2986,1048,1530.6935439109802,390.64283180236816,1194.715087890625,598.0111694335938,0.8239755,12.0,-1,4.099819
2080,1048,576.3977370262146,97.04447364807129,240.41928100585938,304.4128112792969,0.7141916,16.0,-1,4.5861382
3034,1048,582.5112929344177,608.6319065093994,246.5328369140625,816.000244140625,0.7097166,22.0,-1,1.1818664
1961,1049,1478.7061171531677,566.0074558258057,1142.4423828125,773.8994750976562,66.20272,22.0,-1,23.438065
1332,1049,636.0061354637146,611.0141086578369,299.7424011230469,818.9061279296875,24.644442,18.0,-1,15.785231
0,1049,1519.4036269187927,798.1648044586182,1183.139892578125,1006.0568237304688,17.53964,20.0,-1,41.278103
11,1049,368.54548025131226,311.6655979156494,32.28174591064453,519.5576171875,15.167886,16.0,-1,22.41615
3,1049,1130.6890273094177,235.63181495666504,794.42529296875,443.5238342285156,14.396117,16.0,-1,18.241976
1879,1049,1873.8384413719177,-8.553548812866211,1537.57470703125,199.33847045898438,13.067412,12.0,-1,14.6233635
4,1049,1295.587281703949,-61.407094955444336,959.3235473632812,146.48492431640625,13.018992,16.0,-1,22.52972
3079,1049,1897.8114638328552,52.323862075805664,1561.5477294921875,260.21588134765625,12.088082,10.0,-1,21.160273
2032,1049,537.9728865623474,-89.74840354919434,201.7091522216797,118.14361572265625,10.352265,18.0,-1,18.67579
2946,1049,1481.7417616844177,930.9740695953369,1145.47802734375,1138.8660888671875,7.779724,14.0,-1,2.5336623
2,1049,1612.1110243797302,244.59494972229004,1275.8472900390625,452.4869689941406,6.8323073,14.0,-1,19.306967
1,1049,1569.0475478172302,179.26783180236816,1232.7838134765625,387.15985107421875,6.4330354,16.0,-1,23.643639
8,1049,1396.2125868797302,279.55823707580566,1059.9488525390625,487.45025634765625,5.1672363,16.0,-1,4.617903
12,1049,1170.0249037742615,794.3209323883057,833.7611694335938,1002.2129516601562,5.0911813,16.0,-1,1.4475399
3020,1049,1094.095338344574,223.7677402496338,757.8316040039062,431.6597595214844,5.084759,20.0,-1,48.88629
3191,1049,1610.7842421531677,410.93897438049316,1274.5205078125,618.8309936523438,4.1386266,18.0,-1,0.71817374
2281,1049,1760.3226943016052,-51.50527000427246,1424.0589599609375,156.38674926757812,3.522767,10.0,-1,19.138422
2389,1049,1448.5601210594177,214.72107887268066,1112.29638671875,422.61309814453125,2.114293,10.0,-1,10.3118515
3034,1049,582.0108199119568,608.8937473297119,245.74708557128906,816.7857666015625,1.8839914,20.0,-1,2.0625672
2986,1049,1528.1913466453552,389.1990451812744,1191.9276123046875,597.091064453125,0.9754049,12.0,-1,5.333526
2080,1049,576.1800856590271,100.18586158752441,239.91635131835938,308.077880859375,0.8233326,12.0,-1,4.4527373
1961,1050,1477.0221571922302,566.0074558258057,1140.1060791015625,774.3216552734375,72.31968,24.0,-1,22.808054
4,1050,1294.8496718406677,-60.294118881225586,957.93359375,148.02008056640625,23.516653,16.0,-1,21.320751
1332,1050,636.7193312644958,611.3955173492432,299.8032531738281,819.709716796875,22.354586,20.0,-1,16.405254
0,1050,1520.6452040672302,797.5737400054932,1183.7291259765625,1005.887939453125,15.973058,20.0,-1,40.918427
3,1050,1130.6890273094177,236.3207187652588,793.77294921875,444.6349182128906,13.931548,16.0,-1,17.780615
2032,1050,537.0240340232849,-91.71307182312012,200.1079559326172,116.60112762451172,13.338445,18.0,-1,17.828653
11,1050,370.4836325645447,311.8474826812744,33.56755447387695,520.1616821289062,13.250262,18.0,-1,23.233442
1,1050,1566.9245009422302,179.6733798980713,1230.0084228515625,387.9875793457031,11.245719,16.0,-1,24.643204
3079,1050,1895.7921767234802,50.630319595336914,1558.8760986328125,258.94451904296875,8.674605,10.0,-1,18.962818
1879,1050,1875.8739638328552,-8.730642318725586,1538.9578857421875,199.58355712890625,8.447488,12.0,-1,14.201255
2,1050,1613.0856337547302,245.7583713531494,1276.1695556640625,454.07257080078125,8.404315,14.0,-1,14.645068
8,1050,1397.0160536766052,276.76844215393066,1060.0999755859375,485.0826416015625,7.417969,16.0,-1,2.686592
2946,1050,1480.8980116844177,932.2920017242432,1143.98193359375,1140.606201171875,5.877245,14.0,-1,5.56871
12,1050,1169.1449599266052,795.6009616851807,832.2288818359375,1003.9151611328125,5.3324246,16.0,-1,2.0710282
2281,1050,1763.5597548484802,-54.35297203063965,1426.6436767578125,153.9612274169922,4.9712157,10.0,-1,19.948008
3020,1050,1093.6645522117615,222.1632480621338,756.7484741210938,430.4774475097656,4.132496,18.0,-1,47.453182
3191,1050,1612.2924208641052,408.1474094390869,1275.3763427734375,616.4616088867188,3.0490494,18.0,-1,0.3573836
2389,1050,1449.2035536766052,213.00440406799316,1112.2874755859375,421.318603515625,1.7390274,12.0,-1,11.078968
3034,1050,581.2725539207458,604.5814914703369,244.35647583007812,812.8956909179688,1.7258738,20.0,-1,1.7823755
2986,1050,1527.4340224266052,390.70997047424316,1190.5179443359375,599.024169921875,1.2095351,12.0,-1,5.04238
2080,1050,577.0936751365662,101.45047950744629,240.17759704589844,309.7646789550781,0.549586,28.0,-1,4.231045
1961,1051,1476.5006728172302,565.5430393218994,1138.3184814453125,774.6555786132812,53.717434,24.0,-1,23.338518
1332,1051,635.2583632469177,612.4496555328369,297.076171875,821.5621948242188,25.849154,18.0,-1,15.487402
0,1051,1522.5012831687927,797.5737400054932,1184.319091796875,1006.686279296875,19.550814,20.0,-1,41.026974
1,1051,1566.2847304344177,180.8019504547119,1228.1025390625,389.91448974609375,14.18013,16.0,-1,24.70082
11,1051,370.5602126121521,309.3284397125244,32.378021240234375,518.4409790039062,13.717881,16.0,-1,22.591185
3,1051,1130.4319472312927,234.8980197906494,792.249755859375,444.01055908203125,12.650018,16.0,-1,18.935314
2032,1051,537.7659010887146,-90.93453788757324,199.58370971679688,118.1780014038086,11.223019,16.0,-1,17.840046
4,1051,1297.229127407074,-60.78171348571777,959.0469360351562,148.33082580566406,10.25467,16.0,-1,23.120327
1879,1051,1878.7776503562927,-11.086004257202148,1540.595458984375,198.0265350341797,8.930371,12.0,-1,14.395958
3079,1051,1895.6714491844177,49.18595314025879,1557.4892578125,258.2984924316406,7.9007573,10.0,-1,15.468133
8,1051,1396.4552626609802,276.9410800933838,1058.2730712890625,486.0536193847656,7.6089807,16.0,-1,3.3831377
2,1051,1613.8568739891052,244.4099521636963,1275.6746826171875,453.5224914550781,7.5579457,14.0,-1,14.951513
2281,1051,1765.4120497703552,-58.04524803161621,1427.2298583984375,151.06729125976562,4.6786366,10.0,-1,20.598614
2946,1051,1479.0746474266052,935.4736423492432,1140.8924560546875,1144.586181640625,4.6450667,14.0,-1,6.2827873
12,1051,1167.5377821922302,797.1895236968994,829.3555908203125,1006.3020629882812,4.2625995,16.0,-1,2.540407
3191,1051,1616.4049696922302,408.9361057281494,1278.2227783203125,618.0486450195312,3.477031,18.0,-1,1.1034278
3020,1051,1093.827271938324,223.56907081604004,755.6450805664062,432.6816101074219,2.6814573,20.0,-1,44.833633
2389,1051,1449.2035536766052,211.1322422027588,1111.0213623046875,420.2447814941406,1.6847862,10.0,-1,12.770533
2986,1051,1528.1906142234802,389.1765842437744,1190.0084228515625,598.2891235351562,0.86444134,12.0,-1,4.9444227
3034,1051,577.2273573875427,605.0054416656494,239.045166015625,814.1179809570312,0.7922792,20.0,-1,1.1664329
2080,1051,576.3012709617615,103.70371437072754,238.11907958984375,312.8162536621094,0.519953,12.0,-1,3.4688623
1961,1052,1475.8358778953552,562.3162021636963,1136.427001953125,772.4950561523438,39.752148,22.0,-1,22.797626
3,1052,1129.4207167625427,233.23230934143066,790.0118408203125,443.4111633300781,22.854584,16.0,-1,20.224306
1332,1052,635.0452284812927,611.2959995269775,295.6363525390625,821.474853515625,20.168291,20.0,-1,15.870089
4,1052,1299.6313490867615,-60.397268295288086,960.2224731445312,149.78158569335938,17.418013,16.0,-1,20.992521
0,1052,1523.4597792625427,797.4644565582275,1184.0509033203125,1007.643310546875,15.688621,20.0,-1,41.22039
11,1052,370.67708349227905,309.31101417541504,31.268207550048828,519.4898681640625,11.341571,16.0,-1,22.858788
1,1052,1568.4988417625427,181.3754367828369,1229.0899658203125,391.5542907714844,10.736264,16.0,-1,28.069727
3079,1052,1897.3682265281677,49.18595314025879,1557.9593505859375,259.36480712890625,10.113656,10.0,-1,16.873638
2032,1052,538.5915694236755,-93.62111473083496,199.1826934814453,116.5577392578125,9.962013,16.0,-1,18.79725
1879,1052,1879.5692763328552,-9.878423690795898,1540.160400390625,200.30043029785156,9.08076,12.0,-1,14.091
8,1052,1396.9713759422302,275.5629367828369,1057.5625,485.7417907714844,8.806375,16.0,-1,1.4410032
2,1052,1613.6173720359802,244.68528175354004,1274.20849609375,454.8641357421875,7.287533,14.0,-1,15.132184
12,1052,1166.240602016449,792.5327548980713,826.8317260742188,1002.7116088867188,6.0141253,6.0,1,0.3651204
2281,1052,1767.0047011375427,-56.32272911071777,1427.5958251953125,153.8561248779297,5.282144,10.0,-1,22.075304
2946,1052,1477.1277480125427,934.555154800415,1137.7188720703125,1144.7340087890625,4.9388127,14.0,-1,7.9509435
3020,1052,1093.7023940086365,226.0687656402588,754.2935180664062,436.24761962890625,2.7902067,20.0,-1,40.61711
3191,1052,1618.0160536766052,411.0275058746338,1278.607177734375,621.2063598632812,2.588546,18.0,-1,0.49989593
2389,1052,1448.8966689109802,207.7970371246338,1109.48779296875,417.97589111328125,1.2535878,10.0,-1,12.757234
3034,1052,575.7273116111755,607.52805519104,236.3184356689453,817.7069091796875,1.2358491,18.0,-1,0.8891535
2986,1052,1528.1906142234802,390.80356788635254,1188.78173828125,600.982421875,0.6879437,14.0,-1,5.4622216
2080,1052,573.8295454978943,105.66108131408691,234.42066955566406,315.8399353027344,0.68304044,10.0,-1,4.0319204
1961,1053,1475.5852522850037,562.012414932251,1135.6856689453125,772.276123046875,55.5024,22.0,-1,22.10857
3,1053,1129.3224959373474,232.61849403381348,789.4229125976562,442.8822021484375,17.43821,16.0,-1,20.407635
1332,1053,634.9699263572693,613.5069217681885,295.0703430175781,823.7706298828125,17.370136,20.0,-1,16.519167
0,1053,1524.2109847068787,797.3194828033447,1184.3114013671875,1007.5831909179688,17.04958,20.0,-1,41.038868
4,1053,1301.9744124412537,-60.55649375915527,962.0748291015625,149.70721435546875,10.621356,16.0,-1,20.837532
11,1053,371.02625799179077,307.8813724517822,31.12667465209961,518.1450805664062,10.575406,16.0,-1,22.45885
2032,1053,538.028687953949,-93.40872001647949,198.1291046142578,116.85498809814453,10.255187,16.0,-1,18.200863
1,1053,1570.4763655662537,181.52041053771973,1230.5767822265625,391.78411865234375,9.558734,16.0,-1,26.000736
1879,1053,1881.6177229881287,-10.375295639038086,1541.7181396484375,199.88841247558594,9.31508,12.0,-1,12.477996
3079,1053,1897.5685286521912,46.56575965881348,1557.6689453125,256.8294677734375,7.941677,10.0,-1,18.387997
8,1053,1397.8273177146912,276.7806339263916,1057.927734375,487.0443420410156,7.0612826,16.0,-1,3.7137837
12,1053,1165.8408064842224,792.795129776001,825.9412231445312,1003.058837890625,6.0453396,16.0,-1,0.6490596
2,1053,1613.0041975975037,245.94143104553223,1273.1046142578125,456.20513916015625,5.978518,14.0,-1,12.65163
2946,1053,1477.2030501365662,932.104211807251,1137.303466796875,1142.367919921875,5.2412486,12.0,-1,11.7084675
2281,1053,1766.2184309959412,-56.83943748474121,1426.31884765625,153.4242706298828,4.130379,10.0,-1,17.623451
2389,1053,1447.4890608787537,205.72100257873535,1107.5894775390625,415.9847106933594,2.4450371,10.0,-1,12.935674
3034,1053,573.5851912498474,609.6635990142822,233.68560791015625,819.9273071289062,1.494833,18.0,-1,1.6340014
3191,1053,1618.9962630271912,412.8030643463135,1279.0966796875,623.0667724609375,1.4773415,18.0,-1,0.5276178
2986,1053,1527.4790511131287,393.4219608306885,1187.5794677734375,603.6856689453125,1.0096704,14.0,-1,5.059108
2080,1053,575.274796962738,108.54982948303223,235.37521362304688,318.81353759765625,0.57716805,12.0,-1,4.0375957
1961,1054,1475.2776312828064,561.481164932251,1135.0728759765625,771.4393920898438,42.32938,24.0,-1,21.187757
1332,1054,633.909619808197,614.8009281158447,293.7048645019531,824.7591552734375,23.727486,20.0,-1,17.127066
3,1054,1126.137128353119,234.99602699279785,785.932373046875,444.9542541503906,22.3031,16.0,-1,19.126408
2032,1054,538.1309332847595,-94.65541648864746,197.92617797851562,115.30281066894531,17.168617,16.0,-1,18.783672
4,1054,1303.7983222007751,-58.63142967224121,963.5935668945312,151.32679748535156,14.4038315,16.0,-1,23.11272
11,1054,370.9240126609802,307.1989994049072,30.719257354736328,517.1572265625,13.883607,18.0,-1,22.676126
0,1054,1525.522382259369,797.653284072876,1185.317626953125,1007.6115112304688,13.619681,20.0,-1,41.743103
12,1054,1166.2219672203064,792.4613285064697,826.0172119140625,1002.4195556640625,13.187516,8.0,1,1.029444
3079,1054,1898.4250922203064,45.96048927307129,1558.2203369140625,255.91871643066406,11.812413,10.0,-1,20.146975
1,1054,1571.284345149994,180.57036781311035,1231.07958984375,390.5285949707031,9.995168,16.0,-1,26.055815
8,1054,1398.695722103119,278.69500160217285,1058.490966796875,488.6532287597656,9.212668,16.0,-1,1.7097324
1879,1054,1880.258710384369,-11.389715194702148,1540.053955078125,198.56851196289062,8.7708025,12.0,-1,13.508861
2,1054,1612.2104926109314,245.34847450256348,1272.0057373046875,455.30670166015625,7.7788444,14.0,-1,17.157413
2946,1054,1477.4131293296814,933.1781253814697,1137.2083740234375,1143.1363525390625,5.647255,12.0,-1,12.434413
2281,1054,1768.0059027671814,-59.28827476501465,1427.8011474609375,150.66995239257812,4.0479994,10.0,-1,16.93882
3191,1054,1614.504315853119,414.3478031158447,1274.299560546875,624.3060302734375,2.2287657,18.0,-1,0.51840353
2389,1054,1445.625165462494,203.37212562561035,1105.42041015625,413.3303527832031,1.8138833,10.0,-1,10.369542
2986,1054,1524.6267523765564,397.391321182251,1184.4219970703125,607.3495483398438,0.8502404,14.0,-1,4.9137087
3034,1054,569.5591559410095,611.6932621002197,229.35440063476562,821.6514892578125,0.64611286,22.0,-1,0.40975258
2080,1054,576.3340888023376,110.46941566467285,236.12933349609375,320.4276428222656,0.5891214,14.0,-1,4.859706
1961,1055,1475.1143927574158,561.4353580474854,1134.7454833984375,772.056884765625,25.582266,24.0,-1,21.18003
1332,1055,634.0927863121033,611.4668521881104,293.723876953125,822.08837890625,21.423477,20.0,-1,16.178183
3,1055,1126.486768245697,236.27053260803223,786.1178588867188,446.8920593261719,18.828058,16.0,-1,19.851294
0,1055,1524.4821906089783,796.9222354888916,1184.11328125,1007.5437622070312,16.137999,20.0,-1,39.86209
4,1055,1303.9615607261658,-60.403860092163086,963.5926513671875,150.21766662597656,15.321785,16.0,-1,24.78864
12,1055,1164.2522101402283,793.4694156646729,823.88330078125,1004.0909423828125,13.702164,16.0,-1,3.1539938
11,1055,371.5482745170593,307.19317054748535,31.179365158081055,517.814697265625,13.499543,16.0,-1,22.342224
2032,1055,537.8348670005798,-94.39140892028809,197.46595764160156,116.23011779785156,13.235452,18.0,-1,19.880648
1,1055,1572.5235724449158,181.3376407623291,1232.1546630859375,391.95916748046875,10.4646845,16.0,-1,25.691046
1879,1055,1878.7348761558533,-11.087224960327148,1538.365966796875,199.5343017578125,10.121304,12.0,-1,12.40257
8,1055,1399.6296515464783,277.54717445373535,1059.2607421875,488.168701171875,7.766703,16.0,-1,1.2142501
2,1055,1612.4434943199158,246.11150550842285,1272.0745849609375,456.7330322265625,6.6287656,16.0,-1,15.162747
3079,1055,1897.2667365074158,46.43975257873535,1556.8978271484375,257.061279296875,6.573416,10.0,-1,18.548233
2946,1055,1478.1617560386658,933.3812808990479,1137.7928466796875,1144.0028076171875,6.023211,12.0,-1,13.087806
2281,1055,1766.2861456871033,-59.32314109802246,1425.917236328125,151.2983856201172,3.3467853,12.0,-1,14.783595
3191,1055,1607.7426886558533,411.50322914123535,1267.373779296875,622.124755859375,2.0094702,20.0,-1,0.869892
3034,1055,564.0518164634705,611.3491764068604,223.6829071044922,821.970703125,1.2496549,18.0,-1,0.61753285
2986,1055,1524.9795050621033,397.7535343170166,1184.610595703125,608.3750610351562,1.0341498,14.0,-1,4.8901167
2389,1055,1446.1497931480408,200.0450382232666,1105.7808837890625,410.66656494140625,0.87097234,12.0,-1,9.808225
2080,1055,574.4671149253845,110.47524452209473,234.09820556640625,321.0967712402344,0.67925024,10.0,-1,4.140287
1961,1056,1476.3426032066345,559.8289432525635,1135.409912109375,770.6509399414062,42.761158,24.0,-1,19.770947
0,1056,1525.0645270347595,797.1372928619385,1184.1318359375,1007.9592895507812,19.87942,18.0,-1,40.91047
1332,1056,634.3145270347595,610.1729373931885,293.3818359375,820.9949340820312,17.67536,18.0,-1,14.484951
4,1056,1304.914502620697,-58.70169639587402,963.9818115234375,152.12030029296875,16.954622,16.0,-1,22.268133
3,1056,1126.369824886322,235.35213661193848,785.4371337890625,446.17413330078125,16.396997,16.0,-1,19.228466
11,1056,373.29601430892944,307.0977420806885,32.36332321166992,517.9197387695312,15.662251,16.0,-1,22.791594
2032,1056,536.4883093833923,-93.78082084655762,195.5556182861328,117.04117584228516,13.298106,16.0,-1,18.042978
3079,1056,1897.001172542572,45.1367130279541,1556.0684814453125,255.95870971679688,12.945939,10.0,-1,20.334614
1,1056,1572.3306403160095,181.73305702209473,1231.39794921875,392.5550537109375,12.3775015,16.0,-1,27.837852
12,1056,1163.954053401947,792.6300296783447,823.0213623046875,1003.4520263671875,10.863109,16.0,-1,1.795816
1879,1056,1879.961133480072,-9.316213607788086,1539.0284423828125,201.5057830810547,8.069106,12.0,-1,12.912846
2,1056,1613.076856136322,245.71175575256348,1272.1441650390625,456.53375244140625,7.2012653,16.0,-1,16.762695
8,1056,1399.530713558197,277.8857364654541,1058.5980224609375,488.7077331542969,6.951425,16.0,-1,0.5946082
2946,1056,1478.6338629722595,932.8647708892822,1137.701171875,1143.686767578125,6.8259087,12.0,-1,12.354785
2281,1056,1766.3850836753845,-61.832326889038086,1425.452392578125,148.9896697998047,4.704784,10.0,-1,13.908222
3191,1056,1607.5672125816345,410.531702041626,1266.634521484375,621.3536987304688,3.1302102,20.0,-1,1.6478059
2389,1056,1444.5843024253845,202.09246253967285,1103.651611328125,412.9144592285156,1.4606042,10.0,-1,11.167014
3034,1056,561.9880805015564,612.5161380767822,221.05538940429688,823.338134765625,0.85718435,22.0,-1,1.1169236
2986,1056,1527.0015387535095,400.433069229126,1186.06884765625,611.2550659179688,0.78410745,16.0,-1,4.435761
2080,1056,570.8526740074158,110.5706729888916,229.91998291015625,321.3926696777344,0.50763935,12.0,-1,3.886939
1961,1057,1473.393262386322,558.0558567047119,1132.560546875,768.6967163085938,31.661179,26.0,-1,19.728817
0,1057,1525.279736995697,797.2910251617432,1184.447021484375,1007.931884765625,19.844324,20.0,-1,40.322124
3,1057,1128.3101935386658,234.59656715393066,787.4774780273438,445.2374267578125,18.23721,16.0,-1,19.27513
2032,1057,534.9442420005798,-94.36716270446777,194.1115264892578,116.27369689941406,16.419987,16.0,-1,18.576628
1332,1057,632.7281928062439,610.5893650054932,291.8954772949219,821.230224609375,15.131576,18.0,-1,15.166862
4,1057,1302.4380621910095,-58.25180625915527,961.6053466796875,152.38905334472656,14.406398,16.0,-1,22.993729
11,1057,374.75187826156616,306.0834445953369,33.91916275024414,516.7243041992188,13.415046,16.0,-1,22.765394
3079,1057,1896.7859625816345,47.05741310119629,1555.9532470703125,257.6982727050781,13.215549,10.0,-1,19.561068
1879,1057,1880.448438167572,-10.833486557006836,1539.61572265625,199.807373046875,12.146895,12.0,-1,12.280981
1,1057,1571.591748714447,183.4455966949463,1230.759033203125,394.0864562988281,12.040166,16.0,-1,26.92862
8,1057,1398.3157477378845,277.5185031890869,1057.4830322265625,488.15936279296875,9.394537,16.0,-1,2.6956868
12,1057,1164.960401058197,791.6954441070557,824.127685546875,1002.3363037109375,8.465989,16.0,-1,2.4484472
2281,1057,1766.6297125816345,-63.133108139038086,1425.7969970703125,147.50775146484375,7.2732263,10.0,-1,17.991232
2946,1057,1480.1555914878845,931.6367282867432,1139.3228759765625,1142.277587890625,6.095438,12.0,-1,13.060606
2,1057,1614.3328375816345,245.5580234527588,1273.5001220703125,456.1988830566406,6.0794315,16.0,-1,17.453495
2389,1057,1443.879102230072,202.35007667541504,1103.04638671875,412.9909362792969,2.1199749,10.0,-1,10.353532
3191,1057,1608.223828792572,412.92652320861816,1267.39111328125,623.5673828125,2.019099,22.0,-1,1.512944
2080,1057,570.6058630943298,112.15433692932129,229.7731475830078,322.7951965332031,0.82246894,16.0,-1,4.439888
2986,1057,1528.2361578941345,401.8634738922119,1187.4034423828125,612.5043334960938,0.7410342,12.0,-1,4.6593256
3034,1057,555.9277472496033,612.9413547515869,215.09503173828125,823.5822143554688,0.65830106,22.0,-1,1.6007414
1961,1058,1470.7474493980408,556.3139972686768,1129.48046875,767.2539672851562,31.151323,26.0,-1,19.452385
0,1058,1524.0693488121033,797.1672687530518,1182.8023681640625,1008.1072387695312,26.63652,20.0,-1,38.772392
1332,1058,632.5325446128845,609.3696002960205,291.26556396484375,820.3095703125,15.438922,18.0,-1,14.579787
4,1058,1301.7673468589783,-58.22604179382324,960.5003662109375,152.71392822265625,14.702877,16.0,-1,25.525352
1,1058,1570.9592413902283,184.37759590148926,1229.6922607421875,395.31756591796875,13.916073,18.0,-1,27.153648
3079,1058,1896.6265997886658,47.03164863586426,1555.359619140625,257.97161865234375,13.035594,10.0,-1,20.106012
3,1058,1127.9289679527283,233.17422676086426,786.6619873046875,444.11419677734375,12.894172,16.0,-1,18.513672
2032,1058,533.9991431236267,-94.33690452575684,192.73216247558594,116.60306549072266,11.607598,16.0,-1,17.535713
11,1058,376.0465941429138,305.2944049835205,34.77961349487305,516.234375,9.731542,18.0,-1,23.020422
1879,1058,1881.6510138511658,-9.97334098815918,1540.384033203125,200.9666290283203,9.164131,12.0,-1,13.491754
12,1058,1166.9622321128845,789.186861038208,825.6952514648438,1000.1268310546875,8.751977,6.0,1,0.31562704
8,1058,1398.4751105308533,274.9374713897705,1057.2081298828125,485.87744140625,8.010663,14.0,-1,3.4662142
2,1058,1614.6240363121033,245.43554878234863,1273.3570556640625,456.3755187988281,6.1133175,16.0,-1,15.548143
2281,1058,1767.7656378746033,-66.28417778015137,1426.4986572265625,144.65579223632812,4.555162,10.0,-1,17.309278
2946,1058,1483.4748663902283,932.174654006958,1142.2078857421875,1143.1146240234375,3.9903877,12.0,-1,10.688149
3191,1058,1605.0400519371033,418.33218574523926,1263.7730712890625,629.2721557617188,3.091856,18.0,-1,0.87683344
2389,1058,1444.7247443199158,202.568208694458,1103.457763671875,413.5081787109375,1.4242315,10.0,-1,10.093106
3034,1058,551.3267188072205,615.2359943389893,210.0597381591797,826.1759643554688,1.0947107,20.0,-1,1.6183236
2986,1058,1529.1839728355408,405.15762519836426,1187.9169921875,616.0975952148438,0.6377482,16.0,-1,3.9414208
2080,1058,572.8185858726501,112.69806098937988,231.55160522460938,323.6380310058594,0.49111667,12.0,-1,4.222519
1961,1059,1471.865170955658,557.9786243438721,1129.88330078125,769.7393188476562,25.135622,26.0,-1,17.116219
1332,1059,634.7544531822205,609.9120349884033,292.7725830078125,821.6727294921875,24.314383,18.0,-1,14.798716
0,1059,1524.0940527915955,796.3589344024658,1182.1121826171875,1008.11962890625,16.86151,20.0,-1,40.844086
3,1059,1129.5899024009705,233.26829719543457,787.6080322265625,445.02899169921875,16.048143,16.0,-1,21.33873
4,1059,1300.9267554283142,-58.54903984069824,958.9448852539062,153.21165466308594,14.938789,16.0,-1,24.903645
1,1059,1570.3984961509705,184.54197883605957,1228.4166259765625,396.30267333984375,13.465991,18.0,-1,26.343176
11,1059,377.4760642051697,302.7803211212158,35.49419403076172,514.541015625,13.257565,18.0,-1,22.444454
2032,1059,538.0582098960876,-93.70625877380371,196.0763397216797,118.05443572998047,11.84652,16.0,-1,18.068829
1879,1059,1881.073178768158,-8.531980514526367,1539.09130859375,203.2287139892578,11.791252,14.0,-1,11.549416
8,1059,1397.692075252533,274.7125720977783,1055.710205078125,486.4732666015625,11.34172,16.0,-1,3.2544034
3079,1059,1895.418637752533,46.42387580871582,1553.436767578125,258.1845703125,9.824074,10.0,-1,19.111755
2,1059,1617.5598731040955,245.34147834777832,1275.5780029296875,457.1021728515625,9.037578,16.0,-1,13.803081
12,1059,1167.5561499595642,787.7117786407471,825.5742797851562,999.4724731445312,6.7504463,16.0,-1,1.3346438
2946,1059,1483.408872127533,931.9241199493408,1141.427001953125,1143.684814453125,5.7690086,12.0,-1,9.614321
2281,1059,1766.1670508384705,-66.84594535827637,1424.1851806640625,144.9147491455078,4.924528,10.0,-1,19.154247
3191,1059,1605.6858496665955,417.96922492980957,1263.7039794921875,629.7299194335938,3.0208263,20.0,-1,1.184962
2389,1059,1444.9260840415955,203.77269172668457,1102.9442138671875,415.53338623046875,1.6248741,10.0,-1,9.186585
3034,1059,551.3020148277283,616.6371936798096,209.3201446533203,828.3978881835938,0.89365095,22.0,-1,1.3373694
2986,1059,1527.4956641197205,406.74693489074707,1185.5137939453125,618.5076293945312,0.81320715,14.0,-1,4.7313356
2080,1059,572.158399105072,114.2465991973877,230.17652893066406,326.0072937011719,0.7198791,10.0,-1,3.8264
1961,1060,1472.0452857017517,558.4685535430908,1129.424072265625,770.7841796875,22.578543,26.0,-1,17.235435
0,1060,1524.1910376548767,796.2845325469971,1181.56982421875,1008.6001586914062,17.637827,20.0,-1,42.41498
4,1060,1300.257993221283,-58.613996505737305,957.6367797851562,153.70162963867188,15.629773,18.0,-1,27.064827
1332,1060,633.9250769615173,605.8750476837158,291.3038635253906,818.190673828125,13.418555,20.0,-1,14.087385
2032,1060,537.1750464439392,-92.28987693786621,194.5538330078125,120.02574920654297,13.366551,16.0,-1,18.000238
3,1060,1130.6312232017517,233.34810066223145,788.010009765625,445.6637268066406,13.083941,16.0,-1,18.707783
1,1060,1570.5264868736267,187.61033821105957,1227.9052734375,399.92596435546875,10.945798,18.0,-1,25.186184
1879,1060,1880.9761939048767,-6.660017013549805,1538.35498046875,205.65560913085938,10.533612,14.0,-1,12.582427
12,1060,1165.301938533783,786.2421741485596,822.6807250976562,998.5578002929688,10.34786,16.0,-1,4.6493864
11,1060,378.53660345077515,301.6634998321533,35.91539001464844,513.9791259765625,9.30877,18.0,-1,22.833576
8,1060,1395.8168921470642,276.0448474884033,1053.1956787109375,488.3604736328125,8.62697,16.0,-1,2.7237494
2,1060,1620.4873023033142,245.29777717590332,1277.8660888671875,457.6134033203125,7.4270954,16.0,-1,15.924296
3079,1060,1894.7893042564392,45.723405838012695,1552.1680908203125,258.0390319824219,7.0950227,10.0,-1,18.659082
2281,1060,1769.4180884361267,-66.68620109558105,1426.796875,145.62942504882812,5.460839,10.0,-1,22.149693
2946,1060,1482.2338843345642,929.1976795196533,1139.6126708984375,1141.5133056640625,3.6311796,12.0,-1,8.865999
3191,1060,1605.0455298423767,415.0168933868408,1262.42431640625,627.33251953125,2.0040166,16.0,-1,0.9893027
3034,1060,548.3545966148376,616.6808948516846,205.73338317871094,828.9965209960938,1.2815055,24.0,-1,1.8559
2389,1060,1447.7587866783142,201.53950691223145,1105.1375732421875,413.8551330566406,0.8691082,14.0,-1,7.5987525
2986,1060,1530.1002173423767,408.78465461730957,1187.47900390625,621.1002807617188,0.648992,12.0,-1,4.5972624
2080,1060,574.8706946372986,114.9839038848877,232.24948120117188,327.2995300292969,0.54046315,12.0,-1,3.8718529
1961,1061,1474.1266379356384,558.9494800567627,1130.9766845703125,771.6423950195312,19.138205,26.0,-1,16.601128
1332,1061,629.367513179779,603.7326221466064,286.2175598144531,816.425537109375,18.78322,18.0,-1,12.138672
4,1061,1299.3839011192322,-57.38235282897949,956.2339477539062,155.31056213378906,17.63372,18.0,-1,25.889688
3,1061,1131.5253806114197,232.41743659973145,788.3754272460938,445.1103515625,16.447779,16.0,-1,18.423683
1,1061,1570.573537349701,188.39424324035645,1227.423583984375,401.087158203125,14.981449,18.0,-1,26.406221
0,1061,1523.349416255951,796.7946338653564,1180.199462890625,1009.487548828125,13.796268,20.0,-1,41.34127
1879,1061,1878.655812740326,-8.497861862182617,1535.505859375,204.19505310058594,12.253688,12.0,-1,12.425608
11,1061,378.4797911643982,299.76753425598145,35.329837799072266,512.46044921875,11.582614,16.0,-1,23.201307
2032,1061,537.127995967865,-93.91286277770996,193.97804260253906,118.7800521850586,11.426082,18.0,-1,17.998465
3079,1061,1897.094045162201,45.975603103637695,1553.944091796875,258.66851806640625,9.874099,10.0,-1,19.014496
12,1061,1164.7345480918884,787.313798904419,821.5845947265625,1000.0067138671875,9.091446,16.0,-1,4.0147367
8,1061,1395.1537375450134,275.38362312316895,1052.0037841796875,488.0765380859375,8.496728,16.0,-1,1.1862051
2946,1061,1482.707570552826,930.9257373809814,1139.5576171875,1143.61865234375,6.172222,12.0,-1,10.2275505
2,1061,1620.647267818451,242.68638801574707,1277.497314453125,455.3793029785156,5.781204,16.0,-1,14.685809
2281,1061,1770.011769771576,-66.93839836120605,1426.86181640625,145.7545166015625,5.73262,8.0,-1,24.75087
3191,1061,1605.2340598106384,415.31880378723145,1262.0841064453125,628.01171875,5.0424466,18.0,-1,0.1600247
2389,1061,1449.810109615326,201.8913745880127,1106.66015625,414.58428955078125,1.2859783,12.0,-1,5.3849363
3034,1061,543.4738821983337,613.7548999786377,200.3239288330078,826.4478149414062,0.86157244,22.0,-1,2.1638458
2986,1061,1529.5924582481384,407.18269538879395,1186.4425048828125,619.8756103515625,0.697449,12.0,-1,4.2727957
2080,1061,576.10968542099,116.8354663848877,232.95973205566406,329.52838134765625,0.43580687,12.0,-1,3.9723434
1,1062,1571.148274898529,189.40395545959473,1227.4052734375,402.2759094238281,17.912893,18.0,-1,25.733494
1332,1062,628.404134273529,601.2205142974854,284.6611328125,814.0924682617188,16.859865,18.0,-1,10.350869
0,1062,1522.7387290000916,796.0979557037354,1178.9957275390625,1008.9699096679688,16.092257,18.0,-1,40.55414
3,1062,1131.9558310508728,230.77553749084473,788.2128295898438,443.6474914550781,15.768508,16.0,-1,18.780664
4,1062,1297.2677206993103,-58.245473861694336,953.5247192382812,154.62648010253906,15.465248,18.0,-1,29.027729
2032,1062,537.3058676719666,-92.73719596862793,193.5628662109375,120.13475799560547,13.708453,18.0,-1,19.350073
1879,1062,1877.178548336029,-8.638189315795898,1533.435546875,204.2337646484375,13.29478,12.0,-1,14.046989
11,1062,379.77418279647827,299.3465518951416,36.03118133544922,512.218505859375,11.5942955,18.0,-1,22.854723
1961,1062,1473.7956137657166,560.5443058013916,1130.0526123046875,773.416259765625,11.549197,26.0,-1,17.59491
12,1062,1164.5918173789978,784.9267520904541,820.8488159179688,997.7987060546875,10.278582,6.0,1,0.45597473
3079,1062,1897.781331539154,43.3793888092041,1554.038330078125,256.2513427734375,8.751759,10.0,-1,19.195787
2281,1062,1768.0470786094666,-66.79807090759277,1424.3040771484375,146.07388305664062,7.1231074,8.0,-1,29.43689
2,1062,1619.986409664154,244.39397621154785,1276.243408203125,457.26593017578125,6.584154,16.0,-1,15.293531
8,1062,1397.9433188438416,274.631799697876,1054.2003173828125,487.5037536621094,6.350979,14.0,-1,3.4550261
2946,1062,1482.8503012657166,932.5788516998291,1139.1072998046875,1145.4508056640625,5.0798583,12.0,-1,8.957992
3191,1062,1606.6576743125916,416.6595401763916,1262.9146728515625,629.531494140625,3.9514263,18.0,-1,0.8960281
2389,1062,1448.801351070404,204.58596229553223,1105.058349609375,417.4579162597656,1.1400665,12.0,-1,4.5295744
3034,1062,544.5118613243103,614.3093204498291,200.76885986328125,827.1812744140625,0.83796614,22.0,-1,2.0635762
3352,1062,1931.2936606407166,248.6215763092041,1587.5506591796875,461.4935302734375,0.8037936,28.0,-1,2.2757096
2080,1062,573.515691280365,118.51259803771973,229.77268981933594,331.3845520019531,0.7169209,12.0,-1,4.1947694
2986,1062,1529.9699301719666,406.8122501373291,1186.2269287109375,619.6842041015625,0.6966171,12.0,-1,4.1460366
1961,1063,1473.5995688438416,562.6053409576416,1129.5328369140625,776.05712890625,20.26365,26.0,-1,16.021849
1,1063,1570.276204586029,190.81316566467285,1226.20947265625,404.26495361328125,16.887493,18.0,-1,25.154415
0,1063,1519.880208492279,795.9748477935791,1175.8134765625,1009.4266357421875,16.858873,20.0,-1,38.047356
4,1063,1297.9482626914978,-58.033864974975586,953.8815307617188,155.4179229736328,15.49313,18.0,-1,27.876335
1332,1063,627.9910788536072,603.6710147857666,283.9243469238281,817.122802734375,15.0659485,16.0,-1,10.542178
11,1063,380.23170614242554,299.74016761779785,36.164974212646484,513.1919555664062,13.420212,18.0,-1,22.892056
2032,1063,537.8955283164978,-92.30472373962402,193.82879638671875,121.14706420898438,12.136447,18.0,-1,19.751293
1879,1063,1876.457601070404,-6.984258651733398,1532.390869140625,206.467529296875,11.635249,12.0,-1,12.748567
3,1063,1132.9496665000916,229.54754066467285,788.8829345703125,442.99932861328125,11.498538,16.0,-1,18.673271
12,1063,1165.6247763633728,780.5936222076416,821.5580444335938,994.04541015625,9.204225,6.0,1,3.3263216
3079,1063,1900.224202632904,42.75432777404785,1556.157470703125,256.20611572265625,8.664729,10.0,-1,19.090477
2,1063,1621.6584067344666,244.32119178771973,1277.5916748046875,457.7729797363281,6.828289,16.0,-1,15.868842
2281,1063,1767.961995601654,-69.95580101013184,1423.895263671875,143.49598693847656,6.613894,8.0,-1,31.189768
8,1063,1397.4616293907166,271.5992069244385,1053.3948974609375,485.0509948730469,6.3499923,14.0,-1,2.2885394
2946,1063,1481.838704586029,932.8536319732666,1137.77197265625,1146.305419921875,6.301159,12.0,-1,11.063698
3191,1063,1606.4967856407166,416.6595401763916,1262.4300537109375,630.111328125,4.3238816,20.0,-1,0.93390137
2389,1063,1449.136067867279,203.84026527404785,1105.0693359375,417.29205322265625,1.167328,14.0,-1,2.6681874
3034,1063,546.5314078330994,612.8026065826416,202.4646759033203,826.25439453125,1.0987598,24.0,-1,0.73060536
2986,1063,1529.9699301719666,409.2842960357666,1185.9031982421875,622.736083984375,0.765903,16.0,-1,4.571463
2080,1063,571.2541098594666,118.51299476623535,227.1873779296875,331.96478271484375,0.7399781,10.0,-1,3.870048
3352,1063,1936.182698726654,247.74956703186035,1592.115966796875,461.20135498046875,0.6756051,8.0,1,0.25343704
0,1064,1520.382161617279,796.2200870513916,1175.6337890625,1009.787109375,19.932507,20.0,-1,42.029137
1,1064,1571.1320395469666,189.8690128326416,1226.3836669921875,403.43603515625,19.599028,18.0,-1,24.867662
1961,1064,1469.822103023529,562.0545597076416,1125.07373046875,775.62158203125,18.278906,26.0,-1,17.889381
4,1064,1298.2519736289978,-57.69746971130371,953.5036010742188,155.8695526123047,16.107178,16.0,-1,26.978039
3079,1064,1900.305501461029,42.75432777404785,1555.55712890625,256.32135009765625,14.549416,10.0,-1,19.343712
3,1064,1132.4156699180603,229.73079872131348,787.6672973632812,443.2978210449219,13.824913,16.0,-1,20.51216
1332,1064,626.2824606895447,603.8273258209229,281.5340881347656,817.3943481445312,13.659814,18.0,-1,11.998637
2032,1064,537.9212851524353,-91.0717830657959,193.17291259765625,122.4952392578125,13.089634,16.0,-1,18.892485
11,1064,381.6697287559509,299.3665714263916,36.921356201171875,512.93359375,10.674572,18.0,-1,22.63421
12,1064,1163.2893271446228,780.5435733795166,818.5409545898438,994.110595703125,9.427276,6.0,1,1.308652
2946,1064,1480.815511226654,932.5240421295166,1136.067138671875,1146.091064453125,8.8336,12.0,-1,10.883913
1879,1064,1876.344808101654,-6.414419174194336,1531.596435546875,207.15260314941406,8.749597,12.0,-1,12.572916
8,1064,1397.3793540000916,268.5113773345947,1052.6309814453125,482.0783996582031,6.241011,14.0,-1,3.7599044
2,1064,1622.3234457969666,243.12017250061035,1277.5750732421875,456.68719482421875,6.163258,16.0,-1,13.339835
2281,1064,1762.560628414154,-68.77074241638184,1417.812255859375,144.79627990722656,4.9410596,8.0,-1,26.697287
3191,1064,1606.4967856407166,416.21380043029785,1261.7484130859375,629.7808227539062,2.4587061,18.0,-1,1.2138928
2986,1064,1528.9430747032166,408.3381290435791,1184.1947021484375,621.9051513671875,1.1395609,14.0,-1,4.6889124
3034,1064,547.1820731163025,613.2164859771729,202.43370056152344,826.7835083007812,1.0538318,22.0,-1,0.99480295
3352,1064,1938.3551840782166,252.01412391662598,1593.6068115234375,465.5811462402344,0.7225948,10.0,1,0.017511725
2389,1064,1446.9074301719666,203.21773719787598,1102.1590576171875,416.7847595214844,0.70084214,14.0,-1,4.187697
2080,1064,571.5217490196228,123.2801456451416,226.77337646484375,336.84716796875,0.46314073,12.0,-1,3.5835996
1,1065,1572.6407370567322,187.5945987701416,1228.6331787109375,401.50537109375,18.221655,18.0,-1,24.43939
3,1065,1133.916310787201,231.15191078186035,789.9087524414062,445.06268310546875,17.469772,16.0,-1,19.354877
1332,1065,624.0451865196228,606.2570133209229,280.0376281738281,820.1677856445312,17.300707,18.0,-1,12.992434
0,1065,1519.8655905723572,795.2922916412354,1175.8580322265625,1009.2030639648438,17.14922,20.0,-1,42.016
1961,1065,1466.1804099082947,563.6602725982666,1122.1728515625,777.571044921875,14.000768,28.0,-1,16.599613
4,1065,1298.6721091270447,-59.362112045288086,954.66455078125,154.5486602783203,12.523488,18.0,-1,28.248959
3079,1065,1901.7751364707947,42.01792335510254,1557.767578125,255.92869567871094,12.393532,10.0,-1,19.821426
11,1065,383.90635442733765,299.99187660217285,39.89879608154297,513.9026489257812,11.2932205,18.0,-1,23.556719
2032,1065,538.4266867637634,-89.55407524108887,194.41912841796875,124.35669708251953,10.673985,18.0,-1,18.183796
1879,1065,1877.4930319786072,-6.418554306030273,1533.4854736328125,207.49221801757812,9.909776,12.0,-1,11.392853
12,1065,1162.3871970176697,783.1802310943604,818.379638671875,997.0910034179688,8.962973,16.0,-1,1.171674
8,1065,1396.7237448692322,269.7677249908447,1052.7161865234375,483.6784973144531,6.545075,14.0,-1,6.150183
2,1065,1624.6476950645447,242.9283390045166,1280.64013671875,456.839111328125,6.307535,16.0,-1,13.061733
2946,1065,1479.2958884239197,932.5240421295166,1135.288330078125,1146.434814453125,5.993235,14.0,-1,7.6544037
2281,1065,1762.1590476036072,-70.23338890075684,1418.1514892578125,143.67738342285156,4.6659427,10.0,-1,19.980698
3191,1065,1606.8679099082947,414.80596351623535,1262.8603515625,628.7167358398438,4.353446,16.0,-1,0.3162272
2080,1065,571.5217490196228,125.63970375061035,227.51419067382812,339.55047607421875,0.9023416,12.0,-1,3.996732
2986,1065,1528.8730368614197,407.53399085998535,1184.865478515625,621.4447631835938,0.61676705,16.0,-1,4.335778
3034,1065,543.5729422569275,615.3039493560791,199.5653839111328,829.2147216796875,0.5577014,24.0,-1,1.1454804
3352,1065,1935.0444235801697,251.91970252990723,1591.036865234375,465.8304748535156,0.5437161,28.0,-1,1.6321054
2389,1065,1450.8970847129822,208.3557071685791,1106.8895263671875,422.2664794921875,0.48760006,12.0,-1,5.53892
0,1066,1519.2881979942322,795.4015140533447,1174.9228515625,1010.007080078125,22.829035,20.0,-1,39.09865
3,1066,1134.2337546348572,230.16265296936035,789.868408203125,444.7682189941406,22.103624,16.0,-1,18.02484
1,1066,1571.0309958457947,185.16988563537598,1226.6656494140625,399.77545166015625,21.192968,18.0,-1,27.372395
1332,1066,624.4347739219666,606.3953495025635,280.0694274902344,821.0009155273438,14.736325,18.0,-1,14.452108
11,1066,382.1255621910095,297.9961185455322,37.760215759277344,512.6016845703125,13.52258,18.0,-1,21.896925
4,1066,1298.9630026817322,-60.33295249938965,954.59765625,154.27261352539062,13.209366,16.0,-1,26.492134
1961,1066,1464.0571188926697,563.8590335845947,1119.6917724609375,778.464599609375,12.317027,28.0,-1,16.766777
3079,1066,1902.6677145957947,42.54531288146973,1558.3023681640625,257.15087890625,11.57648,10.0,-1,19.1053
1879,1066,1875.8023581504822,-6.418554306030273,1531.43701171875,208.18701171875,11.211048,12.0,-1,12.416656
2032,1066,537.7015433311462,-90.30959892272949,193.33619689941406,124.29596710205078,9.1203575,16.0,-1,17.885382
8,1066,1394.3790183067322,273.62847328186035,1050.013671875,488.2340393066406,8.329697,14.0,-1,4.524114
2946,1066,1481.1389060020447,934.1100101470947,1136.7735595703125,1148.715576171875,5.488745,14.0,-1,7.305008
3191,1066,1607.0128073692322,415.083948135376,1262.6474609375,629.6895141601562,5.4840226,16.0,-1,0.7479366
2281,1066,1765.6590476036072,-69.2774715423584,1421.293701171875,145.32809448242188,5.412882,10.0,-1,21.631159
2,1066,1624.4814352989197,242.7952823638916,1280.1160888671875,457.4008483886719,5.1471505,16.0,-1,14.346918
12,1066,1163.3857321739197,784.5096683502197,819.0203857421875,999.115234375,5.111531,16.0,-1,4.076236
3034,1066,540.722981929779,617.6744022369385,196.35763549804688,832.2799682617188,1.2626568,24.0,-1,2.7295425
2389,1066,1454.0729880332947,205.70708656311035,1109.7076416015625,420.3126525878906,1.1975332,12.0,-1,5.826165
3352,1066,1936.2891745567322,246.5159854888916,1591.923828125,461.1215515136719,0.9416116,10.0,1,1.2237835
2986,1066,1528.8730368614197,406.8582401275635,1184.5076904296875,621.4638061523438,0.8181832,10.0,-1,5.003162
2080,1066,568.7294363975525,125.25991249084473,224.3640899658203,339.865478515625,0.70921236,16.0,-1,4.353129
1,1067,1571.0309958457947,185.41753578186035,1226.00634765625,400.6045837402344,19.631914,18.0,-1,27.39152
4,1067,1298.7794699668884,-61.53914451599121,953.7548217773438,153.6479034423828,18.43573,16.0,-1,26.717392
0,1067,1517.7706198692322,796.068323135376,1172.7459716796875,1011.25537109375,17.46141,18.0,-1,39.37538
1332,1067,624.5631308555603,607.4758548736572,279.5384826660156,822.6629028320312,16.831083,18.0,-1,15.157061
11,1067,382.9891676902771,295.82512855529785,37.96451950073242,511.0121765136719,13.528983,18.0,-1,23.222824
3,1067,1132.4327292442322,229.07000160217285,787.4080810546875,444.2570495605469,12.310322,16.0,-1,19.24688
2032,1067,539.351888179779,-90.25803184509277,194.32723999023438,124.92901611328125,11.471016,16.0,-1,18.199997
3079,1067,1902.1010642051697,38.45064735412598,1557.076416015625,253.6376953125,10.300551,10.0,-1,18.7431
1879,1067,1873.6208395957947,-4.891515731811523,1528.59619140625,210.2955322265625,9.337548,12.0,-1,13.146772
8,1067,1393.0494284629822,274.38604164123535,1048.0247802734375,489.5730895996094,9.046767,16.0,-1,2.84629
1961,1067,1463.4636130332947,565.4175052642822,1118.43896484375,780.6045532226562,9.017901,28.0,-1,16.119286
12,1067,1164.4005026817322,784.5096683502197,819.3758544921875,999.6967163085938,7.7248816,16.0,-1,3.6646187
2,1067,1625.5615134239197,240.87301063537598,1280.536865234375,456.06005859375,6.801102,16.0,-1,15.662372
2281,1067,1762.3847556114197,-68.4764461517334,1417.360107421875,146.71060180664062,5.797441,8.0,-1,25.80197
2946,1067,1482.7410788536072,936.2842655181885,1137.7164306640625,1151.4713134765625,4.327042,14.0,-1,8.624535
3191,1067,1607.2443747520447,414.6693363189697,1262.2197265625,629.8563842773438,3.2405612,8.0,1,0.38989115
3034,1067,540.970540523529,617.6275882720947,195.94589233398438,832.8146362304688,1.1356404,22.0,-1,1.6387842
2389,1067,1455.0340476036072,206.6635684967041,1110.0093994140625,421.8506164550781,1.1015705,12.0,-1,5.203251
3352,1067,1933.4405417442322,243.30559730529785,1588.4158935546875,458.4926452636719,0.9353588,8.0,1,1.1332618
2986,1067,1530.7285056114197,406.6290531158447,1185.703857421875,621.8161010742188,0.8791372,14.0,-1,5.164707
2080,1067,565.4343771934509,123.2985782623291,220.40972900390625,338.4856262207031,0.37356567,14.0,-1,3.8196461
1,1068,1571.5880026817322,186.26406288146973,1226.06884765625,401.4393310546875,19.718393,18.0,-1,26.443987
3,1068,1132.4327292442322,230.78585243225098,786.91357421875,445.96112060546875,19.155233,16.0,-1,17.511215
4,1068,1297.4344382286072,-64.4176082611084,951.915283203125,150.75765991210938,17.655909,16.0,-1,26.457733
3079,1068,1904.0873923301697,38.8292179107666,1558.5682373046875,254.00448608398438,16.933226,10.0,-1,19.101097
11,1068,387.13607931137085,295.3016300201416,41.61692428588867,510.4768981933594,16.613295,18.0,-1,22.795359
0,1068,1517.4074606895447,795.9133548736572,1171.8883056640625,1011.088623046875,16.35019,20.0,-1,38.770077
1332,1068,623.0529379844666,609.8934574127197,277.5337829589844,825.0687255859375,15.947262,18.0,-1,14.632983
1879,1068,1873.4850974082947,-5.005910873413086,1527.9659423828125,210.1693572998047,13.384313,12.0,-1,13.663223
2032,1068,541.4283652305603,-89.24200248718262,195.90921020507812,125.93326568603516,12.948887,16.0,-1,18.110744
1961,1068,1461.3571677207947,564.4585819244385,1115.8380126953125,779.6338500976562,12.059627,26.0,-1,15.731558
8,1068,1392.7957663536072,275.65154457092285,1047.276611328125,490.8268127441406,8.617902,16.0,-1,4.0792446
12,1068,1163.283498287201,783.8911380767822,817.7643432617188,999.06640625,7.774597,16.0,-1,8.209697
2946,1068,1483.7222800254822,932.7658939361572,1138.203125,1147.941162109375,7.733326,14.0,-1,8.299006
2,1068,1628.4111227989197,241.18715858459473,1282.8919677734375,456.3624267578125,6.4875636,14.0,-1,14.777593
2281,1068,1762.6929831504822,-74.43083763122559,1417.173828125,140.7444305419922,4.4745283,8.0,-1,25.40675
3191,1068,1606.6996970176697,415.3113651275635,1261.1805419921875,630.4866333007812,2.9702384,16.0,-1,0.0066441894
3367,1068,1093.7836813926697,221.0527286529541,748.2645263671875,436.2279968261719,2.488495,14.0,-1,27.095125
2986,1068,1531.2672019004822,406.6290531158447,1185.748046875,621.8043212890625,1.2251979,16.0,-1,4.719578
2389,1068,1455.3614401817322,205.49492835998535,1109.84228515625,420.6701965332031,0.8509836,14.0,-1,4.617196
3034,1068,540.7177939414978,618.3714847564697,195.19863891601562,833.5467529296875,0.6919396,22.0,-1,1.3289487
3352,1068,1929.0400290489197,246.81612586975098,1583.5208740234375,461.99139404296875,0.6030628,10.0,1,0.23131442
2080,1068,565.624104976654,122.03017616271973,220.10494995117188,337.2054443359375,0.4461178,10.0,-1,4.5685873
0,1069,1518.8651633262634,798.4205875396729,1172.7816162109375,1013.6190795898438,22.937521,20.0,-1,38.640923
1,1069,1569.130177974701,186.83230018615723,1223.046630859375,402.0307922363281,21.620817,18.0,-1,27.650152
3,1069,1132.1978659629822,229.11196327209473,786.1143188476562,444.3104553222656,17.454924,16.0,-1,17.464533
11,1069,388.3000693321228,295.6292972564697,42.216522216796875,510.8277893066406,17.10583,18.0,-1,22.366709
1332,1069,621.8437705039978,614.0503482818604,275.7602233886719,829.2488403320312,14.18913,18.0,-1,13.646666
4,1069,1296.0277609825134,-63.49320030212402,949.9442138671875,151.70529174804688,13.328037,16.0,-1,25.83508
1961,1069,1459.1852316856384,566.2092838287354,1113.1016845703125,781.4077758789062,12.685046,28.0,-1,14.849203
2032,1069,542.1805319786072,-89.49859428405762,196.09698486328125,125.69989776611328,12.197101,16.0,-1,18.178665
3079,1069,1906.411183834076,40.05156898498535,1560.32763671875,255.25006103515625,11.636889,10.0,-1,18.994513
1879,1069,1873.6322531700134,-4.788228988647461,1527.5487060546875,210.41026306152344,10.573517,12.0,-1,12.254119
2,1069,1628.5665793418884,239.27803993225098,1282.4830322265625,454.4765319824219,9.336904,16.0,-1,14.355199
2281,1069,1766.052297115326,-75.17955589294434,1419.96875,140.01893615722656,8.378214,8.0,-1,30.045868
2946,1069,1483.5751242637634,932.5482120513916,1137.4915771484375,1147.7467041015625,6.8020616,14.0,-1,5.8972178
8,1069,1391.8390402793884,274.54876136779785,1045.7554931640625,489.74725341796875,6.4923077,14.0,-1,4.0174685
12,1069,1164.4727683067322,784.5530948638916,818.3892211914062,999.7515869140625,6.0360236,16.0,-1,7.922179
3191,1069,1606.447072505951,414.95977210998535,1260.363525390625,630.1582641601562,4.711114,8.0,1,0.70249015
3367,1069,1094.288625240326,220.31630897521973,748.205078125,435.5148010253906,2.477115,14.0,-1,27.024654
2389,1069,1452.3407492637634,202.73443031311035,1106.2572021484375,417.93292236328125,1.5960852,12.0,-1,4.1971917
3352,1069,1923.2323508262634,248.53603553771973,1577.1488037109375,463.7345275878906,0.8274407,26.0,-1,1.6396402
2986,1069,1530.446095943451,405.83172035217285,1184.362548828125,621.0302124023438,0.75573015,12.0,-1,4.0408254
3034,1069,541.717610836029,619.5170841217041,195.63406372070312,834.715576171875,0.574827,22.0,-1,0.897542
2080,1069,567.2154898643494,120.87722206115723,221.13194274902344,336.0757141113281,0.5546875,12.0,-1,3.6610227
1,1070,1570.5543723106384,184.5795726776123,1224.0400390625,400.0543518066406,24.039368,18.0,-1,28.123442
0,1070,1519.0160422325134,796.7844371795654,1172.501708984375,1012.2592163085938,23.626902,18.0,-1,41.08995
3,1070,1130.6433005332947,229.51063346862793,784.1289672851562,444.98541259765625,20.849854,16.0,-1,17.61879
1332,1070,619.4581198692322,613.2004528045654,272.94378662109375,828.6752319335938,19.30332,18.0,-1,14.119913
4,1070,1296.9105124473572,-64.85983467102051,950.3961791992188,150.6149444580078,15.872565,16.0,-1,26.251524
11,1070,388.9854407310486,292.4274425506592,42.471107482910156,507.9022216796875,13.869853,18.0,-1,22.45147
3079,1070,1909.4240012168884,38.88537406921387,1562.90966796875,254.3601531982422,12.307419,10.0,-1,18.313898
2032,1070,539.3934988975525,-89.7262134552002,192.87916564941406,125.74856567382812,12.302423,16.0,-1,17.609493
1961,1070,1456.9935812950134,568.5312023162842,1110.479248046875,784.0059814453125,10.885926,26.0,-1,17.67395
1879,1070,1872.983693599701,-3.682161331176758,1526.4693603515625,211.79261779785156,10.269209,12.0,-1,12.55752
8,1070,1392.5726828575134,273.9986400604248,1046.058349609375,489.4734191894531,7.348806,16.0,-1,4.33578
2281,1070,1766.9623312950134,-73.15324592590332,1420.447998046875,142.321533203125,6.9942927,8.0,-1,27.047373
2946,1070,1481.3597922325134,932.7758312225342,1134.845458984375,1148.2506103515625,6.8442783,14.0,-1,6.9884434
2,1070,1629.350148677826,240.43824577331543,1282.8358154296875,455.91302490234375,6.6482224,14.0,-1,16.09124
12,1070,1162.7529196739197,785.9923839569092,816.2385864257812,1001.4671630859375,6.298033,16.0,-1,4.5509467
3191,1070,1607.1757102012634,413.96388053894043,1260.661376953125,629.4386596679688,3.6395648,8.0,1,0.5314693
3367,1070,1095.4932761192322,220.75700187683105,748.9789428710938,436.2317810058594,2.5929587,14.0,-1,28.372585
2986,1070,1528.815724849701,406.3585948944092,1182.3013916015625,621.8333740234375,1.0832583,14.0,-1,4.781252
2389,1070,1448.3868918418884,200.25739860534668,1101.87255859375,415.732177734375,0.98956805,14.0,-1,5.5532093
3034,1070,536.8243918418884,617.6534557342529,190.31005859375,833.1282348632812,0.8870821,22.0,-1,2.086936
3352,1070,1923.0814719200134,250.41901969909668,1576.567138671875,465.893798828125,0.5735693,28.0,-1,0.29821485
2080,1070,569.3620200157166,121.37199211120605,222.84768676757812,336.8467712402344,0.5675806,10.0,-1,3.9229815
0,1071,1518.9801688194275,796.7975444793701,1171.9295654296875,1011.9197387695312,20.054058,18.0,-1,39.44831
1,1071,1568.860906124115,184.36569023132324,1221.810302734375,399.4878845214844,18.953274,18.0,-1,26.096245
3,1071,1131.4299368858337,229.97881889343262,784.3793334960938,445.10101318359375,17.015911,16.0,-1,17.500813
4,1071,1297.0006155967712,-65.23056221008301,949.9500122070312,149.89163208007812,14.889125,16.0,-1,27.018257
11,1071,388.27128744125366,292.3335552215576,41.22068405151367,507.45574951171875,14.135432,18.0,-1,22.575846
1332,1071,619.4345450401306,612.7275371551514,272.3839416503906,827.8497314453125,12.779514,18.0,-1,13.196251
3079,1071,1913.2477469444275,38.313032150268555,1566.1971435546875,253.4352264404297,11.60899,10.0,-1,18.564636
2032,1071,539.5043234825134,-90.84381294250488,192.45372009277344,124.27838134765625,11.542937,16.0,-1,17.88827
1961,1071,1454.54767370224,569.4076519012451,1107.4970703125,784.5298461914062,10.704057,28.0,-1,16.621567
1879,1071,1872.551824092865,-1.8658771514892578,1525.501220703125,213.25631713867188,9.761804,12.0,-1,13.180242
2,1071,1627.34357213974,240.06674003601074,1280.29296875,455.1889343261719,9.42139,16.0,-1,14.479093
2946,1071,1482.591863155365,932.8609600067139,1135.541259765625,1147.983154296875,7.853985,14.0,-1,5.1307874
8,1071,1394.181218624115,273.9855327606201,1047.130615234375,489.10772705078125,7.419358,14.0,-1,4.1483884
2281,1071,1769.171452999115,-73.62622261047363,1422.120849609375,141.4959716796875,6.2906423,8.0,-1,23.541563
12,1071,1162.5072684288025,785.1786479949951,815.4566650390625,1000.3008422851562,6.1676316,14.0,-1,7.551373
3191,1071,1604.397038936615,414.91198539733887,1257.346435546875,630.0341796875,3.2164104,16.0,-1,0.2711894
3367,1071,1095.9157156944275,221.99914360046387,748.8651123046875,437.121337890625,2.2286572,16.0,-1,23.947035
2389,1071,1445.1056571006775,199.60607719421387,1098.0550537109375,414.728271484375,0.80781835,12.0,-1,3.514419
3034,1071,540.1526999473572,620.1302471160889,193.1020965576172,835.25244140625,0.78418726,22.0,-1,1.7252827
3352,1071,1920.8820242881775,254.02429008483887,1573.8314208984375,469.146484375,0.7326977,28.0,-1,0.6108491
2986,1071,1528.8392996788025,409.21435356140137,1181.7886962890625,624.3365478515625,0.58209366,14.0,-1,3.9320822
2080,1071,571.5223593711853,122.78042411804199,224.4717559814453,337.9026184082031,0.57232434,14.0,-1,3.4839687
3,1072,1131.7964987754822,231.42335319519043,784.1934204101562,446.1868591308594,29.101645,16.0,-1,15.457936
1,1072,1568.963185787201,182.9172191619873,1221.360107421875,397.68072509765625,28.052055,18.0,-1,24.523197
11,1072,388.16743993759155,292.15101432800293,40.564361572265625,506.9145202636719,14.444538,18.0,-1,22.113693
4,1072,1297.4101462364197,-65.53560066223145,949.8070678710938,149.2279052734375,14.426728,18.0,-1,26.120026
0,1072,1517.1630148887634,797.9294872283936,1169.5599365234375,1012.6929931640625,14.393693,18.0,-1,41.26112
1332,1072,619.2103781700134,614.0034008026123,271.6072998046875,828.7669067382812,14.173714,18.0,-1,13.30748
3079,1072,1913.8085227012634,39.636579513549805,1566.2054443359375,254.40008544921875,14.085486,10.0,-1,19.110802
1961,1072,1453.688527584076,572.4109325408936,1106.08544921875,787.1744384765625,13.0302305,28.0,-1,14.468525
2032,1072,540.5967917442322,-90.44561195373535,192.99371337890625,124.3178939819336,10.1309805,16.0,-1,18.64967
8,1072,1393.404836177826,273.6880931854248,1045.8017578125,488.45159912109375,9.4077425,16.0,-1,4.5511274
1879,1072,1875.8639426231384,-1.7497730255126953,1528.2608642578125,213.01373291015625,8.465645,12.0,-1,13.586047
2946,1072,1481.620656490326,933.9297313690186,1134.017578125,1148.6932373046875,6.7088675,14.0,-1,5.1007814
2,1072,1628.6188254356384,237.18165397644043,1281.0157470703125,451.9451599121094,6.6594276,16.0,-1,14.878311
12,1072,1164.003468990326,785.0856761932373,816.400390625,999.8491821289062,5.966795,16.0,-1,12.693833
3191,1072,1601.958058834076,413.4155101776123,1254.35498046875,628.1790161132812,5.4186206,8.0,1,0.21789694
2281,1072,1769.621144771576,-74.82695198059082,1422.01806640625,139.93655395507812,3.9423435,10.0,-1,23.666508
3367,1072,1094.1588034629822,221.62153434753418,746.5557250976562,436.3850402832031,2.5730977,16.0,-1,21.255075
3352,1072,1922.608693599701,257.1110668182373,1575.005615234375,471.87457275390625,1.2910665,28.0,-1,0.6390492
2986,1072,1527.7985129356384,409.22074699401855,1180.1954345703125,623.9842529296875,1.0487071,10.0,-1,4.5700297
3034,1072,541.5375266075134,619.9368724822998,193.9344482421875,834.7003784179688,1.0145844,22.0,-1,0.77988404
2389,1072,1443.3605246543884,199.59968376159668,1095.7574462890625,414.3631896972656,0.83495,14.0,-1,1.3754925
2080,1072,571.4200797080994,123.10749626159668,223.81700134277344,337.8710021972656,0.6419396,10.0,-1,4.1730227
0,1073,1516.759816646576,797.154218673706,1167.941650390625,1012.116943359375,25.634865,18.0,-1,40.350338
1,1073,1572.063527584076,181.40589714050293,1223.245361328125,396.3686218261719,22.4415,18.0,-1,28.362268
3,1073,1134.8459372520447,234.21998405456543,786.0277709960938,449.1827087402344,21.923073,16.0,-1,17.933262
4,1073,1299.945607662201,-63.708269119262695,951.12744140625,151.25445556640625,18.466429,18.0,-1,26.435844
1961,1073,1452.252248287201,572.4084300994873,1103.43408203125,787.3711547851562,12.151955,28.0,-1,16.410751
1332,1073,621.4277548789978,613.3171825408936,272.6095886230469,828.2799072265625,11.869675,18.0,-1,13.741281
11,1073,389.1354269981384,296.03516960144043,40.3172607421875,510.9978942871094,11.493127,18.0,-1,22.209154
2032,1073,537.9870657920837,-89.98789405822754,189.1688995361328,124.9748306274414,9.787701,16.0,-1,18.412767
3079,1073,1913.9923605918884,40.83291435241699,1565.1741943359375,255.79563903808594,9.498286,10.0,-1,19.30617
2,1073,1630.2355246543884,235.80573844909668,1281.4173583984375,450.7684631347656,8.734664,14.0,-1,15.094041
2946,1073,1481.149465084076,935.1008739471436,1132.331298828125,1150.0635986328125,8.316694,14.0,-1,3.2547667
1879,1073,1874.147267818451,-4.106416702270508,1525.3291015625,210.85630798339844,7.8409657,12.0,-1,13.871848
8,1073,1396.549611568451,271.0928478240967,1047.7314453125,486.0555725097656,7.1410136,14.0,-1,5.3783092
12,1073,1167.0732321739197,786.8367748260498,818.2550659179688,1001.7994995117188,5.4482036,14.0,-1,11.985354
2281,1073,1769.527638912201,-77.6679859161377,1420.70947265625,137.29473876953125,4.926363,10.0,-1,22.042776
3191,1073,1601.795949459076,409.6817455291748,1252.977783203125,624.6444702148438,2.9095669,10.0,1,0.17746729
3367,1073,1093.0821433067322,225.0031566619873,744.2639770507812,439.96588134765625,2.8367932,28.0,-1,24.487864
2389,1073,1442.2289328575134,199.60218620300293,1093.4107666015625,414.5649108886719,0.88918114,16.0,-1,0.8446776
2986,1073,1527.8920187950134,409.7365550994873,1179.0738525390625,624.6992797851562,0.8036879,10.0,-1,5.1088643
3352,1073,1922.925343990326,259.9387950897217,1574.107177734375,474.9015197753906,0.6455571,26.0,-1,0.74032325
2080,1073,569.1784567832947,122.05640983581543,220.36029052734375,337.0191345214844,0.6232684,12.0,-1,3.4011798
3034,1073,539.1490530967712,616.7983226776123,190.3308868408203,831.7610473632812,0.36097565,24.0,-1,0.97334385
1,1074,1569.3580832481384,181.70379447937012,1220.615966796875,396.5624694824219,18.44068,18.0,-1,27.542854
1332,1074,622.5509238243103,612.7212810516357,273.8088073730469,827.5799560546875,17.593248,18.0,-1,12.83264
3,1074,1135.677541255951,234.60043144226074,786.9354248046875,449.4591064453125,16.286566,16.0,-1,19.19402
4,1074,1301.4105734825134,-64.05545234680176,952.66845703125,150.80322265625,15.89548,18.0,-1,25.518076
0,1074,1518.0209250450134,796.0470867156982,1169.27880859375,1010.90576171875,14.749259,18.0,-1,42.461617
1961,1074,1452.925832271576,575.729154586792,1104.1837158203125,790.5878295898438,13.619033,28.0,-1,15.566404
11,1074,392.04446935653687,296.4392681121826,43.30235290527344,511.2979431152344,11.451394,18.0,-1,23.185545
2032,1074,536.7177329063416,-88.65743446350098,187.97561645507812,126.20124053955078,11.061267,18.0,-1,18.764904
2946,1074,1482.292287349701,937.8271160125732,1133.5501708984375,1152.685791015625,10.042633,16.0,-1,0.81611675
3079,1074,1913.079885005951,39.79195976257324,1564.3377685546875,254.650634765625,9.482216,10.0,-1,19.473356
1879,1074,1874.5846457481384,-7.590227127075195,1525.842529296875,207.26844787597656,8.847619,12.0,-1,14.419651
2,1074,1628.7804465293884,237.15289115905762,1280.038330078125,452.0115661621094,8.691415,16.0,-1,13.235243
12,1074,1165.0966086387634,786.775053024292,816.3544921875,1001.6337280273438,6.7127843,14.0,-1,11.426583
8,1074,1397.2213644981384,270.33215141296387,1048.479248046875,485.1908264160156,5.843188,14.0,-1,6.550112
2281,1074,1767.536427974701,-77.36450386047363,1418.7943115234375,137.49417114257812,5.5468235,8.0,-1,25.232344
3191,1074,1602.042287349701,409.1052532196045,1253.3001708984375,623.9639282226562,3.5947907,8.0,1,0.3020383
3367,1074,1093.2260642051697,224.99896049499512,744.4839477539062,439.8576354980469,2.3229673,28.0,-1,26.35623
2389,1074,1440.6039328575134,200.87496757507324,1091.86181640625,415.733642578125,1.2435697,14.0,-1,1.005336
3352,1074,1921.652150630951,262.87719535827637,1572.9100341796875,477.7358703613281,1.1343769,26.0,-1,2.4438295
2986,1074,1527.748097896576,409.7407512664795,1179.0059814453125,624.5994262695312,0.8281746,12.0,-1,4.4034586
3034,1074,537.4537100791931,614.138822555542,188.7115936279297,828.9974975585938,0.8122466,22.0,-1,1.7168632
2080,1074,567.8166861534119,121.26919364929199,219.07456970214844,336.12786865234375,0.5739259,14.0,-1,4.38902
4,1075,1299.4359946250916,-65.49618721008301,950.6718139648438,150.1803436279297,20.69037,18.0,-1,26.572655
3,1075,1136.921712398529,233.66877555847168,788.1575317382812,449.3453063964844,20.55337,16.0,-1,19.972929
1,1075,1570.3946738243103,184.25593376159668,1221.6304931640625,399.9324645996094,20.092112,18.0,-1,26.61932
1332,1075,620.0624289512634,610.427412033081,271.2982482910156,826.1039428710938,18.197653,18.0,-1,12.484165
11,1075,393.4922842979431,296.36601066589355,44.72810363769531,512.0425415039062,17.764307,18.0,-1,22.975782
1961,1075,1453.1120810508728,578.3382396697998,1104.347900390625,794.0147705078125,16.752731,28.0,-1,15.442356
0,1075,1518.1015830039978,795.483076095581,1169.33740234375,1011.1596069335938,16.695044,20.0,-1,42.40835
2,1075,1628.7772421836853,238.41157341003418,1280.0130615234375,454.0881042480469,14.726245,16.0,-1,13.91552
2032,1075,537.7919363975525,-88.70798683166504,189.0277557373047,126.96854400634766,14.150993,18.0,-1,18.34465
2946,1075,1482.8665976524353,938.4186840057373,1134.1024169921875,1154.09521484375,13.141082,16.0,-1,1.7284211
1879,1075,1874.0123496055603,-8.557390213012695,1525.2481689453125,207.119140625,11.347057,12.0,-1,13.047807
3079,1075,1911.2133994102478,40.62544059753418,1562.44921875,256.3019714355469,11.282852,10.0,-1,19.951906
12,1075,1165.0998129844666,786.3081493377686,816.3356323242188,1001.9846801757812,8.712437,14.0,-1,12.049566
8,1075,1398.6891074180603,272.0395336151123,1049.9249267578125,487.716064453125,5.919119,14.0,-1,7.3594017
3191,1075,1602.5764365196228,406.52238273620605,1253.812255859375,622.1989135742188,4.0276957,8.0,1,0.51593745
2281,1075,1765.1122031211853,-77.31395149230957,1416.3480224609375,138.36257934570312,3.9352844,10.0,-1,22.843561
3367,1075,1091.2741293907166,224.32612419128418,742.5099487304688,440.0026550292969,2.58481,28.0,-1,26.234268
3352,1075,1920.2091269493103,263.05555534362793,1571.4449462890625,478.7320861816406,1.2882195,28.0,-1,1.3525119
2389,1075,1441.4095664024353,204.03254508972168,1092.6453857421875,419.7090759277344,1.0235639,12.0,-1,3.4164605
2986,1075,1526.6530966758728,408.98588371276855,1177.888916015625,624.6624145507812,0.64822704,14.0,-1,4.672813
3034,1075,537.2881979942322,614.985761642456,188.52401733398438,830.6622924804688,0.61551416,22.0,-1,2.1042514
2080,1075,567.2173972129822,122.1119213104248,218.45321655273438,337.7884521484375,0.5891604,12.0,-1,3.1494932
1,1076,1570.2528891563416,185.65231895446777,1220.4822998046875,401.5049133300781,22.346823,18.0,-1,23.73993
3,1076,1137.5179648399353,232.60037803649902,787.7473754882812,448.4529724121094,19.287996,16.0,-1,21.366703
1332,1076,619.5704550743103,610.2518978118896,269.79986572265625,826.1044921875,17.912615,18.0,-1,13.664262
4,1076,1299.0146079063416,-63.36014747619629,949.2440185546875,152.49244689941406,16.385073,18.0,-1,26.504656
0,1076,1518.011067867279,794.7066707611084,1168.240478515625,1010.5592651367188,15.061195,20.0,-1,42.51488
11,1076,394.8283553123474,298.81781578063965,45.05776596069336,514.67041015625,13.7567,18.0,-1,23.109634
2032,1076,540.1355185508728,-88.51812171936035,190.36492919921875,127.33447265625,13.079589,18.0,-1,18.857351
1879,1076,1874.251546382904,-8.528512954711914,1524.48095703125,207.32408142089844,10.923515,12.0,-1,13.788908
3079,1076,1911.3039145469666,38.26642417907715,1561.5333251953125,254.1190185546875,10.784917,10.0,-1,19.942856
2946,1076,1482.7148032188416,939.9812679290771,1132.9442138671875,1155.8338623046875,8.611888,16.0,-1,2.446477
1961,1076,1453.4828696250916,576.1825618743896,1103.7122802734375,792.03515625,8.48307,28.0,-1,14.206959
2,1076,1629.540364742279,239.18662071228027,1279.769775390625,455.0392150878906,7.027324,16.0,-1,15.972807
12,1076,1164.9572958946228,788.3884334564209,815.1867065429688,1004.2410278320312,5.89562,14.0,-1,13.135696
8,1076,1399.9247641563416,272.8935604095459,1050.1541748046875,488.74615478515625,5.159368,14.0,-1,8.5208025
2281,1076,1763.7028403282166,-79.0629825592041,1413.9322509765625,136.78961181640625,4.905998,10.0,-1,22.865845
3367,1076,1089.9836630821228,224.2972469329834,740.2130737304688,440.14984130859375,2.658441,28.0,-1,26.525135
3191,1076,1602.435872554779,406.12152671813965,1252.665283203125,621.97412109375,2.5854585,16.0,-1,0.43391532
3401,1076,1099.0643515586853,232.76230430603027,749.2937622070312,448.6148986816406,2.2881155,18.0,-1,43.377247
3352,1076,1920.3559165000916,262.9812068939209,1570.5853271484375,478.83380126953125,1.40373,28.0,-1,1.679371
2986,1076,1525.8395590782166,413.78265953063965,1176.0689697265625,629.63525390625,1.0069078,14.0,-1,4.7532654
2389,1076,1440.589925289154,203.09311485290527,1090.8193359375,418.9457092285156,0.75343996,12.0,-1,3.6298287
3034,1076,538.1869559288025,620.5105037689209,188.41636657714844,836.3630981445312,0.6299328,22.0,-1,2.1745777
2080,1076,568.4586234092712,121.13803672790527,218.6880340576172,336.9906311035156,0.4290659,12.0,-1,3.8226006
4,1077,1297.0885214805603,-62.67557716369629,947.2599487304688,153.79295349121094,19.926497,18.0,-1,23.958017
3,1077,1137.6893515586853,232.05808067321777,787.8607788085938,448.526611328125,16.416523,16.0,-1,22.078476
1332,1077,621.2256064414978,611.7538814544678,271.39703369140625,828.222412109375,13.639024,18.0,-1,13.835208
11,1077,399.24968099594116,298.9330806732178,49.42110824584961,515.401611328125,13.1385355,20.0,-1,22.740303
2032,1077,539.8123679161072,-88.98560523986816,189.98379516601562,127.48292541503906,12.716496,18.0,-1,19.126806
2,1077,1627.1435141563416,239.70908164978027,1277.31494140625,456.1776123046875,11.470966,16.0,-1,16.399078
1,1077,1570.177571773529,185.65231895446777,1220.3489990234375,402.120849609375,11.442618,18.0,-1,26.946182
1879,1077,1873.876546382904,-6.624551773071289,1524.0479736328125,209.84397888183594,11.435146,12.0,-1,14.143939
0,1077,1516.2602133750916,793.6087398529053,1166.431640625,1010.0772705078125,10.927795,20.0,-1,37.66769
2946,1077,1482.000325679779,937.6521968841553,1132.1717529296875,1154.1207275390625,10.4800005,16.0,-1,1.9342649
1961,1077,1454.313558101654,575.6369380950928,1104.4849853515625,792.10546875,9.850104,28.0,-1,14.291217
3079,1077,1913.0124106407166,39.12216758728027,1563.183837890625,255.5906982421875,7.8431396,10.0,-1,19.520113
8,1077,1399.9247641563416,272.93085289001465,1050.09619140625,489.3993835449219,5.836981,14.0,-1,9.002649
2281,1077,1764.0453696250916,-78.65860939025879,1414.216796875,137.80992126464844,5.511377,10.0,-1,23.904366
12,1077,1165.4425864219666,788.4869747161865,815.614013671875,1004.9555053710938,5.3916583,14.0,-1,12.002657
3401,1077,1099.8993735313416,231.0913143157959,750.07080078125,447.5598449707031,2.9811163,18.0,-1,42.89871
3367,1077,1090.1280722618103,222.49933433532715,740.2994995117188,438.9678649902344,2.2953575,28.0,-1,24.930273
3191,1077,1605.971272945404,408.2984981536865,1256.1427001953125,624.7670288085938,2.157776,8.0,1,0.21829939
3352,1077,1922.7736411094666,261.0460567474365,1572.945068359375,477.51458740234375,1.5520691,26.0,-1,0.40588903
2389,1077,1438.7897543907166,201.42008018493652,1088.961181640625,417.88861083984375,1.126674,14.0,-1,2.1090026
3034,1077,538.1684622764587,618.2830562591553,188.3398895263672,834.7515869140625,1.000174,22.0,-1,1.220804
2986,1077,1520.5470786094666,411.797399520874,1170.718505859375,628.2659301757812,0.74146414,12.0,-1,4.210782
2080,1077,565.8521780967712,122.57132530212402,216.0236053466797,339.03985595703125,0.67690843,14.0,-1,4.3322034
3,1078,1137.9221396446228,232.82816123962402,788.0350952148438,449.56048583984375,28.456964,16.0,-1,20.727829
4,1078,1296.9494223594666,-63.0618839263916,947.0623779296875,153.67044067382812,22.716032,18.0,-1,26.710104
0,1078,1516.8241782188416,793.3024044036865,1166.9371337890625,1010.0347290039062,14.742963,18.0,-1,40.121994
1,1078,1570.177571773529,185.57810020446777,1220.29052734375,402.3104248046875,14.653348,18.0,-1,27.514973
1332,1078,621.7923483848572,609.1153316497803,271.9053039550781,825.84765625,14.031375,18.0,-1,13.284987
11,1078,399.80100774765015,299.2505855560303,49.913963317871094,515.98291015625,13.488839,20.0,-1,22.813194
2032,1078,538.4901633262634,-90.23967170715332,188.60311889648438,126.4926528930664,12.269017,18.0,-1,19.144087
2946,1078,1483.552083492279,937.8538570404053,1133.6650390625,1154.586181640625,11.150083,6.0,1,0.8423911
1961,1078,1454.6266684532166,576.1994380950928,1104.7396240234375,792.9317626953125,10.450302,28.0,-1,10.979319
1879,1078,1873.7155356407166,-7.166910171508789,1523.8284912109375,209.56541442871094,10.256121,12.0,-1,14.029227
2,1078,1627.747151851654,239.64023399353027,1277.860107421875,456.37255859375,10.085129,14.0,-1,15.607523
3079,1078,1911.584310054779,38.51788902282715,1561.697265625,255.25021362304688,8.630816,10.0,-1,19.836397
8,1078,1401.2770590782166,275.0277462005615,1051.3900146484375,491.76007080078125,7.299431,14.0,-1,7.885473
12,1078,1165.0643515586853,787.639440536499,815.1773071289062,1004.3717651367188,5.5564294,14.0,-1,12.253155
2281,1078,1764.7299399375916,-79.64405250549316,1414.8428955078125,137.08827209472656,4.3555007,10.0,-1,23.142563
3191,1078,1606.0939536094666,411.8587398529053,1256.2069091796875,628.591064453125,3.4702737,16.0,-1,1.1505097
3401,1078,1099.6131796836853,231.86862754821777,749.7261352539062,448.6009521484375,3.1090887,20.0,-1,39.806572
3352,1078,1918.039632320404,262.1915645599365,1568.152587890625,478.92388916015625,1.9535699,26.0,-1,2.1794302
2986,1078,1519.771810054779,412.3158931732178,1169.884765625,629.0482177734375,1.6964059,16.0,-1,5.5743613
3367,1078,1090.4220786094666,222.49933433532715,740.5350341796875,439.2316589355469,1.4357606,28.0,-1,24.729507
2389,1078,1438.614339351654,204.29355430603027,1088.727294921875,421.02587890625,0.8101396,12.0,-1,4.563491
2080,1078,564.25763463974,124.04620933532715,214.37059020996094,340.7785339355469,0.7825008,14.0,-1,4.022959
3034,1078,533.7932639122009,617.8284664154053,183.90621948242188,834.560791015625,0.74998575,22.0,-1,0.62020886
3,1079,1134.5665488243103,231.68942832946777,783.9570922851562,448.9691162109375,17.434586,16.0,-1,21.08636
4,1079,1296.7143149375916,-64.15052223205566,946.1048583984375,153.12916564941406,16.831753,18.0,-1,25.492914
0,1079,1516.5417075157166,792.4134273529053,1165.9322509765625,1009.693115234375,16.462202,18.0,-1,40.443256
11,1079,401.5016722679138,298.4562740325928,50.892215728759766,515.7359619140625,15.241024,20.0,-1,23.42729
2032,1079,540.0007376670837,-86.88436317443848,189.3912811279297,130.39532470703125,13.669322,18.0,-1,18.820349
1332,1079,623.6062521934509,608.4838008880615,272.9967956542969,825.7634887695312,11.035056,18.0,-1,11.881262
1879,1079,1875.199056148529,-7.019357681274414,1524.589599609375,210.2603302001953,10.971783,12.0,-1,14.152476
1961,1079,1452.6078696250916,578.573278427124,1101.9984130859375,795.8529663085938,9.898608,28.0,-1,15.043047
3079,1079,1911.165364742279,38.95487022399902,1560.555908203125,256.23455810546875,8.761862,10.0,-1,18.624352
1,1079,1568.812093257904,183.82660484313965,1218.20263671875,401.1062927246094,8.588458,18.0,-1,25.845465
2946,1079,1481.1742758750916,934.8926753997803,1130.5648193359375,1152.17236328125,7.9029155,16.0,-1,0.6564877
2,1079,1626.809407711029,240.40668296813965,1276.199951171875,457.6863708496094,7.7819457,14.0,-1,18.199968
12,1079,1165.0643515586853,786.7306880950928,814.4548950195312,1004.0103759765625,7.53977,14.0,-1,10.828207
8,1079,1402.412679195404,275.83014488220215,1051.80322265625,493.1098327636719,5.774611,14.0,-1,9.3045025
2281,1079,1766.280843257904,-79.59391212463379,1415.67138671875,137.68577575683594,5.115336,8.0,-1,27.748081
3401,1079,1095.4969687461853,230.59030723571777,744.8875122070312,447.8699951171875,2.9346526,20.0,-1,39.73684
3191,1079,1601.454427242279,412.8208980560303,1250.844970703125,630.1005859375,2.5180347,18.0,-1,0.9971172
3367,1079,1087.142415523529,220.92502403259277,736.532958984375,438.2047119140625,1.7987818,28.0,-1,23.731318
3352,1079,1921.508382320404,261.98261070251465,1570.89892578125,479.2622985839844,1.2752503,26.0,-1,1.0858587
2389,1079,1439.4350180625916,208.51364707946777,1088.8255615234375,425.7933349609375,1.0952339,10.0,-1,6.0281053
3034,1079,534.4274191856384,619.2955074310303,183.81796264648438,836.5751953125,0.8615981,26.0,-1,1.414864
2986,1079,1523.013509273529,412.3158931732178,1172.404052734375,629.5955810546875,0.6608876,14.0,-1,4.059994
2080,1079,566.36798620224,124.39288902282715,215.75852966308594,341.6725769042969,0.59659845,14.0,-1,3.6518955
3,1080,1133.1826376914978,231.75314903259277,782.0205688476562,449.49371337890625,20.852972,16.0,-1,21.26426
4,1080,1296.6053671836853,-63.03875160217285,945.4432983398438,154.70181274414062,19.465979,18.0,-1,24.406008
1332,1080,625.3121542930603,607.8501949310303,274.15008544921875,825.5907592773438,17.222464,18.0,-1,12.975866
11,1080,401.9728102684021,299.161901473999,50.81074142456055,516.9024658203125,17.074602,18.0,-1,22.080875
2032,1080,537.795003414154,-87.65194129943848,186.6329345703125,130.088623046875,15.298299,18.0,-1,18.445183
0,1080,1517.0878500938416,790.3436031341553,1165.92578125,1008.0841674804688,12.428409,18.0,-1,42.13195
1961,1080,1452.6283774375916,580.262731552124,1101.46630859375,798.0032958984375,11.701115,28.0,-1,12.841391
1,1080,1568.8564047813416,182.45526695251465,1217.6943359375,400.1958312988281,10.933352,18.0,-1,26.326942
2,1080,1625.884603023529,238.69205284118652,1274.7225341796875,456.4326171875,9.831002,16.0,-1,18.87232
2946,1080,1481.6256918907166,932.105504989624,1130.463623046875,1149.8460693359375,9.044261,16.0,-1,1.8263669
1879,1080,1873.256917476654,-7.109231948852539,1522.0948486328125,210.63133239746094,8.64057,12.0,-1,14.809026
3079,1080,1912.600667476654,36.5952205657959,1561.4385986328125,254.33578491210938,6.391077,10.0,-1,17.642578
12,1080,1165.1412558555603,786.912633895874,813.9791870117188,1004.6531982421875,5.3931923,14.0,-1,13.116791
8,1080,1403.4860434532166,275.83014488220215,1052.323974609375,493.5707092285156,4.978444,12.0,-1,11.523716
2281,1080,1765.128743648529,-78.29830360412598,1413.9666748046875,139.4422607421875,4.186482,8.0,-1,22.809265
3191,1080,1600.2948813438416,410.4742183685303,1249.1328125,628.2147827148438,2.5653312,16.0,-1,0.5487461
3401,1080,1094.7801718711853,233.44553184509277,743.6181030273438,451.18609619140625,2.3156393,18.0,-1,34.918617
3367,1080,1086.8717856407166,220.85251426696777,735.709716796875,438.59307861328125,1.7397238,26.0,-1,26.010021
2389,1080,1438.185140132904,210.4542293548584,1087.0230712890625,428.1947937011719,1.6238179,10.0,-1,7.2009187
3034,1080,533.8482413291931,616.3111324310303,182.68617248535156,834.0516967773438,1.3631808,24.0,-1,1.6607493
3352,1080,1921.745687007904,263.3310604095459,1570.5836181640625,481.0716247558594,1.1875488,28.0,-1,1.6760924
2986,1080,1523.013509273529,414.5448360443115,1171.8514404296875,632.285400390625,0.931648,12.0,-1,4.561984
2080,1080,566.8593039512634,125.73081016540527,215.69723510742188,343.47137451171875,0.6752408,16.0,-1,3.4010997
11,1081,405.51712560653687,298.63075828552246,53.59907531738281,516.229736328125,22.993355,20.0,-1,23.011465
4,1081,1296.9399008750916,-61.46907997131348,945.0218505859375,156.12989807128906,19.25929,18.0,-1,25.936222
1332,1081,625.9990134239197,610.2967739105225,274.0809631347656,827.895751953125,17.388124,18.0,-1,15.063671
3,1081,1134.7550864219666,233.0253200531006,782.8370361328125,450.6242980957031,15.554932,16.0,-1,21.835596
0,1081,1516.620198726654,790.0616054534912,1164.7021484375,1007.6605834960938,12.17431,18.0,-1,40.68664
2032,1081,538.8575186729431,-87.65194129943848,186.93946838378906,129.94703674316406,10.927329,18.0,-1,17.926613
2,1081,1626.016194820404,239.0664882659912,1274.09814453125,456.66546630859375,10.347585,16.0,-1,17.163948
1,1081,1569.9679770469666,183.71010398864746,1218.0499267578125,401.30908203125,10.182319,18.0,-1,24.55331
2946,1081,1481.4267172813416,932.6117153167725,1129.5086669921875,1150.210693359375,9.708946,16.0,-1,2.6350121
1879,1081,1873.256917476654,-6.597955703735352,1521.3388671875,211.0010223388672,7.529695,12.0,-1,12.198105
1961,1081,1451.2355551719666,579.8343715667725,1099.3175048828125,797.433349609375,6.920496,28.0,-1,11.469984
3079,1081,1913.7506918907166,35.432363510131836,1561.8326416015625,253.03134155273438,4.938005,10.0,-1,17.273762
12,1081,1165.7041220664978,783.28737449646,813.7860717773438,1000.8863525390625,4.903603,14.0,-1,10.520359
2281,1081,1762.398519039154,-76.20345497131348,1410.48046875,141.39552307128906,4.7162437,8.0,-1,24.632318
8,1081,1403.0504965782166,276.56114768981934,1051.1324462890625,494.1601257324219,4.2294736,12.0,-1,9.889195
3401,1081,1094.6021933555603,229.0010280609131,742.6841430664062,446.6000061035156,2.1637135,20.0,-1,39.44793
3034,1081,533.677571773529,614.878438949585,181.759521484375,832.4774169921875,1.8803695,20.0,-1,2.1179688
3367,1081,1086.2475180625916,218.9507350921631,734.3294677734375,436.5497131347656,1.7968245,28.0,-1,22.648787
3191,1081,1602.0666098594666,413.9839687347412,1250.1485595703125,631.5829467773438,1.7743632,20.0,-1,0.46719146
2389,1081,1435.534993648529,206.91844749450684,1083.616943359375,424.5174255371094,1.4297752,12.0,-1,6.8867083
3352,1081,1918.210286617279,260.67381858825684,1566.292236328125,478.2727966308594,1.0875773,10.0,1,0.011685133
2986,1081,1525.100911617279,412.4959316253662,1173.182861328125,630.0949096679688,0.5742907,14.0,-1,5.0849376
2080,1081,563.87189245224,127.86745262145996,211.95384216308594,345.4664306640625,0.44811925,16.0,-1,3.7424016
3,1082,1134.3354086875916,232.1171169281006,782.432861328125,450.1100158691406,24.280699,16.0,-1,19.575693
4,1082,1297.7256064414978,-63.89788246154785,945.8230590820312,154.0950164794922,21.83988,18.0,-1,26.853931
11,1082,405.93439245224,298.25551414489746,54.03184509277344,516.2484130859375,19.022572,20.0,-1,22.702013
1332,1082,625.4321188926697,605.8441371917725,273.5295715332031,823.8370361328125,16.87035,18.0,-1,14.492378
0,1082,1515.653157711029,791.1390590667725,1163.7506103515625,1009.1319580078125,15.712703,18.0,-1,40.137016
2032,1082,538.7003073692322,-89.20577430725098,186.79776000976562,128.78712463378906,12.2565565,18.0,-1,16.83632
1,1082,1571.5649008750916,184.1140651702881,1219.662353515625,402.1069641113281,9.832032,18.0,-1,26.839128
2946,1082,1481.841878414154,931.511251449585,1129.9393310546875,1149.504150390625,9.317629,16.0,-1,1.6826015
8,1082,1403.989583492279,276.1801052093506,1052.0870361328125,494.1730041503906,8.915948,14.0,-1,9.909704
1879,1082,1873.362874507904,-5.338495254516602,1521.4603271484375,212.65440368652344,8.722373,12.0,-1,12.972629
2,1082,1625.432698726654,240.57985496520996,1273.5301513671875,458.57275390625,7.534412,16.0,-1,14.425955
1961,1082,1448.8275961875916,579.8343715667725,1096.925048828125,797.8272705078125,7.4243655,28.0,-1,11.1143875
3079,1082,1917.8637290000916,35.95790672302246,1565.961181640625,253.9508056640625,7.113519,10.0,-1,21.283329
12,1082,1165.7059531211853,788.0503749847412,813.8034057617188,1006.0432739257812,5.5846553,14.0,-1,13.056526
2281,1082,1762.398519039154,-75.27987098693848,1410.4959716796875,142.71302795410156,3.77337,8.0,-1,22.223495
3401,1082,1095.4325156211853,230.0318202972412,743.5299682617188,448.02471923828125,2.4256647,20.0,-1,39.427883
3191,1082,1602.5099692344666,411.14479637145996,1250.607421875,629.1376953125,2.2509544,18.0,-1,0.8561391
3367,1082,1086.4251914024353,220.0288600921631,734.5226440429688,438.0217590332031,1.6839242,28.0,-1,25.471577
2389,1082,1435.5251059532166,205.6371364593506,1083.62255859375,423.6300354003906,1.4894956,12.0,-1,5.119065
3352,1082,1914.082601070404,257.6495876312256,1562.1800537109375,475.6424865722656,1.4098245,28.0,-1,2.6992917
2986,1082,1524.655354976654,413.9236660003662,1172.7528076171875,631.9165649414062,1.2790102,14.0,-1,4.8390207
3034,1082,530.7423605918884,614.4146327972412,178.83981323242188,832.4075317382812,0.7845473,22.0,-1,1.2901366
2080,1082,561.3666586875916,130.04076194763184,209.464111328125,348.0336608886719,0.6702743,16.0,-1,3.9429998
3,1083,1135.4948325157166,231.16971397399902,782.8966064453125,450.2088317871094,22.285273,16.0,-1,19.945507
4,1083,1301.167806148529,-63.626352310180664,948.569580078125,155.4127655029297,18.251776,18.0,-1,24.581005
1332,1083,626.3797812461853,600.7840023040771,273.78155517578125,819.8231201171875,16.948202,20.0,-1,14.377765
11,1083,408.8299117088318,295.9215145111084,56.231685638427734,514.9606323242188,16.757288,20.0,-1,22.803978
0,1083,1515.653157711029,789.5880184173584,1163.054931640625,1008.6271362304688,14.798236,18.0,-1,38.180595
2032,1083,540.9023489952087,-91.52570533752441,188.3041229248047,127.51341247558594,13.430507,16.0,-1,18.326921
1,1083,1570.6632895469666,183.06784629821777,1218.0650634765625,402.1069641113281,12.799435,18.0,-1,25.109602
1961,1083,1448.0734457969666,581.0614070892334,1095.4752197265625,800.1005249023438,10.385557,28.0,-1,9.503808
1879,1083,1876.3070883750916,-5.338495254516602,1523.7088623046875,213.70062255859375,9.959102,12.0,-1,12.35195
3079,1083,1920.7245688438416,34.77522850036621,1568.1263427734375,253.81434631347656,8.514639,10.0,-1,21.809727
12,1083,1165.0175986289978,791.2517147064209,812.4193725585938,1010.2908325195312,7.195563,14.0,-1,11.91861
2,1083,1626.2550864219666,240.93875694274902,1273.6568603515625,459.9778747558594,6.717341,16.0,-1,16.806025
2946,1083,1481.8285727500916,929.8014583587646,1129.2303466796875,1148.840576171875,6.300737,14.0,-1,4.2017617
8,1083,1403.1613364219666,277.3921871185303,1050.5631103515625,496.4313049316406,5.6828303,14.0,-1,5.1406517
2281,1083,1764.068196773529,-76.2939395904541,1411.469970703125,142.74517822265625,4.454241,10.0,-1,21.677797
3191,1083,1600.2838950157166,412.42560386657715,1247.6856689453125,631.4647216796875,3.6865215,18.0,-1,1.6269169
3401,1083,1098.9677939414978,231.21661949157715,746.3695678710938,450.2557373046875,2.118253,18.0,-1,35.574226
3367,1083,1088.3705649375916,221.63324546813965,735.7723388671875,440.67236328125,1.850109,28.0,-1,27.074741
3352,1083,1913.292073726654,258.93317222595215,1560.69384765625,477.9722900390625,1.2390212,26.0,-1,1.6998944
3034,1083,530.4303183555603,617.7703304290771,177.83209228515625,836.8094482421875,1.1654402,20.0,-1,2.2182379
2389,1083,1432.524007320404,203.87064170837402,1079.92578125,422.9097595214844,0.8009905,10.0,-1,6.2361345
2986,1083,1522.498128414154,412.25739097595215,1169.89990234375,631.2965087890625,0.7788188,12.0,-1,4.328539
2080,1083,560.4550986289978,131.16440391540527,207.85687255859375,350.2035217285156,0.5721239,12.0,-1,4.673155
11,1084,408.9040732383728,296.4697322845459,56.50799560546875,515.4601440429688,17.95641,20.0,-1,23.49473
3,1084,1136.564778804779,231.9163875579834,784.168701171875,450.90679931640625,17.411036,16.0,-1,21.78857
1,1084,1570.6632895469666,183.28583335876465,1218.2672119140625,402.2762451171875,14.7892885,18.0,-1,27.387234
4,1084,1302.4593710899353,-63.150583267211914,950.0632934570312,155.83982849121094,14.478482,18.0,-1,25.799915
0,1084,1514.5995688438416,789.3916683197021,1162.2034912109375,1008.382080078125,14.248982,20.0,-1,39.773354
1332,1084,630.118489742279,599.2304744720459,277.722412109375,818.2208862304688,13.527583,18.0,-1,14.658019
1879,1084,1878.3659262657166,-6.880105972290039,1525.9698486328125,212.1103057861328,12.172458,12.0,-1,13.245145
2032,1084,540.4001669883728,-88.81496620178223,188.00408935546875,130.17544555664062,9.387952,18.0,-1,18.01779
1961,1084,1445.787190914154,581.7954769134521,1093.39111328125,800.785888671875,8.999972,28.0,-1,8.208693
2,1084,1626.2497153282166,240.50180625915527,1273.8536376953125,459.4922180175781,7.619886,16.0,-1,18.929504
3079,1084,1921.208577632904,36.45804405212402,1568.8125,255.44845581054688,7.17969,10.0,-1,20.026688
2946,1084,1476.360677242279,932.2446956634521,1123.964599609375,1151.235107421875,7.053182,14.0,-1,5.0864506
8,1084,1401.3588461875916,277.221471786499,1048.9627685546875,496.2118835449219,6.8017297,14.0,-1,5.317107
12,1084,1165.9706015586853,791.1122493743896,813.5745239257812,1010.1026611328125,5.4370537,14.0,-1,11.974064
2281,1084,1764.461263179779,-72.95493507385254,1412.065185546875,146.0354766845703,5.2147846,10.0,-1,20.601742
3191,1084,1601.4467368125916,412.03168296813965,1249.0506591796875,631.0220947265625,2.6663663,18.0,-1,1.7091331
3401,1084,1096.5223593711853,229.76541709899902,744.1262817382812,448.7558288574219,2.3538706,18.0,-1,37.877064
3352,1084,1907.413411617279,262.19440269470215,1555.017333984375,481.184814453125,1.8932174,26.0,-1,3.0966127
3367,1084,1086.9336142539978,221.42438316345215,734.5375366210938,440.414794921875,1.7112592,28.0,-1,26.584915
2389,1084,1428.832112789154,203.87064170837402,1076.43603515625,422.8610534667969,0.80912036,12.0,-1,4.7401433
3034,1084,531.7457785606384,617.1078548431396,179.34970092773438,836.0982666015625,0.79910594,20.0,-1,0.82234806
2986,1084,1520.5341391563416,417.1184139251709,1168.1380615234375,636.1088256835938,0.7610298,12.0,-1,4.8054523
2080,1084,560.5273947715759,130.44681358337402,208.13131713867188,349.4372253417969,0.5210481,12.0,-1,3.3830247
3,1085,1137.1613974571228,232.48215293884277,784.0657958984375,451.8193664550781,29.19155,16.0,-1,21.353045
11,1085,409.51400899887085,296.87335777282715,56.41840744018555,516.2105712890625,19.847267,18.0,-1,23.356773
1,1085,1570.8321738243103,185.1037654876709,1217.736572265625,404.44097900390625,16.792398,18.0,-1,25.757093
4,1085,1301.3944907188416,-62.84279823303223,948.2988891601562,156.49441528320312,16.254747,18.0,-1,26.212313
1332,1085,628.8530783653259,599.0767879486084,275.7574768066406,818.4140014648438,16.132143,20.0,-1,16.45211
0,1085,1514.8790488243103,788.9269466400146,1161.783447265625,1008.26416015625,11.964394,18.0,-1,38.98398
2032,1085,539.0317282676697,-89.97774696350098,185.93612670898438,129.35946655273438,11.1858835,16.0,-1,16.747282
1879,1085,1878.4397177696228,-7.568948745727539,1525.3441162109375,211.7682647705078,9.820796,12.0,-1,14.039626
3079,1085,1921.8425498008728,38.66727256774902,1568.7469482421875,258.0044860839844,9.553522,10.0,-1,20.946213
1961,1085,1442.0893759727478,582.3001155853271,1088.9937744140625,801.6373291015625,8.211249,28.0,-1,10.266996
2,1085,1628.8928427696228,240.96066856384277,1275.7972412109375,460.2978820800781,7.617468,16.0,-1,17.493437
12,1085,1168.362630367279,788.6492366790771,815.2670288085938,1007.9864501953125,6.2548585,14.0,-1,12.246137
8,1085,1399.0886435508728,276.3587703704834,1045.9930419921875,495.69598388671875,5.709917,14.0,-1,5.6771984
2281,1085,1764.1698203086853,-72.9898624420166,1411.07421875,146.34735107421875,4.7329946,8.0,-1,24.992525
2946,1085,1478.2547812461853,933.6781673431396,1125.1591796875,1153.015380859375,4.19045,14.0,-1,5.054688
3401,1085,1096.5223593711853,228.37570762634277,743.4267578125,447.7129211425781,2.596916,18.0,-1,39.913815
3191,1085,1599.8058066368103,414.74310874938965,1246.710205078125,634.080322265625,1.9706949,18.0,-1,0.23449141
2389,1085,1422.7776083946228,207.0003719329834,1069.6820068359375,426.33758544921875,1.568149,12.0,-1,5.521788
2986,1085,1520.9259238243103,418.5223445892334,1167.830322265625,637.8595581054688,1.5276827,12.0,-1,5.3950443
3367,1085,1086.7192587852478,220.01035118103027,733.6236572265625,439.3475646972656,1.512348,28.0,-1,28.863739
3352,1085,1906.0830283164978,262.19440269470215,1552.9874267578125,481.5316162109375,1.4351841,28.0,-1,2.4486814
3034,1085,524.6532645225525,616.9187068939209,171.5576629638672,836.2559204101562,1.1987804,22.0,-1,1.8151822
2080,1085,561.1825766563416,125.27106285095215,208.08697509765625,344.6082763671875,0.31105813,12.0,-1,3.833267
11,1086,410.17024755477905,296.6860408782959,56.37786865234375,516.2244262695312,21.719635,18.0,-1,23.2455
3,1086,1137.9347128868103,233.01199913024902,784.142333984375,452.5503845214844,19.327822,16.0,-1,21.194906
1,1086,1569.9065146446228,186.51508140563965,1216.1141357421875,406.053466796875,18.926685,18.0,-1,25.40477
1332,1086,627.256917476654,600.3847713470459,273.46453857421875,819.9231567382812,17.863491,18.0,-1,15.57878
0,1086,1515.2552695274353,787.3338680267334,1161.462890625,1006.8722534179688,17.214582,20.0,-1,40.160267
4,1086,1301.4513754844666,-62.41745948791504,947.6589965820312,157.1209259033203,13.608559,18.0,-1,27.574905
2032,1086,539.6839804649353,-90.92579078674316,185.8916015625,128.6125946044922,11.94687,16.0,-1,16.507212
3079,1086,1921.5124716758728,40.38348960876465,1567.7200927734375,259.921875,11.569965,10.0,-1,20.610136
1879,1086,1876.5654501914978,-9.533929824829102,1522.7730712890625,210.00445556640625,10.249368,12.0,-1,14.211884
2,1086,1633.3094687461853,242.64044761657715,1279.51708984375,462.1788330078125,9.962951,16.0,-1,16.363775
8,1086,1397.8770956993103,276.7621822357178,1044.084716796875,496.3005676269531,7.6705456,16.0,-1,2.2627752
1961,1086,1440.4640097618103,582.8791561126709,1086.671630859375,802.4175415039062,7.3357406,28.0,-1,9.824074
2946,1086,1477.5143027305603,935.3580989837646,1123.721923828125,1154.896484375,6.9557357,14.0,-1,5.560369
2281,1086,1764.1900839805603,-73.32163429260254,1410.397705078125,146.2167510986328,6.9194293,8.0,-1,26.69099
12,1086,1167.5407309532166,787.1594295501709,813.7483520507812,1006.6978149414062,5.1997433,14.0,-1,11.024836
3401,1086,1095.8230185508728,228.37570762634277,742.0306396484375,447.9140930175781,2.701451,18.0,-1,38.338215
3191,1086,1599.8075156211853,419.0977840423584,1246.01513671875,638.6361694335938,1.941316,22.0,-1,1.6103103
3367,1086,1086.7192587852478,218.56204795837402,732.9268798828125,438.1004333496094,1.9259567,28.0,-1,24.86529
3352,1086,1907.8228964805603,261.4669551849365,1554.030517578125,481.0053405761719,1.8974694,26.0,-1,2.4719348
2389,1086,1421.7549033164978,211.4593563079834,1067.9625244140625,430.99774169921875,1.4773036,12.0,-1,4.2794356
2986,1086,1521.3277792930603,417.47430992126465,1167.535400390625,637.0126953125,0.90587264,12.0,-1,5.1349707
3034,1086,522.7502951622009,616.3760433197021,168.95791625976562,835.9144287109375,0.86130285,20.0,-1,1.3881052
2080,1086,563.5964255332947,120.95444297790527,209.80404663085938,340.4928283691406,0.5925814,18.0,-1,3.9508357
1,1087,1567.1063437461853,189.43024253845215,1212.5941162109375,409.72344970703125,23.702463,18.0,-1,23.611855
3,1087,1137.4070029258728,233.29495811462402,782.894775390625,453.5881652832031,21.121523,16.0,-1,21.184448
1332,1087,627.755208492279,599.3221492767334,273.24298095703125,819.6153564453125,17.392284,18.0,-1,14.406332
11,1087,408.9688582420349,295.59027671813965,54.45663070678711,515.8834838867188,15.575996,18.0,-1,22.443754
4,1087,1301.7151083946228,-61.45302772521973,947.202880859375,158.84017944335938,14.191386,16.0,-1,27.616123
2032,1087,540.1659293174744,-92.08664894104004,185.65370178222656,128.20655822753906,13.421921,16.0,-1,16.708418
1879,1087,1876.0123496055603,-10.452203750610352,1521.5001220703125,209.84100341796875,13.222938,12.0,-1,13.136722
0,1087,1517.8706259727478,787.0929012298584,1163.3583984375,1007.3861083984375,12.937669,20.0,-1,40.91617
3079,1087,1920.5702109336853,40.25205039978027,1566.0579833984375,260.5452575683594,10.484139,10.0,-1,20.309736
2,1087,1635.3447470664978,244.98407554626465,1280.83251953125,465.27728271484375,10.131197,16.0,-1,15.040337
8,1087,1398.9416708946228,275.4516658782959,1044.429443359375,495.744873046875,9.2990885,16.0,-1,2.360487
12,1087,1166.6474204063416,786.1196346282959,812.1351928710938,1006.412841796875,7.380541,14.0,-1,11.083181
1961,1087,1437.6067099571228,583.0969905853271,1083.094482421875,803.3901977539062,6.824288,28.0,-1,8.412127
2946,1087,1477.0298056602478,936.1575984954834,1122.517578125,1156.4508056640625,6.565183,14.0,-1,6.954057
2281,1087,1766.1430869102478,-72.42971229553223,1411.630859375,147.86349487304688,6.2853236,8.0,-1,30.291077
3401,1087,1098.1464438438416,231.75433921813965,743.6342163085938,452.04754638671875,2.4432976,18.0,-1,33.968315
3367,1087,1090.562581539154,219.78641319274902,736.0503540039062,440.0796203613281,1.9283605,16.0,-1,31.683249
3191,1087,1600.7036337852478,423.1789608001709,1246.19140625,643.47216796875,1.831407,20.0,-1,1.6146815
2986,1087,1518.8128867149353,414.60736656188965,1164.3006591796875,634.9005737304688,0.99622244,14.0,-1,5.199633
3034,1087,520.6417288780212,610.8471736907959,166.12950134277344,831.140380859375,0.96316576,22.0,-1,1.2032093
2389,1087,1419.6495566368103,211.80179405212402,1065.1373291015625,432.0950012207031,0.9446845,14.0,-1,2.753559
3352,1087,1907.8228964805603,261.4669551849365,1553.3106689453125,481.7601623535156,0.9371765,24.0,-1,2.320533
2080,1087,564.6815390586853,117.39371299743652,210.1693115234375,337.6869201660156,0.63119024,10.0,-1,3.7333899
1332,1088,632.6779685020447,601.4558925628662,277.3642272949219,822.5706176757812,21.986633,20.0,-1,16.445843
2032,1088,539.4065451622009,-93.02820777893066,184.09280395507812,128.08651733398438,21.096964,16.0,-1,16.880802
1,1088,1566.6213583946228,190.88268089294434,1211.3076171875,411.9974060058594,19.454313,18.0,-1,26.129147
3,1088,1137.8493857383728,232.28566551208496,782.53564453125,453.400390625,17.87334,16.0,-1,20.186663
11,1088,410.05130529403687,296.99208641052246,54.73756408691406,518.1068115234375,16.682615,18.0,-1,22.359488
0,1088,1519.3800253868103,788.036153793335,1164.0662841796875,1009.15087890625,13.978047,18.0,-1,40.841774
4,1088,1301.2303671836853,-61.45302772521973,945.9166259765625,159.6616973876953,11.420342,18.0,-1,26.585503
2,1088,1638.4116415977478,244.3871669769287,1283.097900390625,465.50189208984375,9.845805,16.0,-1,15.838362
2946,1088,1479.1888632774353,936.795431137085,1123.8751220703125,1157.91015625,8.835725,14.0,-1,6.7800794
1879,1088,1877.1379599571228,-10.678445816040039,1521.82421875,210.436279296875,8.603519,12.0,-1,14.835946
3079,1088,1919.5626425743103,40.748830795288086,1564.2489013671875,261.8635559082031,8.39424,10.0,-1,19.168
8,1088,1399.0611777305603,275.60021018981934,1043.7474365234375,496.7149353027344,7.8991675,16.0,-1,1.1488488
1961,1088,1433.4831748008728,584.6725063323975,1078.16943359375,805.7872314453125,7.5390115,28.0,-1,10.23538
2281,1088,1766.1430869102478,-74.28635597229004,1410.829345703125,146.828369140625,6.1318016,8.0,-1,28.86491
12,1088,1167.798421382904,785.7558193206787,812.4846801757812,1006.8705444335938,4.5984397,14.0,-1,10.458361
3191,1088,1602.9345908164978,426.7331142425537,1247.620849609375,647.8478393554688,3.3329637,18.0,-1,0.00040382147
3401,1088,1095.6672568321228,231.01076316833496,740.353515625,452.12548828125,2.5718956,20.0,-1,37.366634
3367,1088,1088.2098593711853,218.32558250427246,732.8961181640625,439.4403076171875,1.7452787,28.0,-1,26.529404
2389,1088,1416.4502158164978,209.8864040374756,1061.136474609375,431.0011291503906,0.8927634,12.0,-1,2.6559937
3034,1088,518.1942648887634,608.8070888519287,162.88052368164062,829.9218139648438,0.81858486,24.0,-1,2.114398
3352,1088,1903.9854941368103,256.64623069763184,1548.6717529296875,477.7609558105469,0.801562,28.0,-1,0.4353155
2986,1088,1515.0215048789978,416.22865867614746,1159.707763671875,637.3433837890625,0.63842124,16.0,-1,4.490778
2080,1088,565.32452917099,118.87593650817871,210.0107879638672,339.99066162109375,0.5078125,20.0,-1,3.437104
3,1089,1136.2747778892517,232.1820125579834,780.6215209960938,454.44091796875,18.512272,16.0,-1,22.415583
1,1089,1567.607114315033,190.89890098571777,1211.953857421875,413.1578063964844,17.449413,18.0,-1,25.9709
11,1089,410.0399146080017,297.0301570892334,54.38665771484375,519.2890625,17.380491,18.0,-1,22.04592
1332,1089,632.072202205658,603.3772640228271,276.4189453125,825.6361694335938,17.067041,20.0,-1,15.033333
2032,1089,541.3835883140564,-96.22982978820801,185.73033142089844,126.0290756225586,15.06752,16.0,-1,17.907734
0,1089,1518.076840877533,788.0183162689209,1162.423583984375,1010.2772216796875,14.97078,20.0,-1,38.87264
8,1089,1399.6211524009705,275.5839900970459,1043.9678955078125,497.8428955078125,14.8669615,16.0,-1,2.512319
4,1089,1299.0933203697205,-59.21122169494629,943.4400634765625,163.0476837158203,12.80659,18.0,-1,26.66161
1961,1089,1434.1113867759705,586.9921932220459,1078.4581298828125,809.2510986328125,10.280191,28.0,-1,8.657026
2,1089,1639.0725684165955,244.61569786071777,1283.4193115234375,466.8746032714844,9.972011,16.0,-1,17.713337
1879,1089,1875.8474707603455,-12.106836318969727,1520.1942138671875,210.15206909179688,9.571261,12.0,-1,15.004582
2946,1089,1479.828549861908,933.8029842376709,1124.17529296875,1156.0618896484375,7.882606,14.0,-1,7.6642566
2281,1089,1767.2102637290955,-76.2556095123291,1411.5570068359375,146.0032958984375,6.5549297,8.0,-1,30.589205
12,1089,1167.2180762290955,785.5120296478271,811.5648193359375,1007.7709350585938,4.3166823,14.0,-1,12.757845
3079,1089,1919.5740332603455,37.1574764251709,1563.9207763671875,259.4163818359375,4.151165,10.0,-1,14.669627
3191,1089,1603.6160254478455,426.77741050720215,1247.9627685546875,649.0363159179688,3.910999,16.0,-1,0.94641495
3401,1089,1094.6561255455017,229.8857479095459,739.0028686523438,452.1446533203125,2.6830285,20.0,-1,38.86592
3034,1089,517.6209235191345,607.3922176361084,161.96766662597656,829.651123046875,1.6693387,18.0,-1,1.5727704
3352,1089,1904.205502986908,258.417760848999,1548.55224609375,480.6766662597656,1.5699586,26.0,-1,0.5524507
2389,1089,1415.951596736908,211.20477867126465,1060.29833984375,433.46368408203125,1.4182925,14.0,-1,1.1933329
2986,1089,1516.3252539634705,417.15692710876465,1160.6719970703125,639.4158325195312,0.9468937,12.0,-1,4.8120203
2080,1089,563.9922766685486,119.01639366149902,208.33901977539062,341.2752990722656,0.4557167,10.0,-1,4.0520153
3,1090,1135.8596777915955,233.5941677093506,780.2640380859375,456.166015625,19.877274,16.0,-1,20.632008
1332,1090,628.6030249595642,605.0110988616943,273.00738525390625,827.5829467773438,19.64919,20.0,-1,16.523582
11,1090,409.9976668357849,296.3898220062256,54.40202713012695,518.961669921875,16.529886,20.0,-1,22.096167
4,1090,1299.070737361908,-58.33193397521973,943.47509765625,164.2399139404297,16.15101,18.0,-1,26.17032
1,1090,1569.0750098228455,190.1055507659912,1213.4793701171875,412.6773986816406,15.207694,18.0,-1,30.149479
0,1090,1517.1841406822205,787.5143947601318,1161.5885009765625,1010.0862426757812,12.917323,20.0,-1,42.359818
2032,1090,542.9533972740173,-96.25992774963379,187.35775756835938,126.31192016601562,11.353538,16.0,-1,17.535912
1879,1090,1875.942319393158,-12.225671768188477,1520.3466796875,210.34617614746094,9.237976,12.0,-1,15.521511
2,1090,1638.065366268158,243.78343772888184,1282.4697265625,466.35528564453125,8.088245,16.0,-1,15.8948965
3079,1090,1919.662778377533,37.15663719177246,1564.067138671875,259.7284851074219,7.5835266,10.0,-1,16.406057
8,1090,1400.4187598228455,275.5469570159912,1044.8231201171875,498.1188049316406,7.070226,16.0,-1,4.008654
2946,1090,1477.6958594322205,933.7197780609131,1122.1002197265625,1156.2916259765625,6.3976784,14.0,-1,4.8124027
1961,1090,1431.571958065033,589.0027370452881,1075.976318359375,811.5745849609375,5.8497825,28.0,-1,10.703096
2281,1090,1768.2163672447205,-74.44227027893066,1412.6207275390625,148.12957763671875,5.104873,8.0,-1,27.348673
12,1090,1167.240659236908,783.7254543304443,811.64501953125,1006.2973022460938,5.0961795,14.0,-1,15.116734
3191,1090,1604.002133846283,426.7782497406006,1248.406494140625,649.35009765625,2.3936493,18.0,-1,0.98950994
3401,1090,1095.4275488853455,232.1985683441162,739.8319091796875,454.7704162597656,2.342243,22.0,-1,38.294743
3367,1090,1089.8589453697205,221.29894065856934,734.2633056640625,443.87078857421875,2.2397768,24.0,-1,29.809383
3352,1090,1900.012876033783,258.98219871520996,1544.417236328125,481.5540466308594,2.2378268,26.0,-1,3.2780094
3034,1090,515.5338263511658,607.1022853851318,159.9381866455078,829.6741333007812,1.0298496,20.0,-1,0.91363436
2389,1090,1409.8648047447205,213.0286159515381,1054.2691650390625,435.6004638671875,0.67056084,16.0,-1,1.9823942
2986,1090,1516.5161719322205,419.4397487640381,1160.9205322265625,642.0115966796875,0.6041328,14.0,-1,5.6543097
2080,1090,564.4658331871033,122.45326805114746,208.8701934814453,345.0251159667969,0.58586913,12.0,-1,3.661799
1332,1091,624.7341284751892,604.6539211273193,268.2078857421875,828.3038330078125,25.208939,20.0,-1,17.561605
1,1091,1569.8641333580017,188.50499534606934,1213.337890625,412.1549072265625,21.2158,18.0,-1,28.163588
11,1091,409.3440909385681,296.4648952484131,52.817848205566406,520.1148071289062,19.7001,20.0,-1,22.256405
3,1091,1138.4470191001892,233.5941677093506,781.9207763671875,457.24407958984375,18.315838,16.0,-1,21.628984
0,1091,1516.2899146080017,788.7194728851318,1159.763671875,1012.369384765625,17.683296,20.0,-1,41.632374
4,1091,1298.9827246665955,-56.27433204650879,942.4564819335938,167.37557983398438,12.180554,18.0,-1,25.566711
1879,1091,1878.2733130455017,-12.023828506469727,1521.7470703125,211.62608337402344,9.573696,12.0,-1,14.219766
3079,1091,1924.1773657798767,36.291189193725586,1567.651123046875,259.94110107421875,8.089467,10.0,-1,21.569666
2032,1091,541.7390265464783,-97.57687568664551,185.21278381347656,126.07303619384766,8.040372,16.0,-1,17.287775
2281,1091,1770.4610571861267,-71.5972843170166,1413.934814453125,152.05262756347656,7.8099666,8.0,-1,28.41561
2,1091,1636.9251685142517,244.05971336364746,1280.39892578125,467.7096252441406,7.703522,16.0,-1,19.047981
2946,1091,1478.0286841392517,933.0344142913818,1121.50244140625,1156.684326171875,7.6846995,16.0,-1,3.0515
8,1091,1402.0158667564392,270.65382957458496,1045.4896240234375,494.3037414550781,5.1439533,14.0,-1,6.6809654
12,1091,1167.240659236908,782.4124660491943,810.7144165039062,1006.0623779296875,4.3622603,14.0,-1,14.0146265
3352,1091,1896.6961646080017,259.4358730316162,1540.169921875,483.0857849121094,3.554849,26.0,-1,3.544011
3191,1091,1601.9886450767517,428.3961696624756,1245.46240234375,652.0460815429688,3.423023,16.0,-1,0.48822635
3401,1091,1098.006284236908,230.2490749359131,741.4800415039062,453.89898681640625,2.7706919,20.0,-1,39.617
3034,1091,511.73626470565796,605.9595851898193,155.21002197265625,829.6094970703125,1.3297828,18.0,-1,1.4931622
2986,1091,1516.5588355064392,418.6169948577881,1160.0325927734375,642.2669067382812,0.9927644,16.0,-1,4.732278
2389,1091,1410.0362524986267,213.8852138519287,1053.510009765625,437.5351257324219,0.5789644,14.0,-1,1.8406796
2080,1091,562.9311957359314,124.36879539489746,206.4049530029297,348.0187072753906,0.27247074,16.0,-1,3.2758596
1332,1092,624.1971106529236,604.1218166351318,267.0171813964844,828.2412719726562,29.21712,20.0,-1,17.97889
1,1092,1568.2069067955017,189.5143337249756,1211.0269775390625,413.6337890625,28.81981,18.0,-1,26.581799
3,1092,1141.0442481040955,235.05653953552246,783.8643188476562,459.1759948730469,22.696676,16.0,-1,20.956125
0,1092,1515.7886939048767,788.7194728851318,1158.6087646484375,1012.8389282226562,18.363623,20.0,-1,40.45699
11,1092,410.96359395980835,295.78087425231934,53.78366470336914,519.9003295898438,15.484025,20.0,-1,22.361557
4,1092,1298.9827246665955,-56.18389320373535,941.8027954101562,167.93556213378906,13.585975,18.0,-1,26.039759
2,1092,1635.1740698814392,244.1691188812256,1277.994140625,468.28857421875,13.57861,16.0,-1,17.857079
1879,1092,1876.9819312095642,-13.441843032836914,1519.802001953125,210.6776123046875,10.116299,10.0,-1,15.174276
2032,1092,542.7946753501892,-98.9377384185791,185.61474609375,125.18171691894531,9.43979,18.0,-1,18.487556
2946,1092,1476.8646216392517,932.8689479827881,1119.6846923828125,1156.9884033203125,8.945271,14.0,-1,3.074393
3079,1092,1926.9980444908142,38.003896713256836,1569.818115234375,262.12335205078125,7.7134213,10.0,-1,21.299355
8,1092,1401.6942114830017,267.9838161468506,1044.5142822265625,492.103271484375,6.1641655,14.0,-1,6.322569
2281,1092,1772.7851538658142,-68.8747501373291,1415.605224609375,155.2447052001953,5.130426,8.0,-1,31.446371
12,1092,1168.2900366783142,784.6386623382568,811.110107421875,1008.7581176757812,3.687252,14.0,-1,10.552206
3352,1092,1897.0423560142517,263.7477626800537,1539.8624267578125,487.8672180175781,3.5818129,26.0,-1,2.4737883
3401,1092,1098.8317847251892,232.16161155700684,741.65185546875,456.28106689453125,3.008647,20.0,-1,39.625732
3191,1092,1597.3131079673767,427.3513698577881,1240.1331787109375,651.4708251953125,2.9487545,8.0,1,0.31767392
3367,1092,1092.157163143158,221.1619167327881,734.9772338867188,445.2813720703125,1.9276503,26.0,-1,26.499777
3034,1092,511.09425115585327,601.8952541351318,153.91432189941406,826.0147094726562,1.1819338,20.0,-1,2.2510395
2986,1092,1517.1324439048767,420.29625511169434,1159.9525146484375,644.4157104492188,0.87872547,10.0,-1,5.2559476
2080,1092,561.4438452720642,124.03075218200684,204.263916015625,348.15020751953125,0.80599093,14.0,-1,3.403854
2389,1092,1412.9157691001892,211.70485496520996,1055.73583984375,435.8243103027344,0.6436605,14.0,-1,1.3733387
1,1093,1568.5059790611267,191.1702938079834,1211.328125,416.0479736328125,31.507505,18.0,-1,27.190487
1332,1093,623.7137427330017,606.7587337493896,266.535888671875,831.6364135742188,23.291588,20.0,-1,19.30574
3,1093,1141.0007300376892,235.1945858001709,783.8228759765625,460.072265625,17.528866,16.0,-1,21.84464
11,1093,411.23596715927124,294.75739097595215,54.05811309814453,519.6350708007812,17.011942,20.0,-1,22.142517
0,1093,1516.4613013267517,789.2153987884521,1159.283447265625,1014.0930786132812,14.4623575,20.0,-1,41.799564
4,1093,1297.807553768158,-58.71941566467285,940.6296997070312,166.15826416015625,11.256416,18.0,-1,27.458227
2032,1093,543.3254218101501,-100.08692359924316,186.14756774902344,124.79075622558594,10.837218,16.0,-1,18.63083
3079,1093,1929.0596899986267,37.72550010681152,1571.8818359375,262.6031799316406,9.209158,10.0,-1,21.4304
1879,1093,1875.4118628501892,-13.972085952758789,1518.2340087890625,210.9055938720703,8.422172,12.0,-1,14.339417
2,1093,1635.1646704673767,244.3968563079834,1277.98681640625,469.2745361328125,7.875838,16.0,-1,20.524996
2281,1093,1771.5546851158142,-72.96531105041504,1414.3768310546875,151.91236877441406,5.70523,8.0,-1,29.628193
8,1093,1401.7036108970642,267.6933650970459,1044.5257568359375,492.571044921875,5.6988544,14.0,-1,5.651921
2946,1093,1478.1804175376892,934.7832088470459,1121.0025634765625,1159.660888671875,5.019896,14.0,-1,4.462961
12,1093,1166.834165096283,787.3445491790771,809.6563110351562,1012.2222290039062,4.322697,14.0,-1,14.564913
3352,1093,1892.2318091392517,266.39142417907715,1535.053955078125,491.26910400390625,3.0846364,26.0,-1,2.0446
3401,1093,1098.195249080658,230.33048057556152,741.0173950195312,455.2081604003906,2.9988873,20.0,-1,41.275616
3191,1093,1596.6409888267517,427.21332359313965,1239.463134765625,652.0910034179688,2.1496027,16.0,-1,0.74370587
3367,1093,1093.623715877533,220.9526424407959,736.4458618164062,445.830322265625,2.0830994,16.0,-1,25.516981
3034,1093,511.6243567466736,599.6171321868896,154.44650268554688,824.4948120117188,1.4271036,18.0,-1,1.6990938
2389,1093,1412.7509741783142,212.24020957946777,1055.5731201171875,437.1178894042969,1.25417,14.0,-1,1.3954592
2986,1093,1519.5306372642517,422.39642906188965,1162.352783203125,647.2741088867188,0.79033405,12.0,-1,4.8137527
2080,1093,562.0290350914001,124.41522789001465,204.85118103027344,349.29290771484375,0.45570955,16.0,-1,3.3229282
1332,1094,624.485044002533,607.2097682952881,266.7338562011719,833.1320190429688,27.23007,20.0,-1,19.630062
1,1094,1570.2681555747986,192.04820823669434,1212.5169677734375,417.970458984375,26.912216,18.0,-1,27.27846
11,1094,409.3744406700134,295.4515895843506,51.623252868652344,521.3738403320312,20.863802,20.0,-1,23.764105
3,1094,1141.7178015708923,235.0603542327881,783.9666137695312,460.98260498046875,16.245478,16.0,-1,22.191256
0,1094,1517.6980872154236,788.1926784515381,1159.9468994140625,1014.1149291992188,14.120538,20.0,-1,40.61807
4,1094,1297.764127254486,-60.546701431274414,940.012939453125,165.37554931640625,12.807094,18.0,-1,27.516872
3079,1094,1929.1031165122986,38.932912826538086,1571.3519287109375,264.85516357421875,10.191481,10.0,-1,20.94912
2032,1094,543.1765570640564,-101.63001441955566,185.4253692626953,124.292236328125,9.221586,18.0,-1,17.542807
1879,1094,1877.531217098236,-14.288232803344727,1519.780029296875,211.63401794433594,8.9586935,12.0,-1,14.255645
2,1094,1634.675748348236,243.89049339294434,1276.924560546875,469.812744140625,8.861509,16.0,-1,19.340807
8,1094,1400.399625301361,267.8275966644287,1042.6484375,493.7498474121094,7.738067,14.0,-1,5.421246
2946,1094,1481.941373348236,936.2344875335693,1124.190185546875,1162.15673828125,6.9000244,14.0,-1,4.1981964
2281,1094,1771.321988582611,-75.3780460357666,1413.57080078125,150.54420471191406,5.908829,8.0,-1,30.395878
12,1094,1166.5616126060486,786.3508205413818,808.8104248046875,1012.2730712890625,5.3968997,14.0,-1,16.52337
3401,1094,1098.3648962974548,230.5271511077881,740.6137084960938,456.44940185546875,4.413798,18.0,-1,45.25191
3191,1094,1599.665006160736,427.7813014984131,1241.913818359375,653.7035522460938,3.9936159,20.0,-1,0.010718435
3367,1094,1091.833219051361,221.9948024749756,734.08203125,447.91705322265625,2.065314,24.0,-1,25.154903
3352,1094,1885.9041419029236,266.7144069671631,1528.1529541015625,492.63665771484375,1.3061093,24.0,-1,2.9431872
2389,1094,1414.1934485435486,205.6485195159912,1056.4422607421875,431.5707702636719,1.1173515,14.0,-1,0.58117974
2986,1094,1521.865689754486,423.3964138031006,1164.114501953125,649.3186645507812,1.014196,18.0,-1,4.734642
3034,1094,510.2270178794861,594.2578639984131,152.475830078125,820.1801147460938,1.0056089,18.0,-1,0.49203306
2080,1094,561.2847113609314,123.70046043395996,203.5335235595703,349.6227111816406,0.6629657,14.0,-1,3.4892697
1332,1095,624.6795935630798,607.6231594085693,266.17047119140625,833.3862915039062,28.435843,20.0,-1,20.815994
1,1095,1571.6028723716736,193.0956325531006,1213.09375,418.8587646484375,22.920424,20.0,-1,27.384548
3,1095,1141.1163611412048,236.45558738708496,782.6072387695312,462.2187194824219,18.3217,16.0,-1,21.895527
11,1095,409.29327917099,294.8724880218506,50.784156799316406,520.6356201171875,16.157858,20.0,-1,22.719694
0,1095,1517.6980872154236,786.4819240570068,1159.18896484375,1012.2450561523438,15.299481,20.0,-1,39.614086
4,1095,1296.7835364341736,-61.906259536743164,938.2744140625,163.85687255859375,13.530339,18.0,-1,26.996994
2946,1095,1482.8199133872986,936.2947292327881,1124.310791015625,1162.057861328125,9.383381,16.0,-1,3.8286757
1879,1095,1878.567838191986,-14.171365737915039,1520.0587158203125,211.59176635742188,9.143758,12.0,-1,13.998616
3079,1095,1930.947965145111,39.98995018005371,1572.4388427734375,265.7530822753906,9.009655,10.0,-1,20.711637
2,1095,1636.5393958091736,242.8062343597412,1278.0302734375,468.5693664550781,7.437206,16.0,-1,18.239307
2032,1095,542.6545691490173,-101.7883243560791,184.14544677734375,123.97480773925781,7.0233784,16.0,-1,16.946928
3401,1095,1098.9282507896423,232.54286766052246,740.4191284179688,458.3059997558594,4.823795,20.0,-1,45.60601
2281,1095,1768.426480770111,-76.51186561584473,1409.9173583984375,149.2512664794922,4.8183355,8.0,-1,30.141937
8,1095,1397.216519832611,267.5804042816162,1038.7073974609375,493.3435363769531,4.605366,14.0,-1,5.271922
12,1095,1166.324185848236,786.8214626312256,807.8150634765625,1012.5845947265625,4.1698766,14.0,-1,13.825828
3191,1095,1599.922574520111,425.51439476013184,1241.4134521484375,651.2775268554688,2.2697284,18.0,-1,0.0018979311
3034,1095,505.9126715660095,594.2578639984131,147.40354919433594,820.02099609375,1.5635929,20.0,-1,1.1736876
2986,1095,1523.4119544029236,423.69615745544434,1164.90283203125,649.4592895507812,1.3251057,14.0,-1,5.0332637
3352,1095,1882.387174129486,271.6613063812256,1523.8780517578125,497.4244384765625,0.9612145,24.0,-1,1.8834679
2389,1095,1415.3362708091736,202.8417568206787,1056.8271484375,428.6048889160156,0.8800013,16.0,-1,0.3204375
2080,1095,557.7455267906189,121.66933250427246,199.2364044189453,347.4324645996094,0.4396849,14.0,-1,3.3073354
1332,1096,621.0145239830017,608.9472713470459,262.3220520019531,834.70458984375,25.126822,22.0,-1,19.696852
1,1096,1570.1304602622986,195.16742515563965,1211.43798828125,420.92474365234375,18.140076,20.0,-1,27.242485
11,1096,411.1970839500427,297.0539608001709,52.50461196899414,522.811279296875,17.780464,20.0,-1,22.578358
0,1096,1519.2986731529236,786.3211727142334,1160.606201171875,1012.0784912109375,16.954142,20.0,-1,41.26298
3,1096,1141.549283504486,236.99033164978027,782.8568115234375,462.7476501464844,15.866256,16.0,-1,21.865675
4,1096,1298.282193660736,-63.35471534729004,939.5897216796875,162.40260314941406,11.83981,18.0,-1,30.176983
2,1096,1636.969205379486,242.6047420501709,1278.2767333984375,468.362060546875,10.937377,16.0,-1,16.014288
1879,1096,1878.424527645111,-14.171365737915039,1519.7320556640625,211.58595275878906,10.572376,12.0,-1,13.306088
2032,1096,541.0135779380798,-103.03386116027832,182.32110595703125,122.72345733642578,10.402802,18.0,-1,17.875029
3079,1096,1934.481168270111,40.32175254821777,1575.7886962890625,266.0790710449219,9.045941,10.0,-1,21.78162
2946,1096,1482.8199133872986,937.2055721282959,1124.12744140625,1162.962890625,6.9655337,14.0,-1,4.59434
8,1096,1395.6455969810486,266.80695152282715,1036.953125,492.56427001953125,6.889934,16.0,-1,4.0025187
12,1096,1167.2096228599548,788.4300594329834,808.5171508789062,1014.1873779296875,5.7255898,14.0,-1,13.533346
3401,1096,1100.1924109458923,232.71259117126465,741.4999389648438,458.46990966796875,4.9257216,20.0,-1,45.20104
2281,1096,1771.4493079185486,-72.38990211486816,1412.7568359375,153.36741638183594,4.9128985,8.0,-1,25.50071
3352,1096,1879.565885066986,275.1752681732178,1520.8734130859375,500.9325866699219,2.7586708,26.0,-1,1.8928329
3191,1096,1598.1053137779236,424.29034996032715,1239.412841796875,650.0476684570312,1.7955502,8.0,1,0.34996122
3034,1096,500.1251196861267,591.9172420501709,141.43264770507812,817.674560546875,1.0616258,20.0,-1,1.6107714
2389,1096,1411.6016516685486,201.85870933532715,1052.9091796875,427.61602783203125,1.0145559,16.0,-1,1.7737732
2986,1096,1520.469205379486,422.3697566986084,1161.7767333984375,648.1270751953125,0.9105478,14.0,-1,4.654853
2080,1096,557.974057674408,120.0822811126709,199.28158569335938,345.839599609375,0.7249052,18.0,-1,3.907468
1332,1097,619.3115515708923,608.9472713470459,260.40423583984375,835.0736694335938,20.5496,20.0,-1,18.912813
11,1097,413.3017897605896,296.0891170501709,54.394474029541016,522.2155151367188,19.243872,20.0,-1,22.6594
1,1097,1570.335416316986,195.27591514587402,1211.4281005859375,421.4023132324219,18.770857,20.0,-1,27.081997
3,1097,1142.5793738365173,239.30405235290527,783.6720581054688,465.4304504394531,18.410753,16.0,-1,23.14672
0,1097,1520.494840145111,786.2879085540771,1161.5875244140625,1012.414306640625,15.736247,20.0,-1,42.354855
4,1097,1298.045865535736,-63.50554847717285,939.1385498046875,162.620849609375,12.101079,16.0,-1,26.609526
2032,1097,542.4510931968689,-102.53705024719238,183.5437774658203,123.58934783935547,11.01279,18.0,-1,18.383142
1879,1097,1877.9117102622986,-15.617715835571289,1519.00439453125,210.50868225097656,8.512851,12.0,-1,13.926363
2946,1097,1484.731412410736,939.4320735931396,1125.8240966796875,1165.5584716796875,8.450848,16.0,-1,1.7272624
2,1097,1639.2649817466736,242.09604454040527,1280.357666015625,468.2224426269531,7.70806,16.0,-1,19.796314
3079,1097,1934.481168270111,40.39414024353027,1575.5738525390625,266.5205383300781,6.144539,10.0,-1,18.134907
8,1097,1396.0035071372986,265.6788082122803,1037.09619140625,491.8052062988281,6.1007323,14.0,-1,5.102218
2281,1097,1769.7220129966736,-67.93398475646973,1410.814697265625,158.19241333007812,5.7273774,8.0,-1,26.699543
12,1097,1166.7910437583923,788.0468196868896,807.8837280273438,1014.1732177734375,5.703316,14.0,-1,12.474808
3191,1097,1596.2288489341736,423.3956356048584,1237.321533203125,649.5220336914062,3.7111328,8.0,1,0.25759053
3401,1097,1101.467984676361,232.75375938415527,742.5606689453125,458.8801574707031,3.6964023,20.0,-1,45.298428
3034,1097,498.7380805015564,594.3858089447021,139.8307647705078,820.51220703125,2.5721233,22.0,-1,1.5234137
3367,1097,1093.7872595787048,224.32010459899902,734.8799438476562,450.4465026855469,2.159765,26.0,-1,23.139183
3352,1097,1875.2911047935486,278.68317222595215,1516.3837890625,504.8095703125,1.8371269,24.0,-1,1.4958934
2389,1097,1413.8296790122986,201.81964683532715,1054.92236328125,427.946044921875,0.8357517,6.0,1,0.8166002
2080,1097,557.493604183197,119.97556114196777,198.58628845214844,346.1019592285156,0.8220268,12.0,-1,4.673123
2986,1097,1519.415738582611,422.6950740814209,1160.5084228515625,648.8214721679688,0.7383869,16.0,-1,4.987
1,1098,1569.7776770591736,194.82323265075684,1210.6844482421875,421.08740234375,19.874687,18.0,-1,25.853315
11,1098,413.0478415489197,296.4359645843506,53.954612731933594,522.7001342773438,19.426176,20.0,-1,23.323462
1332,1098,619.6739478111267,608.9776515960693,260.5807189941406,835.2418212890625,15.372494,20.0,-1,17.25711
0,1098,1520.469449520111,788.1037502288818,1161.376220703125,1014.367919921875,13.965463,20.0,-1,40.110394
2032,1098,543.0348181724548,-102.79576301574707,183.94158935546875,123.4684066772461,13.561859,18.0,-1,18.384293
4,1098,1299.3933997154236,-61.79958534240723,940.3001708984375,164.46458435058594,13.198234,18.0,-1,27.311672
3,1098,1141.3298621177673,238.31554222106934,782.2366333007812,464.5797119140625,12.57069,16.0,-1,19.667456
2946,1098,1485.7464270591736,940.2670803070068,1126.6531982421875,1166.53125,9.247759,16.0,-1,2.0370176
1879,1098,1876.955533504486,-15.752069473266602,1517.8623046875,210.51210021972656,8.5719385,12.0,-1,14.181446
2,1098,1642.1499915122986,242.29625511169434,1283.0567626953125,468.5604248046875,6.982269,16.0,-1,21.875408
8,1098,1396.0288977622986,264.4817714691162,1036.9356689453125,490.7459411621094,6.131206,14.0,-1,5.1737723
3079,1098,1934.4419836997986,40.078603744506836,1575.3487548828125,266.3427734375,5.7552676,10.0,-1,10.559156
12,1098,1166.0434851646423,788.1777858734131,806.9502563476562,1014.4419555664062,5.731121,14.0,-1,10.323731
2281,1098,1769.914762020111,-67.96436500549316,1410.821533203125,158.2998046875,4.8148227,10.0,-1,20.250326
3401,1098,1098.2021765708923,232.2837429046631,739.1089477539062,458.54791259765625,3.8268223,20.0,-1,45.063534
3191,1098,1596.7791419029236,425.8195095062256,1237.6859130859375,652.0836791992188,2.4622414,8.0,1,0.3534838
3352,1098,1870.191617488861,278.13246726989746,1511.098388671875,504.3966369628906,2.2512045,24.0,-1,1.4567347
3367,1098,1091.4741492271423,225.21132469177246,732.3809204101562,451.4754943847656,2.100389,24.0,-1,25.047579
3034,1098,500.81190252304077,593.4604396820068,141.7186737060547,819.724609375,1.7121172,22.0,-1,2.277637
2389,1098,1410.3352942466736,202.3394374847412,1051.2420654296875,428.6036071777344,1.0136646,18.0,-1,0.69471335
2986,1098,1520.6563391685486,421.4130153656006,1161.5631103515625,647.6771850585938,0.74622864,12.0,-1,4.3191442
2080,1098,559.3745703697205,120.06444358825684,200.28134155273438,346.32861328125,0.71840173,18.0,-1,3.9086113
1,1099,1569.2415747642517,195.25746726989746,1209.1746826171875,422.32611083984375,20.724798,18.0,-1,25.993952
3,1099,1140.2380957603455,234.9225673675537,780.1712036132812,461.9912109375,17.080061,16.0,-1,19.827494
0,1099,1520.6669898033142,789.2043056488037,1160.60009765625,1016.27294921875,16.985874,20.0,-1,41.491356
1332,1099,620.2856421470642,610.7282314300537,260.21875,837.796875,15.708066,20.0,-1,17.212399
11,1099,413.38713216781616,295.6075038909912,53.32024002075195,522.6761474609375,15.483949,20.0,-1,23.119156
4,1099,1300.2569556236267,-60.31728553771973,940.1900634765625,166.75135803222656,10.614509,18.0,-1,25.639261
1879,1099,1878.0821509361267,-17.24430274963379,1518.0152587890625,209.8243408203125,10.168212,12.0,-1,14.952192
2032,1099,543.9380621910095,-101.29956245422363,183.8711700439453,125.76908111572266,10.02012,18.0,-1,18.362175
3079,1099,1932.0656714439392,39.14552879333496,1571.998779296875,266.21417236328125,8.897163,10.0,-1,17.57391
2,1099,1644.0422339439392,243.51134300231934,1283.975341796875,470.5799865722656,8.645356,16.0,-1,22.000212
8,1099,1393.6452612876892,263.74291038513184,1033.578369140625,490.8115539550781,5.856582,16.0,-1,1.5495278
2946,1099,1484.0988745689392,941.8247890472412,1124.031982421875,1168.8934326171875,5.603538,16.0,-1,4.230437
12,1099,1165.8459448814392,786.921895980835,805.779052734375,1013.9905395507812,5.526892,16.0,-1,9.062681
2281,1099,1769.6697974205017,-67.54603004455566,1409.6029052734375,159.52261352539062,5.031793,10.0,-1,19.919817
3401,1099,1098.5012183189392,230.30971336364746,738.434326171875,457.37835693359375,4.0476456,18.0,-1,46.28692
3191,1099,1600.0748267173767,426.10292625427246,1240.0079345703125,653.1715698242188,3.7874184,8.0,1,0.83160686
3367,1099,1089.9087500572205,224.24208641052246,729.8418579101562,451.31072998046875,2.4314008,26.0,-1,24.148455
3352,1099,1867.2474341392517,279.83241844177246,1507.1805419921875,506.90106201171875,1.8907024,24.0,-1,1.6162698
3034,1099,502.00327825546265,592.578145980835,141.93638610839844,819.6467895507812,1.6125659,20.0,-1,1.3258755
2389,1099,1409.5467505455017,201.5520534515381,1049.4798583984375,428.6206970214844,1.5335783,6.0,1,0.03183213
2986,1099,1521.9842505455017,421.1295986175537,1161.9173583984375,648.1982421875,0.9048949,14.0,-1,4.8149986
2080,1099,558.7171607017517,123.35774803161621,198.6502685546875,350.4263916015625,0.54323494,12.0,-1,3.7665777
3,1100,1139.3264899253845,234.3683376312256,778.0870361328125,461.4542541503906,21.240488,16.0,-1,20.438738
11,1100,413.52981328964233,295.48561668395996,52.29035949707031,522.571533203125,18.355947,20.0,-1,22.766157
1,1100,1569.8926520347595,194.2953701019287,1208.6531982421875,421.38128662109375,17.709394,18.0,-1,26.842648
1332,1100,620.069043636322,611.3362636566162,258.82958984375,838.4221801757812,17.353693,20.0,-1,16.043083
0,1100,1521.8965582847595,787.5085048675537,1160.6571044921875,1014.5944213867188,16.896856,20.0,-1,42.710136
4,1100,1302.856885433197,-60.16387367248535,941.617431640625,166.9220428466797,11.001338,16.0,-1,26.54286
2,1100,1643.8743414878845,243.4419765472412,1282.6348876953125,470.52789306640625,10.502109,16.0,-1,17.857084
3079,1100,1933.270459651947,37.33986473083496,1572.031005859375,264.42578125,10.396192,10.0,-1,19.130737
2032,1100,544.0559668540955,-98.73398780822754,182.81651306152344,128.3519287109375,9.349213,18.0,-1,17.552607
1879,1100,1880.3745856285095,-17.26462745666504,1519.1351318359375,209.8212890625,7.6862335,12.0,-1,14.142394
2946,1100,1481.6988043785095,942.4486293792725,1120.4593505859375,1169.5345458984375,6.9392376,16.0,-1,2.7518387
8,1100,1394.286572933197,266.9278163909912,1033.047119140625,494.01373291015625,6.7898827,16.0,-1,2.17166
12,1100,1165.616651058197,786.9422206878662,804.377197265625,1014.0281372070312,5.7059913,16.0,-1,8.682001
2281,1100,1770.3382086753845,-65.46624183654785,1409.0987548828125,161.6196746826172,3.9704359,10.0,-1,19.13997
3367,1100,1089.7908453941345,226.98863792419434,728.5513916015625,454.0745544433594,3.9005632,28.0,-1,24.900488
3191,1100,1602.0110602378845,426.3434658050537,1240.7716064453125,653.4293823242188,3.49981,8.0,1,0.950239
3401,1100,1101.0557990074158,231.8751735687256,739.8163452148438,458.9610900878906,3.0231884,20.0,-1,43.021442
3034,1100,498.84617376327515,592.09889793396,137.60671997070312,819.184814453125,2.7673075,20.0,-1,1.0659174
3352,1100,1861.323194026947,279.6383571624756,1500.083740234375,506.7242736816406,2.0003836,24.0,-1,3.3426888
2389,1100,1408.1350836753845,200.7964687347412,1046.8956298828125,427.88238525390625,0.9988802,6.0,1,0.66163117
2986,1100,1521.185986995697,423.1610927581787,1159.946533203125,650.2470092773438,0.99331397,14.0,-1,4.481902
2080,1100,557.9844336509705,123.12300682067871,196.74497985839844,350.20892333984375,0.6765151,12.0,-1,4.3897953
1332,1101,618.1947150230408,612.0156078338623,256.9404296875,839.8685913085938,19.542326,18.0,-1,16.418499
3,1101,1139.250195980072,230.95109367370605,777.9959106445312,458.8040771484375,16.737288,16.0,-1,22.050858
0,1101,1522.4818243980408,787.9883861541748,1161.2275390625,1015.8413696289062,15.078583,20.0,-1,42.72964
4,1101,1305.0225958824158,-60.20530891418457,943.768310546875,167.64767456054688,14.689896,16.0,-1,25.882416
11,1101,413.55367040634155,297.0109691619873,52.29938507080078,524.8639526367188,13.471565,20.0,-1,22.754837
1,1101,1567.7802863121033,194.45365715026855,1206.5260009765625,422.306640625,12.030968,18.0,-1,28.455664
3079,1101,1933.2839484214783,38.10670280456543,1572.0296630859375,265.9596862792969,11.674159,10.0,-1,18.905817
1879,1101,1881.0903449058533,-16.434968948364258,1519.8360595703125,211.4180145263672,10.01709,12.0,-1,14.867415
2,1101,1643.8608527183533,243.48341178894043,1282.6065673828125,471.3363952636719,9.883403,16.0,-1,20.50842
2032,1101,542.7739539146423,-96.51727485656738,181.51966857910156,131.33570861816406,9.650493,18.0,-1,18.999386
12,1101,1165.764600276947,783.8895092010498,804.5103149414062,1011.7424926757812,7.038073,16.0,-1,9.85884
2281,1101,1771.0634894371033,-63.77939033508301,1409.8092041015625,164.07359313964844,6.433167,10.0,-1,24.66002
2946,1101,1483.5534796714783,940.6589794158936,1122.2991943359375,1168.511962890625,6.2298965,14.0,-1,4.655746
8,1101,1393.2006964683533,268.0489025115967,1031.9464111328125,495.9018859863281,4.623075,16.0,-1,1.8423978
3191,1101,1601.6485724449158,422.1666088104248,1240.394287109375,650.0195922851562,2.8968403,8.0,1,0.021190047
3034,1101,498.05520391464233,590.4839916229248,136.80091857910156,818.3369750976562,2.7265255,22.0,-1,1.5066276
3367,1101,1091.4517951011658,225.53474235534668,730.197509765625,453.3877258300781,2.6775758,26.0,-1,24.571787
3401,1101,1103.3000617027283,230.71766471862793,742.0457763671875,458.5706481933594,2.4619555,20.0,-1,41.719913
3352,1101,1857.6416144371033,279.7803783416748,1496.3873291015625,507.63336181640625,1.1103477,24.0,-1,1.8444579
2986,1101,1519.0109992027283,420.11710929870605,1157.7567138671875,647.9700927734375,0.9174884,12.0,-1,4.642698
2389,1101,1408.4533820152283,199.85774040222168,1047.1990966796875,427.7107238769531,0.9124336,16.0,-1,1.019707
2080,1101,557.2799201011658,121.65888786315918,196.025634765625,349.5118713378906,0.3662883,20.0,-1,2.7965112
0,1102,1523.9927802085876,787.9500408172607,1161.9249267578125,1016.25927734375,18.98902,20.0,-1,42.463932
3,1102,1138.8793768882751,230.370023727417,776.8115234375,458.67926025390625,16.831928,16.0,-1,23.370314
11,1102,416.16674184799194,295.49984550476074,54.0988883972168,523.80908203125,16.347391,20.0,-1,22.554302
1332,1102,616.5766425132751,609.6590251922607,254.5087890625,837.96826171875,15.998115,20.0,-1,16.773714
1,1102,1567.8968329429626,195.38702201843262,1205.8289794921875,423.6962585449219,15.273228,18.0,-1,27.023478
3079,1102,1934.1215643882751,38.17095756530762,1572.0537109375,266.4801940917969,12.791354,10.0,-1,20.615883
4,1102,1304.9978461265564,-60.02099800109863,942.9299926757812,168.28823852539062,11.549069,18.0,-1,26.125505
2032,1102,543.0878729820251,-96.39348030090332,181.02001953125,131.91575622558594,11.296455,18.0,-1,18.375847
2,1102,1644.1304755210876,244.33148002624512,1282.0626220703125,472.6407165527344,9.94962,18.0,-1,22.41733
1879,1102,1882.0445380210876,-18.909425735473633,1519.9766845703125,209.39981079101562,8.544557,12.0,-1,15.358886
12,1102,1165.986981868744,784.2215251922607,803.9191284179688,1012.53076171875,8.365001,16.0,-1,7.7933493
2946,1102,1481.9236884117126,941.2687664031982,1119.8558349609375,1169.5780029296875,6.9607005,14.0,-1,5.6052904
2281,1102,1773.1832098960876,-64.0012378692627,1411.1153564453125,164.30799865722656,6.179437,8.0,-1,24.53531
8,1102,1392.0007147789001,268.5897808074951,1029.932861328125,496.8990173339844,5.2256594,16.0,-1,5.881086
3401,1102,1101.899579524994,229.94012260437012,739.8317260742188,458.2493591308594,3.1350079,20.0,-1,43.081753
3191,1102,1600.7386298179626,421.75509452819824,1238.6707763671875,650.0643310546875,2.9016163,8.0,1,0.28217286
3367,1102,1090.7131171226501,225.57308769226074,728.645263671875,453.88232421875,2.8317277,26.0,-1,25.608864
3352,1102,1854.4299139976501,278.97228813171387,1492.362060546875,507.2815246582031,1.3991886,26.0,-1,3.0747287
3034,1102,497.40598821640015,593.753568649292,135.338134765625,822.0628051757812,1.0476846,20.0,-1,1.8789424
2389,1102,1408.4781317710876,201.08892631530762,1046.4102783203125,429.3981628417969,1.0212215,14.0,-1,0.31505924
2986,1102,1518.4430975914001,418.39791679382324,1156.375244140625,646.7071533203125,0.6943168,10.0,-1,4.300526
2080,1102,557.5907263755798,119.59454154968262,195.5228729248047,347.9037780761719,0.4425923,12.0,-1,3.6436434
3,1103,1142.340253353119,231.08968925476074,778.3812255859375,460.1069030761719,26.46055,18.0,-1,22.211077
1332,1103,617.4210638999939,608.1106548309326,253.4620361328125,837.1278686523438,18.635958,18.0,-1,15.183087
0,1103,1524.3201117515564,785.2730693817139,1160.361083984375,1014.290283203125,15.350762,20.0,-1,39.971046
4,1103,1307.8176093101501,-61.14640998840332,943.8585815429688,167.8708038330078,14.599667,16.0,-1,28.409363
11,1103,418.76270818710327,296.88915824890137,54.803680419921875,525.9063720703125,14.508428,20.0,-1,22.93055
1,1103,1569.9228949546814,197.67721366882324,1205.9638671875,426.6944274902344,14.060558,18.0,-1,29.7468
3079,1103,1934.1226019859314,37.29440116882324,1570.16357421875,266.3116149902344,11.262353,10.0,-1,19.703941
2032,1103,542.2982459068298,-98.25642585754395,178.33921813964844,130.7607879638672,8.650326,16.0,-1,19.748882
2,1103,1644.0688910484314,242.85204887390137,1280.10986328125,471.8692626953125,8.481901,16.0,-1,19.848408
1879,1103,1881.5059027671814,-20.192750930786133,1517.546875,208.824462890625,7.889152,12.0,-1,14.842524
12,1103,1164.5728583335876,786.2225322723389,800.6138305664062,1015.23974609375,7.0885396,16.0,-1,9.566656
2946,1103,1481.0361762046814,940.6396465301514,1117.0771484375,1169.6568603515625,6.4608235,16.0,-1,2.4262722
8,1103,1389.5193305015564,270.05099296569824,1025.560302734375,499.0682067871094,5.284078,14.0,-1,5.5685797
2281,1103,1771.195722103119,-62.39880561828613,1407.2366943359375,166.618408203125,4.5021358,8.0,-1,23.798838
3367,1103,1093.106854915619,225.14999198913574,729.1478271484375,454.1672058105469,2.866538,28.0,-1,25.268633
3352,1103,1852.1111273765564,279.7468852996826,1488.152099609375,508.76409912109375,2.7899206,24.0,-1,2.8613904
3401,1103,1105.8792548179626,229.786039352417,741.9202270507812,458.8032531738281,2.3635695,22.0,-1,42.15081
3509,1103,1986.604657649994,394.17822074890137,1622.6456298828125,623.1954345703125,1.8706042,12.0,-1,12.015637
3191,1103,1603.4487738609314,424.30016899108887,1239.48974609375,653.3173828125,1.6320165,16.0,-1,1.1098155
2389,1103,1407.6201605796814,198.92684745788574,1043.6611328125,427.9440612792969,1.3560524,16.0,-1,0.48385963
3034,1103,494.90162420272827,596.5763530731201,130.94259643554688,825.5935668945312,1.1327599,20.0,-1,1.6148257
2986,1103,1518.442059993744,420.0103130340576,1154.4830322265625,649.0275268554688,0.6199908,10.0,-1,4.6738997
2080,1103,559.006284236908,119.74862480163574,195.04725646972656,348.7658386230469,0.55400497,12.0,-1,3.9853392
3,1104,1144.9788031578064,230.48312187194824,780.2694091796875,460.0317077636719,20.203901,18.0,-1,23.799774
1,1104,1569.7602972984314,199.28588676452637,1205.0509033203125,428.83447265625,15.877465,18.0,-1,27.799974
11,1104,421.7381911277771,296.77502250671387,57.0287971496582,526.3236083984375,15.174989,20.0,-1,22.24513
1332,1104,616.4407477378845,607.6725444793701,251.73135375976562,837.2211303710938,13.38692,20.0,-1,15.940242
0,1104,1524.990155696869,783.9171733856201,1160.28076171875,1013.4657592773438,13.067074,20.0,-1,41.594074
4,1104,1307.048993587494,-60.923418045043945,942.339599609375,168.6251678466797,11.717682,18.0,-1,27.35141
2032,1104,543.0749945640564,-98.02911567687988,178.3656005859375,131.51947021484375,11.055093,18.0,-1,18.690563
1879,1104,1878.839765071869,-19.49174690246582,1514.13037109375,210.0568389892578,9.985922,12.0,-1,15.183983
3079,1104,1933.1038031578064,38.11025810241699,1568.3944091796875,267.6588439941406,9.14277,10.0,-1,18.844358
12,1104,1163.0261054039001,786.5883159637451,798.3167114257812,1016.1369018554688,7.856835,16.0,-1,8.051417
2,1104,1644.0688910484314,241.43438529968262,1279.3594970703125,470.98297119140625,7.313724,16.0,-1,19.507553
2946,1104,1480.569989681244,939.9147930145264,1115.860595703125,1169.46337890625,7.1560607,16.0,-1,3.3542526
2281,1104,1771.3669867515564,-65.3136157989502,1406.6575927734375,164.23497009277344,5.2949004,8.0,-1,24.316145
8,1104,1389.827802181244,270.05099296569824,1025.118408203125,499.5995788574219,4.6228204,14.0,-1,2.1053367
3352,1104,1852.690839290619,280.5978374481201,1487.9814453125,510.14642333984375,3.7105248,24.0,-1,3.0456524
3509,1104,1986.518231868744,394.5136089324951,1621.808837890625,624.0621948242188,3.463814,12.0,-1,12.099884
3367,1104,1092.3110785484314,224.59081840515137,727.6016845703125,454.139404296875,2.9981134,28.0,-1,25.24533
3191,1104,1610.4497504234314,425.90258598327637,1245.7403564453125,655.451171875,2.8728447,14.0,-1,0.09662452
3401,1104,1106.6586737632751,230.98580741882324,741.9492797851562,460.5343933105469,2.4996045,20.0,-1,39.19466
3034,1104,494.296094417572,596.7861919403076,129.58670043945312,826.3347778320312,2.0856519,24.0,-1,2.092947
2389,1104,1408.412763118744,198.18917655944824,1043.703369140625,427.7377624511719,1.6965288,6.0,1,0.038805723
2986,1104,1518.789960384369,418.38586235046387,1154.08056640625,647.9344482421875,1.1288029,12.0,-1,4.9639544
2080,1104,558.2370276451111,115.70168876647949,193.5276336669922,345.2502746582031,0.68185353,10.0,-1,3.8687196
3,1105,1143.3132147789001,230.48312187194824,778.4494018554688,460.62353515625,23.602957,16.0,-1,22.552532
1,1105,1570.548993587494,200.38476371765137,1205.6851806640625,430.5251770019531,23.077225,18.0,-1,27.3474
11,1105,421.2136435508728,295.756498336792,56.349830627441406,525.8969116210938,20.408804,20.0,-1,22.247244
0,1105,1525.2432074546814,781.8605632781982,1160.37939453125,1012.0009765625,17.168154,20.0,-1,41.944344
1332,1105,614.317578792572,608.1305828094482,249.45376586914062,838.27099609375,14.572697,18.0,-1,14.314331
2032,1105,543.0290808677673,-101.30931282043457,178.16526794433594,128.8311004638672,12.536659,18.0,-1,19.372744
1879,1105,1878.8713812828064,-18.176515579223633,1514.007568359375,211.96389770507812,11.741024,10.0,-1,15.511969
3079,1105,1932.696698665619,36.25881767272949,1567.8328857421875,266.39923095703125,11.476874,10.0,-1,19.254555
4,1105,1304.2678046226501,-60.43823432922363,939.4039916992188,169.70217895507812,10.693734,18.0,-1,25.886591
12,1105,1161.3943915367126,785.5562419891357,796.5305786132812,1015.6966552734375,7.3788943,16.0,-1,9.246848
2,1105,1642.579999446869,240.31481742858887,1277.7161865234375,470.4552307128906,6.5163884,18.0,-1,19.399694
2946,1105,1481.198163509369,938.0057048797607,1116.3343505859375,1168.1461181640625,5.603601,14.0,-1,5.6843066
2281,1105,1772.313153743744,-70.13897895812988,1407.4493408203125,160.00143432617188,5.390495,8.0,-1,23.792044
8,1105,1390.971112728119,269.32797050476074,1026.1072998046875,499.4683837890625,4.1224732,14.0,-1,4.962721
3367,1105,1092.4422430992126,225.7463665008545,727.5784301757812,455.88677978515625,3.3424113,28.0,-1,26.66509
3352,1105,1852.690839290619,284.20577812194824,1487.8270263671875,514.34619140625,3.3185155,24.0,-1,2.0080435
3401,1105,1107.087811946869,232.009183883667,742.2239990234375,462.14959716796875,3.0267746,20.0,-1,39.710175
3191,1105,1609.4260687828064,426.8760051727295,1244.562255859375,657.0164184570312,3.024131,14.0,-1,0.18812943
3509,1105,1986.793134212494,397.4465618133545,1621.9293212890625,627.5869750976562,3.0059688,12.0,-1,12.772924
3034,1105,494.6261878013611,600.4894695281982,129.7623748779297,830.6298828125,1.9035448,20.0,-1,2.2897441
2389,1105,1407.257489681244,195.69625663757324,1042.3936767578125,425.836669921875,0.8551941,6.0,1,0.039171845
2986,1105,1519.5674262046814,417.01974296569824,1154.70361328125,647.16015625,0.7225804,14.0,-1,5.5223722
2080,1105,556.7129187583923,117.42559623718262,191.84910583496094,347.5660095214844,0.6362336,12.0,-1,4.793837
1,1106,1569.953778743744,199.362211227417,1203.9644775390625,429.5115966796875,23.39318,18.0,-1,28.121576
11,1106,423.0672125816345,293.37789726257324,57.077911376953125,523.5272827148438,21.590996,20.0,-1,23.739536
3,1106,1144.7053656578064,230.48312187194824,778.716064453125,460.63250732421875,18.032454,16.0,-1,23.367424
0,1106,1526.349774837494,781.8976726531982,1160.3604736328125,1012.0470581054688,16.911018,18.0,-1,40.47852
3079,1106,1930.096112728119,35.91848564147949,1564.1068115234375,266.06787109375,13.222133,10.0,-1,19.87369
1332,1106,614.2502112388611,608.1869792938232,248.2609100341797,838.3363647460938,13.20077,18.0,-1,14.08644
4,1106,1303.6875433921814,-61.79184150695801,937.6982421875,168.3575439453125,11.899209,18.0,-1,29.843723
2,1106,1643.995526790619,241.24908256530762,1278.0062255859375,471.3984680175781,10.250744,18.0,-1,21.673157
2032,1106,542.0931220054626,-101.1003589630127,176.10382080078125,129.0490264892578,9.69051,18.0,-1,18.897018
1879,1106,1878.3843207359314,-14.93205451965332,1512.39501953125,215.2173309326172,8.182399,10.0,-1,14.751246
2946,1106,1485.8784613609314,937.8694133758545,1119.88916015625,1168.018798828125,7.5076404,14.0,-1,6.961937
12,1106,1161.3943915367126,784.3457317352295,795.4050903320312,1014.4951171875,6.5180454,18.0,-1,4.362868
8,1106,1391.9890570640564,272.112455368042,1025.999755859375,502.2618408203125,5.966823,16.0,-1,3.3887684
2281,1106,1771.977460384369,-72.26913642883301,1405.9881591796875,157.8802490234375,5.3290973,8.0,-1,26.646465
3367,1106,1092.3888983726501,227.85741996765137,726.3995971679688,458.0068054199219,4.438046,26.0,-1,28.68024
3509,1106,1987.9656195640564,401.343900680542,1621.976318359375,631.4932861328125,3.8996742,12.0,-1,13.095418
3401,1106,1107.6164374351501,231.0390911102295,741.6271362304688,461.1884765625,2.4481912,22.0,-1,41.277466
3352,1106,1852.5225043296814,290.765287399292,1486.533203125,520.9146728515625,2.3926663,24.0,-1,1.8212907
3191,1106,1615.268964290619,424.6963176727295,1249.2796630859375,654.845703125,1.9329063,14.0,-1,1.0136282
3034,1106,495.70339727401733,603.3254070281982,129.71409606933594,833.4747924804688,1.4708377,18.0,-1,1.6994405
2389,1106,1405.8376898765564,191.3347454071045,1039.848388671875,421.484130859375,0.9986565,8.0,1,0.57057977
2080,1106,555.8815588951111,117.63888359069824,189.8922576904297,347.78826904296875,0.6326454,14.0,-1,3.3120055
2986,1106,1520.873700618744,416.28048515319824,1154.8843994140625,646.4298706054688,0.6078399,14.0,-1,4.932246
3,1107,1144.587811946869,230.09078788757324,778.3519897460938,460.05352783203125,29.84163,18.0,-1,22.23341
1,1107,1568.5369696617126,198.80782890319824,1202.3011474609375,428.77056884765625,20.574682,18.0,-1,27.490452
11,1107,423.1798949241638,291.90597343444824,56.94407272338867,521.8687133789062,20.523054,20.0,-1,23.007298
1332,1107,614.0518774986267,608.1869792938232,247.81605529785156,838.1497192382812,16.470654,18.0,-1,15.557705
2032,1107,542.0931220054626,-104.24312019348145,175.8572998046875,125.71961975097656,13.816161,18.0,-1,18.72702
4,1107,1303.886884212494,-62.26913642883301,937.6510620117188,167.693603515625,13.311245,16.0,-1,27.016401
0,1107,1527.7471747398376,782.1985149383545,1161.5113525390625,1012.1612548828125,12.248485,20.0,-1,40.333767
8,1107,1390.6994452476501,274.1460247039795,1024.463623046875,504.1087646484375,10.147595,16.0,-1,2.06237
3079,1107,1927.8117499351501,35.61938285827637,1561.575927734375,265.5821228027344,10.075068,10.0,-1,17.887203
1879,1107,1877.5550360679626,-16.147722244262695,1511.3192138671875,213.8150177001953,9.264754,10.0,-1,15.20962
2,1107,1644.7169013023376,243.41668510437012,1278.4810791015625,473.3794250488281,7.5164356,18.0,-1,20.301107
12,1107,1162.4092230796814,786.3276042938232,796.1734008789062,1016.2903442382812,7.073232,18.0,-1,6.0465307
2281,1107,1773.9007391929626,-72.61282539367676,1407.6649169921875,157.34991455078125,5.495798,8.0,-1,28.132648
2946,1107,1481.5678534507751,938.6784954071045,1115.33203125,1168.6412353515625,4.9960127,14.0,-1,9.256407
3367,1107,1092.4477972984314,227.72741508483887,726.2119750976562,457.6901550292969,3.5419853,28.0,-1,28.225613
3352,1107,1851.8300604820251,293.636381149292,1485.59423828125,523.59912109375,3.0020545,22.0,-1,2.4504504
3509,1107,1988.2344794273376,402.06857109069824,1621.9986572265625,632.0313110351562,2.7889202,12.0,-1,12.767455
3401,1107,1108.172284603119,230.178373336792,741.9364624023438,460.14111328125,2.4844692,16.0,-1,40.38892
3191,1107,1611.4784979820251,427.65609550476074,1245.24267578125,657.6188354492188,1.998939,14.0,-1,1.5134457
3034,1107,493.7521643638611,606.4288005828857,127.51634216308594,836.3915405273438,1.2412785,16.0,-1,0.24266347
2389,1107,1404.8563055992126,192.55767631530762,1038.6204833984375,422.5204162597656,1.1884362,8.0,1,0.888023
2986,1107,1521.1183905601501,419.75900077819824,1154.882568359375,649.7217407226562,0.8532429,12.0,-1,5.1425333
2080,1107,557.6175971031189,117.44634819030762,191.38177490234375,347.4090881347656,0.74527067,12.0,-1,4.3744683
3,1108,1143.2552313804626,230.02902030944824,775.98193359375,460.02740478515625,37.67053,18.0,-1,22.625586
11,1108,424.64283514022827,291.594144821167,57.369537353515625,521.592529296875,18.771242,20.0,-1,23.067768
1,1108,1568.5412421226501,198.530424118042,1201.2679443359375,428.52880859375,18.616926,18.0,-1,27.36399
1332,1108,615.2190527915955,609.2338542938232,247.9457550048828,839.2322387695312,14.807762,18.0,-1,15.443957
0,1108,1529.8338446617126,781.6717205047607,1162.560546875,1011.6701049804688,14.77755,20.0,-1,41.707844
4,1108,1304.9233832359314,-61.966569900512695,937.6500854492188,168.0318145751953,13.678932,18.0,-1,28.393442
2032,1108,542.6659827232361,-105.86810493469238,175.39268493652344,124.13027954101562,11.092919,18.0,-1,19.599474
3079,1108,1926.5340399742126,32.85622978210449,1559.2607421875,262.8546142578125,10.361964,12.0,-1,18.9257
12,1108,1161.977216243744,786.3276042938232,794.7039184570312,1016.3259887695312,8.828921,18.0,-1,5.4402795
2,1108,1647.3356757164001,243.21502494812012,1280.0623779296875,473.2134094238281,7.5676293,16.0,-1,19.885124
8,1108,1388.7858710289001,277.4699993133545,1021.5125732421875,507.4683837890625,6.7192516,16.0,-1,2.4159088
1879,1108,1877.5550360679626,-16.949907302856445,1510.28173828125,213.04847717285156,6.5489564,12.0,-1,14.8979845
3509,1108,1987.4455389976501,400.45504570007324,1620.1722412109375,630.4534301757812,6.0026436,12.0,-1,12.769081
2281,1108,1774.4554266929626,-70.88034248352051,1407.18212890625,159.1180419921875,5.193996,8.0,-1,27.453062
2946,1108,1481.0390448570251,935.255521774292,1113.7657470703125,1165.25390625,3.7698276,14.0,-1,6.786556
3352,1108,1848.9173407554626,295.657133102417,1481.64404296875,525.655517578125,3.6531227,24.0,-1,1.9374585
3367,1108,1090.0796942710876,231.70782279968262,722.806396484375,461.7062072753906,3.0312831,28.0,-1,27.635857
3401,1108,1105.5566840171814,232.72381401062012,738.2833862304688,462.7221984863281,2.171333,22.0,-1,41.56636
3191,1108,1616.8450751304626,426.46517753601074,1249.57177734375,656.4635620117188,1.9034182,6.0,1,0.23337421
3034,1108,491.37371587753296,608.300687789917,124.10041809082031,838.299072265625,1.195975,22.0,-1,1.2774918
2389,1108,1406.1013007164001,194.66317558288574,1038.8280029296875,424.66156005859375,0.66850287,16.0,-1,0.5041069
2986,1108,1519.4411444664001,420.23861503601074,1152.1678466796875,650.2369995117188,0.57170177,12.0,-1,4.5506334
2080,1108,557.7098822593689,120.47900199890137,190.43658447265625,350.4773864746094,0.36632073,20.0,-1,3.329211
3,1109,1142.3848090171814,229.40179252624512,774.3482055664062,459.4890441894531,25.591629,18.0,-1,22.701672
1,1109,1567.7656073570251,199.43221855163574,1199.72900390625,429.51947021484375,20.666616,20.0,-1,27.72744
11,1109,423.74304723739624,292.813627243042,55.706443786621094,522.90087890625,14.017761,20.0,-1,22.816603
0,1109,1530.0304999351501,781.1825847625732,1161.993896484375,1011.2698364257812,12.735813,20.0,-1,41.5907
1332,1109,614.516538143158,609.3618450164795,246.4799346923828,839.4490966796875,11.017204,18.0,-1,14.635031
1879,1109,1878.6331610679626,-18.226228713989258,1510.5965576171875,211.86102294921875,10.403642,12.0,-1,15.065427
2032,1109,542.6659827232361,-104.76786994934082,174.62937927246094,125.31938171386719,10.213537,18.0,-1,19.107946
4,1109,1306.8042426109314,-61.80664253234863,938.7676391601562,168.28060913085938,9.216195,16.0,-1,25.141472
3079,1109,1925.8657050132751,31.259153366088867,1557.8291015625,261.3464050292969,9.138564,10.0,-1,19.034458
2,1109,1648.5546698570251,243.20867729187012,1280.51806640625,473.2959289550781,8.275909,16.0,-1,19.632477
12,1109,1159.8191351890564,786.3276042938232,791.7825317382812,1016.4148559570312,7.278338,18.0,-1,7.347173
3509,1109,1987.9481024742126,399.0295696258545,1619.9114990234375,629.1168212890625,6.2142467,10.0,-1,14.955396
8,1109,1388.209638118744,278.0918560028076,1020.1730346679688,508.1791076660156,6.1409755,6.0,1,0.3545165
2281,1109,1773.1699042320251,-72.4339771270752,1405.13330078125,157.6532745361328,4.967949,8.0,-1,24.06846
2946,1109,1481.6128973960876,933.3388957977295,1113.5762939453125,1163.4261474609375,4.9668574,14.0,-1,5.6421676
3401,1109,1105.7085394859314,231.449125289917,737.6719360351562,461.536376953125,2.5941045,22.0,-1,42.119564
3352,1109,1843.6607489585876,293.47811698913574,1475.6241455078125,523.5653686523438,2.2824447,26.0,-1,1.5655951
3367,1109,1090.9372992515564,230.89867973327637,722.9006958007812,460.9859313964844,2.2598479,28.0,-1,28.40265
3191,1109,1617.4914374351501,428.262845993042,1249.454833984375,658.35009765625,1.9418603,16.0,-1,0.11853281
3034,1109,494.10086584091187,609.6469402313232,126.06426239013672,839.7341918945312,1.2909576,20.0,-1,0.8923727
2986,1109,1522.2156805992126,420.9292278289795,1154.1790771484375,651.0164794921875,1.2359623,14.0,-1,5.329377
2389,1109,1403.1248602867126,198.0278606414795,1035.0882568359375,428.1151123046875,0.6811033,16.0,-1,0.4746407
2080,1109,556.055844783783,121.62484550476074,188.0192413330078,351.71209716796875,0.58441895,18.0,-1,4.144489
3,1110,1142.761640071869,228.02117729187012,774.1842651367188,458.1942443847656,25.135992,18.0,-1,23.370546
1,1110,1569.5566229820251,199.25329399108887,1200.979248046875,429.4263610839844,23.222448,20.0,-1,26.47735
0,1110,1530.2159247398376,781.0522136688232,1161.6385498046875,1011.2252807617188,15.864392,20.0,-1,41.74926
11,1110,424.5809836387634,294.1184368133545,56.00360870361328,524.29150390625,14.893729,20.0,-1,22.601048
4,1110,1308.389569759369,-59.72580146789551,939.8121948242188,170.447265625,14.750705,16.0,-1,24.151903
1332,1110,614.4526038169861,610.1316204071045,245.87522888183594,840.3046875,12.911121,18.0,-1,13.870655
2032,1110,544.3392310142517,-103.85492897033691,175.76185607910156,126.3181381225586,11.298874,18.0,-1,19.352192
3079,1110,1923.0945868492126,29.960416793823242,1554.5172119140625,260.13348388671875,10.872281,10.0,-1,17.988432
12,1110,1158.031171321869,785.4128704071045,789.4537963867188,1015.5859375,9.291165,18.0,-1,6.286316
2,1110,1650.9328436851501,244.36315727233887,1282.35546875,474.5362243652344,9.015389,18.0,-1,19.497997
8,1110,1388.209638118744,277.687406539917,1019.6322631835938,507.8604736328125,8.054297,16.0,-1,0.918135
1879,1110,1878.5350165367126,-19.842073440551758,1509.9576416015625,210.33099365234375,7.4132347,12.0,-1,13.701548
2281,1110,1773.8539862632751,-72.48816108703613,1405.276611328125,157.68490600585938,5.5259895,8.0,-1,25.92297
3509,1110,1986.9889960289001,400.75106620788574,1618.41162109375,630.9241333007812,5.5130672,10.0,-1,15.066879
2946,1110,1480.9224677085876,933.3388957977295,1112.3450927734375,1163.511962890625,4.5444613,14.0,-1,6.8662233
3367,1110,1091.4914984703064,231.15093803405762,722.9141235351562,461.3240051269531,3.0570629,26.0,-1,29.57169
3401,1110,1105.607343196869,229.81890678405762,737.0299682617188,459.9919738769531,2.2790184,20.0,-1,42.805984
3191,1110,1621.5018134117126,431.5942668914795,1252.9244384765625,661.767333984375,1.5662068,14.0,-1,0.9313892
3034,1110,491.85618352890015,608.0585613250732,123.27880859375,838.2316284179688,1.4992226,20.0,-1,0.71479034
3352,1110,1839.8980536460876,296.6030559539795,1471.3206787109375,526.776123046875,1.1940731,26.0,-1,2.6447861
2986,1110,1519.9946112632751,421.89730644226074,1151.417236328125,652.0703735351562,0.77699584,12.0,-1,4.546671
2080,1110,552.4131293296814,119.54263114929199,183.83575439453125,349.7156982421875,0.3988179,14.0,-1,3.7827091
2389,1110,1404.1363348960876,201.27685356140137,1035.5589599609375,431.4499206542969,0.2805458,18.0,-1,0.8226809
1,1111,1570.6692328453064,200.0246868133545,1201.1673583984375,431.01226806640625,22.80465,18.0,-1,26.471174
3,1111,1141.6530585289001,229.69552421569824,772.1511840820312,460.68310546875,20.712055,18.0,-1,23.172129
11,1111,425.09818029403687,294.13888359069824,55.59630584716797,525.12646484375,19.796118,20.0,-1,22.302189
1332,1111,614.813413143158,607.4462566375732,245.31153869628906,838.433837890625,12.910201,18.0,-1,13.721395
0,1111,1531.9949164390564,782.4282512664795,1162.4930419921875,1013.4158325195312,12.816391,20.0,-1,40.811127
2032,1111,543.5903906822205,-105.33062171936035,174.08851623535156,125.6569595336914,11.577389,18.0,-1,18.942005
4,1111,1307.2651801109314,-57.86404609680176,937.7633056640625,173.12353515625,9.33511,16.0,-1,25.370337
12,1111,1157.4021430015564,784.902006149292,787.9002685546875,1015.8895874023438,8.754384,18.0,-1,7.4195843
3079,1111,1922.599042415619,29.960416793823242,1553.09716796875,260.947998046875,8.64045,10.0,-1,19.629776
8,1111,1389.2041449546814,276.77038383483887,1019.7022705078125,507.7579650878906,7.796477,16.0,-1,1.3939365
1879,1111,1877.7248969078064,-20.695680618286133,1508.2230224609375,210.29190063476562,6.4135823,12.0,-1,14.283574
3509,1111,1988.544110774994,400.64547538757324,1619.042236328125,631.633056640625,5.899883,10.0,-1,15.763451
2,1111,1651.800946712494,244.81396293640137,1282.299072265625,475.8015441894531,5.839005,18.0,-1,19.79706
2281,1111,1773.129315853119,-71.90936470031738,1403.62744140625,159.07821655273438,4.6388206,8.0,-1,27.387123
2946,1111,1481.333417415619,934.6551189422607,1111.83154296875,1165.6427001953125,4.326386,14.0,-1,8.860815
3367,1111,1092.018476009369,230.95104789733887,722.5166015625,461.9386291503906,3.1413872,28.0,-1,28.512894
3401,1111,1105.607343196869,229.788724899292,736.10546875,460.77630615234375,2.4726183,20.0,-1,43.00251
3191,1111,1625.716229915619,433.464750289917,1256.21435546875,664.4523315429688,2.1046526,16.0,-1,0.50518286
3352,1111,1837.3972601890564,300.92806816101074,1467.8953857421875,531.9156494140625,1.1820112,26.0,-1,1.9044489
3034,1111,490.78072118759155,605.725492477417,121.27884674072266,836.7130737304688,1.0291156,20.0,-1,0.89034885
2986,1111,1519.2729926109314,422.6448040008545,1149.7711181640625,653.6323852539062,0.81825805,10.0,-1,5.0759654
2389,1111,1405.3962836265564,200.66454887390137,1035.8944091796875,431.6521301269531,0.4889154,14.0,-1,0.6402929
2080,1111,552.3786749839783,119.02239799499512,182.87680053710938,350.0099792480469,0.31655386,14.0,-1,3.738875
1,1112,1570.3969550132751,201.88192558288574,1199.70947265625,433.7628173828125,25.947975,18.0,-1,25.871748
3,1112,1142.8052191734314,231.2280559539795,772.1177368164062,463.10894775390625,19.69721,18.0,-1,23.994392
0,1112,1530.8252997398376,783.4707927703857,1160.1378173828125,1015.3516845703125,17.225595,20.0,-1,39.96628
1332,1112,618.3686957359314,608.6564617156982,247.68121337890625,840.537353515625,14.471646,18.0,-1,13.047068
11,1112,427.36686086654663,292.7458782196045,56.679378509521484,524.6267700195312,12.072862,20.0,-1,22.939081
2032,1112,545.0864081382751,-105.40320014953613,174.39892578125,126.47769165039062,12.031165,18.0,-1,19.936466
4,1112,1309.7335028648376,-58.855546951293945,939.0460205078125,173.0253448486328,10.487537,16.0,-1,24.653212
12,1112,1157.9695258140564,783.923978805542,787.2820434570312,1015.8048706054688,10.172697,20.0,-1,8.347727
2,1112,1651.2614569664001,245.38256645202637,1280.573974609375,477.2634582519531,9.143849,18.0,-1,23.101858
1879,1112,1878.4627509117126,-22.583955764770508,1507.7752685546875,209.29693603515625,7.657665,12.0,-1,14.8858385
3079,1112,1924.2725653648376,29.081480026245117,1553.5850830078125,260.9623718261719,7.598104,10.0,-1,18.250025
8,1112,1386.809979915619,276.92004203796387,1016.1224975585938,508.8009338378906,6.6370625,16.0,-1,3.144676
2281,1112,1772.1282782554626,-70.02623176574707,1401.4407958984375,161.8546600341797,6.4340534,8.0,-1,28.296888
2946,1112,1480.2212958335876,933.8142986297607,1109.5338134765625,1165.6951904296875,4.951351,14.0,-1,6.8251953
3509,1112,1991.3068671226501,400.64547538757324,1620.619384765625,632.5263671875,4.8465114,10.0,-1,15.279134
3367,1112,1091.8086371421814,232.068754196167,721.1211547851562,463.94964599609375,2.3952692,28.0,-1,28.548788
3401,1112,1105.607343196869,230.17638969421387,734.9198608398438,462.0572814941406,1.959416,20.0,-1,42.1023
3191,1112,1625.6662421226501,433.17062187194824,1254.978759765625,665.051513671875,1.9098253,14.0,-1,1.0965217
3352,1112,1835.4644598960876,302.02511405944824,1464.7769775390625,533.906005859375,1.0797536,26.0,-1,3.010107
2986,1112,1517.2397284507751,425.1618938446045,1146.55224609375,657.0427856445312,0.98221046,12.0,-1,5.7871313
3034,1112,492.4552435874939,600.2957439422607,121.76776123046875,832.1766357421875,0.93232536,20.0,-1,0.88844705
2389,1112,1405.1627020835876,197.57357597351074,1034.4752197265625,429.4544677734375,0.6151037,8.0,1,0.024977604
2080,1112,552.740415096283,118.65557670593262,182.0529327392578,350.5364685058594,0.5897216,18.0,-1,4.1114473
3,1113,1143.027150630951,231.04750633239746,772.1114501953125,463.04559326171875,27.30493,18.0,-1,22.915432
1,1113,1569.6381125450134,200.8872890472412,1198.722412109375,432.8853759765625,21.569223,18.0,-1,24.786245
0,1113,1530.4989523887634,781.9309902191162,1159.583251953125,1013.9290771484375,16.435957,20.0,-1,40.952335
11,1113,427.36686086654663,292.2399501800537,56.4511604309082,524.238037109375,15.75637,20.0,-1,22.0697
3079,1113,1925.081838130951,30.06343650817871,1554.1661376953125,262.0615234375,14.212932,10.0,-1,18.474453
1332,1113,617.370442867279,608.7257900238037,246.45474243164062,840.723876953125,13.80786,16.0,-1,12.380339
2032,1113,546.3374381065369,-105.40320014953613,175.42173767089844,126.59488677978516,13.038559,18.0,-1,19.161173
12,1113,1158.9299216270447,783.8136196136475,788.0142211914062,1015.8117065429688,12.403081,18.0,-1,6.414054
4,1113,1308.0148215293884,-59.65450477600098,937.09912109375,172.3435821533203,11.736434,16.0,-1,24.911306
2,1113,1650.9923605918884,244.63951683044434,1280.07666015625,476.6376037597656,10.106841,18.0,-1,23.472645
1879,1113,1878.7948508262634,-24.600427627563477,1507.879150390625,207.3976593017578,9.749979,10.0,-1,14.573224
2281,1113,1774.561574459076,-69.93789100646973,1403.6458740234375,162.06019592285156,8.476105,8.0,-1,30.093742
8,1113,1387.7079367637634,277.32604026794434,1016.792236328125,509.3241271972656,7.2064776,16.0,-1,3.2413597
3509,1113,1989.2357687950134,403.49477195739746,1618.320068359375,635.4928588867188,5.7523994,12.0,-1,14.980301
2946,1113,1479.0519309043884,932.8384609222412,1108.13623046875,1164.8365478515625,5.615385,14.0,-1,6.5684743
3367,1113,1094.647511959076,233.55531883239746,723.7318115234375,465.55340576171875,2.9397986,28.0,-1,28.072388
3401,1113,1109.2689719200134,232.2876491546631,738.353271484375,464.2857360839844,2.4314077,20.0,-1,40.467144
3191,1113,1626.3636984825134,434.2924404144287,1255.447998046875,666.29052734375,2.2826695,14.0,-1,0.9031919
2389,1113,1403.4193625450134,196.5590114593506,1032.503662109375,428.5570983886719,1.2313722,18.0,-1,0.007846646
3034,1113,490.0570273399353,598.7923183441162,119.14132690429688,830.7904052734375,1.0512748,10.0,1,0.08631949
3352,1113,1840.8768820762634,302.8672695159912,1469.961181640625,534.8653564453125,0.9095114,26.0,-1,0.5213902
2986,1113,1516.740529537201,429.84193992614746,1145.8248291015625,661.8400268554688,0.75725573,16.0,-1,4.801514
2080,1113,550.9151663780212,119.46178245544434,179.9994659423828,351.4598693847656,0.70917606,14.0,-1,3.931294
3,1114,1144.7502799034119,229.1033229827881,773.68310546875,461.96002197265625,26.99797,18.0,-1,23.472443
1,1114,1569.4880728721619,198.83168601989746,1198.4208984375,431.6883850097656,20.94681,18.0,-1,26.636555
0,1114,1531.3338980674744,778.7366237640381,1160.2667236328125,1011.5933227539062,15.512872,20.0,-1,39.75497
11,1114,426.5227942466736,291.20372581481934,55.45561981201172,524.0604248046875,14.126733,20.0,-1,21.538479
2,1114,1649.0137076377869,241.5929775238037,1277.946533203125,474.4496765136719,11.805366,18.0,-1,23.319454
1332,1114,616.3850150108337,609.0342922210693,245.31784057617188,841.8909912109375,11.6046,16.0,-1,10.963564
2032,1114,546.3374381065369,-103.50928688049316,175.270263671875,129.347412109375,11.17629,18.0,-1,18.56253
1879,1114,1876.9049429893494,-25.9171085357666,1505.8377685546875,206.93959045410156,11.159448,10.0,-1,14.899889
4,1114,1307.1487174034119,-61.16777992248535,936.08154296875,171.6889190673828,10.144547,16.0,-1,25.316196
8,1114,1391.8636832237244,277.32604026794434,1020.7965087890625,510.1827392578125,9.96502,16.0,-1,1.4969149
12,1114,1159.8259634971619,786.1154079437256,788.7587890625,1018.9721069335938,8.422303,18.0,-1,9.248736
3079,1114,1925.2623648643494,33.10256004333496,1554.1951904296875,265.9592590332031,8.32939,10.0,-1,19.383196
3509,1114,1989.2385611534119,405.44640159606934,1618.17138671875,638.3031005859375,6.452257,10.0,-1,16.499407
2946,1114,1480.9436392784119,929.9996242523193,1109.87646484375,1162.8563232421875,5.446017,14.0,-1,7.6551504
2281,1114,1770.9696402549744,-69.05729103088379,1399.9024658203125,163.79940795898438,4.216559,8.0,-1,24.492321
3367,1114,1096.1384024620056,234.95412254333496,725.0712280273438,467.8108215332031,3.2119644,28.0,-1,28.22794
3352,1114,1841.1462759971619,301.11498069763184,1470.0791015625,533.9716796875,2.5141995,26.0,-1,1.3221507
3401,1114,1111.2400870323181,232.3356533050537,740.1729125976562,465.1923522949219,2.1802323,20.0,-1,41.983425
3191,1114,1625.7616324424744,435.6423854827881,1254.6944580078125,668.4990844726562,1.8319589,14.0,-1,2.0429564
3034,1114,488.73025274276733,596.4919948577881,117.66307830810547,829.3486938476562,1.0934712,8.0,1,0.36532366
2389,1114,1404.6799674034119,195.9511013031006,1033.61279296875,428.80780029296875,0.758827,10.0,1,0.5964293
2986,1114,1516.5102896690369,431.1261501312256,1145.443115234375,663.9828491210938,0.7232089,14.0,-1,4.8188043
2080,1114,549.2419333457947,121.09218406677246,178.1747589111328,353.9488830566406,0.65497667,16.0,-1,3.8001056
1,1115,1569.4880728721619,197.98341941833496,1198.6124267578125,431.2387390136719,20.26618,18.0,-1,27.38169
0,1115,1532.9866080284119,779.1517848968506,1162.1109619140625,1012.4071044921875,19.611725,20.0,-1,41.53727
3,1115,1144.8599600791931,229.5714931488037,773.9843139648438,462.8268127441406,15.14206,18.0,-1,22.261915
11,1115,425.3353018760681,290.9211940765381,54.45965576171875,524.176513671875,14.971066,20.0,-1,21.632818
2032,1115,547.309148311615,-105.3075122833252,176.43350219726562,127.94780731201172,13.913354,18.0,-1,19.854666
3079,1115,1925.0268912315369,33.10256004333496,1554.1512451171875,266.3578796386719,12.660499,10.0,-1,19.579948
2,1115,1649.2124381065369,242.74880027770996,1278.3367919921875,476.0041198730469,10.9286585,18.0,-1,24.654215
1332,1115,614.4896140098572,610.1079006195068,243.6139678955078,843.3632202148438,9.870156,16.0,-1,10.6617365
4,1115,1308.6166129112244,-60.707101821899414,937.740966796875,172.5482177734375,9.720613,16.0,-1,26.959524
1879,1115,1876.8807730674744,-24.426050186157227,1506.005126953125,208.8292694091797,9.568888,10.0,-1,14.73614
12,1115,1157.0046133995056,785.9898586273193,786.1289672851562,1019.2451782226562,8.3163805,18.0,-1,9.142088
8,1115,1393.1218619346619,277.10741233825684,1022.2462158203125,510.36273193359375,6.1087856,16.0,-1,1.0328553
3509,1115,1990.6583609580994,403.8411159515381,1619.78271484375,637.096435546875,5.8463974,10.0,-1,15.25637
2946,1115,1479.0205435752869,933.0924587249756,1108.1448974609375,1166.3477783203125,4.820452,12.0,-1,9.304832
3367,1115,1095.4963126182556,230.6705837249756,724.6206665039062,463.9259033203125,4.2636185,28.0,-1,26.462578
2281,1115,1769.0177359580994,-68.88930702209473,1398.14208984375,164.3660125732422,3.97236,10.0,-1,20.664501
3191,1115,1625.2937369346619,436.0763454437256,1254.4180908203125,669.3316650390625,3.1517239,14.0,-1,2.7317257
3034,1115,491.0212836265564,595.4597682952881,120.14563751220703,828.715087890625,2.41131,8.0,1,0.02159581
3401,1115,1111.7401480674744,231.8191432952881,740.864501953125,465.074462890625,2.4097745,18.0,-1,40.990532
2389,1115,1405.2132925987244,195.10301780700684,1034.337646484375,428.35833740234375,1.5675983,10.0,1,0.18170494
2986,1115,1517.1273550987244,432.61168479919434,1146.251708984375,665.8670043945312,1.5555176,12.0,-1,5.4230742
3352,1115,1836.2070670127869,298.05711936950684,1465.3314208984375,531.3124389648438,1.2657429,26.0,-1,1.2733417
2080,1115,545.6492972373962,123.43431663513184,174.77365112304688,356.68963623046875,0.63359356,16.0,-1,4.374246
1,1116,1569.5621695518494,197.31496238708496,1198.57421875,430.6746520996094,28.707535,18.0,-1,26.194527
3,1116,1145.4487051963806,229.4697780609131,774.4607543945312,462.8294677734375,23.545807,18.0,-1,21.925594
0,1116,1532.8800406455994,780.9687404632568,1161.89208984375,1014.3284301757812,21.389963,20.0,-1,42.475754
11,1116,425.27847814559937,290.39610862731934,54.29052734375,523.7557983398438,16.551535,20.0,-1,22.172367
2032,1116,548.409505367279,-106.07515144348145,177.4215545654297,127.28453826904297,15.173038,18.0,-1,20.683792
1332,1116,614.7558493614197,611.2235012054443,243.7678985595703,844.5831909179688,12.775779,18.0,-1,10.794107
12,1116,1154.1400504112244,785.2753810882568,783.152099609375,1018.6350708007812,11.6755495,18.0,-1,10.401343
4,1116,1308.6166129112244,-60.1801700592041,937.628662109375,173.1795196533203,10.604917,16.0,-1,25.602518
2,1116,1649.1708121299744,244.33937644958496,1278.182861328125,477.6990661621094,9.193728,18.0,-1,25.361599
8,1116,1392.8644156455994,277.10741233825684,1021.87646484375,510.46710205078125,9.130254,16.0,-1,0.17237538
1879,1116,1875.4737906455994,-22.7220401763916,1504.48583984375,210.6376495361328,8.437857,10.0,-1,14.071069
3079,1116,1926.4670767784119,32.47340965270996,1555.4791259765625,265.8330993652344,8.115163,10.0,-1,19.617855
2946,1116,1478.4446158409119,934.2761745452881,1107.4566650390625,1167.6358642578125,4.515423,14.0,-1,10.1863165
2281,1116,1769.8033804893494,-65.26987648010254,1398.8154296875,168.08981323242188,4.3008723,10.0,-1,17.208834
3509,1116,1991.6382193565369,403.26158714294434,1620.6502685546875,636.6212768554688,3.9745111,10.0,-1,16.582878
3367,1116,1095.8548331260681,227.52785301208496,724.8668823242188,460.8875427246094,2.7975209,28.0,-1,26.458555
3401,1116,1112.0001578330994,230.5063991546631,741.01220703125,463.8660888671875,2.399147,16.0,-1,39.189007
3191,1116,1626.3352408409119,438.88866233825684,1255.3472900390625,672.2483520507812,2.355519,14.0,-1,2.6376634
3034,1116,493.1116614341736,593.2341213226318,122.12371063232422,826.5938110351562,1.7383937,16.0,-1,0.43021658
2986,1116,1516.9790396690369,428.6580104827881,1145.9910888671875,662.0177001953125,1.5215286,12.0,-1,5.2230635
3352,1116,1831.5137076377869,299.75584983825684,1460.5257568359375,533.1155395507812,1.1605471,26.0,-1,2.2733204
2080,1116,545.5064444541931,125.86382102966309,174.51849365234375,359.2235107421875,0.73141646,12.0,-1,4.8920126
2389,1116,1403.3673453330994,196.14867210388184,1032.37939453125,429.50836181640625,0.55985206,16.0,-1,0.8070884
1,1117,1569.5621695518494,198.1478786468506,1198.2293701171875,431.48345947265625,33.84563,20.0,-1,25.411213
11,1117,426.73394536972046,291.78685569763184,55.401145935058594,525.1224365234375,21.782503,20.0,-1,22.547132
0,1117,1532.9281363487244,780.1732692718506,1161.5953369140625,1013.5088500976562,20.147978,20.0,-1,41.55967
3,1117,1147.0789542198181,230.3245449066162,775.7461547851562,463.6601257324219,20.03206,16.0,-1,22.01883
2032,1117,548.3753867149353,-108.88309669494629,177.04258728027344,124.45248413085938,16.908527,18.0,-1,20.884039
12,1117,1152.0027213096619,784.7791652679443,780.669921875,1018.11474609375,12.942574,18.0,-1,10.525276
2,1117,1648.5371451377869,244.9606533050537,1277.204345703125,478.2962341308594,10.095612,18.0,-1,23.317244
4,1117,1310.1858878135681,-61.45330238342285,938.8530883789062,171.8822784423828,10.093822,16.0,-1,24.6233
3079,1117,1926.7567496299744,34.489309310913086,1555.4239501953125,267.82489013671875,9.157589,10.0,-1,18.98443
8,1117,1393.3490958213806,277.2176113128662,1022.0162963867188,510.5531921386719,8.378274,16.0,-1,1.6665022
1332,1117,613.3224692344666,609.6066188812256,241.9896697998047,842.9421997070312,8.251458,18.0,-1,10.319358
1879,1117,1878.1012320518494,-22.7220401763916,1506.7684326171875,210.61354064941406,6.7693152,10.0,-1,14.071198
3509,1117,1991.2801871299744,401.57091331481934,1619.9473876953125,634.906494140625,6.0448184,10.0,-1,15.994509
2946,1117,1474.1891226768494,932.9920558929443,1102.8563232421875,1166.32763671875,5.9164453,12.0,-1,11.79753
2281,1117,1767.4549918174744,-61.6428165435791,1396.1221923828125,171.69276428222656,4.876323,10.0,-1,18.283089
3401,1117,1112.8651480674744,228.74403953552246,741.5323486328125,462.0796203613281,3.5248995,16.0,-1,34.86603
3367,1117,1096.3708243370056,226.92882347106934,725.0380249023438,460.264404296875,2.8147926,28.0,-1,26.813221
3191,1117,1627.7386832237244,439.9260768890381,1256.4058837890625,673.2616577148438,1.6618079,14.0,-1,2.4124029
3352,1117,1832.6869254112244,302.8300075531006,1461.3541259765625,536.1655883789062,1.3444039,26.0,-1,1.6932797
3034,1117,488.87280797958374,595.9168605804443,117.54000854492188,829.25244140625,1.33962,18.0,-1,0.92075765
2986,1117,1514.6203970909119,428.88915061950684,1143.28759765625,662.2247314453125,0.96096635,14.0,-1,5.358003
2389,1117,1402.9292349815369,194.58446311950684,1031.596435546875,427.9200439453125,0.5835001,20.0,-1,0.55625045
2080,1117,545.120442867279,124.43947410583496,173.7876434326172,357.7750549316406,0.5077128,14.0,-1,3.7809691
3,1118,1147.9860587120056,231.07823753356934,776.1149291992188,464.6115417480469,30.663628,16.0,-1,21.124031
11,1118,426.82195806503296,292.71950340270996,54.950828552246094,526.2528076171875,21.184893,20.0,-1,22.70747
0,1118,1534.5325064659119,781.0755214691162,1162.661376953125,1014.6088256835938,20.94122,20.0,-1,41.554485
1,1118,1570.4861197471619,199.07607078552246,1198.614990234375,432.609375,20.223822,18.0,-1,25.658314
12,1118,1151.7466788291931,784.57594871521,779.8755493164062,1018.1092529296875,18.488445,20.0,-1,10.481752
2032,1118,549.0512747764587,-108.73801612854004,177.18014526367188,124.7952880859375,14.127435,18.0,-1,19.794453
1332,1118,613.8038382530212,607.78151512146,241.93270874023438,841.3148193359375,12.419314,18.0,-1,8.892637
4,1118,1312.1492667198181,-62.867929458618164,940.2781372070312,170.66537475585938,11.289139,16.0,-1,26.422207
1879,1118,1878.5212759971619,-23.631296157836914,1506.650146484375,209.90200805664062,10.102625,10.0,-1,14.717743
2,1118,1648.5585074424744,244.34670066833496,1276.6873779296875,477.8800048828125,9.800288,18.0,-1,25.241646
3509,1118,1991.8183951377869,400.99135398864746,1619.947265625,634.524658203125,7.339438,10.0,-1,15.302657
3079,1118,1924.1965689659119,35.91017723083496,1552.325439453125,269.4434814453125,7.1033726,10.0,-1,19.09616
8,1118,1392.1333365440369,277.2176113128662,1020.26220703125,510.75091552734375,7.0009084,16.0,-1,2.7713392
3367,1118,1096.2864737510681,226.5247402191162,724.4153442382812,460.05804443359375,4.170792,14.0,-1,26.001211
2281,1118,1766.3437857627869,-60.94460487365723,1394.47265625,172.5886993408203,3.9292555,10.0,-1,20.58378
2946,1118,1473.3678336143494,931.06715965271,1101.4967041015625,1164.6004638671875,3.7112322,12.0,-1,12.69606
3401,1118,1112.8651480674744,227.0951747894287,740.9940185546875,460.62847900390625,3.59776,16.0,-1,39.647472
3191,1118,1627.8957877159119,438.8055019378662,1256.024658203125,672.3388061523438,1.6472946,14.0,-1,2.758009
3352,1118,1831.9791617393494,304.4003505706787,1460.1080322265625,537.9336547851562,1.5525289,26.0,-1,0.47756684
2389,1118,1399.6070914268494,197.88963890075684,1027.7359619140625,431.4229431152344,1.3072735,16.0,-1,0.21420436
3034,1118,486.3457007408142,594.7227382659912,114.47457122802734,828.2560424804688,1.0908242,22.0,-1,2.2596972
2986,1118,1511.5379996299744,429.2515468597412,1139.6668701171875,662.7848510742188,1.0715193,12.0,-1,4.657399
2080,1118,543.5774283409119,125.06694602966309,171.706298828125,358.6002502441406,0.5227791,14.0,-1,4.0339026
11,1119,425.9354033470154,295.52943992614746,53.272159576416016,528.5401000976562,26.387466,20.0,-1,22.38287
1,1119,1570.8942008018494,199.25844383239746,1198.23095703125,432.26910400390625,23.809183,20.0,-1,24.98418
0,1119,1534.6554312705994,781.832052230835,1161.9921875,1014.8427124023438,23.277685,20.0,-1,40.30564
4,1119,1313.0292105674744,-62.867929458618164,940.365966796875,170.14273071289062,17.754927,16.0,-1,23.121025
3,1119,1148.1628775596619,232.4396572113037,775.4996337890625,465.4503173828125,16.22991,16.0,-1,22.36535
2032,1119,551.8505148887634,-108.85883522033691,179.18727111816406,124.15182495117188,13.321565,18.0,-1,18.85799
12,1119,1152.9040884971619,786.3913173675537,780.2408447265625,1019.4019775390625,11.496657,20.0,-1,10.386421
1332,1119,613.0759024620056,607.4538173675537,240.41265869140625,840.4644775390625,11.070668,18.0,-1,10.957441
2,1119,1648.3110709190369,243.75697898864746,1275.6478271484375,476.76763916015625,10.0465145,18.0,-1,24.266357
3079,1119,1925.0629019737244,35.318105697631836,1552.399658203125,268.3287658691406,9.477502,10.0,-1,17.423384
8,1119,1388.6816763877869,278.1313076019287,1016.0184326171875,511.1419677734375,8.954827,16.0,-1,2.447492
1879,1119,1879.9513297080994,-26.128320693969727,1507.2880859375,206.88233947753906,8.688135,10.0,-1,14.1318245
3509,1119,1991.8183951377869,402.57521629333496,1619.1551513671875,635.5858764648438,6.7121615,12.0,-1,14.853859
2946,1119,1470.4061636924744,928.9186611175537,1097.742919921875,1161.9293212890625,4.611255,14.0,-1,11.717994
2281,1119,1766.3404898643494,-57.07772254943848,1393.67724609375,175.9329376220703,4.397265,10.0,-1,20.135668
3367,1119,1096.7810416221619,227.09166526794434,724.1177978515625,460.1023254394531,4.0659137,14.0,-1,25.849161
3401,1119,1112.8183341026306,227.77794456481934,740.1550903320312,460.7886047363281,3.3726108,16.0,-1,40.644253
3034,1119,488.3867163658142,597.3644618988037,115.72347259521484,830.3751220703125,1.8472098,18.0,-1,0.9814254
3191,1119,1626.7859244346619,438.5059413909912,1254.1226806640625,671.5166015625,1.586198,14.0,-1,4.2359934
2389,1119,1397.2831168174744,195.81554222106934,1024.619873046875,428.8262023925781,1.0383542,16.0,-1,0.11894056
3352,1119,1834.0500845909119,302.55763816833496,1461.3868408203125,535.5682983398438,0.96080256,26.0,-1,1.1656443
2986,1119,1507.5163931846619,428.7941493988037,1134.8531494140625,661.8048095703125,0.7264743,12.0,-1,4.929264
2080,1119,542.7402701377869,121.98302268981934,170.0770263671875,354.9936828613281,0.5557402,16.0,-1,3.6145215
0,1120,1536.0818228721619,781.3942775726318,1162.17333984375,1014.3596801757812,27.731596,20.0,-1,39.88289
1,1120,1570.0808463096619,196.9440517425537,1196.17236328125,429.9094543457031,27.312277,18.0,-1,24.934025
11,1120,426.0521445274353,297.3135280609131,52.14366149902344,530.2789306640625,23.038376,20.0,-1,22.894861
2032,1120,553.2742972373962,-108.74614906311035,179.36581420898438,124.21925354003906,17.024158,18.0,-1,20.2161
3,1120,1147.4076285362244,232.89464378356934,773.4991455078125,465.86004638671875,14.031753,16.0,-1,22.616747
1332,1120,615.0845847129822,607.4702053070068,241.1761016845703,840.4356079101562,13.561767,18.0,-1,11.555452
4,1120,1315.9225821495056,-60.45688819885254,942.0140991210938,172.50851440429688,13.370618,16.0,-1,21.791616
12,1120,1157.2143912315369,786.9417018890381,783.305908203125,1019.9071044921875,11.667355,20.0,-1,8.4806385
1879,1120,1879.4129996299744,-26.731454849243164,1505.5045166015625,206.23394775390625,11.559421,10.0,-1,14.679243
2,1120,1648.5382437705994,244.0995388031006,1274.6297607421875,477.06494140625,11.246533,18.0,-1,24.247076
3079,1120,1925.4906363487244,35.17635154724121,1551.5821533203125,268.1417541503906,8.701335,12.0,-1,18.54506
2946,1120,1475.4917349815369,925.0118923187256,1101.583251953125,1157.977294921875,8.144681,12.0,-1,11.670983
8,1120,1388.0206656455994,279.0758571624756,1014.1121826171875,512.041259765625,7.8609796,16.0,-1,1.0489614
3509,1120,1991.8183951377869,402.9261989593506,1617.909912109375,635.8916015625,7.075865,12.0,-1,13.888278
2281,1120,1769.5757193565369,-57.07772254943848,1395.667236328125,175.88768005371094,3.7381687,10.0,-1,17.672234
3401,1120,1113.3895621299744,227.87367820739746,739.4810791015625,460.8390808105469,3.05911,16.0,-1,36.12093
3367,1120,1096.4500479698181,225.67470359802246,722.5415649414062,458.6401062011719,3.0168962,28.0,-1,25.915108
3191,1120,1624.0178580284119,435.30650901794434,1250.109375,668.2719116210938,2.301285,16.0,-1,3.2928045
3034,1120,485.6976523399353,596.8071804046631,111.78916931152344,829.7725830078125,2.2593353,18.0,-1,1.1579843
2389,1120,1396.5494132041931,194.89732933044434,1022.6409301757812,427.86273193359375,1.0764822,8.0,1,0.17289393
3352,1120,1833.8893179893494,304.5983180999756,1459.9808349609375,537.563720703125,0.8715648,28.0,-1,0.7097778
2986,1120,1507.1373648643494,425.7058620452881,1133.2288818359375,658.6712646484375,0.84623677,16.0,-1,4.899411
2080,1120,542.2419791221619,120.05443382263184,168.33349609375,353.01983642578125,0.30544952,20.0,-1,3.3741255
3575,1120,1787.4065299034119,445.9316921234131,1413.498046875,678.8970947265625,0.253721,28.0,-1,0.16566311
1,1121,1570.0481314659119,196.80161094665527,1195.898193359375,429.8451232910156,32.607773,18.0,-1,26.28191
3,1121,1148.2281851768494,233.05008506774902,774.0782470703125,466.0935974121094,28.67115,16.0,-1,21.649094
11,1121,425.75158071517944,298.2685604095459,51.60164260864258,531.3120727539062,19.135382,20.0,-1,22.693638
0,1121,1537.1316275596619,782.8305110931396,1162.981689453125,1015.8740234375,17.655994,20.0,-1,39.435593
1332,1121,613.6398825645447,607.4733943939209,239.4899444580078,840.5169067382812,14.519624,18.0,-1,11.774619
2032,1121,551.53156042099,-108.53038215637207,177.38162231445312,124.51313018798828,13.499416,18.0,-1,19.28928
3079,1121,1926.0802359580994,35.17316246032715,1551.9302978515625,268.2166748046875,11.68967,12.0,-1,19.15774
12,1121,1159.6660513877869,787.4963436126709,785.51611328125,1020.5398559570312,10.843147,18.0,-1,9.698257
2,1121,1646.6377310752869,243.82022666931152,1272.48779296875,476.8637390136719,10.82261,18.0,-1,21.393423
1879,1121,1879.1526236534119,-27.163217544555664,1505.002685546875,205.8802947998047,8.603806,10.0,-1,14.6441345
4,1121,1314.9031119346619,-60.70426368713379,940.753173828125,172.33924865722656,8.067826,16.0,-1,23.752275
2281,1121,1772.1776480674744,-57.2388858795166,1398.0277099609375,175.80462646484375,6.0823436,10.0,-1,21.387486
8,1121,1387.9451041221619,277.0571041107178,1013.795166015625,510.1006164550781,5.7866154,16.0,-1,1.604369
2946,1121,1474.5322623252869,925.1249446868896,1100.38232421875,1158.16845703125,5.0634437,12.0,-1,14.048832
3509,1121,1992.9266715049744,403.26959800720215,1618.7767333984375,636.3131103515625,4.955252,12.0,-1,13.943009
3401,1121,1113.9409537315369,228.7884578704834,739.791015625,461.83197021484375,3.6686418,16.0,-1,33.39222
3367,1121,1096.9663443565369,226.9433650970459,722.81640625,459.98687744140625,3.596368,14.0,-1,25.56439
3191,1121,1625.7368521690369,434.56159019470215,1251.5869140625,667.6051025390625,2.094103,14.0,-1,1.5595528
2389,1121,1396.6428580284119,195.11325645446777,1022.492919921875,428.1567687988281,1.5007995,8.0,1,0.21261495
3352,1121,1830.4931998252869,301.0539608001709,1456.34326171875,534.0974731445312,1.2821448,26.0,-1,0.5534462
2986,1121,1507.1700797080994,427.05231285095215,1133.0201416015625,660.0958251953125,0.6896243,16.0,-1,5.3436584
3575,1121,1784.7088980674744,445.7586727142334,1410.5589599609375,678.8021850585938,0.62107724,4.0,-1,0.44564822
3034,1121,481.37830114364624,594.0689144134521,107.22836303710938,827.1124267578125,0.56616527,20.0,-1,1.3509442
2080,1121,543.7691397666931,115.21271324157715,169.61920166015625,348.2562255859375,0.4117807,18.0,-1,3.8094647
1,1122,1569.3748831748962,196.90973472595215,1194.7713623046875,430.24090576171875,27.557096,20.0,-1,26.761251
11,1122,426.2578749656677,298.2327938079834,51.654354095458984,531.56396484375,27.26341,22.0,-1,23.01866
3,1122,1148.63800573349,232.38934898376465,774.0344848632812,465.72052001953125,25.46138,16.0,-1,19.275593
0,1122,1537.8952689170837,781.2783260345459,1163.291748046875,1014.6094970703125,23.049593,20.0,-1,39.41396
12,1122,1161.7462821006775,788.6922664642334,787.1427612304688,1022.0234375,15.78192,20.0,-1,8.19412
1879,1122,1882.7774710655212,-30.496362686157227,1508.1739501953125,202.83480834960938,13.05743,12.0,-1,14.793484
1332,1122,611.5223135948181,609.1582698822021,236.91879272460938,842.4894409179688,12.82948,18.0,-1,11.310136
2032,1122,549.158772945404,-110.7434024810791,174.5552520751953,122.5877685546875,11.288193,18.0,-1,19.07628
4,1122,1312.47052526474,-61.7308292388916,937.8670043945312,171.600341796875,10.775397,16.0,-1,25.100262
2,1122,1648.2417044639587,245.94089317321777,1273.63818359375,479.2720642089844,10.1452,18.0,-1,23.32403
3079,1122,1926.2165579795837,34.26447105407715,1551.613037109375,267.59564208984375,9.71748,10.0,-1,18.416159
8,1122,1387.1236624717712,277.1044979095459,1012.5201416015625,510.4356689453125,7.5575204,6.0,1,0.6712196
2946,1122,1476.4604544639587,924.6093807220459,1101.85693359375,1157.9405517578125,7.469585,12.0,-1,15.769389
3509,1122,1990.6449027061462,402.3708553314209,1616.0413818359375,635.7020263671875,6.086786,12.0,-1,12.421799
3401,1122,1113.8871512413025,228.89337730407715,739.2836303710938,462.22454833984375,4.7898755,16.0,-1,28.496094
2281,1122,1771.1650443077087,-54.78731727600098,1396.5615234375,178.54385375976562,4.756535,8.0,-1,22.363369
3367,1122,1097.0201468467712,227.58579063415527,722.4166259765625,460.9169616699219,3.2399967,16.0,-1,24.009983
2389,1122,1395.7487235069275,194.14951133728027,1021.1452026367188,427.4806823730469,1.470396,14.0,-1,0.08996147
3191,1122,1624.1737112998962,436.8671932220459,1249.5701904296875,670.1983642578125,1.4465874,14.0,-1,1.6202048
3034,1122,482.0284399986267,594.1046810150146,107.42491912841797,827.4358520507812,1.2687801,20.0,-1,0.25959194
3352,1122,1827.3770804405212,303.2917537689209,1452.7735595703125,536.6229248046875,1.1090225,28.0,-1,2.6238756
2080,1122,544.9240775108337,114.6505184173584,170.320556640625,347.981689453125,0.9491995,12.0,-1,3.3352656
2986,1122,1504.8791556358337,425.5108699798584,1130.275634765625,658.842041015625,0.66551316,16.0,-1,4.0263987
3575,1122,1786.4580130577087,446.20013999938965,1411.8544921875,679.5313110351562,0.42820728,10.0,1,0.324085
1,1123,1569.0543570518494,196.94717979431152,1194.12451171875,431.53533935546875,36.19388,20.0,-1,25.027666
0,1123,1536.9250845909119,779.3003902435303,1161.9952392578125,1013.8885498046875,29.331964,20.0,-1,39.638565
11,1123,425.04041814804077,298.195348739624,50.110572814941406,532.7835083007812,24.808706,22.0,-1,24.626173
3,1123,1148.6405386924744,229.96079063415527,773.710693359375,464.5489501953125,18.430632,16.0,-1,19.777956
12,1123,1162.7300772666931,787.183141708374,787.8002319335938,1021.7713012695312,16.67753,20.0,-1,9.638487
2032,1123,549.3885397911072,-110.36020851135254,174.4586944580078,124.22795104980469,13.729257,18.0,-1,18.999289
1879,1123,1884.7978873252869,-30.42868995666504,1509.8680419921875,204.1594696044922,12.190999,10.0,-1,14.1890335
1332,1123,609.3502402305603,609.4335079193115,234.42039489746094,844.0216674804688,10.650948,18.0,-1,11.564826
4,1123,1313.4679312705994,-63.691110610961914,938.5380859375,170.8970489501953,10.447668,16.0,-1,24.874239
3079,1123,1927.5204215049744,33.32193565368652,1552.590576171875,267.91009521484375,9.506278,10.0,-1,19.210587
2,1123,1646.9509634971619,247.01068687438965,1272.0211181640625,481.5988464355469,9.2830305,16.0,-1,23.094465
2281,1123,1770.6135611534119,-54.57937049865723,1395.6837158203125,180.0087890625,6.0660977,8.0,-1,23.935102
2946,1123,1476.8111929893494,923.6033687591553,1101.88134765625,1158.1915283203125,5.968107,12.0,-1,14.000676
8,1123,1384.4536490440369,277.4268550872803,1009.5238037109375,512.0150146484375,5.929278,16.0,-1,0.9270997
3509,1123,1989.5486197471619,404.0877437591553,1614.6187744140625,638.6759033203125,5.3136497,12.0,-1,12.741836
3401,1123,1114.3183951377869,226.52078819274902,739.3885498046875,461.10894775390625,4.5203347,16.0,-1,30.74485
3367,1123,1097.1804556846619,226.11896324157715,722.2506103515625,460.7071228027344,3.6919756,14.0,-1,24.041233
3191,1123,1624.1711783409119,438.4705562591553,1249.2413330078125,673.0587158203125,1.7415806,14.0,-1,2.2602806
3034,1123,482.93060064315796,588.9335079193115,108.0007553100586,823.5216674804688,1.5386597,18.0,-1,0.859133
3352,1123,1826.8931021690369,305.6666011810303,1451.9632568359375,540.2547607421875,1.325538,28.0,-1,0.63133943
2986,1123,1500.9767203330994,424.937047958374,1126.046875,659.5252075195312,0.7387133,14.0,-1,5.0311546
3575,1123,1788.1949820518494,449.449010848999,1413.26513671875,684.0371704101562,0.73806006,8.0,1,0.106224045
2389,1123,1395.5887808799744,192.06400108337402,1020.658935546875,426.65216064453125,0.6721087,6.0,1,0.30480918
2080,1123,545.28009557724,115.02484703063965,170.35025024414062,349.6130065917969,0.38550827,14.0,-1,3.2177503
1,1124,1568.3889517784119,195.78871726989746,1193.0445556640625,431.5765075683594,31.582823,20.0,-1,25.704485
0,1124,1539.4663443565369,778.3176174163818,1164.1219482421875,1014.1054077148438,28.007948,20.0,-1,39.871235
11,1124,427.50792837142944,299.28978538513184,52.16353225708008,535.0775756835938,26.26055,22.0,-1,25.03162
3,1124,1151.2468008995056,230.8794460296631,775.9024047851562,466.667236328125,16.233435,16.0,-1,19.889616
12,1124,1160.7067008018494,787.4196071624756,785.3623046875,1023.2073974609375,15.665801,20.0,-1,10.851918
1332,1124,609.0711722373962,610.7509670257568,233.72677612304688,846.5387573242188,13.997269,18.0,-1,11.009093
2032,1124,549.7094626426697,-110.94481086730957,174.3650665283203,124.84297943115234,10.716168,18.0,-1,20.466494
4,1124,1312.4025015830994,-62.33022499084473,937.05810546875,173.4575653076172,10.287628,16.0,-1,20.399488
1879,1124,1884.7978873252869,-30.290170669555664,1509.4534912109375,205.49761962890625,10.271157,10.0,-1,15.147708
2,1124,1645.8561148643494,245.51808738708496,1270.51171875,481.3058776855469,8.988628,16.0,-1,22.057346
3509,1124,1989.1201529502869,402.28014183044434,1613.7757568359375,638.0679321289062,8.835334,10.0,-1,12.955605
3079,1124,1927.2419791221619,30.902029037475586,1551.8975830078125,266.6898193359375,8.336108,10.0,-1,18.780687
8,1124,1382.0931143760681,278.2065944671631,1006.7487182617188,513.994384765625,8.117729,16.0,-1,0.3693541
2946,1124,1473.4310660362244,922.3357448577881,1098.086669921875,1158.12353515625,7.2366786,12.0,-1,12.836263
2281,1124,1771.1322379112244,-54.57937049865723,1395.787841796875,181.2084197998047,4.256584,8.0,-1,25.033043
3401,1124,1115.6216788291931,227.67287254333496,740.2772827148438,463.4606628417969,3.9470904,16.0,-1,31.680307
3367,1124,1097.6532950401306,227.06798362731934,722.3088989257812,462.85577392578125,2.7704008,14.0,-1,25.587063
3191,1124,1624.9375357627869,442.05162620544434,1249.5931396484375,677.8394165039062,2.3787203,14.0,-1,2.68238
3034,1124,483.1090598106384,589.1884670257568,107.76466369628906,824.9762573242188,1.7361361,20.0,-1,0.14488728
2389,1124,1394.8262686729431,191.6493740081787,1019.4818725585938,427.4371643066406,1.4836849,16.0,-1,0.23487478
2986,1124,1500.2363638877869,420.8208522796631,1124.8919677734375,656.608642578125,1.0885723,18.0,-1,5.7774434
3575,1124,1790.7308707237244,448.3832302093506,1415.386474609375,684.1710205078125,0.6055586,8.0,1,0.5906879
2080,1124,546.1141257286072,113.82973289489746,170.7697296142578,349.6175231933594,0.42528906,14.0,-1,3.5108867
1,1125,1565.8886466026306,194.9576930999756,1190.283203125,431.26422119140625,28.894066,20.0,-1,25.372467
11,1125,426.84385442733765,299.28978538513184,51.23841094970703,535.5963134765625,26.818434,22.0,-1,24.48823
0,1125,1539.3320059776306,777.4434108734131,1163.7265625,1013.7499389648438,24.70848,20.0,-1,40.242325
3,1125,1151.2468008995056,231.2280788421631,775.641357421875,467.53460693359375,19.39135,16.0,-1,21.22137
2,1125,1646.0368399620056,245.5027370452881,1270.431396484375,481.80926513671875,13.777424,16.0,-1,21.63884
1879,1125,1885.6457266807556,-30.324426651000977,1510.040283203125,205.9821014404297,13.619789,10.0,-1,15.285195
12,1125,1156.1202139854431,790.7007961273193,780.5147705078125,1027.00732421875,12.735875,20.0,-1,10.7569475
1332,1125,609.289617061615,611.8208522796631,233.68417358398438,848.1273803710938,12.628751,18.0,-1,9.830366
2032,1125,547.47833776474,-110.61923408508301,171.87289428710938,125.68729400634766,12.524756,18.0,-1,20.283041
3079,1125,1927.6236319541931,32.88246726989746,1552.0181884765625,269.1889953613281,11.748397,10.0,-1,18.749405
8,1125,1379.6731925010681,281.6450710296631,1004.0677490234375,517.9515991210938,10.224996,6.0,1,0.15801491
4,1125,1312.5628409385681,-61.742013931274414,936.9573974609375,174.56451416015625,8.042602,16.0,-1,23.966957
3509,1125,1988.4303946495056,401.47911643981934,1612.824951171875,637.78564453125,7.671015,10.0,-1,14.292586
2946,1125,1473.7210440635681,923.8670558929443,1098.1156005859375,1160.173583984375,5.689581,12.0,-1,10.548368
2281,1125,1771.8240714073181,-52.76949501037598,1396.2186279296875,183.5370330810547,5.0567646,8.0,-1,25.60243
3367,1125,1097.1748404502869,229.3993740081787,721.5693969726562,465.7059020996094,3.631264,16.0,-1,25.264498
3401,1125,1115.1952872276306,228.10313987731934,739.58984375,464.40966796875,3.4896383,16.0,-1,21.389143
3191,1125,1625.2366690635681,439.9789333343506,1249.6312255859375,676.2854614257812,2.4395113,14.0,-1,1.6175637
3034,1125,486.02540349960327,585.8603420257568,110.41996002197266,822.1668701171875,1.5085932,20.0,-1,1.4494666
2389,1125,1395.7627921104431,190.5837917327881,1020.1573486328125,426.89031982421875,1.1571187,8.0,1,0.7257678
2986,1125,1500.0533194541931,419.7177028656006,1124.4478759765625,656.0242309570312,1.0358003,12.0,-1,5.174476
3575,1125,1795.5313467979431,445.88792991638184,1419.9259033203125,682.1944580078125,0.96400696,10.0,1,1.2049861
2080,1125,545.6500754356384,112.75777244567871,170.0446319580078,349.0643005371094,0.4971702,12.0,-1,3.684245
11,1126,423.9632124900818,300.32970237731934,48.15560531616211,536.8290405273438,30.88661,22.0,-1,24.349583
0,1126,1537.2985739707947,774.9859523773193,1161.490966796875,1011.4852905273438,27.013762,20.0,-1,39.095837
1,1126,1568.2244772911072,193.55138206481934,1192.4168701171875,430.05072021484375,21.753944,20.0,-1,25.773308
3,1126,1149.925099849701,230.14674949645996,774.1174926757812,466.6460876464844,15.962516,16.0,-1,20.952074
2032,1126,546.6469626426697,-112.67972755432129,170.83935546875,123.81961059570312,14.327011,18.0,-1,19.766203
3079,1126,1927.8334860801697,33.472158432006836,1552.02587890625,269.97149658203125,13.619225,12.0,-1,17.685148
2,1126,1646.0901999473572,247.1163845062256,1270.2825927734375,483.61572265625,11.31788,16.0,-1,25.039097
12,1126,1153.6962180137634,793.9728298187256,777.8886108398438,1030.47216796875,11.15844,20.0,-1,10.317806
1332,1126,609.289617061615,612.0378322601318,233.4820098876953,848.5371704101562,11.090039,18.0,-1,10.453901
4,1126,1313.6976218223572,-62.51310157775879,937.8900146484375,173.98623657226562,9.924623,16.0,-1,24.267105
3509,1126,1987.8275046348572,403.6014919281006,1612.0198974609375,640.100830078125,9.648341,10.0,-1,15.191033
1879,1126,1889.1348776817322,-29.8538761138916,1513.3272705078125,206.6454620361328,9.126299,10.0,-1,14.322443
8,1126,1380.423635005951,282.9797878265381,1004.6160278320312,519.4791259765625,7.230461,8.0,1,0.7746011
2946,1126,1473.9826560020447,922.1497097015381,1098.175048828125,1158.6490478515625,5.8533688,12.0,-1,10.311515
2281,1126,1770.4465231895447,-53.02103614807129,1394.638916015625,183.47830200195312,4.917564,8.0,-1,24.883787
3367,1126,1095.6606345176697,229.69823265075684,719.85302734375,466.19757080078125,3.6558278,16.0,-1,27.279272
3401,1126,1112.4498190879822,226.57948875427246,736.6422119140625,463.0788269042969,3.422492,16.0,-1,20.92967
3191,1126,1626.4782614707947,438.7777614593506,1250.670654296875,675.277099609375,2.0859191,14.0,-1,0.5485048
3034,1126,489.6979651451111,585.8603420257568,113.8903579711914,822.3596801757812,1.4987668,20.0,-1,1.2406344
2986,1126,1498.0849509239197,422.61778831481934,1122.27734375,659.1171264648438,1.3334742,12.0,-1,5.282396
2389,1126,1397.9719138145447,188.35121726989746,1022.164306640625,424.8505554199219,1.1264244,8.0,1,0.5975433
3575,1126,1797.1990866661072,449.60252952575684,1421.3914794921875,686.1018676757812,0.38426974,8.0,1,0.32458016
2080,1126,543.5151572227478,111.59761619567871,167.70755004882812,348.0969543457031,0.20610636,14.0,-1,2.7837276
11,1127,425.11679220199585,299.04918479919434,48.63621139526367,536.2522583007812,32.127018,22.0,-1,23.99504
0,1127,1536.8135886192322,774.8117580413818,1160.3330078125,1012.0148315429688,29.296913,20.0,-1,41.874985
1,1127,1567.5804343223572,192.1990566253662,1191.099853515625,429.4021301269531,25.911066,20.0,-1,24.594933
3,1127,1150.6706442832947,228.8364772796631,774.1900634765625,466.03955078125,20.097517,16.0,-1,20.41196
2032,1127,546.3776450157166,-112.14003944396973,169.89706420898438,125.06303405761719,17.64649,18.0,-1,21.271507
1332,1127,610.714681148529,612.8561305999756,234.23410034179688,850.0592041015625,16.408525,18.0,-1,11.149434
12,1127,1154.0892233848572,795.6346950531006,777.608642578125,1032.8377685546875,15.622748,20.0,-1,9.965569
2,1127,1647.1968894004822,245.6963405609131,1270.71630859375,482.8994140625,11.30175,16.0,-1,30.147738
3079,1127,1927.8334860801697,32.84096336364746,1551.3529052734375,270.0440368652344,11.279237,12.0,-1,18.369923
4,1127,1314.9782614707947,-64.92225074768066,938.4976806640625,172.28082275390625,10.429711,16.0,-1,26.534155
8,1127,1376.375051021576,280.94188499450684,999.8944702148438,518.1449584960938,9.471719,16.0,-1,0.70801127
1879,1127,1890.4280905723572,-28.787317276000977,1513.947509765625,208.41575622558594,8.010228,12.0,-1,14.926467
3509,1127,1987.4332175254822,404.42821311950684,1610.95263671875,641.6312866210938,7.572209,10.0,-1,14.3014555
2281,1127,1773.9877829551697,-54.0632266998291,1397.5072021484375,183.1398468017578,4.8306766,8.0,-1,26.765316
2946,1127,1471.7963767051697,924.0055446624756,1095.3157958984375,1161.2086181640625,4.2313647,14.0,-1,10.0169525
3367,1127,1095.366750240326,231.8579921722412,718.8861694335938,469.0610656738281,3.5015037,16.0,-1,27.352274
3401,1127,1110.0382590293884,226.57948875427246,733.5576782226562,463.7825622558594,2.7220821,16.0,-1,34.062786
3191,1127,1629.8201804161072,435.30528831481934,1253.339599609375,672.5083618164062,2.5008485,14.0,-1,1.2593336
3034,1127,490.9538779258728,586.2141628265381,114.47329711914062,823.417236328125,1.9172854,22.0,-1,1.881024
2389,1127,1399.352101802826,183.6711940765381,1022.8715209960938,420.874267578125,1.3195859,8.0,1,0.41718417
3575,1127,1794.4256491661072,453.0762233734131,1417.945068359375,690.279296875,1.0830694,8.0,1,0.6191906
2986,1127,1495.9518942832947,424.6537380218506,1119.4713134765625,661.8568115234375,0.8812433,14.0,-1,4.387288
2080,1127,539.2073111534119,111.91377830505371,162.7267303466797,349.1168518066406,0.5328973,18.0,-1,3.1465561
11,1128,426.63456869125366,299.04918479919434,49.65507125854492,536.5474853515625,36.268925,22.0,-1,23.929981
1,1128,1566.6336722373962,192.23937034606934,1189.6541748046875,429.7376708984375,25.444853,20.0,-1,24.293758
0,1128,1535.9262747764587,774.8937282562256,1158.94677734375,1012.3920288085938,23.665895,20.0,-1,42.620888
2032,1128,546.3776450157166,-113.72176551818848,169.3981475830078,123.77653503417969,19.173943,20.0,-1,21.482359
3,1128,1152.0029349327087,230.37242698669434,775.0234375,467.8707275390625,14.731992,16.0,-1,21.73389
12,1128,1153.3714652061462,793.9643459320068,776.3919677734375,1031.462646484375,12.457511,20.0,-1,10.037863
3079,1128,1927.9108939170837,34.36263084411621,1550.931396484375,271.8609313964844,11.389581,12.0,-1,18.020218
1332,1128,611.0869040489197,610.1660671234131,234.10740661621094,847.6643676757812,10.889852,18.0,-1,9.7297735
2,1128,1648.8352103233337,244.49071311950684,1271.855712890625,481.989013671875,9.854918,16.0,-1,31.971432
8,1128,1376.404851436615,281.1504421234131,999.4253540039062,518.6487426757812,9.435331,16.0,-1,2.0983472
4,1128,1314.785710811615,-64.96033668518066,937.8062133789062,172.5379638671875,9.198731,16.0,-1,27.3766
3509,1128,1986.7089896202087,403.1848659515381,1609.7294921875,640.6831665039062,8.770562,12.0,-1,11.308352
1879,1128,1890.1451468467712,-27.252038955688477,1513.1656494140625,210.2462615966797,8.721917,12.0,-1,13.202262
2281,1128,1773.7795462608337,-53.65000343322754,1396.800048828125,183.84829711914062,5.1577826,8.0,-1,27.084356
2946,1128,1470.6208548545837,923.2603664398193,1093.641357421875,1160.7586669921875,4.428636,14.0,-1,9.375746
3401,1128,1112.0362601280212,226.83473777770996,735.0567626953125,464.3330383300781,3.663477,16.0,-1,32.84729
3367,1128,1096.7645926475525,232.22450828552246,719.7850952148438,469.7228088378906,3.0700057,16.0,-1,27.330984
3191,1128,1631.2634329795837,433.77330589294434,1254.283935546875,671.2716064453125,1.9901255,14.0,-1,1.7966943
3034,1128,488.5379157066345,588.1744899749756,111.55841827392578,825.6727905273438,1.8151627,22.0,-1,1.3630733
2389,1128,1400.1562552452087,179.68800926208496,1023.1767578125,417.1863098144531,0.83159775,8.0,1,0.1799798
2986,1128,1494.3092093467712,424.28905296325684,1117.3297119140625,661.787353515625,0.6889326,14.0,-1,5.182919
3575,1128,1792.7273001670837,455.08482933044434,1415.747802734375,692.5831298828125,0.5372054,16.0,-1,0.06584546
2080,1128,543.7844290733337,109.17909812927246,166.804931640625,346.6773986816406,0.37634227,14.0,-1,3.2104855
11,1129,428.26572942733765,299.8613796234131,50.485328674316406,537.4501953125,34.84287,22.0,-1,25.11778
0,1129,1539.4973196983337,774.2592067718506,1161.7169189453125,1011.8480224609375,25.419939,20.0,-1,39.826424
1,1129,1567.5112357139587,193.5987148284912,1189.7308349609375,431.1875305175781,23.270721,20.0,-1,24.903252
2032,1129,545.8879446983337,-113.49223518371582,168.1075439453125,124.0965805053711,21.15018,20.0,-1,21.458498
3,1129,1152.793035030365,230.45424461364746,775.0126342773438,468.0430603027344,19.311577,16.0,-1,21.13179
1332,1129,611.1315054893494,610.0952053070068,233.35110473632812,847.6840209960938,12.8160715,16.0,-1,9.560829
2,1129,1649.4657034873962,244.32213401794434,1271.685302734375,481.91094970703125,12.385094,16.0,-1,27.368914
12,1129,1152.9918875694275,793.6511745452881,775.2114868164062,1031.239990234375,12.17446,20.0,-1,10.88721
4,1129,1313.1101126670837,-62.99808692932129,935.3297119140625,174.59072875976562,11.693738,16.0,-1,25.77844
3079,1129,1927.5748343467712,32.473745346069336,1549.79443359375,270.06256103515625,10.391891,12.0,-1,16.985224
8,1129,1375.4400687217712,281.4027614593506,997.65966796875,518.9915771484375,8.615825,16.0,-1,1.768142
3509,1129,1983.6722464561462,403.1848659515381,1605.891845703125,640.773681640625,7.8847427,12.0,-1,11.187482
1879,1129,1890.1451468467712,-27.337594985961914,1512.36474609375,210.251220703125,7.7076416,12.0,-1,14.33658
2281,1129,1775.6328177452087,-53.73211097717285,1397.8524169921875,183.85670471191406,7.148687,8.0,-1,27.888248
2946,1129,1471.2824759483337,923.3479518890381,1093.5020751953125,1160.936767578125,4.1985006,12.0,-1,10.404242
3367,1129,1096.44171667099,230.09035301208496,718.6613159179688,467.6791687011719,3.465106,14.0,-1,25.410297
3401,1129,1112.0261282920837,226.4397487640381,734.2457275390625,464.028564453125,3.146989,16.0,-1,32.1058
3191,1129,1629.8233695030212,432.93211936950684,1252.04296875,670.5209350585938,1.6693468,14.0,-1,3.2051358
2389,1129,1395.5121512413025,183.8657741546631,1017.7317504882812,421.45458984375,1.1959484,18.0,-1,0.29399052
2986,1129,1497.4176077842712,425.9540309906006,1119.63720703125,663.5428466796875,1.069549,10.0,-1,5.5144677
3575,1129,1793.3569388389587,454.4169216156006,1415.5765380859375,692.0057373046875,0.7692279,8.0,1,0.52705353
3034,1129,485.83303594589233,588.8417873382568,108.0526351928711,826.4306030273438,0.7280636,20.0,-1,1.1153536
2080,1129,545.66290807724,109.36769676208496,167.88250732421875,346.9565124511719,0.37620392,14.0,-1,3.45694
11,1130,427.45638036727905,296.83409690856934,49.60237121582031,535.3842163085938,27.967653,22.0,-1,25.315205
0,1130,1541.1585745811462,773.8517971038818,1163.3045654296875,1012.4019165039062,23.671492,20.0,-1,40.53356
2032,1130,546.397786617279,-113.96600532531738,168.5437774658203,124.58411407470703,23.321573,20.0,-1,21.880404
1,1130,1568.7520804405212,194.91225242614746,1190.8980712890625,433.4623718261719,22.628046,20.0,-1,23.633974
3,1130,1153.4686331748962,229.9420680999756,775.6146240234375,468.4921875,15.905429,16.0,-1,18.711308
1332,1130,611.5590872764587,610.3505153656006,233.705078125,848.900634765625,13.841243,16.0,-1,8.8678255
4,1130,1312.3426566123962,-62.67269325256348,934.4886474609375,175.87742614746094,11.875794,16.0,-1,24.073927
2,1130,1651.7053275108337,244.16945457458496,1273.851318359375,482.7195739746094,11.01204,16.0,-1,30.837936
8,1130,1376.0976614952087,281.1371364593506,998.24365234375,519.687255859375,8.90223,16.0,-1,0.6756563
12,1130,1149.2078909873962,791.6206569671631,771.3538818359375,1030.1707763671875,8.218234,18.0,-1,9.306087
3079,1130,1926.4036917686462,32.773733139038086,1548.5496826171875,271.3238525390625,7.663847,12.0,-1,18.820469
1879,1130,1888.6727347373962,-31.04168128967285,1510.8187255859375,207.50843811035156,7.656054,12.0,-1,13.483731
2946,1130,1473.4398245811462,923.3479518890381,1095.5858154296875,1161.8980712890625,6.9154224,12.0,-1,13.710072
3509,1130,1983.0031790733337,397.75475120544434,1605.149169921875,636.3048706054688,6.599092,12.0,-1,10.604508
3367,1130,1096.1955618858337,229.41405296325684,718.341552734375,467.96417236328125,5.655542,16.0,-1,26.213017
2281,1130,1775.6328177452087,-53.3989200592041,1397.77880859375,185.1511993408203,4.927284,8.0,-1,26.44583
3401,1130,1112.0064749717712,226.6046962738037,734.1524658203125,465.1548156738281,3.4800968,16.0,-1,28.303972
3191,1130,1630.7887015342712,433.39879417419434,1252.9346923828125,671.9489135742188,1.6476609,14.0,-1,2.1472616
2389,1130,1398.43976354599,184.24855613708496,1020.5857543945312,422.7986755371094,1.4087902,16.0,-1,0.1348085
2986,1130,1496.2053275108337,427.9205837249756,1118.351318359375,666.470703125,0.8229881,14.0,-1,5.066822
3034,1130,486.67898321151733,591.9941921234131,108.8249740600586,830.5443115234375,0.5987174,20.0,-1,2.0442817
3575,1130,1793.0384573936462,457.1013698577881,1415.1844482421875,695.6514892578125,0.4588871,8.0,1,1.1334038
2080,1130,543.3779501914978,108.09413719177246,165.52394104003906,346.6442565917969,0.23467435,18.0,-1,3.5537314
11,1131,425.91095876693726,298.3474636077881,48.129581451416016,537.32177734375,33.113705,22.0,-1,25.064854
0,1131,1541.5116019248962,774.6653957366943,1163.730224609375,1013.6397094726562,28.108215,20.0,-1,39.854702
1,1131,1569.2513480186462,194.0827236175537,1191.469970703125,433.0570373535156,24.916151,20.0,-1,22.876366
2032,1131,544.5811820030212,-114.21721839904785,166.7998046875,124.75709533691406,16.691442,20.0,-1,20.89344
3,1131,1153.4444632530212,230.3507595062256,775.6630859375,469.3250732421875,15.6972275,16.0,-1,20.18082
1332,1131,612.3659873008728,611.1610012054443,234.58460998535156,850.1353149414062,11.704884,16.0,-1,10.955093
2,1131,1651.2432913780212,243.6669521331787,1273.4619140625,482.6412658691406,10.8623495,16.0,-1,32.416035
12,1131,1148.5426688194275,791.6206569671631,770.7612915039062,1030.594970703125,10.125289,20.0,-1,9.045067
4,1131,1313.36163854599,-64.73568153381348,935.5802612304688,174.23863220214844,9.687702,16.0,-1,29.996534
3079,1131,1927.5105032920837,33.076650619506836,1549.7291259765625,272.05096435546875,9.6807995,12.0,-1,17.92193
1879,1131,1887.2117972373962,-30.24009132385254,1509.430419921875,208.73422241210938,7.337133,12.0,-1,13.992557
3509,1131,1981.6845755577087,397.80797386169434,1603.9031982421875,636.7822875976562,6.9370837,12.0,-1,11.114559
2946,1131,1473.4398245811462,923.0375270843506,1095.658447265625,1162.0118408203125,6.760462,12.0,-1,15.990484
8,1131,1374.8574271202087,281.7568874359131,997.0760498046875,520.731201171875,5.818209,16.0,-1,0.9199995
2281,1131,1778.3908743858337,-50.8177433013916,1400.6094970703125,188.1565704345703,5.283848,8.0,-1,26.82294
3367,1131,1095.3241629600525,226.79125022888184,717.5427856445312,465.76556396484375,3.4618704,14.0,-1,25.515497
3401,1131,1112.10138463974,225.1619167327881,734.3200073242188,464.13623046875,2.951349,16.0,-1,19.893097
3191,1131,1631.1102347373962,432.77721214294434,1253.328857421875,671.7515258789062,1.8762846,14.0,-1,2.553048
3034,1131,488.2957510948181,589.9857692718506,110.51437377929688,828.9600830078125,1.6774718,20.0,-1,1.5638585
2986,1131,1498.3269095420837,427.17870140075684,1120.5455322265625,666.1530151367188,1.0420307,10.0,-1,5.4566717
2389,1131,1397.8480887413025,179.6387233734131,1020.0667114257812,418.613037109375,0.9077428,8.0,1,0.10016319
2080,1131,543.7884268760681,108.58916282653809,166.00704956054688,347.5634765625,0.48475638,14.0,-1,3.0488124
3575,1131,1792.0203909873962,458.4475612640381,1414.239013671875,697.421875,0.36826923,8.0,1,0.50990117
11,1132,426.6257529258728,299.6807155609131,48.83668518066406,538.9222412109375,32.60017,22.0,-1,23.87624
0,1132,1541.5116019248962,773.0974025726318,1163.7225341796875,1012.3389282226562,21.904165,20.0,-1,39.866203
2032,1132,540.5967154502869,-114.89891242980957,162.80764770507812,124.34261322021484,18.494957,18.0,-1,20.738916
1,1132,1569.7595267295837,195.7081813812256,1191.970458984375,434.94970703125,17.64214,20.0,-1,23.683306
3,1132,1153.3071341514587,228.87184715270996,775.51806640625,468.1133728027344,15.904781,16.0,-1,20.191221
1332,1132,611.6730093955994,610.7747707366943,233.88394165039062,850.0162963867188,14.1169,16.0,-1,10.420154
2,1132,1649.3564505577087,243.58959007263184,1271.5673828125,482.83111572265625,12.955838,18.0,-1,31.126066
4,1132,1313.8149466514587,-65.91745948791504,936.02587890625,173.32406616210938,12.429742,16.0,-1,25.297186
12,1132,1147.2253470420837,791.6206569671631,769.436279296875,1030.8621826171875,11.529046,20.0,-1,10.603165
3079,1132,1928.0727591514587,34.699270248413086,1550.28369140625,273.9407958984375,11.471347,12.0,-1,16.152555
1879,1132,1889.8104300498962,-26.357995986938477,1512.0213623046875,212.88352966308594,8.37252,12.0,-1,14.335753
8,1132,1373.0697684288025,282.18700218200684,995.2807006835938,521.4285278320312,7.040716,16.0,-1,0.9417883
2281,1132,1779.0516409873962,-51.07586097717285,1401.2625732421875,188.16566467285156,6.5364394,8.0,-1,29.841925
3509,1132,1982.8811087608337,399.20018577575684,1605.092041015625,638.4417114257812,5.7714233,12.0,-1,11.284225
2946,1132,1475.6408743858337,923.1835231781006,1097.851806640625,1162.425048828125,5.469274,12.0,-1,14.39187
3367,1132,1093.1619925498962,224.75011253356934,715.3729248046875,463.99163818359375,4.4346824,14.0,-1,25.838139
3401,1132,1109.9317679405212,223.86171531677246,732.1427001953125,463.1032409667969,4.0228868,26.0,-1,17.662561
3191,1132,1632.0262503623962,428.8966579437256,1254.2371826171875,668.13818359375,2.419231,16.0,-1,1.5827658
2986,1132,1501.5487112998962,428.43883323669434,1123.7596435546875,667.6803588867188,1.362938,14.0,-1,5.8170495
3034,1132,488.52893590927124,590.0217800140381,110.7398681640625,829.2633056640625,1.0342116,20.0,-1,1.3397768
2389,1132,1394.7880911827087,181.0101833343506,1016.9990234375,420.251708984375,0.6928947,16.0,-1,0.27101988
2080,1132,540.0236563682556,107.94673728942871,162.23458862304688,347.1882629394531,0.29551217,14.0,-1,3.258956
3575,1132,1790.6413626670837,462.39403343200684,1412.852294921875,701.6355590820312,0.26770642,10.0,1,0.9710258
11,1133,427.36504888534546,302.66307640075684,48.64470672607422,542.6654052734375,28.227808,22.0,-1,25.201788
3,1133,1152.836492061615,226.00938987731934,774.1161499023438,466.01171875,24.016165,16.0,-1,19.097757
2032,1133,540.5955710411072,-115.77163124084473,161.87522888183594,124.23069763183594,18.76252,18.0,-1,20.757193
0,1133,1541.5116019248962,773.0974025726318,1162.791259765625,1013.0997314453125,17.772663,20.0,-1,39.36447
1,1133,1571.1960501670837,197.1681423187256,1192.4757080078125,437.17047119140625,15.415207,20.0,-1,23.426643
3079,1133,1930.2717337608337,33.71932029724121,1551.5513916015625,273.7216491699219,12.762946,12.0,-1,17.464155
2,1133,1646.5914359092712,241.9289150238037,1267.87109375,481.9312438964844,12.528473,16.0,-1,30.770512
4,1133,1311.9754691123962,-66.76241493225098,933.255126953125,173.2399139404297,11.342996,16.0,-1,25.171011
1332,1133,614.1132254600525,611.4568386077881,235.39288330078125,851.4591674804688,10.985026,16.0,-1,10.017851
8,1133,1371.9608817100525,280.5424098968506,993.2405395507812,520.5447387695312,9.938518,16.0,-1,0.017114311
1879,1133,1892.4837698936462,-27.307336807250977,1513.763427734375,212.6949920654297,9.36367,10.0,-1,13.677937
12,1133,1145.8756766319275,791.9996242523193,767.1553344726562,1032.001953125,8.27128,20.0,-1,9.90719
2946,1133,1474.7214407920837,922.1346340179443,1096.0010986328125,1162.136962890625,8.043967,14.0,-1,10.392732
3509,1133,1981.0144095420837,398.3663845062256,1602.2940673828125,638.3687133789062,6.355564,12.0,-1,11.364002
2281,1133,1780.5023245811462,-51.05295753479004,1401.781982421875,188.94937133789062,5.330422,8.0,-1,26.390083
3401,1133,1110.3864188194275,224.00819969177246,731.6660766601562,464.0105285644531,5.309872,28.0,-1,15.518803
3367,1133,1092.4019827842712,222.7778835296631,713.681640625,462.78021240234375,3.37339,16.0,-1,25.423866
3191,1133,1634.6456351280212,429.7534694671631,1255.92529296875,669.7557983398438,1.8853245,6.0,1,0.24437542
2389,1133,1394.87628698349,177.97374534606934,1016.1559448242188,417.97607421875,1.622962,8.0,1,0.25707722
2986,1133,1500.6254935264587,429.3878688812256,1121.9051513671875,669.3901977539062,1.3283154,10.0,-1,5.089566
3034,1133,491.19055700302124,595.1810207366943,112.47021484375,835.183349609375,1.1018252,20.0,-1,1.477757
2080,1133,540.515691280365,110.56987571716309,161.79534912109375,350.57220458984375,0.45673907,12.0,-1,4.668628
3575,1133,1787.2631888389587,467.86021995544434,1408.5428466796875,707.862548828125,0.24738498,18.0,-1,0.41110778
11,1134,428.01651906967163,306.76024436950684,48.88211441040039,546.8495483398438,24.656435,22.0,-1,24.896008
0,1134,1542.7302298545837,772.2872829437256,1163.5958251953125,1012.3765869140625,21.673723,20.0,-1,39.04014
1,1134,1570.2454886436462,199.5883388519287,1191.111083984375,439.6776428222656,18.259115,20.0,-1,23.136587
3,1134,1153.0618948936462,224.48839378356934,773.927490234375,464.57769775390625,18.049717,16.0,-1,20.66017
2032,1134,539.0325217247009,-116.63767433166504,159.8981170654297,123.45162963867188,16.18776,18.0,-1,20.258123
2,1134,1646.9868216514587,241.7496852874756,1267.8524169921875,481.8389892578125,15.2273,18.0,-1,30.518944
3079,1134,1928.9594779014587,33.35805320739746,1549.8250732421875,273.4473571777344,13.280908,12.0,-1,15.230419
1332,1134,614.9850516319275,612.0772609710693,235.85064697265625,852.1665649414062,12.353967,16.0,-1,11.038436
12,1134,1145.1394095420837,789.1367702484131,766.0050048828125,1029.22607421875,9.265654,18.0,-1,9.592447
4,1134,1311.6018118858337,-68.04743385314941,932.4674072265625,172.0418701171875,9.219365,16.0,-1,24.798683
8,1134,1370.2844290733337,280.5424098968506,991.1500244140625,520.6317138671875,8.004787,16.0,-1,1.5111533
1879,1134,1894.0491995811462,-29.65726661682129,1514.914794921875,210.43203735351562,6.695013,12.0,-1,14.756362
3509,1134,1979.7439017295837,399.5062770843506,1600.6094970703125,639.5955810546875,6.0719337,12.0,-1,11.830979
2281,1134,1782.6624808311462,-49.815744400024414,1403.528076171875,190.2735595703125,5.833117,8.0,-1,26.725288
2946,1134,1474.7214407920837,922.0450954437256,1095.5870361328125,1162.1343994140625,5.7479625,14.0,-1,9.719916
3401,1134,1109.5417532920837,225.6588649749756,730.4073486328125,465.7481689453125,3.5105867,16.0,-1,21.09306
3367,1134,1091.8195242881775,222.4178981781006,712.6851196289062,462.5072021484375,3.1195068,16.0,-1,25.428799
3191,1134,1635.6247611045837,431.51732444763184,1256.4903564453125,671.6066284179688,1.912641,8.0,1,0.23370177
2389,1134,1395.7122855186462,179.7986660003662,1016.577880859375,419.8879699707031,1.694172,8.0,1,0.13259774
2986,1134,1498.3480277061462,430.9139919281006,1119.213623046875,671.0032958984375,0.7478824,12.0,-1,5.259985
3575,1134,1787.4492239952087,468.6119899749756,1408.3148193359375,708.7012939453125,0.5711496,10.0,1,0.60682344
3034,1134,489.5176749229431,594.3724269866943,110.38327026367188,834.4617309570312,0.54263604,20.0,-1,1.0396366
2080,1134,542.7060751914978,110.59105491638184,163.57167053222656,350.68035888671875,0.26254705,16.0,-1,2.6990504
11,1135,428.4375624656677,305.9539089202881,48.937313079833984,545.9091186523438,31.319914,22.0,-1,24.95728
1,1135,1571.2750296592712,200.2521266937256,1191.7747802734375,440.20733642578125,20.559261,20.0,-1,23.975662
0,1135,1543.6401419639587,770.8945827484131,1164.139892578125,1010.8497924804688,19.367025,20.0,-1,41.847466
3,1135,1151.2978568077087,223.55006980895996,771.797607421875,463.5052795410156,17.038406,16.0,-1,19.87246
2032,1135,539.1414999961853,-114.43743324279785,159.64125061035156,125.51777648925781,15.292186,18.0,-1,19.894876
1332,1135,616.2383322715759,612.0772609710693,236.7380828857422,852.032470703125,10.45537,18.0,-1,11.594544
2,1135,1646.7520804405212,241.2907314300537,1267.2518310546875,481.2459411621094,10.384383,16.0,-1,31.386963
1879,1135,1894.2553763389587,-29.780771255493164,1514.755126953125,210.1744384765625,8.345239,10.0,-1,14.253844
12,1135,1145.5970511436462,788.9162502288818,766.0968017578125,1028.8714599609375,7.9022136,20.0,-1,9.105159
4,1135,1312.9620413780212,-67.86951637268066,933.4617919921875,172.085693359375,7.262938,16.0,-1,26.220058
3509,1135,1979.7439017295837,399.79149436950684,1600.24365234375,639.7467041015625,7.1512737,10.0,-1,12.677703
3079,1135,1927.4006400108337,33.52986717224121,1547.900390625,273.4850769042969,7.0228653,12.0,-1,14.745532
2946,1135,1475.2635550498962,922.1973781585693,1095.7633056640625,1162.152587890625,6.503227,14.0,-1,6.643913
8,1135,1369.5390067100525,279.6088161468506,990.0387573242188,519.5640258789062,5.7237153,16.0,-1,1.6042948
2281,1135,1782.2357230186462,-49.2484073638916,1402.7354736328125,190.70680236816406,5.242199,8.0,-1,23.437132
3401,1135,1109.3427176475525,223.7395839691162,729.8424682617188,463.6947937011719,3.9750235,16.0,-1,21.16659
3367,1135,1090.297917842865,223.65553855895996,710.7976684570312,463.6107482910156,2.9294024,16.0,-1,25.93859
3191,1135,1637.1123099327087,434.65563011169434,1257.612060546875,674.61083984375,2.847901,8.0,1,1.2786322
2389,1135,1397.2114310264587,176.4349880218506,1017.711181640625,416.39019775390625,1.0706669,8.0,1,0.89228237
2986,1135,1498.1861624717712,429.6454372406006,1118.6859130859375,669.6006469726562,0.8967297,14.0,-1,5.789056
3034,1135,489.38226079940796,597.6630764007568,109.88201141357422,837.6182861328125,0.7543325,22.0,-1,0.81496185
2080,1135,539.6155753135681,108.96654319763184,160.11532592773438,348.9217529296875,0.58722883,16.0,-1,3.6295223
3575,1135,1784.9918265342712,473.14244651794434,1405.4915771484375,713.09765625,0.20532675,22.0,-1,1.0099094
11,1136,427.43742513656616,306.2063045501709,47.44606399536133,546.3697509765625,23.532393,22.0,-1,25.818672
1,1136,1572.0355505943298,202.3361873626709,1192.044189453125,442.4996337890625,20.877346,20.0,-1,24.405724
0,1136,1542.7008337974548,771.2828426361084,1162.70947265625,1011.4462890625,20.654638,20.0,-1,41.088955
3,1136,1151.6564002037048,221.3637752532959,771.6650390625,461.5272216796875,19.61944,16.0,-1,21.212397
1332,1136,616.0229773521423,611.9671077728271,236.0316162109375,852.1305541992188,16.48316,18.0,-1,10.710401
2032,1136,539.9184851646423,-111.36678504943848,159.9271240234375,128.79666137695312,16.326233,18.0,-1,20.102356
12,1136,1146.2115759849548,788.5339412689209,766.22021484375,1028.6973876953125,11.080926,18.0,-1,8.399752
4,1136,1315.8021521568298,-68.21010780334473,935.810791015625,171.95333862304688,10.7582245,16.0,-1,23.322296
2,1136,1648.8602576255798,240.84219932556152,1268.868896484375,481.0056457519531,10.216943,16.0,-1,31.23607
1879,1136,1893.7607703208923,-29.94512367248535,1513.7694091796875,210.21832275390625,9.733293,12.0,-1,14.897454
2946,1136,1475.7466101646423,923.6490535736084,1095.7552490234375,1163.8125,6.603643,14.0,-1,7.241489
3509,1136,1980.0163855552673,397.0033016204834,1600.0250244140625,637.166748046875,6.386659,12.0,-1,11.958851
3079,1136,1927.6159949302673,33.6400203704834,1547.6246337890625,273.803466796875,6.092615,12.0,-1,15.460142
2281,1136,1779.8299841880798,-48.453805923461914,1399.838623046875,191.7096405029297,5.173633,10.0,-1,20.871777
8,1136,1370.354459285736,282.6064510345459,990.3630981445312,522.7698974609375,5.1467843,16.0,-1,2.1373649
3401,1136,1107.0940222740173,221.48673057556152,727.1026611328125,461.6501770019531,4.0488772,16.0,-1,28.222088
3367,1136,1090.0154700279236,223.49210166931152,710.0241088867188,463.6555480957031,3.7667983,16.0,-1,26.700493
3191,1136,1635.7991003990173,435.27716636657715,1255.8077392578125,675.4406127929688,2.5601423,8.0,1,0.012716025
2986,1136,1498.4209265708923,430.2027645111084,1118.4295654296875,670.3662109375,1.1768721,12.0,-1,5.7074842
2389,1136,1395.980191707611,173.9869441986084,1015.9888305664062,414.150390625,0.51217353,26.0,-1,0.31717533
2080,1136,537.9933295249939,105.40204429626465,158.00196838378906,345.56549072265625,0.42449102,12.0,-1,3.2528715
3034,1136,486.77012395858765,600.1624202728271,106.77876281738281,840.3258666992188,0.31288427,20.0,-1,1.9754745
11,1137,427.2760519981384,304.950963973999,46.958152770996094,545.4248657226562,32.225487,22.0,-1,25.209213
0,1137,1542.6410193443298,771.1525020599365,1162.3231201171875,1011.6264038085938,25.749708,20.0,-1,39.974052
3,1137,1153.664517879486,219.66000938415527,773.3466186523438,460.1339111328125,20.552382,16.0,-1,22.12802
1,1137,1572.9596228599548,203.1420955657959,1192.6417236328125,443.6159973144531,16.74959,20.0,-1,22.911146
12,1137,1144.3997473716736,789.7569332122803,764.0818481445312,1030.2308349609375,14.391042,18.0,-1,6.6761503
2032,1137,541.962842464447,-109.54497718811035,161.6449432373047,130.92892456054688,13.683505,18.0,-1,20.48201
4,1137,1316.1572546958923,-70.56252479553223,935.83935546875,169.911376953125,13.496911,16.0,-1,23.480793
2,1137,1648.4853796958923,241.61273765563965,1268.16748046875,482.0866394042969,12.118435,18.0,-1,31.386286
1332,1137,617.7918524742126,612.832555770874,237.4739532470703,853.3064575195312,11.904224,16.0,-1,9.913232
3509,1137,1978.0914587974548,397.026891708374,1597.7735595703125,637.5007934570312,8.74109,12.0,-1,11.457486
1879,1137,1890.2865271568298,-31.26590919494629,1509.9686279296875,209.20799255371094,7.973732,12.0,-1,13.43217
8,1137,1371.5534949302673,286.1734981536865,991.235595703125,526.6473999023438,7.7887673,16.0,-1,3.012224
2946,1137,1477.2594275474548,923.6254634857178,1096.9415283203125,1164.099365234375,6.4255776,14.0,-1,6.3790627
3079,1137,1927.6758093833923,31.384923934936523,1547.35791015625,271.85882568359375,5.404197,12.0,-1,14.760167
2281,1137,1782.9746375083923,-47.52861976623535,1402.65673828125,192.94528198242188,3.4937296,10.0,-1,19.928572
3367,1137,1088.5696082115173,224.18887901306152,708.251708984375,464.66278076171875,3.444019,16.0,-1,25.92769
3191,1137,1634.4544959068298,434.3014888763428,1254.1365966796875,674.775390625,2.7082605,16.0,-1,0.28212997
3401,1137,1105.4071326255798,220.13361167907715,725.0892333984375,460.6075134277344,2.685302,16.0,-1,26.218315
2986,1137,1498.2844519615173,429.6176509857178,1117.966552734375,670.091552734375,1.2940391,14.0,-1,5.6097054
2389,1137,1395.5237097740173,173.10239219665527,1015.205810546875,413.5762939453125,0.47525617,16.0,-1,0.1408867
3575,1137,1780.4737830162048,468.7848873138428,1400.1558837890625,709.2587890625,0.4564606,4.0,-1,0.23622954
3034,1137,488.32962560653687,600.3392696380615,108.01172637939453,840.8131713867188,0.39544162,24.0,-1,2.0437315
2080,1137,538.5760016441345,108.75559043884277,158.2581024169922,349.2294921875,0.3721927,16.0,-1,4.2403474
11,1138,427.65027379989624,304.74420738220215,46.743385314941406,545.808349609375,30.043755,22.0,-1,25.2351
1,1138,1575.1802039146423,203.91672325134277,1194.2733154296875,444.9808654785156,21.559792,20.0,-1,24.219643
0,1138,1544.6111121177673,770.5147151947021,1163.7042236328125,1011.578857421875,19.857306,20.0,-1,40.741814
12,1138,1141.0486731529236,788.7663021087646,760.1417846679688,1029.8304443359375,16.533697,18.0,-1,1.1233934
2032,1138,543.4971747398376,-108.95437049865723,162.5902862548828,132.10977172851562,15.3164215,18.0,-1,19.962492
3,1138,1155.2031531333923,219.90317344665527,774.2962646484375,460.9673156738281,14.263302,16.0,-1,21.161087
1332,1138,617.1988959312439,610.9008235931396,236.29200744628906,851.9649658203125,13.058177,16.0,-1,11.650853
1879,1138,1889.5013709068298,-31.130441665649414,1508.594482421875,209.93370056152344,9.828998,12.0,-1,13.86895
2,1138,1650.2027869224548,242.6651668548584,1269.2958984375,483.72930908203125,9.610573,16.0,-1,36.090195
4,1138,1317.8121619224548,-69.50885963439941,936.9052734375,171.55528259277344,9.344452,16.0,-1,23.78308
3509,1138,1979.0149207115173,395.5897274017334,1598.1080322265625,636.6538696289062,7.073876,12.0,-1,10.8892565
3079,1138,1926.7785925865173,29.786413192749023,1545.8717041015625,270.8505554199219,6.4927306,12.0,-1,10.158127
8,1138,1371.0138220787048,287.38886070251465,990.10693359375,528.4530029296875,6.1680036,16.0,-1,2.085114
2281,1138,1782.9773230552673,-45.485727310180664,1402.0704345703125,195.5784149169922,6.1065025,8.0,-1,22.744581
2946,1138,1477.6174597740173,922.9730892181396,1096.7105712890625,1164.0372314453125,5.4997067,14.0,-1,6.46999
3367,1138,1088.4084753990173,223.14591026306152,707.5015869140625,464.2100524902344,3.737027,18.0,-1,26.53521
3401,1138,1104.5595984458923,217.94986534118652,723.6527099609375,459.0140075683594,3.4804366,16.0,-1,23.505074
3191,1138,1633.5730261802673,436.22394371032715,1252.6661376953125,677.2880859375,2.2014818,8.0,1,0.8804056
2389,1138,1398.5838904380798,173.10239219665527,1017.677001953125,414.1665344238281,1.239266,4.0,-1,0.008351028
2986,1138,1497.9952673912048,428.7453670501709,1117.08837890625,669.8095092773438,0.958203,12.0,-1,4.8421507
3034,1138,487.35822057724,600.1408138275146,106.45133209228516,841.2049560546875,0.65999603,22.0,-1,2.3811767
2080,1138,537.5688300132751,110.84454917907715,156.6619415283203,351.90869140625,0.5415751,14.0,-1,4.003212
3575,1138,1780.4737830162048,471.32770347595215,1399.56689453125,712.391845703125,0.54002655,20.0,-1,0.40297967
11,1139,427.06448125839233,305.63532066345215,45.974365234375,547.4237670898438,32.918354,22.0,-1,25.35368
1,1139,1572.3926062583923,204.8535213470459,1191.302490234375,446.6419677734375,17.675928,20.0,-1,22.118649
3,1139,1155.886441707611,218.1191463470459,774.7963256835938,459.9075927734375,16.415007,16.0,-1,19.561466
0,1139,1545.3067908287048,769.7703914642334,1164.2166748046875,1011.558837890625,15.259724,20.0,-1,38.4967
2032,1139,544.7255988121033,-108.51754188537598,163.63548278808594,133.27090454101562,13.877808,18.0,-1,19.292042
2,1139,1650.2027869224548,242.6651668548584,1269.1126708984375,484.45361328125,11.305031,16.0,-1,34.601192
4,1139,1319.193082332611,-72.1153507232666,938.1029663085938,169.673095703125,10.707458,16.0,-1,25.306845
12,1139,1139.4536414146423,787.8485164642334,758.363525390625,1029.636962890625,10.654946,18.0,-1,3.3604612
1332,1139,619.0536780357361,610.0715999603271,237.96356201171875,851.8600463867188,9.605513,16.0,-1,9.898975
1879,1139,1888.7903113365173,-34.10091590881348,1507.7001953125,207.68753051757812,9.548122,12.0,-1,13.619616
3509,1139,1980.8459753990173,393.9686336517334,1599.755859375,635.757080078125,6.8832316,12.0,-1,10.796659
3079,1139,1927.4525427818298,30.79694175720215,1546.3624267578125,272.58538818359375,5.9529996,12.0,-1,12.478989
2946,1139,1477.0664343833923,923.8586483001709,1095.976318359375,1165.6470947265625,5.7918663,14.0,-1,5.876441
2281,1139,1784.5636267662048,-42.22970008850098,1403.4735107421875,199.55874633789062,5.20669,8.0,-1,25.904367
8,1139,1371.6744055747986,287.41705894470215,990.5842895507812,529.2055053710938,4.797179,16.0,-1,3.9051487
3191,1139,1632.9095740318298,436.75372886657715,1251.8194580078125,678.5421752929688,4.0400395,8.0,1,0.88544583
3367,1139,1087.7825598716736,221.93585777282715,706.6924438476562,463.72430419921875,3.8806055,16.0,-1,26.02065
3401,1139,1105.1272253990173,217.37637901306152,724.037109375,459.1648254394531,3.700133,16.0,-1,26.546349
2389,1139,1398.867642879486,172.7093563079834,1017.7775268554688,414.497802734375,0.9961071,10.0,1,0.31288588
2986,1139,1495.3226599693298,428.9825496673584,1114.2325439453125,670.77099609375,0.82110745,12.0,-1,5.0829
3034,1139,486.06797552108765,599.5096492767334,104.97785949707031,841.298095703125,0.7048538,22.0,-1,2.126879
2080,1139,536.1321845054626,111.33463096618652,155.0420684814453,353.1230773925781,0.48396012,18.0,-1,3.3783588
3575,1139,1777.1485877037048,472.50653648376465,1396.0584716796875,714.2949829101562,0.32632577,18.0,-1,0.7388606
0,1140,1544.4695105552673,770.2896785736084,1163.1160888671875,1013.1219482421875,24.543879,20.0,-1,35.79884
11,1140,427.1720519065857,303.4963436126709,45.81863021850586,546.32861328125,24.066423,22.0,-1,25.048187
3,1140,1157.5005774497986,216.96014976501465,776.1471557617188,459.79241943359375,21.014296,16.0,-1,20.21607
1,1140,1570.7412390708923,204.96823692321777,1189.3878173828125,447.8005065917969,18.205927,20.0,-1,22.694134
1332,1140,617.5664801597595,609.1544246673584,236.2130584716797,851.9866943359375,14.703808,18.0,-1,11.515829
12,1140,1139.7850623130798,787.8485164642334,758.431640625,1030.6807861328125,14.66524,18.0,-1,2.8343644
2032,1140,544.6119666099548,-107.98098182678223,163.258544921875,134.85128784179688,12.925633,18.0,-1,20.01931
2,1140,1651.0438513755798,243.08695030212402,1269.6904296875,485.9192199707031,11.301799,18.0,-1,35.643513
3079,1140,1927.4525427818298,33.35050010681152,1546.09912109375,276.1827697753906,10.580788,12.0,-1,11.224574
4,1140,1318.5255408287048,-74.68210792541504,937.172119140625,168.15016174316406,10.150491,16.0,-1,27.402288
1879,1140,1888.7671179771423,-33.923532485961914,1507.4136962890625,208.9087371826172,9.349826,12.0,-1,12.938699
2281,1140,1785.0644812583923,-42.600412368774414,1403.7110595703125,200.2318572998047,7.10963,8.0,-1,29.456797
2946,1140,1478.9239783287048,922.9797420501709,1097.570556640625,1165.81201171875,6.8448005,14.0,-1,7.4648175
8,1140,1372.289273738861,286.5266170501709,990.9358520507812,529.35888671875,5.190869,16.0,-1,3.10597
3509,1140,1980.0906043052673,392.4440975189209,1598.7371826171875,635.2763671875,5.1833687,12.0,-1,10.359844
3401,1140,1106.260465145111,219.1241512298584,724.9070434570312,461.9564208984375,4.514811,16.0,-1,29.611221
3367,1140,1089.5849890708923,222.49591636657715,708.2315673828125,465.32818603515625,3.11639,16.0,-1,26.416477
3191,1140,1631.1926550865173,437.56268882751465,1249.8392333984375,680.3949584960938,2.1893804,16.0,-1,0.29817003
2986,1140,1495.2783484458923,426.40924644470215,1113.9249267578125,669.2415161132812,1.2574068,12.0,-1,5.4162717
3034,1140,482.67983770370483,599.5920467376709,101.326416015625,842.42431640625,0.781185,24.0,-1,2.312052
3654,1140,1385.7466711997986,625.8743953704834,1004.3932495117188,868.7066650390625,0.7659738,28.0,-1,10.41621
2389,1140,1398.3834509849548,167.94669151306152,1017.030029296875,410.7789611816406,0.5978868,24.0,-1,1.2825643
2080,1140,536.1684851646423,109.98908042907715,154.8150634765625,352.82135009765625,0.4137764,14.0,-1,3.479602
3575,1140,1780.6250281333923,473.5047664642334,1399.2716064453125,716.3370361328125,0.24763273,22.0,-1,0.46752155
11,1141,428.2351088523865,302.4291133880615,46.71524429321289,545.6923217773438,26.32836,22.0,-1,25.286495
0,1141,1545.987760066986,772.7921504974365,1164.4678955078125,1016.0553588867188,22.19519,20.0,-1,37.89894
1,1141,1571.613492488861,205.28537559509277,1190.0936279296875,448.548583984375,21.241373,20.0,-1,23.602547
3,1141,1157.5010046958923,214.99664878845215,775.9811401367188,458.2598571777344,18.24359,16.0,-1,20.242807
1332,1141,617.2961249351501,610.7013301849365,235.77626037597656,853.9645385742188,17.226255,18.0,-1,11.186125
12,1141,1139.5294470787048,790.6490230560303,758.0095825195312,1033.9122314453125,12.905732,18.0,-1,5.3530545
4,1141,1318.0397009849548,-76.64338111877441,936.5198364257812,166.6198272705078,11.128974,16.0,-1,26.736887
2032,1141,541.981137752533,-109.48870277404785,160.46127319335938,133.77450561523438,10.817904,18.0,-1,18.268965
1879,1141,1889.0008215904236,-33.8903751373291,1507.48095703125,209.37283325195312,8.562358,12.0,-1,13.401691
2,1141,1650.1394934654236,243.89529991149902,1268.61962890625,487.15850830078125,8.51367,18.0,-1,33.43419
3509,1141,1981.218472957611,394.1274166107178,1599.6986083984375,637.390625,7.8183365,12.0,-1,9.998917
8,1141,1372.8553137779236,286.4002437591553,991.33544921875,529.6634521484375,5.605908,18.0,-1,2.6593666
3079,1141,1926.8850989341736,29.771032333374023,1545.365234375,273.03424072265625,4.8401303,12.0,-1,9.763985
2281,1141,1782.404263973236,-43.353769302368164,1400.8843994140625,199.90943908691406,4.182438,8.0,-1,27.867672
3401,1141,1106.6101965904236,219.84586143493652,725.09033203125,463.10906982421875,3.6323974,16.0,-1,29.038963
2946,1141,1482.6040930747986,921.1926021575928,1101.084228515625,1164.455810546875,3.375121,14.0,-1,7.5705004
3367,1141,1089.5849890708923,220.96979331970215,708.0651245117188,464.2330017089844,3.3400145,14.0,-1,25.61691
3191,1141,1629.196500301361,437.9171504974365,1247.6766357421875,681.1803588867188,2.948383,8.0,1,0.1541614
2986,1141,1493.7312903404236,424.4605464935303,1112.21142578125,667.7237548828125,1.5410752,16.0,-1,5.758526
2389,1141,1400.0870642662048,167.94669151306152,1018.5671997070312,411.20989990234375,0.97268796,18.0,-1,0.14868715
3034,1141,483.67329931259155,600.0839595794678,102.15343475341797,843.34716796875,0.79303503,20.0,-1,1.1355559
2080,1141,535.4611945152283,110.87494468688965,153.9413299560547,354.1381530761719,0.5016283,14.0,-1,4.0665126
3575,1141,1778.2149329185486,470.767614364624,1396.695068359375,714.0308227539062,0.35650432,22.0,-1,0.19479734
11,1142,429.356942653656,302.4291133880615,47.23539352416992,546.5881958007812,30.977392,22.0,-1,25.244307
1,1142,1571.613492488861,203.7912654876709,1189.491943359375,447.9503479003906,20.799522,20.0,-1,24.21944
0,1142,1546.913053035736,771.9867916107178,1164.79150390625,1016.1458740234375,19.212816,20.0,-1,38.36051
3,1142,1158.3750281333923,213.81024742126465,776.2534790039062,457.9693298339844,15.08767,16.0,-1,20.658854
1332,1142,618.456967830658,611.7695064544678,236.33541870117188,855.9285888671875,13.088008,18.0,-1,11.20594
2032,1142,541.8684058189392,-112.7044620513916,159.74685668945312,131.45462036132812,12.2267685,18.0,-1,18.892038
2,1142,1651.7688879966736,243.7257137298584,1269.6473388671875,487.8847961425781,11.666373,18.0,-1,34.129932
4,1142,1318.8182654380798,-77.87648963928223,936.6967163085938,166.2825927734375,10.35676,16.0,-1,27.397396
12,1142,1141.285611629486,789.1026363372803,759.1640625,1033.26171875,9.748147,18.0,-1,2.6568794
1879,1142,1888.113248348236,-36.358957290649414,1505.99169921875,207.8001251220703,8.738367,12.0,-1,14.248348
3509,1142,1980.4351477622986,390.7344722747803,1598.3135986328125,634.8935546875,6.402666,12.0,-1,11.023872
8,1142,1370.070523738861,290.4828853607178,987.948974609375,534.6419677734375,5.822245,18.0,-1,5.142789
3079,1142,1927.600308895111,30.8400936126709,1545.478759765625,274.9991760253906,5.3724294,12.0,-1,13.021547
3654,1142,1388.458951473236,629.3160762786865,1006.33740234375,873.4751586914062,5.089484,28.0,-1,1.6116755
2946,1142,1485.0047278404236,920.2154293060303,1102.8831787109375,1164.37451171875,4.7810826,12.0,-1,8.473976
2281,1142,1779.1800208091736,-43.34659767150879,1397.0584716796875,200.81248474121094,4.574823,8.0,-1,27.00057
3367,1142,1087.9730505943298,223.6025447845459,705.8515014648438,467.7616271972656,3.1952565,16.0,-1,25.04908
3191,1142,1626.790006160736,438.4893550872803,1244.66845703125,682.6484375,2.5155241,8.0,1,0.3949368
3401,1142,1103.9414954185486,220.70758628845215,721.8199462890625,464.8666687011719,2.4186532,18.0,-1,25.897758
2986,1142,1493.369596004486,424.1544551849365,1111.248046875,668.3135375976562,0.69680244,12.0,-1,5.1090636
3034,1142,483.5866904258728,603.0883541107178,101.46514129638672,847.2474365234375,0.6293474,24.0,-1,1.7124007
3660,1142,491.8786826133728,-235.7727689743042,109.75713348388672,8.386313438415527,0.60050994,22.0,-1,0.6465536
3575,1142,1775.992154598236,471.2338619232178,1393.87060546875,715.3929443359375,0.5388718,18.0,-1,0.10473293
2389,1142,1401.4858679771423,169.0692195892334,1019.3643188476562,413.2283020019531,0.4180988,10.0,1,0.08206576
2080,1142,536.4640173912048,111.84049034118652,154.34246826171875,355.99957275390625,0.34165528,12.0,-1,3.3934262
1,1143,1572.575162410736,203.6989040374756,1189.0517578125,448.22967529296875,25.38096,20.0,-1,25.049274
11,1143,430.9959273338318,302.65611839294434,47.4725227355957,547.1868896484375,25.255249,22.0,-1,25.377295
0,1143,1547.584928035736,770.7133083343506,1164.0615234375,1015.2440795898438,17.473387,20.0,-1,40.186386
3,1143,1159.2725501060486,212.4965114593506,775.7491455078125,457.02728271484375,13.898366,16.0,-1,21.930542
1332,1143,620.0380530357361,611.8618679046631,236.5146484375,856.3926391601562,13.089242,18.0,-1,11.140413
4,1143,1318.0566687583923,-78.48024940490723,934.5332641601562,166.05052185058594,12.663571,18.0,-1,24.96711
2,1143,1651.898648738861,243.5642604827881,1268.375244140625,488.09503173828125,12.271386,18.0,-1,34.981163
2032,1143,542.391538143158,-113.06708717346191,158.86813354492188,131.46368408203125,12.261613,18.0,-1,18.943642
12,1143,1142.907437801361,789.4424953460693,759.384033203125,1033.9732666015625,10.532987,18.0,-1,3.0263405
1879,1143,1889.142301082611,-34.17385292053223,1505.618896484375,210.35691833496094,9.772115,12.0,-1,14.786658
3079,1143,1929.256803035736,32.011465072631836,1545.7333984375,276.542236328125,7.999258,12.0,-1,11.307848
3654,1143,1387.2857336997986,631.0883693695068,1003.7623291015625,875.619140625,7.2362103,10.0,1,0.34352612
3509,1143,1980.100797176361,386.98924827575684,1596.577392578125,631.52001953125,6.8391457,12.0,-1,8.299271
2946,1143,1484.874967098236,919.6037502288818,1101.3515625,1164.134521484375,6.488701,14.0,-1,6.484469
2281,1143,1777.511685848236,-44.9988956451416,1393.98828125,199.53187561035156,5.911859,8.0,-1,25.920725
8,1143,1369.466519832611,292.4758815765381,985.943115234375,537.0066528320312,5.740576,16.0,-1,2.840943
3367,1143,1086.7986121177673,225.54625511169434,703.2752075195312,470.0770263671875,3.1332693,16.0,-1,26.147497
3191,1143,1621.6441321372986,439.6699733734131,1238.1207275390625,684.2007446289062,2.868914,18.0,-1,0.42003387
3401,1143,1098.6396765708923,221.7750759124756,715.1162719726562,466.30584716796875,2.744293,22.0,-1,32.174934
2986,1143,1493.2342200279236,423.36888694763184,1109.7108154296875,667.899658203125,0.83705854,12.0,-1,4.605683
2389,1143,1397.463834285736,168.3966579437256,1013.9404296875,412.92742919921875,0.7799351,20.0,-1,0.50566435
3034,1143,481.35606145858765,601.4774684906006,97.83265686035156,846.0082397460938,0.5302976,22.0,-1,1.7494181
2080,1143,542.0741095542908,115.66472434997559,158.5507049560547,360.19549560546875,0.42235664,16.0,-1,3.535531
3575,1143,1777.216763973236,471.45934104919434,1393.693359375,715.9901123046875,0.38745448,18.0,-1,0.019706666
11,1144,431.8750319480896,301.7460231781006,48.20308303833008,546.0562133789062,35.836853,22.0,-1,24.736082
1,1144,1573.0601325035095,205.82680320739746,1189.38818359375,450.1369934082031,24.76747,20.0,-1,26.962303
3,1144,1157.8050665855408,211.6178493499756,774.1331176757812,455.92803955078125,18.790998,18.0,-1,19.697287
0,1144,1547.9649176597595,770.1134548187256,1164.29296875,1014.4236450195312,17.157686,20.0,-1,38.894424
2032,1144,543.5668616294861,-114.19379615783691,159.89491271972656,130.11639404296875,16.821827,18.0,-1,18.961575
2,1144,1651.9204840660095,243.05467796325684,1268.24853515625,487.3648681640625,12.850136,20.0,-1,34.61334
4,1144,1318.1917853355408,-79.89565467834473,934.5198364257812,164.41453552246094,10.385816,16.0,-1,29.65751
1332,1144,619.8608832359314,611.4603786468506,236.18893432617188,855.7705688476562,9.846969,18.0,-1,11.236277
1879,1144,1887.370069026947,-36.14690589904785,1503.6981201171875,208.1632843017578,9.035393,12.0,-1,14.999649
3654,1144,1385.3690314292908,632.0983180999756,1001.6970825195312,876.4085083007812,9.030673,10.0,1,0.486791
12,1144,1141.139111995697,791.4172267913818,757.4671630859375,1035.7274169921875,8.401133,18.0,-1,3.3573132
2946,1144,1487.1660895347595,919.6037502288818,1103.494140625,1163.9139404296875,7.726708,12.0,-1,7.9584236
3509,1144,1980.100537776947,385.3246364593506,1596.4285888671875,629.6348266601562,6.5568905,12.0,-1,7.0841885
8,1144,1370.268994808197,293.88622093200684,986.5970458984375,538.1964111328125,6.556492,18.0,-1,2.6614044
3079,1144,1928.504102230072,32.332815170288086,1544.8321533203125,276.64300537109375,5.4081173,14.0,-1,4.988913
2281,1144,1775.3345465660095,-42.80539894104004,1391.66259765625,201.50479125976562,5.0760365,8.0,-1,26.127974
3367,1144,1087.3474860191345,227.66283226013184,703.675537109375,471.9730224609375,4.1038537,16.0,-1,26.034002
3401,1144,1098.5979743003845,222.41750144958496,714.926025390625,466.7276916503906,2.5719633,22.0,-1,26.854008
2986,1144,1491.640332698822,425.47765159606934,1107.9683837890625,669.787841796875,1.5751921,12.0,-1,4.8712964
3191,1144,1616.2031989097595,440.3125514984131,1232.53125,684.6227416992188,1.4671057,18.0,-1,1.3270292
3660,1144,488.037663936615,-235.6486988067627,104.36571502685547,8.661491394042969,1.1922795,20.0,-1,1.2662338
2389,1144,1398.296826839447,168.48964500427246,1014.6248779296875,412.7998352050781,0.6105999,20.0,-1,0.7942767
3034,1144,481.35606145858765,599.0863552093506,97.68411254882812,843.3965454101562,0.5229977,22.0,-1,1.2069094
3575,1144,1777.9180426597595,469.91539573669434,1394.24609375,714.2255859375,0.37782702,10.0,1,0.051424414
11,1145,433.66417837142944,302.75050926208496,49.68583297729492,546.8766479492188,34.78306,22.0,-1,24.814142
1,1145,1572.4151129722595,207.0314540863037,1188.436767578125,451.1575927734375,25.759249,20.0,-1,28.445374
3,1145,1156.2579474449158,212.01891136169434,772.2796020507812,456.1450500488281,18.133894,16.0,-1,20.093699
2,1145,1649.5720953941345,243.18431663513184,1265.59375,487.3104553222656,15.011459,18.0,-1,28.129314
2032,1145,544.2259802818298,-114.19379615783691,160.2476348876953,129.93234252929688,13.71342,18.0,-1,18.625353
0,1145,1550.6968512535095,769.45680809021,1166.718505859375,1013.5829467773438,13.619233,20.0,-1,39.800728
12,1145,1142.054639339447,793.3659267425537,758.0762939453125,1037.4920654296875,11.940072,18.0,-1,3.8801355
1332,1145,619.2302222251892,610.74684715271,235.2518768310547,854.8729858398438,11.349712,18.0,-1,11.260771
4,1145,1316.6048712730408,-79.71636390686035,932.6265258789062,164.40977478027344,9.205562,16.0,-1,28.473
1879,1145,1887.8623785972595,-37.95034217834473,1503.884033203125,206.17579650878906,8.841015,12.0,-1,15.17412
3654,1145,1385.4519171714783,633.3258876800537,1001.4735717773438,877.4520263671875,6.4467187,28.0,-1,0.82122636
3079,1145,1927.6260504722595,30.889455795288086,1543.647705078125,275.0155944824219,5.970232,14.0,-1,3.1884112
3509,1145,1981.748242855072,385.6087245941162,1597.7698974609375,629.73486328125,5.952641,14.0,-1,6.1747947
8,1145,1370.8902716636658,293.7818202972412,986.9119262695312,537.907958984375,5.4856744,18.0,-1,3.2496295
2281,1145,1777.9536871910095,-40.60567665100098,1393.975341796875,203.5204620361328,4.609857,8.0,-1,24.89815
2946,1145,1490.110059261322,920.5673427581787,1106.1317138671875,1164.6934814453125,4.3960986,12.0,-1,10.923412
3367,1145,1086.0938239097595,227.6537380218506,702.115478515625,471.7798767089844,3.8141568,16.0,-1,24.740868
3191,1145,1614.9942145347595,440.2478847503662,1231.015869140625,684.3740234375,2.080896,20.0,-1,1.3473024
2986,1145,1491.640332698822,423.78273582458496,1107.6619873046875,667.9088745117188,1.3479139,14.0,-1,5.1333055
3660,1145,484.01859045028687,-236.18812084197998,100.04024505615234,7.938017845153809,1.0475265,24.0,-1,1.0276141
2389,1145,1398.5577521324158,164.35606956481934,1014.5794067382812,408.4822082519531,0.6719391,20.0,-1,0.3636459
2080,1145,544.4871344566345,122.09010887145996,160.5087890625,366.21624755859375,0.3521739,20.0,-1,3.2362614
3575,1145,1777.454785823822,469.69704246520996,1393.4764404296875,713.8231811523438,0.27357846,18.0,-1,1.3607161
3034,1145,479.18347692489624,604.78883934021,95.20513153076172,848.9149780273438,0.2382204,24.0,-1,1.1477981
1,1146,1572.4892706871033,206.39444541931152,1187.4527587890625,451.1925048828125,27.086624,20.0,-1,27.795593
11,1146,433.052743434906,300.1377925872803,48.016231536865234,544.9358520507812,25.30836,22.0,-1,24.995422
2,1146,1648.6201300621033,243.7229061126709,1263.5836181640625,488.5209655761719,16.744526,18.0,-1,27.600027
4,1146,1316.988721370697,-77.32462501525879,931.9522094726562,167.4734344482422,15.205769,16.0,-1,25.418901
3,1146,1157.7631964683533,212.18851280212402,772.7266845703125,456.986572265625,14.651774,16.0,-1,21.701784
0,1146,1553.8957648277283,770.8841304779053,1168.8592529296875,1015.6821899414062,13.902778,20.0,-1,40.0741
2032,1146,544.4912695884705,-114.50434303283691,159.4547576904297,130.29371643066406,13.620682,18.0,-1,19.450129
12,1146,1141.2031989097595,794.509557723999,756.1666870117188,1039.3076171875,11.120297,18.0,-1,4.9207945
1332,1146,622.0285925865173,610.866735458374,236.99208068847656,855.664794921875,9.992293,16.0,-1,11.05963
3079,1146,1928.9530158042908,27.176244735717773,1543.91650390625,271.97430419921875,7.5749664,14.0,-1,1.637694
1879,1146,1889.4205451011658,-38.07023048400879,1504.384033203125,206.7278289794922,7.4014015,12.0,-1,14.573323
2281,1146,1782.0761847496033,-40.91387367248535,1397.0396728515625,203.88418579101562,6.763843,8.0,-1,27.224205
3654,1146,1383.5886359214783,631.7494258880615,998.5521240234375,876.5474853515625,6.7016263,28.0,-1,0.9001969
8,1146,1370.5415778160095,294.0809078216553,985.5050659179688,538.8789672851562,6.4344234,18.0,-1,3.4491892
3509,1146,1981.6740851402283,381.7480220794678,1596.6375732421875,626.5460815429688,6.0948396,12.0,-1,7.678393
2946,1146,1491.2216925621033,918.651403427124,1106.1851806640625,1163.449462890625,4.120748,12.0,-1,12.570408
3367,1146,1085.734082698822,229.06073570251465,700.6975708007812,473.8587951660156,2.9652007,16.0,-1,24.076933
3401,1146,1096.8042731285095,225.22138023376465,711.7677612304688,470.0194396972656,2.860307,22.0,-1,31.034008
3191,1146,1616.1464972496033,441.0417232513428,1231.1099853515625,685.8397827148438,1.7924266,18.0,-1,1.6112751
2080,1146,542.7726874351501,121.07993125915527,157.73617553710938,365.87799072265625,0.83320767,16.0,-1,3.1856983
2986,1146,1491.1251349449158,422.7713985443115,1106.088623046875,667.5694580078125,0.73277164,12.0,-1,5.1647835
3575,1146,1778.4887824058533,470.6144771575928,1393.4522705078125,715.4125366210938,0.6176657,20.0,-1,0.32507727
3034,1146,475.6817374229431,603.2005367279053,90.64522552490234,847.9985961914062,0.55782384,22.0,-1,2.2520185
3660,1146,480.81785345077515,-231.90115928649902,95.78134155273438,12.896900177001953,0.43834254,24.0,-1,1.9959522
2389,1146,1394.820996761322,167.11408042907715,1009.7844848632812,411.9121398925781,0.352792,18.0,-1,1.5710948
11,1147,432.490918636322,298.003942489624,46.12872314453125,543.4332885742188,30.739637,22.0,-1,24.815756
1,1147,1571.8696417808533,205.27033042907715,1185.5074462890625,450.6996765136719,21.191982,20.0,-1,28.71993
2,1147,1647.7905402183533,242.98981285095215,1261.4283447265625,488.4191589355469,16.130743,18.0,-1,26.518694
3,1147,1156.396192073822,214.08563804626465,770.0339965820312,459.5149841308594,15.87695,18.0,-1,21.65338
0,1147,1556.2378058433533,771.4486446380615,1169.8756103515625,1016.8779907226562,11.902148,22.0,-1,42.043636
4,1147,1316.416211605072,-77.32462501525879,930.0540161132812,168.10472106933594,11.707676,16.0,-1,26.380411
1332,1147,623.3812537193298,608.203161239624,237.01905822753906,853.6325073242188,11.350262,18.0,-1,10.0843725
12,1147,1140.6460700035095,795.4534664154053,754.2838745117188,1040.8828125,10.316379,18.0,-1,4.430554
2032,1147,546.9902472496033,-116.20650672912598,160.6280517578125,129.22283935546875,10.101449,18.0,-1,20.142347
2281,1147,1784.2888312339783,-41.32375526428223,1397.9266357421875,204.1055908203125,8.923836,8.0,-1,29.16612
3654,1147,1384.5914435386658,634.636022567749,998.229248046875,880.0653686523438,8.516551,28.0,-1,2.3212461
3509,1147,1981.6611456871033,382.307165145874,1595.2989501953125,627.7365112304688,7.280845,12.0,-1,9.662811
1879,1147,1889.4892706871033,-36.25478553771973,1503.1270751953125,209.174560546875,6.8147044,12.0,-1,13.451885
8,1147,1369.5872321128845,291.6148433685303,983.2250366210938,537.044189453125,5.138761,16.0,-1,3.7294986
3079,1147,1928.2513556480408,25.2003231048584,1541.88916015625,270.6296691894531,4.9346204,14.0,-1,10.213745
2946,1147,1491.2216925621033,917.2482662200928,1104.8594970703125,1162.6776123046875,4.71982,12.0,-1,11.435046
3367,1147,1085.903760433197,229.99677085876465,699.5415649414062,475.4261169433594,2.6356072,16.0,-1,24.403019
3401,1147,1095.9961676597595,227.14020347595215,709.6339721679688,472.5695495605469,2.635584,22.0,-1,32.710663
3191,1147,1620.4530158042908,444.1525630950928,1234.0908203125,689.5819091796875,2.4838743,16.0,-1,1.0063102
2389,1147,1395.708203792572,170.99051475524902,1009.3460083007812,416.41986083984375,0.97911507,20.0,-1,0.32566696
2986,1147,1491.3730597496033,422.9967403411865,1105.0108642578125,668.4260864257812,0.6281721,18.0,-1,4.4136753
3660,1147,479.91609716415405,-232.9660406112671,93.55390167236328,12.463305473327637,0.546933,22.0,-1,2.0023773
3034,1147,477.1011710166931,599.426061630249,90.73897552490234,844.8554077148438,0.50026923,26.0,-1,1.7110652
2080,1147,544.0376868247986,121.30780601501465,157.6754913330078,366.7371520996094,0.39558402,18.0,-1,3.7312207
3575,1147,1778.1413702964783,467.9773921966553,1391.7791748046875,713.40673828125,0.2595401,20.0,-1,0.7516624
11,1148,431.40710973739624,298.710729598999,43.83470916748047,545.2349853515625,26.232412,22.0,-1,24.956604
1,1148,1573.0608038902283,202.68143272399902,1185.4884033203125,449.2056884765625,19.354094,20.0,-1,28.433044
0,1148,1556.8807501792908,768.2181148529053,1169.308349609375,1014.7423706054688,17.039137,20.0,-1,41.20555
2032,1148,547.8403449058533,-118.08767127990723,160.2679443359375,128.43658447265625,16.491568,18.0,-1,18.779388
2,1148,1649.5036749839783,241.9135799407959,1261.9312744140625,488.4378356933594,16.013988,18.0,-1,27.285664
4,1148,1314.4392828941345,-76.17344093322754,926.8668823242188,170.35081481933594,12.454831,16.0,-1,24.31106
3,1148,1154.9556403160095,215.15558433532715,767.3832397460938,461.6798400878906,12.086899,18.0,-1,21.99815
12,1148,1138.523877620697,795.302770614624,750.9514770507812,1041.8270263671875,12.05129,18.0,-1,3.5705862
1332,1148,624.3102850914001,604.321569442749,236.73788452148438,850.8458251953125,9.996014,16.0,-1,11.61364
3079,1148,1928.3372931480408,25.250768661499023,1540.764892578125,271.7750244140625,8.174076,14.0,-1,12.485955
1879,1148,1891.5525031089783,-36.897714614868164,1503.9801025390625,209.6265411376953,7.386129,12.0,-1,12.8467655
3654,1148,1385.0921149253845,634.8862056732178,997.5197143554688,881.4104614257812,7.0196056,28.0,-1,0.7864731
3509,1148,1981.6467413902283,382.0948238372803,1594.0743408203125,628.6190795898438,6.4969597,12.0,-1,10.2190895
2946,1148,1490.9078497886658,917.433629989624,1103.33544921875,1163.9578857421875,5.618753,12.0,-1,11.610895
8,1148,1367.5979132652283,288.2665157318115,980.0255126953125,534.790771484375,5.1372094,18.0,-1,3.2300463
3367,1148,1088.4907965660095,233.18619346618652,700.9183959960938,479.71044921875,3.4146025,16.0,-1,24.800167
2281,1148,1782.7187628746033,-40.87417030334473,1395.1463623046875,205.65008544921875,3.3434036,8.0,-1,25.246868
3401,1148,1094.7708868980408,228.70889854431152,707.198486328125,475.233154296875,3.2285101,20.0,-1,35.719936
3191,1148,1622.2783331871033,442.6581783294678,1234.7059326171875,689.1824340820312,3.1054285,8.0,1,0.022936732
2986,1148,1491.3730597496033,423.1976070404053,1103.8006591796875,669.7218627929688,1.2073165,18.0,-1,4.989833
3660,1148,477.20013189315796,-234.18460845947266,89.62773132324219,12.33964729309082,0.7795296,24.0,-1,2.5040212
2389,1148,1398.916455745697,173.86420249938965,1011.3440551757812,420.3884582519531,0.42847958,20.0,-1,0.76298
3034,1148,475.8128638267517,599.426061630249,88.24046325683594,845.9503173828125,0.41728184,22.0,-1,1.3359375
3575,1148,1777.7209601402283,466.6797847747803,1390.1485595703125,713.2040405273438,0.2764845,20.0,-1,0.42751878
2080,1148,544.589063167572,124.8393611907959,157.01666259765625,371.3636169433594,0.22374405,14.0,-1,2.9238663
11,1149,430.9420371055603,298.70734214782715,42.42749786376953,544.888671875,28.880331,22.0,-1,23.909336
1,1149,1574.1361212730408,204.10135459899902,1185.62158203125,450.2826843261719,21.161928,20.0,-1,28.532112
0,1149,1556.1228156089783,769.4074764251709,1167.6082763671875,1015.5888061523438,18.870365,20.0,-1,40.275055
3,1149,1153.2766242027283,215.78757286071777,764.7620849609375,461.9689025878906,18.101791,16.0,-1,20.287933
2,1149,1649.5763068199158,239.86575889587402,1261.061767578125,486.0470886230469,12.809733,18.0,-1,26.572678
4,1149,1311.0184454917908,-75.1918888092041,922.50390625,170.98944091796875,12.550587,16.0,-1,23.632551
1332,1149,625.1424384117126,604.0786800384521,236.62789916992188,850.260009765625,11.76445,16.0,-1,10.047022
12,1149,1138.4512457847595,795.4888362884521,749.9367065429688,1041.670166015625,11.349765,18.0,-1,3.502624
2032,1149,546.8465857505798,-118.79665565490723,158.33204650878906,127.38467407226562,9.540927,18.0,-1,18.007507
1879,1149,1892.3311896324158,-37.71505165100098,1503.816650390625,208.46627807617188,9.538036,12.0,-1,11.468406
3654,1149,1384.701611995697,634.7583675384521,996.1870727539062,880.939697265625,8.345885,28.0,-1,1.6688207
8,1149,1371.7191290855408,287.9824275970459,983.20458984375,534.1637573242188,8.096009,18.0,-1,3.5619974
3079,1149,1927.9798712730408,23.6835994720459,1539.46533203125,269.86492919921875,6.8575077,14.0,-1,13.615937
3509,1149,1982.6994757652283,382.09821128845215,1594.1849365234375,628.279541015625,6.602167,12.0,-1,8.060361
2281,1149,1781.1917853355408,-41.6677188873291,1392.67724609375,204.51361083984375,5.285342,8.0,-1,25.997978
2946,1149,1490.2999396324158,916.7162532806396,1101.785400390625,1162.8975830078125,4.0426683,12.0,-1,11.348606
3401,1149,1096.9547247886658,233.02365684509277,708.440185546875,479.2049865722656,2.9270782,22.0,-1,41.05123
3191,1149,1622.9764533042908,442.2829647064209,1234.4619140625,688.4642944335938,2.6669235,18.0,-1,0.26250926
3367,1149,1089.8524298667908,237.73398399353027,701.337890625,483.9153137207031,2.3848596,16.0,-1,26.13071
3660,1149,479.53989934921265,-235.74341678619385,91.02536010742188,10.437912940979004,0.8526792,24.0,-1,2.0350447
3034,1149,474.23941564559937,603.0715999603271,85.7248764038086,849.2529296875,0.68985796,22.0,-1,0.56447625
2986,1149,1490.9724249839783,426.3505916595459,1102.4578857421875,672.5319213867188,0.5500774,14.0,-1,5.292805
2389,1149,1400.4678473472595,174.79132652282715,1011.9533081054688,420.97265625,0.48550653,22.0,-1,1.1859686
2080,1149,546.3063178062439,125.23367881774902,157.79177856445312,371.4150085449219,0.41678417,18.0,-1,3.4169648
11,1150,430.18391942977905,300.7189998626709,41.43689727783203,546.6336669921875,25.391907,22.0,-1,24.100735
1,1150,1575.028760433197,205.2137508392334,1186.28173828125,451.12841796875,24.865252,20.0,-1,28.700815
0,1150,1554.559766292572,769.3248958587646,1165.812744140625,1015.2395629882812,22.005142,20.0,-1,40.03305
3,1150,1153.2034430503845,215.73966026306152,764.4564208984375,461.6543273925781,20.295214,18.0,-1,19.021433
2,1150,1647.9815192222595,239.91367149353027,1259.2344970703125,485.8283386230469,15.611378,18.0,-1,24.354652
2032,1150,544.9165472984314,-117.38562965393066,156.16952514648438,128.52903747558594,13.887797,18.0,-1,18.944174
4,1150,1305.800977230072,-74.26748085021973,917.053955078125,171.64718627929688,13.289592,16.0,-1,24.890059
1332,1150,625.5077338218689,603.5824642181396,236.76071166992188,849.4971313476562,10.391021,16.0,-1,9.179913
12,1150,1137.3308844566345,795.6287899017334,748.5838623046875,1041.54345703125,9.5373,18.0,-1,7.024096
8,1150,1374.3225836753845,287.77362632751465,985.5755615234375,533.6882934570312,8.398304,16.0,-1,2.7089865
1879,1150,1892.2515387535095,-35.502389907836914,1503.5045166015625,210.4122772216797,8.335622,12.0,-1,13.064612
3079,1150,1930.373731136322,21.419775009155273,1541.626708984375,267.3344421386719,8.19247,14.0,-1,11.356242
2946,1150,1488.494092464447,918.0523738861084,1099.7470703125,1163.967041015625,7.8505573,12.0,-1,14.123569
3654,1150,1381.5981574058533,636.2468318939209,992.8511352539062,882.1614990234375,7.523157,28.0,-1,2.4504821
2281,1150,1784.614697933197,-41.72525978088379,1395.86767578125,204.1894073486328,6.5756135,8.0,-1,26.370111
3509,1150,1982.4292731285095,381.98993492126465,1593.6822509765625,627.9046020507812,6.4077897,14.0,-1,5.7974167
3401,1150,1098.6050543785095,232.9641170501709,709.8580322265625,478.8787841796875,3.4859421,20.0,-1,47.700848
3367,1150,1090.2589240074158,237.6633358001709,701.5119018554688,483.5780029296875,2.7879384,18.0,-1,27.209137
3191,1150,1623.452344417572,446.1854305267334,1234.705322265625,692.10009765625,2.1145365,20.0,-1,2.2753706
2986,1150,1491.045606136322,424.4301815032959,1102.298583984375,670.3448486328125,1.1327913,16.0,-1,5.2481647
2389,1150,1405.880811214447,176.48175621032715,1017.1337890625,422.39642333984375,0.7071251,16.0,-1,0.3454889
3575,1150,1776.672070980072,473.7844295501709,1387.925048828125,719.6990966796875,0.51035666,24.0,-1,0.92581785
3660,1150,479.93692541122437,-236.47101974487305,91.18990325927734,9.443647384643555,0.42707047,24.0,-1,1.7491878
2080,1150,543.5886206626892,128.16657066345215,154.8415985107422,374.08123779296875,0.34130263,18.0,-1,2.8472595
3034,1150,476.5193305015564,602.6890926361084,87.77230834960938,848.603759765625,0.25931427,26.0,-1,1.2628001
1,1151,1573.7307715415955,205.6063289642334,1184.4332275390625,451.04620361328125,23.147375,18.0,-1,26.644466
11,1151,429.84747838974,302.76544761657715,40.54993438720703,548.205322265625,21.94947,22.0,-1,24.182243
3,1151,1153.9472632408142,215.32047080993652,764.6497192382812,460.7603454589844,19.569939,18.0,-1,20.577368
0,1151,1553.212583065033,771.5720272064209,1163.9150390625,1017.0119018554688,16.679228,20.0,-1,40.67935
2,1151,1648.6350684165955,239.50290489196777,1259.3375244140625,484.9427795410156,15.033508,18.0,-1,25.10344
2032,1151,544.9165472984314,-115.81470680236816,155.61900329589844,129.6251678466797,12.721626,18.0,-1,19.637335
4,1151,1305.896176815033,-73.46094703674316,916.5986328125,171.9789276123047,10.013114,16.0,-1,26.365892
1332,1151,625.6167883872986,604.6803646087646,236.31924438476562,850.1202392578125,9.661389,16.0,-1,9.321768
3654,1151,1379.5078101158142,636.5420589447021,990.2102661132812,881.98193359375,9.473462,28.0,-1,0.090996265
3079,1151,1931.705258846283,21.048559188842773,1542.40771484375,266.4884338378906,8.28361,14.0,-1,10.675793
3509,1151,1985.234067440033,380.73431968688965,1595.9365234375,626.1741943359375,7.846897,14.0,-1,5.469826
12,1151,1136.8406958580017,794.3137874603271,747.5431518554688,1039.753662109375,7.684829,18.0,-1,7.542086
1879,1151,1896.395444393158,-33.8677921295166,1507.097900390625,211.57208251953125,7.3723817,12.0,-1,12.291897
8,1151,1371.1055884361267,286.7421932220459,981.8080444335938,532.1820678710938,6.5075803,16.0,-1,2.7451267
2281,1151,1787.2197852134705,-40.67888832092285,1397.9222412109375,204.760986328125,6.187237,8.0,-1,27.503834
2946,1151,1486.7656836509705,921.1297054290771,1097.4681396484375,1166.569580078125,4.8635936,12.0,-1,13.076761
3401,1151,1098.435727596283,232.3570613861084,709.13818359375,477.79693603515625,3.4804204,22.0,-1,41.046562
3367,1151,1089.5523047447205,236.59335899353027,700.2547607421875,482.0332336425781,3.2952528,18.0,-1,24.51782
3191,1151,1624.8128027915955,448.1063289642334,1235.5152587890625,693.5462036132812,2.4346328,18.0,-1,1.7220203
2986,1151,1489.9961524009705,422.9350643157959,1100.6986083984375,668.3749389648438,1.0785494,18.0,-1,5.2437215
2389,1151,1406.1372656822205,175.2706356048584,1016.8397216796875,420.71051025390625,0.9633603,16.0,-1,0.73994935
3660,1151,479.7680335044861,-234.84920024871826,90.47048950195312,10.59067440032959,0.6416276,24.0,-1,1.1389037
3034,1151,476.6067862510681,598.8088436126709,87.30924224853516,844.2487182617188,0.5840418,24.0,-1,1.0815012
2080,1151,543.3739447593689,128.16657066345215,154.07640075683594,373.6064453125,0.33856165,12.0,-1,3.336945
3575,1151,1779.6240820884705,470.1467342376709,1390.3265380859375,715.5866088867188,0.29768333,20.0,-1,0.8518219
11,1152,431.5444540977478,301.310827255249,41.234214782714844,546.479248046875,28.803877,22.0,-1,23.729273
1,1152,1572.723325252533,206.3553524017334,1182.4130859375,451.5237731933594,22.853483,20.0,-1,24.925453
0,1152,1553.009946346283,771.3736324310303,1162.69970703125,1016.5420532226562,22.641932,20.0,-1,40.468258
3,1152,1155.8001685142517,214.2381649017334,765.4899291992188,459.4065856933594,19.097635,18.0,-1,21.555323
2,1152,1649.024350643158,238.5938777923584,1258.714111328125,483.7622985839844,16.922403,18.0,-1,24.508865
4,1152,1306.2161231040955,-74.00887489318848,915.9058837890625,171.1595458984375,12.278175,16.0,-1,26.913567
1332,1152,624.4998602867126,605.0745601654053,234.1896209716797,850.2429809570312,10.771161,16.0,-1,10.709135
1879,1152,1896.395444393158,-33.11532020568848,1506.085205078125,212.0531005859375,10.370949,12.0,-1,13.222378
2032,1152,544.4841895103455,-116.24189186096191,154.1739501953125,128.92652893066406,9.023772,18.0,-1,18.934237
8,1152,1372.1362891197205,286.7735958099365,981.8260498046875,531.9420166015625,8.1959715,16.0,-1,2.8428576
3079,1152,1930.541928768158,22.4289608001709,1540.231689453125,267.5973815917969,7.376682,14.0,-1,9.391643
12,1152,1138.3289160728455,797.162633895874,748.0186767578125,1042.3310546875,7.2120004,18.0,-1,9.737676
3654,1152,1376.6926856040955,635.7896480560303,986.3824462890625,880.9580688476562,7.1343064,28.0,-1,0.55107546
2281,1152,1789.8704199790955,-40.67888832092285,1399.5601806640625,204.48953247070312,6.559817,8.0,-1,27.782307
3509,1152,1988.856137752533,380.845495223999,1598.5458984375,626.013916015625,6.238091,14.0,-1,5.9459186
2946,1152,1489.484311580658,922.9960079193115,1099.174072265625,1168.1644287109375,6.027243,12.0,-1,10.0146475
3401,1152,1099.6635718345642,232.15195274353027,709.3533325195312,477.32037353515625,3.28994,20.0,-1,40.13304
3367,1152,1090.3062109947205,235.69357872009277,699.9959716796875,480.86199951171875,2.578613,28.0,-1,23.808065
3191,1152,1623.759213924408,448.9329586029053,1233.448974609375,694.1013793945312,2.5134456,20.0,-1,1.117352
2986,1152,1488.447690486908,424.8780269622803,1098.137451171875,670.0464477539062,1.121684,16.0,-1,4.4342
3034,1152,475.78037786483765,597.1986446380615,85.47013854980469,842.3670654296875,0.6527276,24.0,-1,1.764216
2389,1152,1410.637143611908,173.58890342712402,1020.326904296875,418.75732421875,0.6314466,10.0,1,0.024097204
3660,1152,479.51932287216187,-234.59997749328613,89.2090835571289,10.568443298339844,0.6272633,24.0,-1,2.142189
3575,1152,1778.019223690033,472.6766719818115,1387.708984375,717.8450927734375,0.2589822,20.0,-1,1.5409122
2080,1152,542.0178656578064,127.67233848571777,151.70762634277344,372.84075927734375,0.22292687,18.0,-1,2.9625266
0,1153,1552.8745703697205,771.0367336273193,1162.397705078125,1016.0671997070312,29.544798,20.0,-1,37.77349
1,1153,1574.355649471283,205.6691493988037,1183.8787841796875,450.6996154785156,19.858248,20.0,-1,27.072847
11,1153,431.2750105857849,300.77464866638184,40.79814529418945,545.8051147460938,19.626554,22.0,-1,24.79345
2032,1153,544.3487219810486,-115.12992286682129,153.87185668945312,129.90054321289062,14.749982,18.0,-1,19.926987
3,1153,1157.625180721283,213.6343593597412,767.1483154296875,458.6648254394531,13.480971,18.0,-1,22.156115
4,1153,1305.6315894126892,-74.38978004455566,915.1547241210938,170.64068603515625,11.0535965,16.0,-1,26.897106
3654,1153,1372.7663550376892,638.6633815765381,982.2894897460938,883.69384765625,9.848124,28.0,-1,2.319443
1332,1153,624.6770911216736,604.8787746429443,234.20022583007812,849.9092407226562,9.547131,16.0,-1,9.708997
2,1153,1651.170102596283,236.4576015472412,1260.6932373046875,481.4880676269531,9.478887,18.0,-1,24.941164
12,1153,1137.2159399986267,797.7185573577881,746.7390747070312,1042.7490234375,8.07299,18.0,-1,7.8203254
1879,1153,1897.711606502533,-32.96488380432129,1507.2347412109375,212.06558227539062,7.80922,12.0,-1,13.583458
3509,1153,1988.9915137290955,380.69505882263184,1598.5146484375,625.7255249023438,7.264113,14.0,-1,5.325099
8,1153,1371.773374080658,287.78758811950684,981.2965087890625,532.8180541992188,7.2229805,16.0,-1,1.672149
2281,1153,1790.630063533783,-37.09574317932129,1400.1531982421875,207.93472290039062,7.011793,8.0,-1,26.258366
3079,1153,1930.283627986908,22.71394920349121,1539.8067626953125,267.7444152832031,6.5330644,14.0,-1,8.898678
3401,1153,1101.3218359947205,232.38930320739746,710.844970703125,477.4197692871094,4.703161,20.0,-1,44.02807
2946,1153,1492.675717830658,924.9874782562256,1102.1988525390625,1170.0179443359375,4.5841484,12.0,-1,10.184926
3367,1153,1090.910092830658,237.11375999450684,700.4332275390625,482.14422607421875,2.5162714,28.0,-1,23.653955
3191,1153,1621.5952734947205,451.62621116638184,1231.118408203125,696.6566772460938,1.7881051,20.0,-1,1.4819584
3660,1153,479.17210149765015,-233.98423671722412,88.69523620605469,11.046229362487793,0.9456771,22.0,-1,1.8418894
2389,1153,1411.454038143158,171.07655906677246,1020.9771728515625,416.1070251464844,0.93988204,8.0,1,0.32568383
2986,1153,1488.2476172447205,424.51390647888184,1097.770751953125,669.5443725585938,0.9224976,16.0,-1,5.1231093
3034,1153,474.61240911483765,596.7977199554443,84.13554382324219,841.8281860351562,0.6198953,22.0,-1,2.236215
3575,1153,1779.5955176353455,471.0914821624756,1389.11865234375,716.1219482421875,0.36728427,22.0,-1,1.4047508
11,1154,432.1585555076599,300.09599113464355,41.912296295166016,545.0339965820312,28.503382,22.0,-1,24.868284
0,1154,1552.433026790619,772.1480541229248,1162.186767578125,1017.0860595703125,22.172974,20.0,-1,38.457413
4,1154,1306.5718207359314,-74.61108589172363,916.3255615234375,170.32691955566406,17.40147,16.0,-1,24.36008
1,1154,1573.3564887046814,208.44764518737793,1183.1102294921875,453.3856506347656,15.589147,18.0,-1,27.518164
3,1154,1158.360028743744,213.85566520690918,768.11376953125,458.7936706542969,15.393441,18.0,-1,22.052538
2,1154,1651.545575618744,234.57661247253418,1261.29931640625,479.5146179199219,12.020554,20.0,-1,26.990633
2032,1154,545.4349646568298,-114.22603034973145,155.18870544433594,130.71197509765625,11.985562,18.0,-1,19.51847
1332,1154,623.6811804771423,603.9712352752686,233.43492126464844,848.9092407226562,9.716865,16.0,-1,9.508178
8,1154,1372.0910468101501,287.00663566589355,981.8447875976562,531.9446411132812,8.531768,16.0,-1,2.1903417
12,1154,1139.4148993492126,795.3578929901123,749.1686401367188,1040.2958984375,7.476198,18.0,-1,5.3497663
1879,1154,1897.5476508140564,-33.84233283996582,1507.3013916015625,211.09567260742188,7.409374,12.0,-1,13.279825
2281,1154,1790.6291937828064,-35.336992263793945,1400.3829345703125,209.60101318359375,6.403484,8.0,-1,23.033104
3654,1154,1371.2270941734314,642.667890548706,980.9808349609375,887.6058959960938,5.9905753,28.0,-1,2.7545314
3079,1154,1932.0356879234314,24.961835861206055,1541.7894287109375,269.89984130859375,5.936748,14.0,-1,4.6227064
3509,1154,1987.099774837494,379.3680248260498,1596.853515625,624.3060302734375,5.6968656,14.0,-1,5.0995717
3401,1154,1100.5729804039001,231.58125114440918,710.3267211914062,476.5192565917969,4.648217,20.0,-1,42.030304
2946,1154,1495.6018500328064,927.5682201385498,1105.3555908203125,1172.5062255859375,3.7937768,12.0,-1,12.370121
3191,1154,1622.0764594078064,453.95695304870605,1231.8302001953125,698.8949584960938,3.355687,16.0,-1,1.2441406
3367,1154,1088.7303290367126,238.93974113464355,698.4840698242188,483.87774658203125,3.0533369,28.0,-1,25.463528
3660,1154,478.5284857749939,-233.74309921264648,88.2822265625,11.194906234741211,1.1660755,20.0,-1,1.8628709
2986,1154,1488.4131293296814,422.9819164276123,1098.1668701171875,667.919921875,1.090789,12.0,-1,5.204429
2389,1154,1411.361493587494,170.59574699401855,1021.115234375,415.53375244140625,0.5169455,8.0,1,0.021087348
3034,1154,474.6132788658142,598.5327587127686,84.36701965332031,843.4707641601562,0.5138582,24.0,-1,1.3066432
3575,1154,1778.965985774994,470.69096183776855,1388.7197265625,715.6289672851562,0.41334045,20.0,-1,0.18231839
2080,1154,543.1416296958923,128.39820671081543,152.89537048339844,373.3362121582031,0.30100837,16.0,-1,2.9477873
11,1155,429.7447028160095,300.96452140808105,39.734588623046875,546.6256713867188,24.789658,22.0,-1,24.393457
0,1155,1549.9797186851501,772.260175704956,1159.9696044921875,1017.9213256835938,24.624718,20.0,-1,38.078697
3,1155,1160.1695380210876,214.31678581237793,770.159423828125,459.9779357910156,20.455067,18.0,-1,21.851202
2,1155,1649.1089911460876,233.84889030456543,1259.098876953125,479.5100402832031,18.29467,18.0,-1,25.47363
1,1155,1572.2761054039001,210.6551342010498,1182.2659912109375,456.3162841796875,15.784084,18.0,-1,26.882856
2032,1155,546.117139339447,-113.65486335754395,156.10702514648438,132.00628662109375,15.213855,18.0,-1,19.474382
4,1155,1306.9948554039001,-75.39486885070801,916.9847412109375,170.2662811279297,11.307666,16.0,-1,25.987392
1332,1155,621.1884741783142,603.9712352752686,231.17835998535156,849.6323852539062,9.634793,16.0,-1,8.542616
3509,1155,1985.9238104820251,378.57548332214355,1595.9136962890625,624.2366333007812,8.490432,14.0,-1,5.335043
3654,1155,1372.6057562828064,643.660322189331,982.5956420898438,889.3214721679688,7.548193,28.0,-1,1.2737789
3079,1155,1933.0763983726501,23.04456901550293,1543.0662841796875,268.7057189941406,7.3205667,14.0,-1,5.4405165
1879,1155,1897.7385077476501,-34.65905952453613,1507.7283935546875,211.00209045410156,7.1341076,12.0,-1,13.646912
8,1155,1372.0910468101501,287.9450511932373,982.0809326171875,533.606201171875,6.5531306,16.0,-1,1.141856
2946,1155,1497.5839667320251,929.9617748260498,1107.5738525390625,1175.6229248046875,5.466949,12.0,-1,12.685476
12,1155,1139.6345038414001,796.3198070526123,749.6243896484375,1041.98095703125,5.2675996,18.0,-1,6.642401
3401,1155,1101.259442806244,229.69694328308105,711.2493286132812,475.35809326171875,4.4057617,20.0,-1,40.441166
2281,1155,1793.7183661460876,-37.14824104309082,1403.708251953125,208.51290893554688,3.7021072,10.0,-1,21.241533
3367,1155,1087.4140448570251,235.14082145690918,697.4039306640625,480.8019714355469,2.4238517,28.0,-1,25.803907
3191,1155,1619.5583319664001,453.84110832214355,1229.5482177734375,699.5022583007812,1.8452023,20.0,-1,1.571394
3660,1155,478.44427251815796,-232.97951316833496,88.43415832519531,12.681636810302734,0.9192171,22.0,-1,1.9471872
2986,1155,1487.5398993492126,424.3249340057373,1097.52978515625,669.986083984375,0.74792105,16.0,-1,3.7798715
2389,1155,1414.5742011070251,174.51563835144043,1024.5640869140625,420.1767883300781,0.7069821,16.0,-1,0.5725443
3575,1155,1777.9450507164001,469.95683097839355,1387.9349365234375,715.6179809570312,0.41027617,18.0,-1,0.46102548
3034,1155,472.5979437828064,597.9284496307373,82.58782958984375,843.589599609375,0.3269513,26.0,-1,1.897603
2080,1155,546.8306860923767,127.55946159362793,156.82057189941406,373.2206115722656,0.2496425,16.0,-1,3.3934176
0,1156,1550.2859930992126,771.586591720581,1159.718017578125,1017.816650390625,22.644484,20.0,-1,37.795853
11,1156,429.58509969711304,303.2935619354248,39.01712417602539,549.5236206054688,20.272224,22.0,-1,23.535467
3,1156,1160.1695380210876,214.15568351745605,769.6015625,460.3857421875,18.126377,18.0,-1,21.809845
4,1156,1304.7581000328064,-76.07542610168457,914.1901245117188,170.15463256835938,16.487368,18.0,-1,24.140284
1,1156,1573.2203192710876,209.84126091003418,1182.65234375,456.0713195800781,16.219027,18.0,-1,29.019299
2032,1156,547.068295955658,-113.41067695617676,156.5003204345703,132.8193817138672,12.641131,18.0,-1,20.18371
2,1156,1646.8462958335876,232.51161003112793,1256.2783203125,478.7416687011719,12.477447,18.0,-1,26.84736
1332,1156,619.9228796958923,602.0547313690186,229.3549041748047,848.2847900390625,11.313481,16.0,-1,10.474392
3079,1156,1933.0132880210876,22.024396896362305,1542.4453125,268.25445556640625,9.735551,14.0,-1,7.123422
8,1156,1371.3567938804626,287.9450511932373,980.788818359375,534.1751098632812,8.821852,8.0,1,0.68972135
1879,1156,1896.0350165367126,-34.258928298950195,1505.467041015625,211.97113037109375,7.60792,12.0,-1,12.19394
2281,1156,1792.9493231773376,-36.094194412231445,1402.38134765625,210.1358642578125,6.6006837,10.0,-1,19.12912
12,1156,1140.3111395835876,797.983320236206,749.7431640625,1044.21337890625,6.37853,18.0,-1,7.2063665
3654,1156,1370.4527411460876,643.930341720581,979.884765625,890.160400390625,5.7740073,28.0,-1,2.1713433
3509,1156,1986.8006415367126,379.0413646697998,1596.232666015625,625.2714233398438,5.60494,14.0,-1,5.392485
2946,1156,1499.6846747398376,930.269208908081,1109.11669921875,1176.499267578125,4.512254,12.0,-1,14.241457
3401,1156,1101.7053046226501,230.10108757019043,711.1373291015625,476.3311462402344,4.0568523,20.0,-1,42.77809
3367,1156,1086.8787055015564,234.06635856628418,696.3107299804688,480.2964172363281,3.8361063,14.0,-1,26.441534
3191,1156,1619.1141180992126,452.05094718933105,1228.546142578125,698.281005859375,1.9970561,20.0,-1,1.1576204
3660,1156,479.3542151451111,-231.67583560943604,88.78623962402344,14.55422306060791,0.7209344,22.0,-1,2.2927709
3034,1156,473.1485800743103,598.3625316619873,82.58060455322266,844.5925903320312,0.6610987,24.0,-1,0.59860986
2389,1156,1415.8078436851501,173.61430168151855,1025.2398681640625,419.8443603515625,0.6288439,20.0,-1,0.6746055
2986,1156,1483.0831122398376,420.16337394714355,1092.51513671875,666.3934326171875,0.62360126,16.0,-1,4.0027
3575,1156,1779.9271063804626,466.1451244354248,1389.359130859375,712.3751831054688,0.35493234,18.0,-1,0.049552172
2080,1156,548.4441351890564,128.2250804901123,157.87615966796875,374.45513916015625,0.27231747,16.0,-1,3.4137354
11,1157,427.6602416038513,300.8615245819092,36.23350143432617,548.2552490234375,26.362413,22.0,-1,23.303139
0,1157,1551.3089423179626,772.7788829803467,1159.8822021484375,1020.172607421875,25.056435,20.0,-1,37.68333
1,1157,1572.1614813804626,205.6179027557373,1180.7347412109375,453.0116271972656,22.884031,18.0,-1,27.486118
2032,1157,547.1398138999939,-114.58929634094238,155.71307373046875,132.80442810058594,19.401394,20.0,-1,19.283314
3,1157,1160.1695380210876,215.15931510925293,768.7427978515625,462.55303955078125,16.90868,18.0,-1,20.896729
1879,1157,1895.3578925132751,-35.77273750305176,1503.93115234375,211.62098693847656,12.170308,12.0,-1,12.294412
1332,1157,618.9790015220642,600.1594982147217,227.55226135253906,847.55322265625,10.315976,18.0,-1,10.576392
4,1157,1301.5478339195251,-75.83235359191895,910.12109375,171.56137084960938,9.41536,16.0,-1,23.9166
12,1157,1139.6708807945251,798.8634777069092,748.244140625,1046.2572021484375,8.889955,18.0,-1,7.4068713
2,1157,1647.1321845054626,232.51161003112793,1255.7054443359375,479.90533447265625,8.318724,18.0,-1,22.990225
3079,1157,1933.3860907554626,22.70045280456543,1541.9593505859375,270.09417724609375,7.4580293,14.0,-1,5.6645765
3654,1157,1370.7916083335876,642.4799938201904,979.3648681640625,889.8737182617188,7.374101,28.0,-1,1.7546843
3509,1157,1988.7061591148376,378.19556999206543,1597.2794189453125,625.5892944335938,7.0393224,14.0,-1,4.8393884
8,1157,1370.2553534507751,288.1320323944092,978.82861328125,535.5257568359375,6.4237256,16.0,-1,1.8970089
2946,1157,1503.0034003257751,929.8815441131592,1111.57666015625,1177.2752685546875,5.0921474,12.0,-1,14.497739
3367,1157,1087.5135321617126,234.61405754089355,696.0867919921875,482.0077819824219,4.994544,28.0,-1,26.13601
3401,1157,1101.763104915619,232.58491325378418,710.3363647460938,479.9786376953125,4.665037,22.0,-1,43.57391
2281,1157,1793.3371405601501,-32.47155952453613,1401.910400390625,214.9221649169922,4.167394,10.0,-1,17.78377
3191,1157,1620.1014227867126,451.00074577331543,1228.6746826171875,698.3944702148438,2.046171,16.0,-1,0.7442446
3660,1157,478.9076361656189,-237.064546585083,87.48089599609375,10.329177856445312,0.9315603,22.0,-1,2.014855
2986,1157,1480.8177313804626,420.3451671600342,1089.3909912109375,667.7388916015625,0.8758058,16.0,-1,4.604081
2389,1157,1413.4584784507751,170.9451732635498,1022.03173828125,418.3388977050781,0.7233784,18.0,-1,0.09868417
3575,1157,1782.0114569664001,467.89320182800293,1390.584716796875,715.2869262695312,0.3217865,18.0,-1,0.78352195
3034,1157,469.22009801864624,596.4404430389404,77.7933578491211,843.8341674804688,0.29264018,26.0,-1,1.281626
2080,1157,548.2080206871033,128.3605785369873,156.78128051757812,375.7543029785156,0.2406544,16.0,-1,2.8200102
11,1158,428.2737936973572,300.8615245819092,35.79810333251953,549.2316284179688,23.995108,22.0,-1,24.930914
1,1158,1572.4601874351501,205.1749095916748,1179.9844970703125,453.5450134277344,23.331297,20.0,-1,27.776386
0,1158,1552.7299628257751,772.3429088592529,1160.2542724609375,1020.7130126953125,19.172375,20.0,-1,37.649193
3,1158,1162.3350653648376,213.97511100769043,769.859375,462.34521484375,18.726896,18.0,-1,22.456066
2032,1158,546.2074255943298,-113.9478931427002,153.7317352294922,134.42221069335938,13.336612,18.0,-1,20.608685
12,1158,1140.4926581382751,801.3654918670654,748.0169677734375,1049.735595703125,11.797496,18.0,-1,9.608207
1332,1158,617.7913031578064,599.1751232147217,225.31561279296875,847.5452270507812,10.087065,18.0,-1,10.175751
4,1158,1301.5478339195251,-79.57419013977051,909.0721435546875,168.79591369628906,9.170572,18.0,-1,27.77286
3079,1158,1933.5054755210876,21.49311637878418,1541.02978515625,269.86322021484375,8.816056,16.0,-1,5.2952766
3654,1158,1368.2491278648376,643.4557018280029,975.7734375,891.8258056640625,8.6169405,28.0,-1,3.6145372
1879,1158,1896.0727362632751,-34.93316841125488,1503.5970458984375,213.4369354248047,8.599843,12.0,-1,11.562264
2,1158,1646.7888007164001,229.00434684753418,1254.3131103515625,477.37445068359375,8.346038,18.0,-1,20.699238
2946,1158,1504.2372870445251,931.8448619842529,1111.7615966796875,1180.2149658203125,7.3008423,12.0,-1,14.924254
8,1158,1368.908612728119,291.7119884490967,976.4329223632812,540.0820922851562,5.375335,16.0,-1,0.97559774
3509,1158,1985.4919257164001,375.07240104675293,1593.0162353515625,623.4425048828125,4.8755484,14.0,-1,6.0500617
2281,1158,1791.1221747398376,-31.503129959106445,1398.646484375,216.86697387695312,4.548873,10.0,-1,18.993223
3191,1158,1616.9284491539001,450.2140636444092,1224.4527587890625,698.5841674804688,3.6019852,16.0,-1,0.31438863
3401,1158,1102.925458431244,232.90144157409668,710.4497680664062,481.27154541015625,3.3690622,22.0,-1,40.645267
3367,1158,1087.2595648765564,230.85713005065918,694.7838745117188,479.22723388671875,2.773138,14.0,-1,25.521046
3660,1158,478.87038946151733,-238.01619243621826,86.39469909667969,10.353911399841309,1.9089208,20.0,-1,1.4107027
2986,1158,1482.2099432945251,421.27857780456543,1089.7342529296875,669.648681640625,0.98968714,12.0,-1,5.306994
3575,1158,1784.3925604820251,472.11378288269043,1391.9168701171875,720.48388671875,0.76243263,8.0,1,0.2795169
2389,1158,1411.887372493744,174.6263256072998,1019.4116821289062,422.9964294433594,0.6876181,18.0,-1,0.8141924
2080,1158,551.7108588218689,126.01240348815918,159.23516845703125,374.38250732421875,0.49169353,14.0,-1,3.6791549
3034,1158,465.549512386322,600.6141490936279,73.07382202148438,848.9842529296875,0.48472837,26.0,-1,1.4621602
0,1159,1551.8041815757751,772.3429088592529,1158.2388916015625,1021.2764282226562,27.131166,20.0,-1,36.027744
11,1159,428.19257497787476,301.03211784362793,34.62728500366211,549.9656372070312,25.41993,22.0,-1,23.838175
1,1159,1571.7194647789001,203.85160636901855,1178.1541748046875,452.7851257324219,25.092455,18.0,-1,25.578894
3,1159,1163.9057440757751,213.9795970916748,770.3404541015625,462.9131164550781,19.866133,18.0,-1,21.82399
2032,1159,546.4721655845642,-114.65567207336426,152.90687561035156,134.27784729003906,12.299117,18.0,-1,19.573376
4,1159,1303.7136664390564,-80.61075019836426,910.1483764648438,168.32276916503906,11.022258,16.0,-1,27.64144
12,1159,1143.5439887046814,803.3805675506592,749.9786987304688,1052.3140869140625,10.500583,18.0,-1,7.678103
2,1159,1646.7888007164001,227.04572868347168,1253.2235107421875,475.979248046875,9.916269,18.0,-1,25.324995
1879,1159,1898.0185370445251,-33.852678298950195,1504.4532470703125,215.08084106445312,9.15421,14.0,-1,10.084208
3079,1159,1932.4325995445251,20.61298942565918,1538.8673095703125,269.5465087890625,9.0672245,16.0,-1,1.7205096
1332,1159,618.3009924888611,599.5322399139404,224.73570251464844,848.4657592773438,7.7798104,18.0,-1,10.297472
3654,1159,1366.9782538414001,640.0349254608154,973.4129638671875,888.9684448242188,7.3390603,28.0,-1,0.5508033
3509,1159,1987.0304999351501,378.11060905456543,1593.4652099609375,627.0441284179688,5.787744,14.0,-1,3.7526348
8,1159,1367.9683661460876,291.9789562225342,974.403076171875,540.9124755859375,4.7975264,16.0,-1,1.612971
3401,1159,1107.195966243744,231.70976066589355,713.6306762695312,480.6432800292969,4.561273,18.0,-1,30.129034
2946,1159,1501.5013251304626,931.7461681365967,1107.93603515625,1180.6796875,4.3956933,12.0,-1,13.484289
2281,1159,1793.3177313804626,-30.699434280395508,1399.75244140625,218.2340850830078,4.2349186,10.0,-1,17.789995
3191,1159,1614.4415106773376,446.6239757537842,1220.876220703125,695.5574951171875,2.9254398,8.0,1,0.50466454
3367,1159,1089.0701117515564,230.16248893737793,695.5048217773438,479.09600830078125,2.4565675,16.0,-1,24.0458
3660,1159,481.8725485801697,-240.20635509490967,88.30725860595703,8.727164268493652,0.7231085,22.0,-1,0.7600543
3575,1159,1780.6852850914001,469.4890880584717,1387.1199951171875,718.422607421875,0.5778918,16.0,-1,0.09212084
2986,1159,1481.1058173179626,422.19825553894043,1087.54052734375,671.1317749023438,0.5150311,12.0,-1,4.274788
3034,1159,466.19324254989624,600.7542858123779,72.6279525756836,849.6878051757812,0.46737337,26.0,-1,1.4654801
2080,1159,549.9239935874939,127.52454948425293,156.35870361328125,376.45806884765625,0.40774134,16.0,-1,4.083309
2389,1159,1411.3032050132751,176.53776359558105,1017.7379150390625,425.4712829589844,0.40638855,16.0,-1,0.020873204
1,1160,1576.2900214195251,203.12428092956543,1182.065185546875,452.7452087402344,32.31781,20.0,-1,26.479069
11,1160,430.3068747520447,299.66361808776855,36.08203887939453,549.2845458984375,28.489374,22.0,-1,24.402756
0,1160,1550.4394354820251,771.7532176971436,1156.214599609375,1021.3741455078125,22.406084,20.0,-1,34.12876
3,1160,1162.5329413414001,213.23405265808105,768.30810546875,462.85498046875,18.734838,18.0,-1,20.856243
2,1160,1648.1253485679626,226.9509105682373,1253.9005126953125,476.57183837890625,14.49924,18.0,-1,26.62939
3079,1160,1932.3251776695251,20.681379318237305,1538.100341796875,270.30230712890625,12.196532,16.0,-1,1.6993247
2032,1160,548.1243872642517,-114.09558296203613,153.89955139160156,135.5253448486328,10.294529,18.0,-1,18.76481
1332,1160,618.370801448822,598.141767501831,224.14596557617188,847.7626953125,8.855029,18.0,-1,10.191232
4,1160,1303.7136664390564,-81.77243232727051,909.4888305664062,167.84849548339844,8.833898,16.0,-1,26.43709
3654,1160,1363.5335516929626,638.687421798706,969.3087158203125,888.308349609375,7.9674945,28.0,-1,0.37066698
1879,1160,1899.2320380210876,-33.63131904602051,1505.0072021484375,215.98960876464844,7.9323235,14.0,-1,9.907734
12,1160,1141.986005306244,804.608564376831,747.7611694335938,1054.2294921875,7.4336357,18.0,-1,7.81681
3509,1160,1988.1078925132751,380.3460521697998,1593.883056640625,629.9669799804688,7.0371456,14.0,-1,3.6708665
2946,1160,1500.6002020835876,933.024580001831,1106.3753662109375,1182.6455078125,4.3021603,12.0,-1,13.18396
2281,1160,1792.2599921226501,-32.09219551086426,1398.03515625,217.5287322998047,4.256763,10.0,-1,15.164354
8,1160,1369.2295966148376,291.44950675964355,975.0047607421875,541.0704345703125,4.0369873,16.0,-1,1.5437076
3401,1160,1103.9725165367126,233.17426872253418,709.7476806640625,482.7951965332031,3.7175786,20.0,-1,39.51445
3367,1160,1088.573895931244,230.16248893737793,694.3490600585938,479.7834167480469,3.1249301,16.0,-1,23.59221
3191,1160,1612.8840155601501,447.1475658416748,1218.6591796875,696.7684936523438,2.4254692,16.0,-1,0.5619065
3034,1160,466.0435996055603,599.0154857635498,71.81876373291016,848.6364135742188,1.3204542,26.0,-1,1.7645508
2389,1160,1412.2853827476501,176.5794506072998,1018.060546875,426.20037841796875,1.00661,10.0,1,0.14749885
3660,1160,482.485906124115,-239.8091926574707,88.26107025146484,9.811735153198242,0.9917628,22.0,-1,1.3358334
3575,1160,1782.7151923179626,470.7992992401123,1388.4903564453125,720.4202270507812,0.96997833,8.0,1,0.5737447
2986,1160,1482.3945136070251,423.43156242370605,1088.169677734375,673.052490234375,0.77892447,12.0,-1,5.3702464
2080,1160,549.6752142906189,124.8188304901123,155.45037841796875,374.43975830078125,0.41890872,16.0,-1,3.8003316
11,1161,431.9646887779236,299.2060832977295,37.25157165527344,549.2711181640625,27.118654,22.0,-1,24.041021
1,1161,1577.6085028648376,202.64791679382324,1182.8953857421875,452.71295166015625,26.426994,18.0,-1,26.317415
0,1161,1549.7422919273376,771.8972454071045,1155.0291748046875,1021.9622802734375,25.222155,22.0,-1,37.533962
3,1161,1162.838056087494,212.46880912780762,768.1249389648438,462.5338439941406,20.978998,18.0,-1,20.899738
1332,1161,619.3470740318298,600.1014080047607,224.6339569091797,850.1664428710938,13.4255495,16.0,-1,9.917981
2032,1161,547.4284949302673,-114.09558296203613,152.7153778076172,135.96945190429688,11.2551155,18.0,-1,18.505322
2,1161,1648.2004218101501,225.359281539917,1253.4873046875,475.42431640625,10.405954,16.0,-1,25.536758
4,1161,1303.0053534507751,-83.7091236114502,908.292236328125,166.3559112548828,9.691453,16.0,-1,27.787008
12,1161,1138.5545477867126,804.025053024292,743.8414306640625,1054.090087890625,8.654819,18.0,-1,7.2020364
3079,1161,1932.0745673179626,23.841642379760742,1537.3614501953125,273.90667724609375,8.627626,16.0,-1,3.8755012
3654,1161,1363.5335516929626,639.5912761688232,968.8204345703125,889.6563110351562,8.284763,28.0,-1,1.9051611
3509,1161,1987.0948309898376,380.6272258758545,1592.3817138671875,630.6922607421875,8.146237,14.0,-1,2.980802
1879,1161,1898.1216864585876,-35.69546699523926,1503.4085693359375,214.36956787109375,8.037946,14.0,-1,10.169537
2946,1161,1502.5032782554626,934.0771770477295,1107.7901611328125,1184.1422119140625,6.8931785,12.0,-1,14.287925
8,1161,1368.7509589195251,291.65353202819824,974.037841796875,541.7185668945312,4.6862035,18.0,-1,4.068157
3401,1161,1105.8218207359314,234.12814140319824,711.1087036132812,484.19317626953125,4.1193967,18.0,-1,32.211452
3367,1161,1088.693036556244,227.98046684265137,693.9799194335938,478.0455017089844,3.6262305,20.0,-1,23.998669
2281,1161,1794.7833075523376,-34.05740547180176,1400.0701904296875,216.00762939453125,2.960863,14.0,-1,12.567632
3191,1161,1611.0624823570251,446.45028495788574,1216.349365234375,696.5153198242188,1.9671987,8.0,1,0.22037996
3575,1161,1784.4460272789001,470.08236503601074,1389.73291015625,720.1473999023438,0.9490812,8.0,1,0.053340375
3034,1161,467.74078130722046,600.2146892547607,73.02766418457031,850.2797241210938,0.82526255,22.0,-1,1.9297637
3660,1161,480.9156928062439,-236.5608377456665,86.20257568359375,13.504197120666504,0.71707946,20.0,-1,1.4136697
2986,1161,1484.3898749351501,422.7744426727295,1089.6767578125,672.8394775390625,0.607528,16.0,-1,5.2424927
2389,1161,1407.761884212494,179.69146537780762,1013.0487670898438,429.7565002441406,0.45413315,16.0,-1,0.3329739
2080,1161,548.6855139732361,125.25707817077637,153.97239685058594,375.3221130371094,0.31943214,16.0,-1,3.152347
1,1162,1578.6169257164001,202.64791679382324,1183.0126953125,452.58135986328125,22.560349,18.0,-1,25.982807
11,1162,434.14224004745483,299.24130058288574,38.53800964355469,549.1747436523438,20.903051,22.0,-1,24.511463
3,1162,1161.5502753257751,213.00207328796387,765.946044921875,462.9355163574219,18.75235,18.0,-1,22.641914
0,1162,1550.1801581382751,772.760160446167,1154.575927734375,1022.693603515625,17.995264,22.0,-1,39.069736
3079,1162,1929.6937079429626,21.965818405151367,1534.0894775390625,271.8992614746094,13.12597,16.0,-1,3.3383262
2032,1162,546.7823157310486,-116.47380256652832,151.17808532714844,133.4596405029297,12.960468,18.0,-1,19.579134
2,1162,1649.7946600914001,224.10861015319824,1254.1904296875,474.04205322265625,12.486625,16.0,-1,26.954325
1332,1162,621.3755621910095,602.1258220672607,225.77133178710938,852.0592651367188,11.6523695,16.0,-1,9.4629545
3654,1162,1362.1962714195251,640.0035076141357,966.592041015625,889.9369506835938,8.917337,28.0,-1,1.4520899
4,1162,1300.684979915619,-85.92122077941895,905.0807495117188,164.01222229003906,8.76468,16.0,-1,26.072002
3509,1162,1988.0463690757751,379.36849784851074,1592.442138671875,629.3019409179688,7.016714,14.0,-1,3.0344663
1879,1162,1896.0550360679626,-34.35431098937988,1500.4508056640625,215.57913208007812,6.9489665,14.0,-1,12.655573
12,1162,1139.2368597984314,806.644437789917,743.6326293945312,1056.577880859375,6.569096,18.0,-1,7.447492
2946,1162,1503.3173651695251,937.7544231414795,1107.713134765625,1187.6878662109375,6.128071,12.0,-1,14.5751
8,1162,1368.7509589195251,291.09530448913574,973.146728515625,541.0287475585938,5.424273,16.0,-1,2.8239193
3401,1162,1101.4797186851501,233.30917167663574,705.87548828125,483.24261474609375,4.5067563,22.0,-1,41.194626
2281,1162,1799.2088446617126,-35.69351387023926,1403.6046142578125,214.23992919921875,3.2241628,12.0,-1,8.8916
3367,1162,1089.0862250328064,228.496244430542,693.4819946289062,478.4296875,3.1319172,18.0,-1,21.798635
3191,1162,1607.4913153648376,448.655668258667,1211.8870849609375,698.589111328125,2.3883824,16.0,-1,0.038579464
3660,1162,480.5413565635681,-237.68450832366943,84.93712615966797,12.248934745788574,1.006124,24.0,-1,2.3748653
2389,1162,1407.1877264976501,180.55319023132324,1011.58349609375,430.48663330078125,0.896928,20.0,-1,0.84457135
2986,1162,1485.9210028648376,425.446683883667,1090.3167724609375,675.380126953125,0.6720419,12.0,-1,4.9868135
3034,1162,466.1331686973572,597.3428630828857,70.52893829345703,847.2763061523438,0.6120712,24.0,-1,1.6465638
2080,1162,548.7335486412048,123.35412406921387,153.1293182373047,373.2875671386719,0.6015762,12.0,-1,3.681215
3575,1162,1783.3362860679626,469.474760055542,1387.7320556640625,719.408203125,0.41308057,24.0,-1,0.027271092
11,1163,434.64819860458374,300.63033866882324,38.975425720214844,551.2526245117188,34.50987,22.0,-1,25.588531
0,1163,1550.3298773765564,773.1014080047607,1154.6571044921875,1023.7236938476562,24.459757,20.0,-1,34.870716
3,1163,1162.0259222984314,213.35677909851074,766.3531494140625,463.97906494140625,23.236526,18.0,-1,21.23868
1,1163,1578.530683040619,202.79858207702637,1182.85791015625,453.4208679199219,20.029976,18.0,-1,25.79639
4,1163,1299.669110774994,-86.87217903137207,903.996337890625,163.75010681152344,14.353306,16.0,-1,25.394785
3079,1163,1929.704267024994,19.501737594604492,1534.031494140625,270.1240234375,14.139266,16.0,-1,3.276874
1332,1163,621.0116095542908,601.9170818328857,225.33883666992188,852.5393676757812,12.341118,18.0,-1,9.637176
2032,1163,545.6224188804626,-117.94084358215332,149.94964599609375,132.6814422607422,11.423756,18.0,-1,19.012268
12,1163,1140.052411556244,803.9106731414795,744.379638671875,1054.532958984375,10.593027,18.0,-1,8.7657795
2,1163,1649.7258734703064,223.69674491882324,1254.0531005859375,474.31903076171875,9.627491,16.0,-1,26.495613
1879,1163,1893.965741634369,-34.00071907043457,1498.29296875,216.62156677246094,8.6559725,12.0,-1,12.922156
3509,1163,1987.0034613609314,379.36849784851074,1591.3306884765625,629.9907836914062,7.688066,14.0,-1,4.5077605
3654,1163,1359.486005306244,642.3227825164795,963.813232421875,892.945068359375,6.6165624,28.0,-1,3.2905505
2946,1163,1504.981366634369,941.4138469696045,1109.30859375,1192.0361328125,6.211544,12.0,-1,12.196263
8,1163,1368.7690863609314,292.77743339538574,973.0963134765625,543.3997192382812,5.0730433,16.0,-1,3.809665
3191,1163,1604.2402777671814,446.9731731414795,1208.5675048828125,697.595458984375,3.4997883,18.0,-1,0.17083384
2281,1163,1799.600507259369,-38.09703254699707,1403.927734375,212.52525329589844,3.3279192,12.0,-1,12.612943
3401,1163,1103.8888983726501,232.90893363952637,708.2161254882812,483.5312194824219,3.290332,20.0,-1,31.33352
3367,1163,1089.0862250328064,226.1992473602295,693.4134521484375,476.821533203125,2.2478878,18.0,-1,22.310837
2986,1163,1485.4529242515564,424.2470989227295,1089.7801513671875,674.869384765625,0.8083796,12.0,-1,4.8469553
2389,1163,1406.803632259369,180.820951461792,1011.130859375,431.4432373046875,0.6630797,20.0,-1,0.55083054
3575,1163,1784.074628353119,468.93636894226074,1388.40185546875,719.5586547851562,0.49776348,8.0,1,0.6010672
3660,1163,476.5862250328064,-233.57977294921875,80.9134521484375,17.042512893676758,0.4114351,24.0,-1,1.8180511
2080,1163,549.742383480072,125.17260551452637,154.06961059570312,375.7948913574219,0.31160155,16.0,-1,3.9804044
3034,1163,468.11504888534546,598.2143840789795,72.44227600097656,848.836669921875,0.23661523,24.0,-1,0.6523771
11,1164,436.6845602989197,298.88508701324463,40.56031036376953,550.140380859375,30.664019,22.0,-1,24.810585
0,1164,1552.9107489585876,771.4411783218384,1156.7864990234375,1022.6964721679688,18.455772,22.0,-1,34.576237
1,1164,1579.0460028648376,203.0945291519165,1182.9217529296875,454.3498229980469,18.164906,18.0,-1,26.782831
3,1164,1160.2305121421814,214.23256015777588,764.1062622070312,465.48785400390625,14.841502,18.0,-1,20.974384
3079,1164,1929.6459784507751,18.487656593322754,1533.521728515625,269.7429504394531,11.846862,16.0,-1,1.5276384
2032,1164,543.274365901947,-120.84422206878662,147.15011596679688,130.41107177734375,11.353072,18.0,-1,18.89345
4,1164,1299.2123847007751,-86.01196193695068,903.088134765625,165.2433319091797,9.7292,16.0,-1,25.536839
1332,1164,623.7315802574158,600.2943277359009,227.60733032226562,851.5496215820312,9.449127,16.0,-1,9.018368
12,1164,1145.9905829429626,802.6123819351196,749.8663330078125,1053.86767578125,8.649549,18.0,-1,6.2564597
2,1164,1649.7322821617126,224.749192237854,1253.6080322265625,476.0044860839844,7.4568906,16.0,-1,23.942778
3654,1164,1359.4377264976501,643.1859292984009,963.3134765625,894.4412231445312,7.4422493,28.0,-1,1.9528884
1879,1164,1892.4391913414001,-32.94662380218506,1496.31494140625,218.3086700439453,7.1468215,14.0,-1,12.691187
3509,1164,1986.9970526695251,380.5283365249634,1590.872802734375,631.7836303710938,7.0675793,14.0,-1,4.984616
2946,1164,1508.4772772789001,942.7588663101196,1112.35302734375,1194.01416015625,3.9638383,12.0,-1,12.914979
8,1164,1375.1081366539001,293.58870029449463,978.98388671875,544.843994140625,3.8549433,16.0,-1,2.506098
3191,1164,1606.1082587242126,444.10835361480713,1209.9840087890625,695.3636474609375,3.0185661,8.0,1,0.33549595
2281,1164,1795.8096747398376,-40.213011741638184,1399.6854248046875,211.0422821044922,2.916089,12.0,-1,12.147285
3367,1164,1088.4753241539001,220.98548984527588,692.35107421875,472.24078369140625,2.706412,16.0,-1,23.531288
3748,1164,1097.376630306244,227.61201572418213,701.2523803710938,478.8673095703125,2.2364619,22.0,-1,37.46602
3660,1164,473.257390499115,-233.8757200241089,77.13314056396484,17.379573822021484,0.94299895,24.0,-1,1.8911579
2986,1164,1486.1005682945251,426.52290439605713,1089.976318359375,677.7781982421875,0.8211734,12.0,-1,4.825486
2389,1164,1409.7512640953064,179.813645362854,1013.6270141601562,431.0689392089844,0.5046063,4.0,-1,0.17251751
3575,1164,1781.7929511070251,471.6373453140259,1385.668701171875,722.8926391601562,0.47418305,16.0,-1,1.2117379
2080,1164,551.3090643882751,124.66157627105713,155.184814453125,375.9168701171875,0.35298133,14.0,-1,3.252071
3034,1164,466.05867528915405,601.7368326187134,69.9344253540039,852.9921264648438,0.27580684,26.0,-1,0.98627466
11,1165,436.58051443099976,298.82710361480713,40.04399108886719,550.761474609375,29.365807,22.0,-1,25.16014
0,1165,1553.35817861557,770.3911905288696,1156.8216552734375,1022.3255615234375,24.66408,22.0,-1,33.694607
1,1165,1579.54372549057,203.7258768081665,1183.0072021484375,455.6602478027344,17.518234,18.0,-1,25.467016
3079,1165,1930.5235838890076,18.64180088043213,1533.987060546875,270.576171875,16.926336,16.0,-1,4.4965024
2032,1165,545.3381133079529,-122.33305263519287,148.8015899658203,129.601318359375,13.252239,18.0,-1,18.534824
3,1165,1159.81911611557,213.44233798980713,763.2825927734375,465.376708984375,12.376807,16.0,-1,21.52734
1332,1165,623.1514983177185,599.8875284194946,226.61497497558594,851.8218994140625,11.611655,16.0,-1,9.559763
4,1165,1298.6714720726013,-86.474928855896,902.1349487304688,165.45944213867188,11.259648,16.0,-1,25.557344
3654,1165,1356.5357909202576,645.1148233413696,959.999267578125,897.0491943359375,8.7732115,28.0,-1,2.284225
2,1165,1650.664086818695,223.62751865386963,1254.1275634765625,475.5618896484375,7.6734138,18.0,-1,23.458931
12,1165,1146.44411611557,802.4550333023071,749.9075927734375,1054.389404296875,7.3118725,18.0,-1,6.473157
1879,1165,1890.9271483421326,-32.82603359222412,1494.390625,219.10833740234375,6.196132,12.0,-1,12.594124
3509,1165,1986.5489745140076,382.5503091812134,1590.012451171875,634.4846801757812,5.9596334,14.0,-1,5.374454
2946,1165,1508.6043944358826,941.3820352554321,1112.06787109375,1193.31640625,4.1584234,12.0,-1,13.915643
8,1165,1376.204614162445,290.9375162124634,979.6680908203125,542.8718872070312,3.7484996,16.0,-1,3.528672
3401,1165,1102.5534300804138,228.97187900543213,706.0169067382812,480.90625,3.241294,20.0,-1,27.955553
2281,1165,1798.38796377182,-39.945555686950684,1401.8514404296875,211.9888153076172,2.8638945,12.0,-1,10.609529
3367,1165,1086.9035277366638,220.30366611480713,690.3670043945312,472.238037109375,2.3537312,18.0,-1,22.73965
3191,1165,1601.7806639671326,445.28608798980713,1205.244140625,697.220458984375,1.9316359,8.0,1,0.035955563
3660,1165,475.8718810081482,-230.0044469833374,79.33535766601562,21.92992401123047,1.4796792,20.0,-1,1.3969481
2986,1165,1486.204614162445,426.58088779449463,1089.6680908203125,678.5152587890625,0.8110199,14.0,-1,5.12118
3034,1165,459.725106716156,603.4593667984009,63.18858337402344,855.3937377929688,0.58579296,22.0,-1,2.564925
2389,1165,1409.5668578147888,181.46150302886963,1013.0303344726562,433.3958740234375,0.40087983,22.0,-1,1.5046896
2080,1165,548.717294216156,124.32859897613525,152.18077087402344,376.2629699707031,0.29770148,18.0,-1,2.9575334
3575,1165,1784.2145018577576,477.19148349761963,1387.677978515625,729.1258544921875,0.24911417,18.0,-1,0.17111903
11,1166,435.6257071495056,299.18855381011963,37.82819747924805,551.9725341796875,28.232979,22.0,-1,24.04386
0,1166,1554.11208486557,770.6358804702759,1156.3145751953125,1023.4198608398438,20.60044,22.0,-1,34.93042
3,1166,1158.262719631195,211.71775913238525,760.4652099609375,464.5017395019531,16.555164,18.0,-1,20.120337
1,1166,1581.6292967796326,203.7258768081665,1183.831787109375,456.5098571777344,16.328836,18.0,-1,26.103535
4,1166,1298.4049315452576,-84.989821434021,900.607421875,167.79415893554688,14.566272,16.0,-1,24.999218
1332,1166,624.1228270530701,600.2010049819946,226.3253173828125,852.9849853515625,10.886735,16.0,-1,9.536552
2032,1166,547.7344756126404,-125.02127742767334,149.9369659423828,127.76270294189453,10.681656,18.0,-1,18.249126
1879,1166,1893.58815908432,-32.41305446624756,1495.7906494140625,220.3709259033203,9.862335,12.0,-1,12.8290415
12,1166,1147.7535643577576,801.7245645523071,749.9560546875,1054.508544921875,7.8797803,18.0,-1,7.695313
3654,1166,1355.0950560569763,645.2595987319946,957.2975463867188,898.0435791015625,7.3862767,28.0,-1,2.4395883
8,1166,1379.1324095726013,287.9006509780884,981.3348999023438,540.6846313476562,6.545635,18.0,-1,2.2242963
3509,1166,1986.0506834983826,383.60054111480713,1588.253173828125,636.384521484375,6.287422,14.0,-1,5.659313
2,1166,1650.664086818695,223.69911289215088,1252.8665771484375,476.48309326171875,5.787865,18.0,-1,23.305206
3079,1166,1929.5074706077576,21.802353858947754,1531.7099609375,274.5863342285156,5.482727,14.0,-1,2.4164436
2946,1166,1508.60231924057,941.4734659194946,1110.8048095703125,1194.2574462890625,4.692791,12.0,-1,11.447795
2281,1166,1798.18337392807,-36.513503074645996,1400.3858642578125,216.27047729492188,4.039488,12.0,-1,12.1535635
3401,1166,1102.6515135765076,226.34657382965088,704.85400390625,479.13055419921875,2.9402554,18.0,-1,30.711864
3367,1166,1085.4619994163513,219.86250400543213,687.6644897460938,472.646484375,2.4180212,18.0,-1,25.933092
3191,1166,1602.35622549057,444.8501138687134,1204.5587158203125,697.6340942382812,2.126342,18.0,-1,0.98952883
2986,1166,1484.2894530296326,426.5256509780884,1086.491943359375,679.3096313476562,1.1077167,12.0,-1,4.626006
3660,1166,475.67497396469116,-232.10450649261475,77.8774642944336,20.679473876953125,1.0373881,22.0,-1,2.4340618
3575,1166,1785.767602443695,479.1222085952759,1387.9700927734375,731.9061889648438,0.56292474,8.0,1,0.18809897
2080,1166,548.9984221458435,122.969407081604,151.20091247558594,375.7533874511719,0.55917376,12.0,-1,2.4763932
2389,1166,1407.2113890647888,180.2185525894165,1009.4138793945312,433.0025329589844,0.40429306,20.0,-1,1.0824509
3034,1166,462.3563780784607,602.7349405288696,64.55886840820312,855.5189208984375,0.34489194,24.0,-1,1.580987
11,1167,436.2875533103943,298.16232776641846,37.441871643066406,550.9529418945312,24.662912,22.0,-1,25.359232
3,1167,1158.8285918235779,213.7257432937622,759.98291015625,466.516357421875,19.31508,18.0,-1,22.071932
0,1167,1553.8386015892029,769.2128038406372,1154.992919921875,1022.00341796875,17.900423,22.0,-1,34.814198
1,1167,1584.7441191673279,203.04684925079346,1185.8984375,455.83746337890625,12.138016,18.0,-1,24.521067
4,1167,1299.5740141868591,-82.57494640350342,900.7283325195312,170.21566772460938,11.815117,16.0,-1,27.195192
2032,1167,547.7740721702576,-124.57949352264404,148.9283905029297,128.21112060546875,11.729249,18.0,-1,18.60514
1332,1167,623.4750761985779,599.5441637039185,224.62939453125,852.3347778320312,10.755145,16.0,-1,9.486638
12,1167,1150.3180327415466,804.7237901687622,751.4723510742188,1057.514404296875,9.902821,18.0,-1,7.187923
2,1167,1651.0202422142029,225.7851915359497,1252.174560546875,478.5758056640625,7.745728,18.0,-1,24.460646
8,1167,1376.6718535423279,288.9628038406372,977.826171875,541.75341796875,7.73484,18.0,-1,4.690852
1879,1167,1894.2262969017029,-31.766077995300293,1495.380615234375,221.0245361328125,6.9864025,12.0,-1,11.596829
3654,1167,1355.0262236595154,646.3755235671997,956.1805419921875,899.1661376953125,6.524483,28.0,-1,3.6940525
3079,1167,1928.0479521751404,24.911778450012207,1529.2022705078125,277.702392578125,6.255836,14.0,-1,13.423705
2946,1167,1507.8801054954529,940.9173936843872,1109.034423828125,1193.7080078125,5.548466,12.0,-1,11.200745
3509,1167,1986.0110869407654,382.31430530548096,1587.1654052734375,635.1049194335938,5.26056,14.0,-1,3.6325269
3748,1167,1100.9633574485779,223.9109239578247,702.11767578125,476.7015380859375,3.2069104,20.0,-1,32.824863
2281,1167,1799.3657011985779,-37.518168449401855,1400.52001953125,215.27244567871094,3.167287,12.0,-1,10.303269
3367,1167,1084.9845366477966,219.42072010040283,686.1388549804688,472.2113342285156,2.084217,16.0,-1,26.69095
3191,1167,1604.4590849876404,442.28427600860596,1205.6134033203125,695.0748901367188,1.5113398,18.0,-1,1.7517378
2986,1167,1483.1043486595154,427.1222276687622,1084.2586669921875,679.912841796875,1.2381166,12.0,-1,5.2169895
3660,1167,475.2480254173279,-229.31260013580322,76.40234375,23.47801399230957,0.90039444,22.0,-1,1.6828735
2389,1167,1404.0632109642029,179.02380847930908,1005.217529296875,431.8144226074219,0.6576677,20.0,-1,0.7635013
3034,1167,466.4037413597107,606.618016242981,67.55805969238281,859.4086303710938,0.61143154,24.0,-1,1.3451803
3575,1167,1788.2690215110779,476.7064561843872,1389.42333984375,729.4970703125,0.5962786,8.0,1,1.4547497
2080,1167,547.2721190452576,122.1175889968872,148.4264373779297,374.908203125,0.34507462,18.0,-1,2.8331957
11,1168,436.75229024887085,298.7069444656372,36.74053192138672,551.1517333984375,27.850662,22.0,-1,25.130112
0,1168,1552.9523100852966,769.1271104812622,1152.9405517578125,1021.5718994140625,15.144023,22.0,-1,35.38638
3,1168,1157.7220854759216,213.24530506134033,757.7103271484375,465.6900939941406,14.575805,18.0,-1,23.349752
1,1168,1586.2351469993591,203.52295398712158,1186.223388671875,455.9677429199219,12.291481,18.0,-1,22.362448
3654,1168,1355.0262236595154,647.5076036453247,955.0144653320312,899.952392578125,11.30314,28.0,-1,3.369839
2032,1168,549.1395049095154,-124.11391735076904,149.12774658203125,128.33087158203125,10.490124,18.0,-1,17.810122
4,1168,1302.0033354759216,-79.4955701828003,901.9915771484375,172.94921875,9.131984,16.0,-1,29.386492
1879,1168,1893.6302886009216,-31.766077995300293,1493.6185302734375,220.6787109375,7.9620304,12.0,-1,11.537853
1332,1168,623.9224944114685,600.4287462234497,223.91073608398438,852.87353515625,7.6445427,16.0,-1,9.77248
12,1168,1153.0704131126404,803.6271104812622,753.0586547851562,1056.0718994140625,7.6121993,18.0,-1,3.9697886
8,1168,1374.1333403587341,291.9050645828247,974.12158203125,544.349853515625,7.138498,18.0,-1,5.2737083
3509,1168,1987.7768950462341,383.6448106765747,1587.76513671875,636.089599609375,6.280775,14.0,-1,4.049852
2,1168,1651.5431303977966,225.7171983718872,1251.5313720703125,478.1619873046875,5.794294,16.0,-1,20.667412
3079,1168,1927.8679594993591,26.269047737121582,1527.856201171875,278.7138366699219,5.7367043,14.0,-1,15.818904
2946,1168,1508.4879546165466,942.5836534500122,1108.4761962890625,1195.0284423828125,4.227138,12.0,-1,10.229515
3748,1168,1099.9979033470154,223.05356311798096,699.9861450195312,475.49835205078125,3.5680218,22.0,-1,34.672318
2281,1168,1798.0688872337341,-38.40351390838623,1398.05712890625,214.04127502441406,2.8192818,12.0,-1,9.964815
3660,1168,471.78954458236694,-231.81649112701416,71.77778625488281,20.628297805786133,2.1424563,24.0,-1,2.791171
3367,1168,1084.9600005149841,219.27484607696533,684.9482421875,471.7196350097656,1.9808232,18.0,-1,25.734348
3191,1168,1603.7911772727966,441.0105333328247,1203.7794189453125,693.455322265625,1.5976216,18.0,-1,2.1339133
2986,1168,1481.3403716087341,427.9083604812622,1081.32861328125,680.3531494140625,0.845084,18.0,-1,5.120222
3575,1168,1788.4538969993591,474.85507678985596,1388.442138671875,727.2998657226562,0.4241459,18.0,-1,0.06305404
3034,1168,466.1532530784607,608.9293565750122,66.14149475097656,861.3741455078125,0.33477733,24.0,-1,0.74555516
2389,1168,1408.5187773704529,178.3500108718872,1008.5070190429688,430.7947998046875,0.329666,26.0,-1,1.1377712
2080,1168,551.966317653656,121.44553089141846,151.95455932617188,373.89031982421875,0.25917354,16.0,-1,3.201311
11,1169,437.4158263206482,297.8724718093872,36.48298645019531,551.05908203125,31.844421,22.0,-1,25.466742
0,1169,1551.7907500267029,768.8872423171997,1150.85791015625,1022.0738525390625,23.591751,22.0,-1,34.425884
3,1169,1157.0449004173279,210.93649768829346,756.112060546875,464.12310791015625,22.688498,16.0,-1,20.458344
1,1169,1586.2587676048279,201.92438220977783,1185.325927734375,455.1109924316406,14.961133,18.0,-1,24.133865
2032,1169,551.6133513450623,-127.11513805389404,150.68051147460938,126.07147216796875,13.621795,18.0,-1,18.485428
4,1169,1302.9642729759216,-80.8713026046753,902.0314331054688,172.3153076171875,11.40831,16.0,-1,27.787405
1332,1169,625.1905303001404,601.2761583328247,224.2576904296875,854.4627685546875,9.051581,16.0,-1,10.628076
3079,1169,1927.4159941673279,25.999089241027832,1526.483154296875,279.1856994628906,7.672787,14.0,-1,15.214747
3654,1169,1355.8705840110779,650.8242540359497,954.937744140625,904.0108642578125,7.534601,28.0,-1,3.1386225
8,1169,1372.1899199485779,295.27670764923096,971.257080078125,548.4633178710938,6.805717,18.0,-1,4.3899755
1879,1169,1892.0638213157654,-33.233866691589355,1491.1309814453125,219.95274353027344,6.713772,14.0,-1,11.079181
12,1169,1152.1127715110779,803.0978136062622,751.179931640625,1056.284423828125,6.6498857,18.0,-1,5.9314785
2,1169,1653.8969511985779,227.1117296218872,1252.964111328125,480.29833984375,6.255211,16.0,-1,21.619808
3509,1169,1987.3285918235779,383.44650745391846,1586.395751953125,636.6331176757812,6.019262,14.0,-1,4.6113353
2946,1169,1510.2737822532654,944.6122179031372,1109.3409423828125,1197.798828125,4.335337,12.0,-1,12.7319145
2281,1169,1797.2508330345154,-38.78028392791748,1396.3179931640625,214.4063262939453,3.7950583,12.0,-1,10.148998
3748,1169,1095.4070830345154,223.87579822540283,694.4742431640625,477.0624084472656,2.3218267,22.0,-1,42.542892
3401,1169,1104.9927153587341,222.80420398712158,704.0598754882812,475.9908142089844,2.119179,20.0,-1,18.524017
3367,1169,1084.9600005149841,217.92133045196533,684.0271606445312,471.1079406738281,2.0121286,18.0,-1,26.788942
3191,1169,1605.4103789329529,441.3259630203247,1204.4775390625,694.5125732421875,1.5617267,18.0,-1,1.7956679
2986,1169,1479.8099150657654,428.7198839187622,1078.8770751953125,681.906494140625,1.2271361,12.0,-1,4.778391
3660,1169,473.3428511619568,-231.71572971343994,72.4100112915039,21.47088050842285,1.042025,20.0,-1,1.5776932
2389,1169,1408.7331328392029,182.90890979766846,1007.80029296875,436.09552001953125,0.52556664,18.0,-1,0.8439698
3575,1169,1791.0800566673279,476.3216905593872,1390.147216796875,729.50830078125,0.51430076,8.0,1,0.684848
3034,1169,465.7625365257263,608.9293565750122,64.82969665527344,862.115966796875,0.4437426,24.0,-1,0.93069655
2080,1169,549.145272731781,122.52313709259033,148.21243286132812,375.7097473144531,0.3791479,14.0,-1,3.5257561
0,1170,1550.8873534202576,769.2034349441528,1149.6015625,1022.4899291992188,33.597824,22.0,-1,33.166134
11,1170,437.7773184776306,299.2308397293091,36.49152755737305,552.517333984375,28.648094,22.0,-1,24.71194
3,1170,1157.1370482444763,209.88184070587158,755.8512573242188,463.1683349609375,17.506279,18.0,-1,21.889854
4,1170,1303.7011351585388,-81.0114393234253,902.4153442382812,172.27505493164062,14.472199,16.0,-1,27.366707
2032,1170,551.7594237327576,-127.35988140106201,150.4736328125,125.9266128540039,13.846118,18.0,-1,19.212318
2946,1170,1513.129907131195,942.6702928543091,1111.8441162109375,1195.956787109375,10.5208235,12.0,-1,13.420826
1,1170,1586.549829006195,201.9247179031372,1185.2640380859375,455.2112121582031,10.356225,18.0,-1,23.558159
1879,1170,1891.4039549827576,-33.32134532928467,1490.1181640625,219.96514892578125,10.181146,14.0,-1,11.507444
1332,1170,625.6699614524841,600.6354417800903,224.38417053222656,853.9219360351562,9.135705,16.0,-1,8.442331
3654,1170,1351.6418089866638,651.4862718582153,950.3560180664062,904.7727661132812,7.8288417,28.0,-1,2.747345
2,1170,1655.286645412445,227.99509143829346,1254.0008544921875,481.2815856933594,7.5316157,16.0,-1,23.750013
12,1170,1147.4114623069763,804.2149705886841,746.1256713867188,1057.50146484375,7.2825627,16.0,-1,1.9697443
3079,1170,1926.4791502952576,25.242772102355957,1525.193359375,278.5292663574219,7.0200515,14.0,-1,15.121249
3509,1170,1987.8199706077576,384.69684314727783,1586.5341796875,637.9833374023438,6.1571403,16.0,-1,1.6656679
8,1170,1370.8163695335388,295.25372791290283,969.5305786132812,548.5402221679688,4.3874774,18.0,-1,3.6081808
2281,1170,1796.5165038108826,-38.75159740447998,1395.230712890625,214.53489685058594,3.131278,12.0,-1,10.119132
3748,1170,1093.7608275413513,223.87579822540283,692.4750366210938,477.16229248046875,3.1132567,22.0,-1,42.574135
3367,1170,1082.2647337913513,215.84286975860596,680.9789428710938,469.1293640136719,1.8850989,20.0,-1,24.751476
3191,1170,1607.5138182640076,445.5963182449341,1206.22802734375,698.8828125,1.5068994,20.0,-1,1.9055878
3660,1170,470.95910024642944,-231.09318828582764,69.67330932617188,22.19330596923828,1.10213,22.0,-1,1.7941773
2986,1170,1477.32497549057,430.15350818634033,1076.0391845703125,683.4400024414062,0.9395787,14.0,-1,4.391464
3575,1170,1793.153344631195,479.2056932449341,1391.8675537109375,732.4921875,0.6196529,6.0,1,0.24923049
2389,1170,1402.90261220932,182.7414903640747,1001.6168212890625,436.0279846191406,0.6144866,20.0,-1,0.21873927
3034,1170,469.46779012680054,608.9203538894653,68.18199920654297,862.2068481445312,0.38599536,10.0,1,0.22354937
2080,1170,549.145272731781,121.97455310821533,147.85948181152344,375.26104736328125,0.38465774,20.0,-1,3.6466413
0,1171,1551.3328795433044,768.9226121902466,1149.50439453125,1022.0172729492188,27.59353,22.0,-1,34.272305
11,1171,437.7773184776306,298.3366746902466,35.94883346557617,551.4313354492188,25.424309,22.0,-1,24.346983
3,1171,1156.9893126487732,209.63058948516846,755.1608276367188,462.7252502441406,15.982234,18.0,-1,21.182285
2032,1171,553.4285674095154,-128.56497478485107,151.60008239746094,124.5296859741211,12.620126,18.0,-1,18.896212
4,1171,1306.1827330589294,-83.0974988937378,904.354248046875,169.99716186523438,12.261066,16.0,-1,27.64065
1,1171,1585.850335597992,202.55835437774658,1184.0218505859375,455.65301513671875,12.086879,18.0,-1,22.721992
1879,1171,1891.6844420433044,-32.72976207733154,1489.85595703125,220.36489868164062,10.004333,14.0,-1,9.675116
1332,1171,625.6435027122498,599.6123704910278,223.8150177001953,852.70703125,9.816735,16.0,-1,9.443895
12,1171,1145.6930480003357,804.1325120925903,743.8645629882812,1057.2271728515625,9.550779,18.0,-1,3.995963
3509,1171,1987.801263332367,385.11859607696533,1585.9727783203125,638.2132568359375,7.4995418,14.0,-1,3.9550464
2946,1171,1513.737542629242,944.8351488113403,1111.9090576171875,1197.9298095703125,6.857237,12.0,-1,14.825529
3079,1171,1926.5389342308044,25.242772102355957,1524.71044921875,278.3374328613281,6.446873,12.0,-1,16.548903
8,1171,1373.1106505393982,298.1276903152466,971.2821655273438,551.2223510742188,5.0860286,18.0,-1,4.038814
2,1171,1656.956292629242,226.27658557891846,1255.1278076171875,479.3712463378906,5.031542,16.0,-1,23.848328
3654,1171,1348.2496886253357,655.2885179519653,946.4212036132812,908.3831787109375,4.2070203,28.0,-1,2.5700233
3748,1171,1092.595452785492,223.81378650665283,690.7669677734375,476.908447265625,3.1798573,22.0,-1,42.099266
2281,1171,1796.748773097992,-38.48754405975342,1394.9202880859375,214.60711669921875,3.1337538,12.0,-1,7.477334
3367,1171,1082.6244444847107,216.15222644805908,680.7959594726562,469.24688720703125,1.8491238,16.0,-1,22.702879
3191,1171,1606.7828307151794,448.51837635040283,1204.954345703125,701.613037109375,1.0546618,22.0,-1,3.2075763
3660,1171,471.3434386253357,-232.66324138641357,69.51495361328125,20.431419372558594,0.7194607,22.0,-1,1.3380656
2986,1171,1472.271234035492,430.3990526199341,1070.4427490234375,683.4937133789062,0.714058,18.0,-1,5.213395
2389,1171,1403.803460597992,182.05139636993408,1001.9749755859375,435.14605712890625,0.58517104,16.0,-1,0.80357677
3034,1171,466.31717824935913,611.3377122879028,64.48869323730469,864.432373046875,0.5039759,24.0,-1,1.4957194
2080,1171,547.292489528656,122.81280994415283,145.46400451660156,375.907470703125,0.27138877,14.0,-1,3.4004269
3575,1171,1791.105950832367,477.4949998855591,1389.2774658203125,730.5896606445312,0.22763772,16.0,-1,0.56813824
0,1172,1550.6871733665466,770.7677659988403,1148.27587890625,1023.9482421875,34.406693,20.0,-1,34.762337
3,1172,1156.5140776634216,210.7230577468872,754.102783203125,463.9035339355469,30.870737,16.0,-1,20.641941
11,1172,437.1870093345642,299.8121385574341,34.77571487426758,552.9926147460938,24.680464,22.0,-1,24.129776
2032,1172,553.4285674095154,-128.95270824432373,151.01727294921875,124.22776794433594,15.560112,18.0,-1,19.670267
1,1172,1585.7225737571716,201.89081287384033,1183.311279296875,455.0712890625,14.079469,18.0,-1,25.358404
1879,1172,1891.4684233665466,-31.055048942565918,1489.05712890625,222.12542724609375,10.324841,14.0,-1,9.289039
3654,1172,1346.8903594017029,656.5819749832153,944.4790649414062,909.762451171875,10.081958,28.0,-1,1.7634853
1332,1172,626.1236052513123,599.9216966629028,223.71231079101562,853.1021728515625,9.955923,18.0,-1,9.907944
4,1172,1307.1739897727966,-83.97498607635498,904.7626953125,169.2054901123047,9.884895,16.0,-1,27.019993
12,1172,1146.2106108665466,802.8568773269653,743.79931640625,1056.037353515625,7.974497,18.0,-1,3.7173066
3509,1172,1988.1742339134216,383.57172107696533,1585.762939453125,636.752197265625,6.587457,14.0,-1,4.850447
2,1172,1656.4148344993591,224.3528184890747,1254.0035400390625,477.5332946777344,6.3963685,18.0,-1,22.253872
2946,1172,1512.9613432884216,945.0211839675903,1110.550048828125,1198.20166015625,5.9831767,12.0,-1,15.174902
3079,1172,1929.7518706321716,24.082890510559082,1527.340576171875,277.26336669921875,5.756782,14.0,-1,15.393376
8,1172,1372.5303740501404,298.1276903152466,970.1190795898438,551.3081665039062,4.811452,16.0,-1,2.5747213
3748,1172,1095.2446684837341,223.8949327468872,692.8333740234375,477.0754089355469,3.5906153,22.0,-1,40.870674
2281,1172,1794.2589507102966,-39.14380931854248,1391.84765625,214.0366668701172,2.9135227,14.0,-1,7.2479343
3367,1172,1083.0239653587341,217.22922229766846,680.6126708984375,470.4096984863281,2.4378316,20.0,-1,21.693296
3191,1172,1605.8170561790466,448.76593494415283,1203.40576171875,701.9464111328125,1.9801097,20.0,-1,2.5095127
3660,1172,468.89235067367554,-233.4766263961792,66.4810562133789,19.70384979248047,1.1310004,20.0,-1,1.6282898
2986,1172,1473.2067046165466,429.4202928543091,1070.79541015625,682.6007690429688,0.83908623,16.0,-1,5.3635187
2389,1172,1404.5796904563904,178.21017932891846,1002.1683959960938,431.3906555175781,0.82932544,8.0,1,0.30505544
3575,1172,1791.8052153587341,478.42181873321533,1389.3939208984375,731.602294921875,0.71404666,16.0,-1,0.20047012
3034,1172,469.0395827293396,610.6020555496216,66.62828826904297,863.7825317382812,0.47387263,24.0,-1,0.9000912
2080,1172,547.8409514427185,123.77707386016846,145.42965698242188,376.9575500488281,0.21799415,16.0,-1,3.0680876
11,1173,437.29613637924194,298.6656541824341,34.54328536987305,551.5675659179688,32.923244,22.0,-1,23.532976
0,1173,1550.179364681244,771.0485277175903,1147.426513671875,1023.950439453125,31.764841,22.0,-1,34.54832
3,1173,1160.7170233726501,210.89905261993408,757.9641723632812,463.80096435546875,16.953812,18.0,-1,21.799406
2032,1173,553.7157263755798,-126.03962993621826,150.96287536621094,126.8622817993164,16.38127,18.0,-1,19.639109
1,1173,1586.5415472984314,204.73202991485596,1183.7886962890625,457.6339416503906,14.865905,20.0,-1,26.007431
12,1173,1148.7486395835876,802.9132738113403,745.9957885742188,1055.815185546875,14.372494,18.0,-1,4.041724
4,1173,1307.064862728119,-84.07631969451904,904.31201171875,168.82559204101562,13.71305,16.0,-1,26.942368
1332,1173,629.4021124839783,599.0075120925903,226.64926147460938,851.909423828125,10.54571,18.0,-1,10.646853
1879,1173,1895.010419368744,-30.59894847869873,1492.257568359375,222.30296325683594,10.319899,14.0,-1,9.04594
3654,1173,1345.5262274742126,657.0777635574341,942.7733764648438,909.9796752929688,7.9067483,28.0,-1,2.5059338
3509,1173,1990.7241644859314,383.12592029571533,1587.9713134765625,636.02783203125,7.4866447,14.0,-1,5.294847
3079,1173,1927.4653754234314,23.927250862121582,1524.7125244140625,276.82916259765625,7.1287208,12.0,-1,15.699007
2,1173,1656.624188899994,222.70050525665283,1253.871337890625,475.6024169921875,6.353028,16.0,-1,22.829235
8,1173,1371.5206122398376,299.4594774246216,968.7677612304688,552.3613891601562,5.9864736,18.0,-1,3.978389
2946,1173,1512.016034603119,944.6105394363403,1109.26318359375,1197.512451171875,5.566257,12.0,-1,13.723587
2281,1173,1791.4077582359314,-38.14538097381592,1388.6549072265625,214.75653076171875,4.027203,14.0,-1,4.1098633
3748,1173,1097.4501776695251,224.64291858673096,694.6973266601562,477.5448303222656,3.151706,22.0,-1,40.551186
3367,1173,1084.3787055015564,219.54083728790283,681.6258544921875,472.4427490234375,2.7862089,18.0,-1,19.932755
3191,1173,1601.196454524994,448.70953845977783,1198.443603515625,701.6114501953125,1.5871137,20.0,-1,2.3888352
2986,1173,1471.401044368744,429.32001209259033,1068.648193359375,682.221923828125,1.5305653,14.0,-1,6.073484
3660,1173,465.80313634872437,-235.25218868255615,63.05028533935547,17.649723052978516,1.1695606,20.0,-1,2.2899504
2389,1173,1403.2261786460876,174.45517444610596,1000.4733276367188,427.3570861816406,1.0405904,8.0,1,0.47500753
3575,1173,1795.2454047203064,478.6971483230591,1392.4925537109375,731.5990600585938,0.36669052,8.0,1,0.7555185
3034,1173,465.8117079734802,608.3010301589966,63.05885696411133,861.2029418945312,0.33577117,24.0,-1,2.1534061
11,1174,436.1141676902771,299.1889543533325,33.2527961730957,552.1398315429688,29.876982,22.0,-1,25.116045
0,1174,1550.573407649994,770.0260515213013,1147.7120361328125,1022.9769287109375,29.463524,22.0,-1,33.901302
2032,1174,555.2746558189392,-126.79207134246826,152.4132843017578,126.15880584716797,18.78418,20.0,-1,20.146189
1,1174,1586.071942806244,204.72887134552002,1183.2105712890625,457.67974853515625,16.239275,18.0,-1,27.406553
3,1174,1160.0061469078064,212.37932300567627,757.144775390625,465.3302001953125,14.919295,18.0,-1,21.770432
1879,1174,1894.2363715171814,-31.92927074432373,1491.375,221.0216064453125,14.634323,14.0,-1,7.121688
4,1174,1305.5346503257751,-83.8920545578003,902.6732788085938,169.05882263183594,10.729801,16.0,-1,27.107203
3509,1174,1990.668378353119,383.12907886505127,1587.8070068359375,636.0799560546875,8.495073,14.0,-1,3.3027906
1332,1174,629.8586859703064,598.3741960525513,226.997314453125,851.3250732421875,8.379949,18.0,-1,10.441559
12,1174,1150.2399725914001,802.6636247634888,747.3786010742188,1055.614501953125,8.204,18.0,-1,3.5792422
3079,1174,1927.521161556244,22.063008308410645,1524.6597900390625,275.0138854980469,7.8056297,12.0,-1,14.86687
3654,1174,1347.1796698570251,657.3810319900513,944.3182983398438,910.3319091796875,6.894621,28.0,-1,1.4453984
2946,1174,1510.719647884369,945.3250017166138,1107.8582763671875,1198.27587890625,6.8725624,12.0,-1,13.804661
2,1174,1655.6352972984314,223.50493335723877,1252.77392578125,476.455810546875,6.2728095,18.0,-1,22.476627
8,1174,1371.1291327476501,300.3681535720825,968.2677612304688,553.3190307617188,4.6739917,18.0,-1,3.3856306
2281,1174,1792.4302191734314,-38.78484630584717,1389.56884765625,214.16603088378906,3.3284113,14.0,-1,1.1056201
3748,1174,1097.876630306244,225.88139820098877,695.0152587890625,478.832275390625,2.9926903,20.0,-1,35.37964
3367,1174,1082.9555487632751,219.64061450958252,680.0941772460938,472.59149169921875,2.2004082,18.0,-1,19.677881
3191,1174,1599.8625922203064,448.07854175567627,1197.001220703125,701.0294189453125,1.311394,24.0,-1,1.3022795
2986,1174,1472.7034125328064,429.01530933380127,1069.842041015625,681.9661865234375,1.2738868,10.0,-1,4.7105637
3034,1174,468.1293158531189,609.3475847244263,65.2679443359375,862.2984619140625,1.1885041,22.0,-1,0.9118058
2389,1174,1403.8315863609314,172.70580005645752,1000.97021484375,425.65667724609375,0.8078675,20.0,-1,0.06784998
3660,1174,463.02500677108765,-234.17016315460205,60.16363525390625,18.78071403503418,0.7371314,18.0,-1,0.43405294
3575,1174,1796.491376399994,476.9262590408325,1393.6300048828125,729.8771362304688,0.7367013,8.0,1,0.99499583
2080,1174,549.3248572349548,126.21266651153564,146.46348571777344,379.1635437011719,0.2013145,16.0,-1,3.293228
0,1175,1553.1928534507751,767.9942216873169,1149.596435546875,1021.0733642578125,25.253557,22.0,-1,35.2239
11,1175,434.5230383872986,297.9323320388794,30.926620483398438,551.011474609375,21.986406,22.0,-1,24.495
2032,1175,557.9094977378845,-126.67024517059326,154.31307983398438,126.40889739990234,18.73549,20.0,-1,20.943184
3,1175,1158.3077216148376,213.45561695098877,754.7113037109375,466.5347595214844,18.72207,18.0,-1,20.862211
1,1175,1586.1346259117126,204.9912919998169,1182.5382080078125,458.0704345703125,17.127176,18.0,-1,27.609522
1332,1175,630.5070471763611,597.2614336013794,226.91062927246094,850.340576171875,12.789416,18.0,-1,10.6046505
1879,1175,1893.7719550132751,-32.08651256561279,1490.175537109375,220.9926300048828,11.264361,16.0,-1,6.308768
4,1175,1305.8745551109314,-83.92772960662842,902.2781372070312,169.1514129638672,10.973611,16.0,-1,25.19093
3654,1175,1344.6854071617126,662.9692583084106,941.0889892578125,916.0484008789062,9.131226,28.0,-1,4.411012
3079,1175,1925.6568427085876,21.268208503723145,1522.0604248046875,274.34735107421875,7.987223,12.0,-1,17.051313
3509,1175,1990.0307440757751,382.0617265701294,1586.434326171875,635.140869140625,7.956192,14.0,-1,2.388219
12,1175,1152.8326239585876,804.1186113357544,749.2362060546875,1057.19775390625,7.622873,18.0,-1,4.8513317
2,1175,1654.7000555992126,223.5613603591919,1251.1036376953125,476.6405029296875,6.006006,18.0,-1,21.799936
2946,1175,1511.4189276695251,947.3127031326294,1107.822509765625,1200.391845703125,5.555706,12.0,-1,12.9706335
8,1175,1372.3848090171814,300.2244462966919,968.7883911132812,553.3035888671875,4.9611845,18.0,-1,5.562885
2281,1175,1794.7798895835876,-39.034464836120605,1391.1834716796875,214.044677734375,4.667647,14.0,-1,1.5352467
3748,1175,1098.2696356773376,225.19334888458252,694.6732177734375,478.2724914550781,2.9638064,22.0,-1,37.78713
3367,1175,1083.7092108726501,220.32829761505127,680.11279296875,473.4074401855469,1.9189018,18.0,-1,19.902773
2986,1175,1472.6407294273376,429.1982011795044,1069.0443115234375,682.27734375,1.1122141,10.0,-1,5.165472
3575,1175,1794.8482489585876,477.1606035232544,1391.2518310546875,730.23974609375,0.9895194,6.0,1,1.801122
3034,1175,470.3351798057556,609.3832597732544,66.73876190185547,862.46240234375,0.89784795,22.0,-1,1.3543537
2389,1175,1403.675458431244,178.07790088653564,1000.0790405273438,431.15704345703125,0.86863923,16.0,-1,0.20115826
3660,1175,461.27510595321655,-235.1165475845337,57.678688049316406,17.962594985961914,0.78742814,20.0,-1,0.96752053
3191,1175,1599.2140936851501,446.66469287872314,1195.61767578125,699.7438354492188,0.7518191,22.0,-1,2.6196675
11,1176,435.6122393608093,297.84553241729736,31.303342819213867,550.5393676757812,23.781517,22.0,-1,25.912495
2032,1176,558.2676672935486,-126.73716259002686,153.95877075195312,125.95667266845703,20.597376,20.0,-1,20.513615
0,1176,1555.6306738853455,770.4394044876099,1151.32177734375,1023.1332397460938,17.971807,22.0,-1,33.842995
3,1176,1156.9224829673767,213.584942817688,752.6135864257812,466.2787780761719,16.609156,18.0,-1,21.097586
1879,1176,1892.7337012290955,-30.15137004852295,1488.4248046875,222.54246520996094,14.176421,14.0,-1,7.0583587
1,1176,1588.415708065033,205.44965839385986,1184.1068115234375,458.14349365234375,12.459853,20.0,-1,28.730093
4,1176,1310.3703589439392,-83.92161846160889,906.0614624023438,168.772216796875,11.359342,18.0,-1,29.192184
3079,1176,1923.8728613853455,21.084973335266113,1519.56396484375,273.77880859375,9.563903,12.0,-1,15.527382
1332,1176,630.2906470298767,597.2553224563599,225.98175048828125,849.9491577148438,8.625446,18.0,-1,11.134644
3509,1176,1990.9705176353455,383.4718141555786,1586.66162109375,636.1656494140625,7.562803,14.0,-1,4.1459103
12,1176,1150.7315649986267,806.4122438430786,746.4226684570312,1059.1060791015625,6.468536,18.0,-1,2.673988
2,1176,1654.0862402915955,226.00153827667236,1249.77734375,478.69537353515625,6.2952313,18.0,-1,21.981289
3654,1176,1341.9775366783142,663.9481325149536,937.6686401367188,916.6419677734375,5.7379475,28.0,-1,1.8877108
8,1176,1373.7883887290955,296.7691774368286,969.4794921875,549.4630126953125,5.238616,20.0,-1,5.8675413
2946,1176,1512.108335018158,949.0507936477661,1107.7994384765625,1201.74462890625,5.133255,12.0,-1,12.583029
3748,1176,1096.5906348228455,226.5313844680786,692.28173828125,479.2252197265625,2.8323052,22.0,-1,42.099094
2281,1176,1790.515073299408,-41.02785015106201,1386.2061767578125,211.66598510742188,2.3946962,14.0,-1,5.071141
3367,1176,1083.2017798423767,220.4529848098755,678.8928833007812,473.1468200683594,1.7289805,28.0,-1,21.878632
2389,1176,1404.1148047447205,175.35090351104736,999.805908203125,428.04473876953125,1.2833759,18.0,-1,0.46567696
3660,1176,459.0290083885193,-236.23135471343994,54.72011184692383,16.462480545043945,1.2454174,20.0,-1,1.3654455
3191,1176,1595.8484473228455,444.49738788604736,1191.53955078125,697.1912231445312,1.1477522,22.0,-1,2.6441362
3034,1176,470.55157995224,608.5467653274536,66.24268341064453,861.2406005859375,0.884934,20.0,-1,0.9746002
3575,1176,1795.9124121665955,477.1211061477661,1391.603515625,729.81494140625,0.7385598,8.0,1,1.3058927
2986,1176,1474.115903377533,426.4359254837036,1069.8070068359375,679.1297607421875,0.65917987,12.0,-1,4.519773
2080,1176,550.3254523277283,128.441876411438,146.0165557861328,381.1357116699219,0.42344344,18.0,-1,3.8777559
3,1177,1157.3648657798767,211.51646900177002,752.1438598632812,464.2266845703125,26.011824,16.0,-1,21.188747
0,1177,1554.9700293540955,771.3583879470825,1149.7490234375,1024.068603515625,25.058912,22.0,-1,34.043167
11,1177,433.8392939567566,300.53484058380127,28.618288040161133,553.2450561523438,24.619562,22.0,-1,25.868721
2032,1177,558.0796179771423,-125.82080364227295,152.85861206054688,126.88941192626953,17.356491,20.0,-1,20.731544
1,1177,1588.8745703697205,205.03001880645752,1183.653564453125,457.740234375,17.028101,18.0,-1,26.871729
1332,1177,631.1860632896423,597.5510149002075,225.96505737304688,850.26123046875,12.778832,18.0,-1,10.18001
4,1177,1309.5946021080017,-84.33397960662842,904.3735961914062,168.37623596191406,12.138702,18.0,-1,27.502296
1879,1177,1892.7337012290955,-29.609217643737793,1487.5126953125,223.1009979248047,10.461835,16.0,-1,5.930241
3079,1177,1925.631772518158,18.662922859191895,1520.4107666015625,271.3731384277344,8.61374,12.0,-1,14.698927
8,1177,1372.612729549408,297.80205249786377,967.3917236328125,550.5122680664062,7.1211505,18.0,-1,5.4016914
3509,1177,1989.0244727134705,382.68999195098877,1583.803466796875,635.4002075195312,7.0950813,14.0,-1,3.7196436
12,1177,1151.524838924408,805.6750383377075,746.3038330078125,1058.38525390625,7.015639,16.0,-1,4.252786
3654,1177,1343.1361060142517,665.65416431427,937.9151000976562,918.3643798828125,6.0909424,28.0,-1,1.8908651
2,1177,1654.596372127533,224.88292407989502,1249.3753662109375,477.5931396484375,5.9899745,18.0,-1,21.866003
2946,1177,1514.9871191978455,945.912220954895,1109.76611328125,1198.6224365234375,5.913845,12.0,-1,14.033753
3748,1177,1095.8176245689392,223.64397144317627,690.5966186523438,476.35418701171875,2.4628794,22.0,-1,42.547733
2281,1177,1790.890073299408,-39.542033195495605,1385.6690673828125,213.16818237304688,2.198452,14.0,-1,3.9729793
3367,1177,1084.737729549408,216.80360889434814,679.5167236328125,469.5138244628906,2.0486493,28.0,-1,22.369137
3191,1177,1595.544126033783,449.21733570098877,1190.3231201171875,701.9275512695312,1.8284675,22.0,-1,2.6878603
2986,1177,1475.6433691978455,425.18889331817627,1070.42236328125,677.8991088867188,1.7700853,14.0,-1,5.5982833
3660,1177,454.82878255844116,-236.23135471343994,49.6077766418457,16.47886085510254,1.5267142,20.0,-1,0.55387026
3034,1177,467.0652861595154,611.0119524002075,61.84428024291992,863.72216796875,1.4628423,22.0,-1,1.7810498
2389,1177,1402.582700252533,174.21202564239502,997.3616943359375,426.9222412109375,0.39417067,18.0,-1,0.34089777
2080,1177,550.1800513267517,129.26488208770752,144.95904541015625,381.97509765625,0.23738383,18.0,-1,3.2697637
3575,1177,1798.9553809165955,479.79973316192627,1393.734375,732.5099487304688,0.22509553,6.0,1,0.09881681
11,1178,434.6904921531677,300.66338062286377,28.892459869384766,553.99560546875,25.36444,22.0,-1,25.45938
0,1178,1554.9356055259705,770.18248462677,1149.1375732421875,1023.5147094726562,24.085693,22.0,-1,32.064987
2032,1178,559.1018805503845,-124.87365245819092,153.30384826660156,128.4585723876953,21.013597,20.0,-1,19.89943
3,1178,1159.4346289634705,210.64110279083252,753.6365966796875,463.97332763671875,19.58502,18.0,-1,21.58108
1,1178,1588.8745703697205,206.22362232208252,1183.0765380859375,459.55584716796875,18.48377,18.0,-1,26.752945
1879,1178,1891.5357031822205,-31.363612174987793,1485.7376708984375,221.96861267089844,14.337856,16.0,-1,5.818655
4,1178,1310.4581274986267,-85.39605236053467,904.6600952148438,167.93617248535156,12.375477,16.0,-1,25.583977
1332,1178,631.0241522789001,596.7889909744263,225.2261199951172,850.1212158203125,10.34916,18.0,-1,10.697248
3654,1178,1345.6225562095642,664.5596208572388,939.8245239257812,917.891845703125,9.682364,28.0,-1,1.4883535
3509,1178,1989.9944434165955,383.43547534942627,1584.1964111328125,636.7677001953125,8.724637,14.0,-1,2.8630233
3079,1178,1926.6282324790955,16.39250659942627,1520.8302001953125,269.7247314453125,8.438897,12.0,-1,15.946108
8,1178,1368.8228125572205,293.595326423645,963.0247802734375,546.9275512695312,6.0047364,20.0,-1,7.0397463
2,1178,1653.8474707603455,225.42128467559814,1248.0494384765625,478.7535095214844,5.615584,18.0,-1,20.192219
12,1178,1154.5627417564392,805.8552751541138,748.7647094726562,1059.1875,5.2647915,16.0,-1,2.4053798
2946,1178,1517.854184627533,945.8362321853638,1112.05615234375,1199.16845703125,5.003988,12.0,-1,14.011599
2281,1178,1791.1878027915955,-37.11889171600342,1385.3897705078125,216.2133331298828,2.632423,14.0,-1,8.14892
3748,1178,1095.6033911705017,223.16154956817627,689.8053588867188,476.4937744140625,2.599607,22.0,-1,40.647675
3367,1178,1083.8296484947205,215.20189380645752,678.0316162109375,468.53411865234375,1.8950467,28.0,-1,21.047258
3191,1178,1592.9883399009705,449.756459236145,1187.1903076171875,703.0886840820312,1.8396646,24.0,-1,2.4047627
2986,1178,1473.910825252533,425.18889331817627,1068.11279296875,678.5211181640625,0.9226976,14.0,-1,5.268022
2389,1178,1399.557553768158,176.75648975372314,993.759521484375,430.0887145996094,0.8015825,18.0,-1,0.31058958
3660,1178,452.64171743392944,-230.56789684295654,46.843685150146484,22.764328002929688,0.7687175,20.0,-1,1.3677292
3575,1178,1800.128110408783,480.99980640411377,1394.330078125,734.33203125,0.525076,6.0,1,0.7632436
3034,1178,462.5591025352478,614.496693611145,56.761070251464844,867.8289184570312,0.43769905,22.0,-1,1.9511416
2080,1178,553.7225470542908,127.50969409942627,147.9245147705078,380.8419189453125,0.32188845,20.0,-1,3.8279648
11,1179,435.27762937545776,299.4648332595825,28.905790328979492,553.1041259765625,33.545,24.0,-1,26.028084
0,1179,1555.4831671714783,769.7363176345825,1149.111328125,1023.3756103515625,21.427713,22.0,-1,34.208244
1,1179,1589.1618781089783,204.97743701934814,1182.7900390625,458.6167297363281,20.733686,18.0,-1,26.179983
3,1179,1159.0902228355408,210.24638843536377,752.7183837890625,463.88568115234375,20.007782,18.0,-1,20.657202
2032,1179,561.1485724449158,-124.68780040740967,154.7767333984375,128.9514923095703,19.959045,20.0,-1,21.151663
4,1179,1311.3725714683533,-85.47118663787842,905.000732421875,168.16810607910156,11.760021,16.0,-1,27.22853
1879,1179,1890.4041876792908,-30.57129955291748,1484.0323486328125,223.0679931640625,11.039429,14.0,-1,7.085172
8,1179,1367.8636603355408,292.43248462677,961.4918212890625,546.07177734375,10.127856,20.0,-1,7.526756
1332,1179,631.0241522789001,596.554310798645,224.65231323242188,850.193603515625,9.062889,18.0,-1,12.047669
3654,1179,1342.8404669761658,665.9542741775513,936.4686279296875,919.5935668945312,9.046087,28.0,-1,1.7833477
3079,1179,1928.8473029136658,16.41832447052002,1522.4754638671875,270.0576171875,8.62559,12.0,-1,14.391968
2946,1179,1518.1048712730408,946.5085344314575,1111.7330322265625,1200.1478271484375,8.4850025,12.0,-1,13.552094
2,1179,1653.3134894371033,226.28917407989502,1246.941650390625,479.928466796875,6.3093624,18.0,-1,21.021084
3509,1179,1992.5804572105408,382.19206714630127,1586.2086181640625,635.8313598632812,6.024531,14.0,-1,2.7856936
12,1179,1154.4372687339783,806.3232316970825,748.0654296875,1059.9625244140625,4.4307284,16.0,-1,2.9795046
3748,1179,1095.8300909996033,219.95973682403564,689.458251953125,473.5990295410156,3.3624432,22.0,-1,39.096878
2281,1179,1794.7037482261658,-36.118327140808105,1388.3319091796875,217.52096557617188,2.9536982,12.0,-1,10.179388
3367,1179,1083.548779964447,213.0783281326294,677.1769409179688,466.7176208496094,2.2411375,28.0,-1,20.007668
3191,1179,1589.9582648277283,450.70891284942627,1183.58642578125,704.3482055664062,2.1910672,20.0,-1,2.0345664
3660,1179,448.7330527305603,-227.77565479278564,42.36121368408203,25.863637924194336,1.0840764,18.0,-1,1.4192967
2986,1179,1476.2310919761658,425.18889331817627,1069.8592529296875,678.8281860351562,0.9917481,14.0,-1,5.183943
3034,1179,466.3532271385193,613.9514055252075,59.981388092041016,867.5906982421875,0.63492817,22.0,-1,1.3954052
3575,1179,1798.5659308433533,483.0239152908325,1392.194091796875,736.6632080078125,0.5765017,14.0,-1,0.24820524
2389,1179,1398.1031012535095,178.38075733184814,991.7312622070312,432.0200500488281,0.44699168,22.0,-1,1.4076936
2080,1179,552.8699011802673,125.91454029083252,146.49806213378906,379.5538330078125,0.38946941,16.0,-1,3.1302505
11,1180,434.84583806991577,299.31059741973877,27.7806396484375,553.1949462890625,36.80254,22.0,-1,26.177963
0,1180,1556.2304816246033,768.43394947052,1149.165283203125,1022.3182983398438,24.329515,22.0,-1,33.662197
3,1180,1159.4730353355408,210.24638843536377,752.4078369140625,464.1307373046875,21.83103,18.0,-1,20.725718
1,1180,1588.2130255699158,204.42882251739502,1181.1478271484375,458.31317138671875,20.533972,18.0,-1,26.043898
2032,1180,561.0182776451111,-126.67164134979248,153.9530792236328,127.21270751953125,13.512811,20.0,-1,20.303885
1879,1180,1892.9454474449158,-29.204508781433105,1485.8802490234375,224.67984008789062,13.107495,16.0,-1,5.518
4,1180,1311.0908331871033,-84.45566844940186,904.025634765625,169.42868041992188,12.111305,16.0,-1,25.900047
1332,1180,633.0989813804626,595.3214616775513,226.03378295898438,849.205810546875,10.879416,18.0,-1,11.997059
8,1180,1367.4973273277283,290.5903215408325,960.43212890625,544.4746704101562,10.324251,20.0,-1,6.272729
3079,1180,1929.6901984214783,18.102681159973145,1522.625,271.9870300292969,7.9846797,14.0,-1,14.944778
3654,1180,1339.7303595542908,671.7363176345825,932.6651611328125,925.6206665039062,7.957024,28.0,-1,3.4059854
2,1180,1654.7223029136658,226.7210283279419,1247.6571044921875,480.6053771972656,6.916903,18.0,-1,19.26987
2946,1180,1516.0504279136658,946.3324480056763,1108.9852294921875,1200.216796875,6.718979,12.0,-1,14.740658
3509,1180,1993.2972540855408,382.99419116973877,1586.2320556640625,636.8785400390625,6.4215107,16.0,-1,3.342316
12,1180,1153.9104743003845,806.5115251541138,746.8452758789062,1060.3958740234375,5.3410497,16.0,-1,4.430765
2281,1180,1797.1049933433533,-35.83765697479248,1390.039794921875,218.04669189453125,4.049688,12.0,-1,11.097733
3748,1180,1095.8300909996033,221.22386646270752,688.764892578125,475.10821533203125,2.6900463,22.0,-1,35.36892
3367,1180,1082.5626349449158,212.76170825958252,675.4974365234375,466.64605712890625,2.4832873,28.0,-1,19.720947
3191,1180,1590.8928351402283,450.348256111145,1183.82763671875,704.2326049804688,1.661187,22.0,-1,2.812555
3660,1180,444.53356313705444,-228.42485523223877,37.46836471557617,25.45949363708496,1.1732535,22.0,-1,1.759968
3034,1180,466.27708196640015,615.678334236145,59.211883544921875,869.5626831054688,0.8274061,22.0,-1,1.3538809
2986,1180,1473.3869757652283,427.64653491973877,1066.32177734375,681.5308837890625,0.72881943,12.0,-1,5.871303
2389,1180,1400.6062750816345,174.5230302810669,993.5410766601562,428.4073791503906,0.63710934,20.0,-1,0.6284788
3575,1180,1799.8042120933533,480.95598316192627,1392.739013671875,734.84033203125,0.42555436,6.0,1,0.50416684
2080,1180,552.8894629478455,127.83372974395752,145.8242645263672,381.71807861328125,0.3875911,16.0,-1,3.616813
0,1181,1556.7901740074158,767.180287361145,1148.8201904296875,1021.41552734375,24.45492,22.0,-1,34.84629
1,1181,1586.0699591636658,204.7204179763794,1178.0999755859375,458.9556579589844,23.127443,18.0,-1,25.85623
3,1181,1162.2544074058533,208.27064990997314,754.284423828125,462.5058898925781,19.713186,18.0,-1,22.136597
11,1181,434.3680510520935,301.9365129470825,26.398067474365234,556.1717529296875,19.460436,22.0,-1,25.477829
2032,1181,561.4891486167908,-127.02758312225342,153.5191650390625,127.20765686035156,17.56377,20.0,-1,21.216255
1332,1181,633.0897498130798,594.0356950759888,225.11976623535156,848.2709350585938,12.160896,18.0,-1,12.143295
4,1181,1311.9177374839783,-83.7286787033081,903.94775390625,170.50656127929688,10.811,16.0,-1,25.464787
2,1181,1654.3529181480408,227.3092851638794,1246.3829345703125,481.5445251464844,9.007913,18.0,-1,22.425257
1879,1181,1893.7971320152283,-28.000910758972168,1485.8271484375,226.2343292236328,8.938822,14.0,-1,5.691294
3509,1181,1995.9686408042908,384.84801197052,1587.9986572265625,639.083251953125,8.73857,16.0,-1,2.4885752
3079,1181,1931.7591681480408,17.88914966583252,1523.7891845703125,272.1243896484375,7.19549,14.0,-1,15.557716
3654,1181,1338.3086676597595,670.6111345291138,930.3386840820312,924.8463745117188,7.0763526,28.0,-1,1.957644
12,1181,1154.7243781089783,804.3168840408325,746.75439453125,1058.5521240234375,6.9782143,8.0,1,0.32393202
8,1181,1366.818799495697,288.69145679473877,958.8488159179688,542.9266967773438,4.669261,18.0,-1,5.254022
2281,1181,1797.0888800621033,-35.291300773620605,1389.118896484375,218.94393920898438,4.500599,12.0,-1,13.864688
2946,1181,1516.6034064292908,945.87633228302,1108.6334228515625,1200.111572265625,3.6257038,12.0,-1,14.691836
3748,1181,1095.8300909996033,218.6939287185669,687.860107421875,472.9291687011719,3.5584059,22.0,-1,41.513615
3367,1181,1082.6998419761658,213.71263599395752,674.7298583984375,467.9478759765625,1.9752172,28.0,-1,19.677896
3034,1181,461.9996085166931,611.6013689041138,54.029624938964844,865.8366088867188,1.3006984,20.0,-1,1.3197767
3660,1181,443.9968047142029,-225.95522022247314,36.02682113647461,28.280019760131836,1.1050465,8.0,1,0.029579751
2986,1181,1475.4708380699158,427.64653491973877,1067.5008544921875,681.8817749023438,1.0244993,16.0,-1,5.436029
3191,1181,1590.8648810386658,454.97203540802,1182.8948974609375,709.207275390625,0.84049267,24.0,-1,3.1945128
2389,1181,1399.3635382652283,175.48820972442627,991.3935546875,429.72344970703125,0.7144403,8.0,1,0.6315489
3575,1181,1804.2196173667908,482.0900774002075,1396.2496337890625,736.3253173828125,0.5959849,6.0,1,0.16560113
2080,1181,552.8573431968689,126.27489185333252,144.88735961914062,380.5101318359375,0.38263988,16.0,-1,3.2335248
11,1182,432.3436713218689,302.75163745880127,23.936920166015625,558.1624145507812,29.227402,22.0,-1,25.742096
3,1182,1162.6570563316345,208.3965654373169,754.2503051757812,463.8073425292969,21.872873,18.0,-1,21.268501
0,1182,1556.6416144371033,765.95592212677,1148.23486328125,1021.36669921875,19.485575,22.0,-1,35.153114
2032,1182,560.413754940033,-127.67566204071045,152.0070037841797,127.73511505126953,18.318192,20.0,-1,20.420841
1,1182,1585.7043585777283,204.7204179763794,1177.297607421875,460.1311950683594,16.541765,18.0,-1,25.6691
1879,1182,1893.0539679527283,-27.24720287322998,1484.647216796875,228.16357421875,12.431663,14.0,-1,6.714007
2,1182,1656.0752081871033,226.14976978302002,1247.66845703125,481.560546875,11.875423,16.0,-1,22.749378
1332,1182,632.3068976402283,593.6245622634888,223.900146484375,849.0353393554688,11.507457,18.0,-1,11.619684
3079,1182,1930.7695441246033,18.48552417755127,1522.36279296875,273.89630126953125,8.508458,12.0,-1,10.965957
4,1182,1311.9210333824158,-83.58106517791748,903.5142822265625,171.8297119140625,8.129827,16.0,-1,24.597103
8,1182,1366.818799495697,290.0761613845825,958.4120483398438,545.4869384765625,8.110398,18.0,-1,4.162197
3509,1182,1996.5869269371033,381.6249895095825,1588.18017578125,637.0357666015625,8.035859,16.0,-1,1.4182403
3654,1182,1336.2767462730408,672.9242448806763,927.8699951171875,928.3350219726562,7.768625,28.0,-1,4.0625863
2946,1182,1520.3347296714783,944.38951587677,1111.927978515625,1199.80029296875,7.3072457,12.0,-1,14.319152
3748,1182,1097.4937262535095,220.57194995880127,689.0869750976562,475.98272705078125,4.5194144,22.0,-1,37.447594
2281,1182,1800.0172247886658,-38.96349620819092,1391.6104736328125,216.44728088378906,4.194415,10.0,-1,17.151596
12,1182,1157.026807308197,800.1284074783325,748.6200561523438,1055.5391845703125,3.7619188,16.0,-1,3.8903291
3367,1182,1083.235059261322,214.9889726638794,674.8283081054688,470.3997497558594,2.0932815,28.0,-1,21.424528
3191,1182,1592.0781378746033,454.26323413848877,1183.67138671875,709.6740112304688,1.2808616,22.0,-1,2.2260976
2986,1182,1475.1761603355408,427.15074634552,1066.7694091796875,682.5615234375,1.1223153,12.0,-1,5.4646993
3660,1182,444.2453017234802,-225.94156169891357,35.83855056762695,29.469215393066406,0.95893973,18.0,-1,0.106390834
3034,1182,458.35880422592163,610.5995988845825,49.95205307006836,866.0103759765625,0.6720961,24.0,-1,2.7007873
2389,1182,1397.6573615074158,175.6862382888794,989.2506103515625,431.0970153808594,0.47451153,22.0,-1,1.0144279
3575,1182,1802.9959845542908,483.505970954895,1394.5892333984375,738.916748046875,0.45912743,6.0,1,0.46977854
2080,1182,554.2774329185486,124.9672441482544,145.8706817626953,380.3780212402344,0.36475947,18.0,-1,3.6413617
0,1183,1555.5336737632751,765.2072343826294,1146.208740234375,1020.1249389648438,41.80104,20.0,-1,34.402973
3,1183,1161.7585272789001,207.68596363067627,752.43359375,462.6036682128906,23.203547,18.0,-1,21.306316
11,1183,431.45268392562866,302.79213428497314,22.127750396728516,557.7098388671875,23.004843,22.0,-1,26.484894
2032,1183,560.413754940033,-127.67566204071045,151.0888214111328,127.2420425415039,18.329407,20.0,-1,20.596514
1,1183,1587.4983954429626,205.5900468826294,1178.1734619140625,460.50775146484375,16.631205,18.0,-1,26.234383
1879,1183,1891.4427313804626,-26.272883415222168,1482.1177978515625,228.6448211669922,15.051018,16.0,-1,5.9164624
4,1183,1311.0959296226501,-84.8107099533081,901.77099609375,170.10699462890625,14.6609535,16.0,-1,25.006514
2,1183,1657.3630194664001,225.76915454864502,1248.0380859375,480.6868591308594,11.851415,16.0,-1,23.566374
1332,1183,633.0076422691345,591.3493852615356,223.68270874023438,846.26708984375,11.10926,18.0,-1,11.37206
3654,1183,1335.0681586265564,671.7722978591919,925.7432250976562,926.6900024414062,6.7694917,28.0,-1,4.0078287
3079,1183,1932.8671698570251,19.287129402160645,1523.542236328125,274.204833984375,5.751343,12.0,-1,12.769491
8,1183,1368.2259345054626,291.80507373809814,958.9010009765625,546.7227783203125,5.4681106,18.0,-1,4.5923033
3509,1183,1994.8467841148376,382.20546436309814,1585.5218505859375,637.1231689453125,5.3748646,14.0,-1,5.220626
2946,1183,1519.7532782554626,942.9469194412231,1110.4283447265625,1197.8646240234375,5.25867,12.0,-1,15.024441
12,1183,1159.1421942710876,798.3103227615356,749.8172607421875,1053.22802734375,3.8474553,16.0,-1,3.9427466
3748,1183,1098.0197577476501,222.4624834060669,688.69482421875,477.38018798828125,3.7296724,22.0,-1,40.51773
2281,1183,1803.2914862632751,-39.05787181854248,1393.966552734375,215.85983276367188,3.5185783,10.0,-1,13.657067
3367,1183,1084.3115057945251,217.03957080841064,674.986572265625,471.957275390625,2.0607998,28.0,-1,22.571182
3660,1183,444.5919623374939,-224.793231010437,35.26702880859375,30.124473571777344,1.2048078,6.0,1,0.15105268
3034,1183,456.87045431137085,607.4660844802856,47.5455207824707,862.3837890625,1.1520722,22.0,-1,2.2936685
2986,1183,1474.9708075523376,428.6642656326294,1065.6458740234375,683.5819702148438,0.81077236,14.0,-1,5.5449667
3191,1183,1591.1928534507751,458.2287187576294,1181.867919921875,713.1464233398438,0.44596162,26.0,-1,2.5378294
3575,1183,1806.7092108726501,483.35719776153564,1397.38427734375,738.27490234375,0.3800194,6.0,1,0.298702
2080,1183,557.4844794273376,124.77324390411377,148.1595458984375,379.6909484863281,0.37659124,18.0,-1,2.182874
2389,1183,1397.4739813804626,179.1344804763794,988.1490478515625,434.05218505859375,0.3485836,20.0,-1,1.1559741
0,1184,1555.9202704429626,765.9525308609009,1145.6845703125,1021.4931030273438,29.617643,20.0,-1,34.419117
11,1184,432.9374632835388,302.9035806655884,22.701763153076172,558.4441528320312,24.889532,22.0,-1,26.210411
3,1184,1160.6752753257751,208.59105014801025,750.4395751953125,464.1316223144531,23.90845,18.0,-1,21.013264
2032,1184,560.1383032798767,-127.78710842132568,149.90260314941406,127.75346374511719,19.046139,20.0,-1,20.466644
1879,1184,1892.3554511070251,-27.188002586364746,1482.1197509765625,228.35256958007812,15.326988,16.0,-1,4.4740677
1,1184,1587.5584540367126,204.30918979644775,1177.32275390625,459.8497619628906,13.440579,18.0,-1,25.970684
4,1184,1312.6660590171814,-85.03619289398193,902.4303588867188,170.50437927246094,12.355142,16.0,-1,27.532967
2,1184,1657.3029608726501,225.57371616363525,1247.0672607421875,481.1142883300781,11.132028,16.0,-1,25.747433
1332,1184,632.7986731529236,593.0475015640259,222.56297302246094,848.5880737304688,9.4209175,18.0,-1,11.329195
3654,1184,1332.486737728119,673.3770914077759,922.2510375976562,928.9176635742188,7.962438,28.0,-1,3.170168
3509,1184,1993.9786200523376,379.6583414077759,1583.742919921875,635.1989135742188,7.7564836,14.0,-1,5.493916
8,1184,1369.3926215171814,291.9496011734009,959.1569213867188,547.4901733398438,5.359001,18.0,-1,3.5539038
2946,1184,1521.7284979820251,945.9204874038696,1111.4927978515625,1201.4610595703125,5.110581,12.0,-1,15.5543165
12,1184,1158.967206478119,798.0515909194946,748.7315063476562,1053.5921630859375,5.1077423,16.0,-1,3.9185789
3079,1184,1932.4217352867126,20.49067783355713,1522.18603515625,276.03125,4.877051,12.0,-1,13.591609
2281,1184,1805.0085272789001,-40.18766689300537,1394.7728271484375,215.3529052734375,3.0547962,10.0,-1,13.918566
3748,1184,1095.8657050132751,223.169602394104,685.6300048828125,478.7101745605469,2.9343853,22.0,-1,44.19369
3191,1184,1589.4586005210876,459.54377841949463,1179.222900390625,715.0843505859375,1.6947232,24.0,-1,2.3222184
3367,1184,1086.9131293296814,216.72825717926025,676.6774291992188,472.2688293457031,1.6674523,28.0,-1,23.255116
3660,1184,445.9301543235779,-228.42552280426025,35.694454193115234,27.115049362182617,1.296722,8.0,1,0.68409574
3034,1184,458.10425329208374,606.3359537124634,47.868553161621094,861.8765258789062,1.05315,20.0,-1,1.4335612
2389,1184,1396.2001776695251,181.3584451675415,985.9644775390625,436.8990173339844,0.8496385,16.0,-1,0.20690042
2986,1184,1477.6736884117126,430.5130777359009,1067.43798828125,686.0536499023438,0.83320063,12.0,-1,5.202586
3575,1184,1805.5469794273376,481.6338052749634,1395.311279296875,737.1743774414062,0.42642006,6.0,1,0.6160215
11,1185,434.66954946517944,303.33454990386963,23.289196014404297,558.8984375,23.805511,22.0,-1,25.682384
0,1185,1555.5435614585876,765.1101846694946,1144.1632080078125,1020.674072265625,19.800333,22.0,-1,34.096237
3,1185,1161.295819759369,210.1519021987915,749.9154663085938,465.7157897949219,19.380167,18.0,-1,21.445055
1,1185,1586.8533759117126,203.56578159332275,1175.4730224609375,459.1296691894531,18.69629,18.0,-1,24.916986
2032,1185,561.1431860923767,-127.34658718109131,149.76283264160156,128.21730041503906,13.772841,20.0,-1,20.587439
1879,1185,1891.0135321617126,-27.677611351013184,1479.6331787109375,227.8862762451172,11.000405,16.0,-1,3.5206876
1332,1185,630.9324927330017,593.1007242202759,219.55213928222656,848.6646118164062,10.920417,18.0,-1,12.199268
2,1185,1657.0740790367126,227.22084140777588,1245.6937255859375,482.78472900390625,10.506118,16.0,-1,25.614672
4,1185,1314.9235663414001,-86.99256801605225,903.543212890625,168.57131958007812,9.662998,16.0,-1,27.812489
3654,1185,1331.0547919273376,672.4988565444946,919.6744384765625,928.062744140625,6.913698,28.0,-1,2.2870543
8,1185,1367.4307074546814,292.2174234390259,956.0503540039062,547.7813110351562,6.8637223,18.0,-1,3.7464292
3079,1185,1932.5787177085876,20.938340187072754,1521.1983642578125,276.5022277832031,6.1776333,12.0,-1,12.798691
2946,1185,1525.8804755210876,942.8617715835571,1114.5001220703125,1198.4256591796875,6.1118226,12.0,-1,15.863802
3509,1185,1993.3886542320251,379.8874673843384,1582.00830078125,635.4513549804688,6.021151,14.0,-1,7.8148975
12,1185,1159.801679134369,796.2515420913696,748.4213256835938,1051.8154296875,5.132162,16.0,-1,3.5884147
3748,1185,1097.943524837494,223.23451328277588,686.5631713867188,478.79840087890625,4.3616014,22.0,-1,45.471203
2281,1185,1806.9147772789001,-43.91953945159912,1395.534423828125,211.64434814453125,4.049723,10.0,-1,14.857109
3034,1185,456.06425619125366,606.3359537124634,44.683902740478516,861.8998413085938,1.4299778,20.0,-1,0.71952903
3191,1185,1589.4586005210876,456.4449625015259,1178.0782470703125,712.0088500976562,1.305571,24.0,-1,2.7311592
3660,1185,444.9450087547302,-226.2445478439331,33.56465530395508,29.319339752197266,0.88314885,16.0,-1,0.6024003
2986,1185,1475.2708563804626,433.72725009918213,1063.8905029296875,689.2911376953125,0.79983854,14.0,-1,4.5726748
2389,1185,1397.2724432945251,180.40242099761963,985.89208984375,435.96630859375,0.7990692,22.0,-1,0.5739109
3575,1185,1808.3991522789001,479.53120517730713,1397.018798828125,735.0950927734375,0.302182,8.0,1,1.5086969
2080,1185,566.1072821617126,125.62352085113525,154.7269287109375,381.1874084472656,0.2911238,12.0,-1,3.3420281
0,1186,1555.8024678230286,766.160943031311,1143.869873046875,1021.956298828125,36.68913,22.0,-1,34.890617
11,1186,434.5128273963928,302.4244318008423,22.580232620239258,558.2197875976562,25.170744,22.0,-1,25.472485
3,1186,1160.204933643341,208.83174991607666,748.2723388671875,464.6271057128906,21.963388,18.0,-1,20.226622
2032,1186,561.8138203620911,-124.45557308197021,149.8812255859375,131.33978271484375,18.970724,20.0,-1,21.19173
1879,1186,1889.8945088386536,-27.62259578704834,1477.9619140625,228.17276000976562,13.886887,16.0,-1,4.5192313
1332,1186,629.8403859138489,594.0137872695923,217.9077911376953,849.8091430664062,13.159171,18.0,-1,11.896863
1,1186,1588.2023701667786,201.70971012115479,1176.269775390625,457.50506591796875,13.076553,18.0,-1,24.158499
4,1186,1316.5560688972473,-87.7507848739624,904.6234741210938,168.04457092285156,11.843631,16.0,-1,26.91854
2,1186,1658.3058857917786,227.91234683990479,1246.373291015625,483.70770263671875,11.564218,16.0,-1,25.5939
12,1186,1161.661964893341,791.5126276016235,749.7293701171875,1047.3079833984375,6.638271,16.0,-1,4.515544
2281,1186,1806.0307393074036,-45.976996421813965,1394.09814453125,209.818359375,6.0306797,10.0,-1,17.451181
3654,1186,1329.987892627716,672.4438409805298,918.0552978515625,928.2391967773438,5.7282853,28.0,-1,3.5195062
2946,1186,1525.491798877716,943.8109674453735,1113.5592041015625,1199.6063232421875,5.1793714,12.0,-1,14.40093
3509,1186,1993.898048877716,377.63335514068604,1581.9654541015625,633.4287109375,4.642911,14.0,-1,7.4429927
3079,1186,1930.698097705841,19.42659854888916,1518.7655029296875,275.2219543457031,4.5384345,12.0,-1,10.17591
8,1186,1366.9650044441223,292.81670475006104,955.0324096679688,548.612060546875,4.506793,18.0,-1,5.375002
3748,1186,1099.377785205841,224.3139886856079,687.4451904296875,480.1093444824219,3.9152079,22.0,-1,43.433636
3191,1186,1592.0651631355286,458.5762872695923,1180.132568359375,714.3716430664062,1.6645269,22.0,-1,1.9881116
3367,1186,1089.3647847175598,218.80941104888916,677.4321899414062,474.6047668457031,1.4579526,28.0,-1,23.46003
2389,1186,1401.102638721466,178.07158756256104,989.1700439453125,433.866943359375,1.1068119,8.0,1,0.07551403
3660,1186,445.10173082351685,-223.60827922821045,33.16913604736328,32.187076568603516,1.0711737,16.0,-1,0.26501423
3034,1186,455.1155171394348,607.4264459609985,43.18292236328125,863.2218017578125,1.0120472,22.0,-1,0.9339358
2986,1186,1473.0590596199036,430.52361392974854,1061.12646484375,686.3189697265625,0.81266546,12.0,-1,5.080373
2080,1186,568.0925679206848,123.80083560943604,156.15997314453125,379.59619140625,0.36954355,14.0,-1,2.6100025
3575,1186,1805.8510518074036,480.07830142974854,1393.91845703125,735.8736572265625,0.27917594,8.0,1,0.3483732
11,1187,434.06847620010376,302.33269596099854,21.589860916137695,557.9482421875,28.046846,22.0,-1,24.975306
0,1187,1555.3300557136536,766.7013483047485,1142.8514404296875,1022.31689453125,24.74615,22.0,-1,34.541
3,1187,1160.949318408966,208.38778018951416,748.470703125,464.0033264160156,20.832489,18.0,-1,21.65861
1,1187,1587.245216846466,203.05742740631104,1174.7666015625,458.6729736328125,16.230043,18.0,-1,23.839622
2032,1187,562.5056385993958,-125.4211950302124,150.0270233154297,130.19435119628906,14.976777,20.0,-1,20.361053
2,1187,1658.919777393341,228.83049869537354,1246.441162109375,484.446044921875,14.059251,16.0,-1,25.290916
4,1187,1316.6799702644348,-86.5034704208374,904.2013549804688,169.11207580566406,12.506817,16.0,-1,27.063715
1879,1187,1890.375343799591,-28.197196006774902,1477.896728515625,227.41835021972656,11.747788,16.0,-1,3.875137
1332,1187,628.5936512947083,592.1669855117798,216.1150360107422,847.7825317382812,10.3387,18.0,-1,11.506808
3654,1187,1328.6699604988098,674.2450494766235,916.1913452148438,929.860595703125,8.272973,28.0,-1,3.7266648
3079,1187,1931.915138721466,17.33364200592041,1519.4365234375,272.9491882324219,6.3793774,12.0,-1,11.731597
8,1187,1366.547707080841,296.1236505508423,954.069091796875,551.7391967773438,6.3637404,18.0,-1,5.1623964
12,1187,1163.2656636238098,792.540825843811,750.7870483398438,1048.1563720703125,5.043674,16.0,-1,4.8623295
3509,1187,1994.4604268074036,378.5620050430298,1581.9818115234375,634.1775512695312,5.0059323,14.0,-1,5.720521
2946,1187,1525.3996357917786,948.7655572891235,1112.9210205078125,1204.381103515625,4.925521,12.0,-1,15.010587
3748,1187,1098.1233296394348,222.95855045318604,685.6447143554688,478.5740966796875,3.6717093,22.0,-1,43.71809
2281,1187,1806.5500264167786,-47.981757164001465,1394.0714111328125,207.6337890625,3.0056973,10.0,-1,17.630857
3367,1187,1089.2674946784973,216.73333072662354,676.7888793945312,472.348876953125,1.7827667,28.0,-1,23.909344
3191,1187,1590.754738330841,458.6326837539673,1178.276123046875,714.2482299804688,1.7006783,22.0,-1,2.6494973
3034,1187,457.84876680374146,607.4264459609985,45.37015151977539,863.0419921875,1.3580302,20.0,-1,1.5777441
2389,1187,1401.102638721466,177.7351312637329,988.6240234375,433.3506774902344,1.2266725,8.0,1,0.16958961
2986,1187,1474.0199971199036,430.3708429336548,1061.5413818359375,685.9863891601562,0.910106,14.0,-1,5.158705
3660,1187,444.66074419021606,-223.54638195037842,32.18212890625,32.06916427612305,0.7760854,16.0,-1,0.37026557
2080,1187,570.3722767829895,122.54573917388916,157.89366149902344,378.1612854003906,0.43163678,14.0,-1,2.804598
3575,1187,1803.716408252716,481.6177911758423,1391.23779296875,737.2333374023438,0.38375843,8.0,1,0.5206335
0,1188,1556.24409532547,766.8654336929321,1142.8758544921875,1023.5245361328125,25.768656,22.0,-1,35.810574
11,1188,434.83820962905884,300.60713291168213,21.469968795776367,557.2662353515625,23.206673,22.0,-1,25.529533
1,1188,1586.69673204422,202.59959506988525,1173.3284912109375,459.2586975097656,19.487143,20.0,-1,24.337694
3,1188,1160.2036290168762,210.61567783355713,746.8353881835938,467.2747802734375,16.158335,18.0,-1,21.607668
2032,1188,562.5126194953918,-126.52584743499756,149.14437866210938,130.1332550048828,12.747661,20.0,-1,20.290518
1332,1188,628.2786412239075,591.0374307632446,214.910400390625,847.696533203125,10.371636,18.0,-1,12.405527
1879,1188,1890.2310338020325,-28.85592555999756,1476.86279296875,227.8031768798828,9.684001,16.0,-1,5.8009667
4,1188,1318.3350987434387,-86.667555809021,904.9668579101562,169.99154663085938,9.534862,16.0,-1,26.495647
2,1188,1658.6746373176575,230.50886631011963,1245.306396484375,487.16796875,9.067297,16.0,-1,22.84877
8,1188,1365.57466173172,299.21296787261963,952.2064208984375,555.8720703125,7.862168,20.0,-1,5.4194517
3654,1188,1328.6607823371887,675.4214639663696,915.2925415039062,932.08056640625,7.743199,28.0,-1,3.1266384
12,1188,1165.9879307746887,791.3052530288696,752.6196899414062,1047.96435546875,7.3076954,16.0,-1,2.8777857
3079,1188,1931.90815782547,16.583054542541504,1518.5399169921875,273.2421569824219,5.82663,12.0,-1,12.551636
2946,1188,1523.6927037239075,950.8750772476196,1110.324462890625,1207.5341796875,5.0687118,12.0,-1,14.894602
3509,1188,1994.862015247345,380.4599771499634,1581.4937744140625,637.1190795898438,4.796249,14.0,-1,3.66488
2281,1188,1807.9080357551575,-50.09878444671631,1394.539794921875,206.56031799316406,3.8308525,12.0,-1,14.034741
3748,1188,1098.73384141922,223.36195468902588,685.3656005859375,480.02105712890625,3.6585405,22.0,-1,45.026726
2389,1188,1403.1252598762512,175.46470737457275,989.7570190429688,432.1238098144531,1.8412018,8.0,1,0.51940334
3660,1188,449.3062787055969,-222.33706188201904,35.93803787231445,34.32204055786133,1.5121669,18.0,-1,0.19636619
3034,1188,460.6326870918274,605.3503580093384,47.26444625854492,862.0094604492188,1.5016967,20.0,-1,1.5060853
2986,1188,1470.343948841095,433.4902505874634,1056.9757080078125,690.1493530273438,1.1558161,14.0,-1,4.9089894
3191,1188,1591.84028673172,456.7536783218384,1178.4720458984375,713.4127807617188,0.54351014,24.0,-1,1.6202883
3575,1188,1801.1287388801575,487.17158603668213,1387.760498046875,743.8306884765625,0.44715178,16.0,-1,0.2185997
2080,1188,568.979462146759,122.86909580230713,155.61122131347656,379.5281982421875,0.36407876,14.0,-1,2.901269
11,1189,434.17904710769653,299.1515054702759,20.304183959960938,555.9638671875,27.001783,22.0,-1,25.25262
0,1189,1557.6316990852356,766.4425210952759,1143.7568359375,1023.2548828125,25.119827,22.0,-1,34.7584
1,1189,1585.3421483039856,204.20481967926025,1171.46728515625,461.0171813964844,21.965935,20.0,-1,25.421032
3,1189,1160.7318577766418,211.0041971206665,746.8569946289062,467.8165588378906,16.600698,18.0,-1,21.051437
2032,1189,563.10151720047,-127.4772481918335,149.22665405273438,129.33511352539062,14.149918,20.0,-1,21.031132
1879,1189,1889.0931248664856,-28.389235496520996,1475.21826171875,228.42312622070312,12.236135,16.0,-1,4.562135
2,1189,1659.716782093048,229.97004795074463,1245.8419189453125,486.78240966796875,10.676238,16.0,-1,22.50393
4,1189,1319.5137181282043,-84.87756252288818,905.6388549804688,171.93479919433594,10.562741,16.0,-1,27.788624
1332,1189,627.9052586555481,590.6497354507446,214.0303955078125,847.4620971679688,10.001802,18.0,-1,12.954725
3654,1189,1325.6497654914856,673.9815225601196,911.77490234375,930.7938842773438,7.896335,28.0,-1,2.3492675
2946,1189,1523.860825061798,950.9983072280884,1109.9859619140625,1207.8106689453125,7.4055,12.0,-1,14.66688
3748,1189,1098.4576268196106,222.50645542144775,684.582763671875,479.3188171386719,6.6231537,20.0,-1,45.41437
8,1189,1365.4065403938293,298.00654697418213,951.5316772460938,554.8189086914062,6.612404,20.0,-1,5.635087
3079,1189,1932.917709827423,14.276780128479004,1519.0428466796875,271.0891418457031,6.1795726,12.0,-1,10.838168
12,1189,1168.0633397102356,791.1820230484009,754.1884765625,1047.994384765625,5.2647033,16.0,-1,4.49015
3509,1189,1992.0997166633606,382.3774576187134,1578.224853515625,639.1898193359375,4.8289795,14.0,-1,6.1584487
2281,1189,1806.1663670539856,-49.250243186950684,1392.29150390625,207.56211853027344,2.7976568,12.0,-1,11.166598
3034,1189,459.418785572052,606.5679483413696,45.543922424316406,863.3803100585938,1.7922305,22.0,-1,1.1972493
3660,1189,451.89350175857544,-225.96791744232178,38.018638610839844,30.844444274902344,1.0457581,10.0,1,0.06646078
2986,1189,1469.908432483673,434.6764078140259,1056.0335693359375,691.48876953125,0.72232884,14.0,-1,4.6467466
3191,1189,1591.477768421173,454.64412021636963,1177.6029052734375,711.4564819335938,0.5125745,24.0,-1,1.2340744
2389,1189,1403.3552708625793,175.89692783355713,989.4804077148438,432.70928955078125,0.41858587,18.0,-1,0.67459375
3575,1189,1803.0838475227356,491.45954990386963,1389.208984375,748.2719116210938,0.38553342,14.0,-1,0.12326926
2080,1189,569.8262944221497,123.27415561676025,155.95143127441406,380.0865173339844,0.29166967,16.0,-1,3.241085
0,1190,1557.034866809845,765.430588722229,1142.3609619140625,1022.7365112304688,23.779222,22.0,-1,33.511917
11,1190,434.3756318092346,299.788987159729,19.70172691345215,557.0949096679688,21.637304,22.0,-1,25.957684
1,1190,1585.3172154426575,204.942063331604,1170.643310546875,462.24798583984375,20.3479,20.0,-1,24.758188
2032,1190,565.4886631965637,-130.4676275253296,150.81475830078125,126.83829498291016,20.234297,20.0,-1,21.201664
3,1190,1160.5532383918762,210.75953769683838,745.8793334960938,468.0654602050781,16.993515,18.0,-1,21.709627
1879,1190,1890.5720982551575,-28.07083034515381,1475.898193359375,229.23509216308594,12.523587,16.0,-1,4.2867975
1332,1190,627.9062809944153,589.1552591323853,213.2323760986328,846.461181640625,12.051885,18.0,-1,14.462888
3654,1190,1326.1883702278137,677.5554056167603,911.5144653320312,934.861328125,9.857726,28.0,-1,3.268962
2,1190,1659.2815709114075,231.5540018081665,1244.607666015625,488.85992431640625,8.644172,16.0,-1,19.770136
4,1190,1321.158890247345,-85.79258632659912,906.4849853515625,171.51333618164062,8.640687,16.0,-1,27.04388
3079,1190,1934.55854845047,11.736954689025879,1519.8846435546875,269.0428771972656,6.6474814,12.0,-1,11.673248
3748,1190,1098.1396641731262,221.962327003479,683.4657592773438,479.26824951171875,6.1025367,20.0,-1,43.39718
8,1190,1362.0368809700012,298.647385597229,947.3629760742188,555.9533081054688,5.853802,20.0,-1,6.347541
2946,1190,1523.348831653595,950.8041849136353,1108.6749267578125,1208.110107421875,5.2595096,12.0,-1,13.921371
3509,1190,1989.96675157547,381.46934604644775,1575.2928466796875,638.7752685546875,4.221615,14.0,-1,7.36627
12,1190,1170.24946641922,790.7060403823853,755.5755615234375,1048.011962890625,3.8295758,16.0,-1,6.425779
2281,1190,1807.605179309845,-48.35685634613037,1392.9312744140625,208.94906616210938,3.0589345,12.0,-1,12.687869
3034,1190,460.4237904548645,607.4150247573853,45.74988555908203,864.720947265625,1.4390534,18.0,-1,0.3219542
3660,1190,450.9788670539856,-225.24728298187256,36.304962158203125,32.05863952636719,1.0508057,10.0,1,0.4582755
3191,1190,1589.3592076301575,454.83824253082275,1174.685302734375,712.1441650390625,0.9904328,26.0,-1,2.0981703
2986,1190,1471.58589220047,433.850266456604,1056.9119873046875,691.1561889648438,0.5928285,16.0,-1,4.2290936
2389,1190,1397.3523106575012,175.701096534729,982.6784057617188,433.00701904296875,0.39327815,18.0,-1,0.7415134
3575,1190,1804.16157579422,494.485520362854,1389.4876708984375,751.7914428710938,0.33424866,6.0,1,0.575228
2080,1190,569.8252720832825,126.42903232574463,155.1513671875,383.7349548339844,0.33216187,16.0,-1,3.3724222
2032,1191,569.0452122688293,-132.67281246185303,153.94174194335938,125.1993637084961,23.511581,20.0,-1,21.551105
0,1191,1556.0811314582825,765.8846597671509,1140.9776611328125,1023.7568359375,22.090279,22.0,-1,34.99759
11,1191,433.49132776260376,299.7226724624634,18.38785743713379,557.5948486328125,20.908276,22.0,-1,26.154938
1,1191,1586.26167345047,205.99253940582275,1171.158203125,463.8647155761719,19.424675,20.0,-1,25.68252
1879,1191,1889.109573841095,-27.97787380218506,1474.006103515625,229.89430236816406,15.65776,16.0,-1,4.4777765
3,1191,1162.7083287239075,210.62669467926025,747.6048583984375,468.4988708496094,14.833905,18.0,-1,20.421759
1332,1191,628.7781376838684,588.2113199234009,213.67466735839844,846.08349609375,11.921886,18.0,-1,13.918132
4,1191,1322.4319005012512,-87.378981590271,907.3284301757812,170.49319458007812,9.21835,18.0,-1,29.403028
2,1191,1659.95454454422,229.943284034729,1244.85107421875,487.8154602050781,7.8661304,16.0,-1,19.496372
8,1191,1358.9138340950012,300.84455966949463,943.8103637695312,558.7167358398438,6.4964867,20.0,-1,7.5955105
3654,1191,1325.075882434845,678.2984170913696,909.972412109375,936.1705932617188,6.131445,28.0,-1,3.759614
3748,1191,1096.6245884895325,222.0405740737915,681.5211181640625,479.9127502441406,5.280731,22.0,-1,40.598164
3079,1191,1933.262894153595,8.412461280822754,1518.159423828125,266.2846374511719,5.195011,12.0,-1,13.36605
3509,1191,1991.7598423957825,376.7693033218384,1576.6563720703125,634.6414794921875,5.109576,14.0,-1,6.4773955
12,1191,1174.3769688606262,790.6971597671509,759.2734985351562,1048.5693359375,4.952695,16.0,-1,3.1597362
2946,1191,1521.66792345047,951.9804849624634,1106.564453125,1209.8526611328125,4.8873076,12.0,-1,13.689253
2281,1191,1807.605179309845,-47.289076805114746,1392.501708984375,210.58309936523438,2.6467724,12.0,-1,13.160199
3191,1191,1589.9077916145325,457.32466220855713,1174.8043212890625,715.1968383789062,1.5432898,24.0,-1,2.1322825
3034,1191,460.9236912727356,608.0298013687134,45.820220947265625,865.9019775390625,1.0812796,18.0,-1,1.0784333
2986,1191,1473.5489048957825,432.2905435562134,1058.4454345703125,690.1627197265625,1.0560127,12.0,-1,5.153857
3660,1191,449.36947679519653,-230.60464763641357,34.26600646972656,27.267528533935547,0.8515913,24.0,-1,2.3024566
3575,1191,1802.933792591095,495.33760166168213,1387.830322265625,753.2097778320312,0.3916109,14.0,-1,0.15699184
2389,1191,1394.499222278595,175.701096534729,979.395751953125,433.5732727050781,0.33535746,18.0,-1,1.3930519
0,1192,1554.7958188056946,766.1039590835571,1139.2421875,1023.8187255859375,27.6322,22.0,-1,34.743496
1,1192,1586.9530453681946,205.99253940582275,1171.3994140625,463.7073059082031,20.935425,18.0,-1,26.953426
2032,1192,567.838146686554,-132.78328609466553,152.28451538085938,124.93148040771484,18.395218,20.0,-1,21.815355
3,1192,1161.4654965400696,211.85884189605713,745.911865234375,469.5736083984375,18.138056,18.0,-1,21.196148
11,1192,433.49132776260376,299.1179361343384,17.93769645690918,556.8327026367188,15.773721,22.0,-1,25.13951
1879,1192,1889.659954547882,-29.87553310394287,1474.1063232421875,227.8392333984375,15.404958,16.0,-1,5.343522
1332,1192,629.0377469062805,589.2028970718384,213.48411560058594,846.9176635742188,10.036993,18.0,-1,14.72746
4,1192,1321.9281430244446,-87.48130702972412,906.37451171875,170.23345947265625,9.976242,16.0,-1,30.47901
3654,1192,1322.4145321846008,682.9734659194946,906.8609008789062,940.688232421875,8.800881,28.0,-1,3.854353
2,1192,1659.4056820869446,228.59596347808838,1243.85205078125,486.31072998046875,7.2151504,16.0,-1,19.226841
8,1192,1357.5522274971008,302.50312900543213,941.9985961914062,560.2178955078125,5.716278,22.0,-1,6.446089
2946,1192,1524.654827594757,952.3949747085571,1109.1011962890625,1210.1097412109375,5.100288,12.0,-1,14.461738
3748,1192,1098.8607602119446,222.59712314605713,683.30712890625,480.3118896484375,4.7737775,22.0,-1,38.9721
3509,1192,1991.515667438507,378.8272867202759,1575.9620361328125,636.5420532226562,4.7604833,12.0,-1,4.867549
3079,1192,1934.186810016632,6.278946876525879,1518.6331787109375,263.99371337890625,4.7572885,12.0,-1,9.556509
12,1192,1176.065472126007,790.9051065444946,760.5118408203125,1048.619873046875,3.2704852,16.0,-1,3.9611676
2281,1192,1810.4921078681946,-42.519972801208496,1394.9384765625,215.19479370117188,3.1462965,10.0,-1,14.2602625
3191,1192,1591.337200641632,455.98188877105713,1175.7835693359375,713.6966552734375,1.7214965,20.0,-1,2.9428658
3034,1192,458.06821870803833,607.1927042007446,42.51458740234375,864.907470703125,1.3855907,18.0,-1,0.37783548
2986,1192,1475.1710629463196,429.0289468765259,1059.617431640625,686.7437133789062,0.698638,12.0,-1,4.4447823
3660,1192,451.8730511665344,-232.40897464752197,36.319419860839844,25.3057918548584,0.6966725,20.0,-1,1.7606183
3575,1192,1799.5890316963196,496.79731845855713,1384.035400390625,754.5120849609375,0.5514056,6.0,1,0.09623885
2389,1192,1392.8382992744446,175.299485206604,977.28466796875,433.0142517089844,0.50838226,20.0,-1,1.1992416
2080,1192,572.6159329414368,126.22694492340088,157.0623016357422,383.94171142578125,0.32885504,18.0,-1,3.319013
0,1193,1555.979046344757,765.4755191802979,1139.434814453125,1023.4183349609375,22.032974,22.0,-1,33.474503
2032,1193,568.6801724433899,-132.21833610534668,152.1359405517578,125.72447967529297,21.279776,20.0,-1,21.767363
11,1193,434.4256100654602,302.3161563873291,17.881378173828125,560.2589721679688,20.330408,22.0,-1,25.543312
3,1193,1160.9383358955383,210.1839542388916,744.3941040039062,468.12677001953125,18.700947,18.0,-1,20.538404
1,1193,1586.6952328681946,205.51790809631348,1170.1510009765625,463.4607238769531,17.852911,20.0,-1,25.457943
1879,1193,1890.296429157257,-31.72560691833496,1473.752197265625,226.2172088623047,15.049041,18.0,-1,5.2359843
1332,1193,628.0277523994446,589.4150943756104,211.4835205078125,847.35791015625,13.134065,18.0,-1,15.547686
4,1193,1323.0174984931946,-87.29294395446777,906.4732666015625,170.64987182617188,11.6462965,18.0,-1,29.102282
3509,1193,1990.911419391632,378.9027042388916,1574.3671875,636.8455200195312,8.466327,14.0,-1,4.0841045
3748,1193,1097.011517047882,221.8319034576416,680.46728515625,479.77471923828125,7.759844,22.0,-1,39.34616
3654,1193,1320.2516293525696,683.9132633209229,903.7073974609375,941.8560791015625,7.601195,28.0,-1,8.394228
2,1193,1659.6634945869446,228.0153751373291,1243.1192626953125,485.95819091796875,7.1030545,16.0,-1,21.788267
3079,1193,1935.039837360382,2.3508548736572266,1518.49560546875,260.2936706542969,6.15208,12.0,-1,11.444654
2946,1193,1528.1359066963196,951.7622623443604,1111.5916748046875,1209.705078125,5.5699353,12.0,-1,15.891281
8,1193,1353.8378720283508,302.4893741607666,937.2936401367188,560.4321899414062,5.409723,22.0,-1,6.731026
12,1193,1176.8013730049133,788.7959537506104,760.2571411132812,1046.73876953125,5.2178445,16.0,-1,3.6958272
2281,1193,1810.145794391632,-42.38812828063965,1393.6015625,215.5546875,4.233213,12.0,-1,13.693038
3191,1193,1592.144817829132,458.2449893951416,1175.6005859375,716.1878051757812,2.0174963,18.0,-1,2.4253824
2986,1193,1474.3817563056946,428.23821449279785,1057.8375244140625,686.1810302734375,1.0083189,20.0,-1,4.659042
3660,1193,449.7013020515442,-232.39521980285645,33.15707015991211,25.547595977783203,0.99686474,20.0,-1,1.4740561
3034,1193,457.2879681587219,607.2977848052979,40.743736267089844,865.2406005859375,0.78567266,18.0,-1,0.37956452
2389,1193,1397.281536579132,179.72832679748535,980.7373046875,437.671142578125,0.76190925,18.0,-1,1.1455462
3575,1193,1796.215862751007,495.9257755279541,1379.671630859375,753.8685913085938,0.6051437,8.0,1,0.20198727
2080,1193,573.8395504951477,127.5567569732666,157.29531860351562,385.49957275390625,0.3540888,18.0,-1,3.0235727
0,1194,1555.939495563507,765.6287326812744,1137.9869384765625,1023.9634399414062,30.338697,22.0,-1,34.337296
2032,1194,568.621365070343,-131.99191093444824,150.66880798339844,126.3427963256836,23.789492,20.0,-1,21.5709
1332,1194,628.8368344306946,588.3659152984619,210.88427734375,846.7006225585938,17.10634,18.0,-1,15.390931
1,1194,1586.9586606025696,205.7596836090088,1169.006103515625,464.0943908691406,16.720621,20.0,-1,26.407969
3,1194,1161.2088437080383,210.82056617736816,743.2562866210938,469.1552734375,14.67878,18.0,-1,20.713806
11,1194,433.88375329971313,303.2337131500244,15.931196212768555,561.5684204101562,13.780769,22.0,-1,24.284575
1879,1194,1888.852337360382,-32.847463607788086,1470.8997802734375,225.48724365234375,13.586879,18.0,-1,6.283436
4,1194,1324.2093319892883,-89.37851524353027,906.2567749023438,168.95619201660156,9.781989,18.0,-1,27.944628
3654,1194,1320.3659482002258,686.2376194000244,902.4133911132812,944.5723266601562,9.536836,28.0,-1,7.5543194
3748,1194,1097.701946735382,220.89939308166504,679.7493896484375,479.2341003417969,9.384376,22.0,-1,41.975674
2,1194,1662.283489704132,226.64585304260254,1244.3309326171875,484.9805603027344,8.594853,16.0,-1,21.94882
8,1194,1353.207073688507,300.18103981018066,935.2545166015625,558.5157470703125,7.9512696,24.0,-1,5.944954
2946,1194,1530.500530719757,949.8826999664307,1112.5479736328125,1208.2174072265625,4.82762,12.0,-1,12.567509
12,1194,1177.1877255439758,788.8094577789307,759.2351684570312,1047.1441650390625,4.7671404,16.0,-1,3.7888587
3079,1194,1935.039837360382,-0.18242454528808594,1517.0872802734375,258.15228271484375,4.6768355,12.0,-1,10.061198
3509,1194,1990.8575863838196,382.05286598205566,1572.905029296875,640.3875732421875,4.204904,14.0,-1,6.7080355
2281,1194,1813.521770954132,-42.38812828063965,1395.5692138671875,215.9465789794922,3.5647943,10.0,-1,14.221393
3660,1194,444.33616495132446,-231.21578216552734,26.383607864379883,27.118925094604492,0.85214883,20.0,-1,1.9636525
3034,1194,462.83961153030396,607.7319431304932,44.887054443359375,866.066650390625,0.8097043,18.0,-1,0.45375282
2986,1194,1471.958050251007,428.24512672424316,1054.0054931640625,686.579833984375,0.5811106,12.0,-1,4.639332
3575,1194,1795.6012387275696,495.1187229156494,1377.648681640625,753.4534301757812,0.48739323,16.0,-1,0.009081125
3191,1194,1589.610638141632,457.9574680328369,1171.6580810546875,716.2921752929688,0.48305878,22.0,-1,2.9635904
2389,1194,1397.0440487861633,178.3994846343994,979.0914916992188,436.73419189453125,0.32553038,22.0,-1,1.9284848
2032,1195,571.1868557929993,-131.26036643981934,151.8022918701172,127.9539794921875,27.966627,20.0,-1,21.35171
0,1195,1555.889690876007,766.7857761383057,1136.505126953125,1026.0001220703125,24.765852,22.0,-1,35.196323
1,1195,1586.303509235382,203.6958713531494,1166.9189453125,462.91021728515625,17.397753,18.0,-1,25.265493
3748,1195,1096.4044613838196,219.06238746643066,677.0198974609375,478.2767333984375,15.35603,22.0,-1,35.471565
3,1195,1158.9460263252258,211.6058750152588,739.5614624023438,470.8202209472656,14.363496,18.0,-1,22.306364
1332,1195,630.3221554756165,586.9901828765869,210.93759155273438,846.2045288085938,13.3792,18.0,-1,15.704961
3654,1195,1317.497601032257,684.6620578765869,898.113037109375,943.8764038085938,12.593572,28.0,-1,7.8335032
1879,1195,1888.852337360382,-32.43158531188965,1469.4677734375,226.7827606201172,12.500234,18.0,-1,5.7653084
3079,1195,1933.135052204132,-0.9767665863037109,1513.75048828125,258.2375793457031,12.485087,12.0,-1,13.367553
4,1195,1325.7327694892883,-91.8133602142334,906.3482055664062,167.40098571777344,10.459268,18.0,-1,27.625954
8,1195,1351.1262021064758,302.5020236968994,931.7416381835938,561.7163696289062,10.249881,22.0,-1,6.2222548
2,1195,1663.2565121650696,224.7963047027588,1243.8719482421875,484.0106506347656,10.053273,16.0,-1,22.90632
11,1195,431.705219745636,305.34668922424316,12.320655822753906,564.56103515625,8.814275,22.0,-1,22.524063
12,1195,1179.4278378486633,790.6427097320557,760.0432739257812,1049.8570556640625,6.6914573,16.0,-1,2.6215513
3509,1195,1991.9567074775696,385.19886207580566,1572.5721435546875,644.4132080078125,6.4029355,14.0,-1,6.5476446
2946,1195,1530.5262875556946,952.3946628570557,1111.1417236328125,1211.6090087890625,4.6905003,12.0,-1,14.749216
2281,1195,1813.053997516632,-42.73471641540527,1393.66943359375,216.47962951660156,3.4040816,12.0,-1,13.91106
3660,1195,446.2366433143616,-237.18572998046875,26.852079391479492,22.028615951538086,1.9675151,22.0,-1,2.779302
3191,1195,1586.1820492744446,454.30213356018066,1166.7974853515625,713.5164794921875,1.7657601,20.0,-1,1.7951219
3034,1195,467.41982316970825,610.3117771148682,48.03525924682617,869.526123046875,0.99541193,20.0,-1,0.99943745
2986,1195,1473.005901813507,428.24512672424316,1053.621337890625,687.45947265625,0.5276303,18.0,-1,4.1054287
3575,1195,1797.3180356025696,497.96875953674316,1377.9334716796875,757.18310546875,0.49105787,8.0,1,1.2630681
2389,1195,1391.8400082588196,175.36475563049316,972.4554443359375,434.5791015625,0.39905977,18.0,-1,0.7651752
2080,1195,576.5570034980774,126.19135475158691,157.1724395751953,385.40570068359375,0.30771232,18.0,-1,3.1019433
0,1196,1556.7955765724182,766.9485111236572,1136.689697265625,1026.135986328125,22.683172,22.0,-1,36.52362
2032,1196,570.6315598487854,-130.85187339782715,150.5256805419922,128.33560180664062,19.989697,20.0,-1,21.986444
3,1196,1158.0480179786682,211.45998573303223,737.942138671875,470.6474609375,16.45465,18.0,-1,20.84979
1332,1196,631.2322678565979,587.7995853424072,211.1263885498047,846.987060546875,15.086556,18.0,-1,15.678097
8,1196,1351.9454789161682,306.1742191314697,931.839599609375,565.3616943359375,14.8694,24.0,-1,6.2779913
1,1196,1588.3503861427307,205.75783729553223,1168.2445068359375,464.9453125,13.973194,20.0,-1,26.172043
4,1196,1326.6689896583557,-93.8848934173584,906.5631103515625,165.30258178710938,12.612563,18.0,-1,24.795074
3748,1196,1095.5217118263245,216.80571937561035,675.4158325195312,475.9931945800781,10.771679,22.0,-1,28.068674
1879,1196,1888.5059037208557,-31.37209129333496,1468.4000244140625,227.8153839111328,10.538827,16.0,-1,6.2952476
2,1196,1665.0688920021057,226.16286659240723,1244.9630126953125,485.350341796875,9.280406,16.0,-1,26.041616
11,1196,431.79677057266235,305.0791263580322,11.69089126586914,564.2666015625,7.199224,22.0,-1,20.68878
3654,1196,1316.1982865333557,684.8079471588135,896.0924072265625,943.9954223632812,6.708571,28.0,-1,6.6361504
3079,1196,1931.6230912208557,0.29512977600097656,1511.5172119140625,259.48260498046875,6.5961475,14.0,-1,10.181015
3509,1196,1992.1686234474182,384.177942276001,1572.062744140625,643.3654174804688,5.9254303,14.0,-1,2.6981654
2946,1196,1531.3918900489807,950.1067142486572,1111.2860107421875,1209.294189453125,4.839666,12.0,-1,15.171162
2281,1196,1811.3810257911682,-43.34406089782715,1391.275146484375,215.84341430664062,4.4514375,10.0,-1,16.074883
12,1196,1179.9633622169495,789.6474857330322,759.8574829101562,1048.8349609375,4.3278117,16.0,-1,4.9221783
3660,1196,446.08542490005493,-235.83694458007812,25.97954559326172,23.35053062438965,2.0953686,20.0,-1,1.9360455
3034,1196,462.74323892593384,606.4499759674072,42.637359619140625,865.637451171875,1.0524956,20.0,-1,0.7039355
3191,1196,1581.6735062599182,451.8968143463135,1161.567626953125,711.0842895507812,0.9328409,22.0,-1,0.91339886
2986,1196,1472.9143509864807,425.469690322876,1052.8084716796875,684.6571655273438,0.83829594,14.0,-1,4.753244
2389,1196,1389.895857334137,172.1500186920166,969.7899780273438,431.3374938964844,0.4983336,20.0,-1,0.357239
3575,1196,1798.3319535255432,500.034631729126,1378.22607421875,759.2221069335938,0.40357316,6.0,1,0.087920666
2080,1196,577.2383255958557,126.63833045959473,157.1324462890625,385.8258056640625,0.37152684,18.0,-1,3.139428
3,1197,1158.2147660255432,208.96091651916504,737.98046875,467.9089660644531,23.327492,18.0,-1,20.692154
1,1197,1588.2632279396057,206.0260410308838,1168.0289306640625,464.9740905761719,21.673307,18.0,-1,26.9905
0,1197,1556.8827347755432,765.7747287750244,1136.6484375,1024.7227783203125,21.55787,22.0,-1,36.324104
2032,1197,568.7977585792542,-129.71010398864746,148.56346130371094,129.23794555664062,18.785692,20.0,-1,21.261778
1332,1197,632.1667618751526,588.1617527008057,211.93246459960938,847.1098022460938,15.969383,20.0,-1,15.700353
8,1197,1349.6894364356995,308.1609592437744,929.4551391601562,567.1090087890625,10.974597,22.0,-1,6.858982
1879,1197,1887.0763382911682,-34.321218490600586,1466.842041015625,224.6268310546875,10.800513,16.0,-1,3.9894578
2,1197,1666.6536087989807,226.8892307281494,1246.4193115234375,485.8372802734375,10.616637,16.0,-1,23.348734
4,1197,1328.6514115333557,-94.27150535583496,908.4171142578125,164.67654418945312,10.540478,18.0,-1,29.678959
3748,1197,1095.8932938575745,214.55445289611816,675.6589965820312,473.50250244140625,10.485481,22.0,-1,27.117922
3654,1197,1312.089216709137,685.7799167633057,891.8549194335938,944.7279663085938,8.636314,28.0,-1,6.315706
3079,1197,1932.0337357521057,-0.9251613616943359,1511.7994384765625,258.02288818359375,7.141781,14.0,-1,10.140541
11,1197,432.16971731185913,304.81092262268066,11.935420036315918,563.7589721679688,7.003866,22.0,-1,20.883558
3509,1197,1989.7081742286682,385.13575172424316,1569.473876953125,644.0838012695312,6.7121773,14.0,-1,2.5877612
2946,1197,1529.7764115333557,952.8906955718994,1109.5421142578125,1211.8387451171875,6.5388045,12.0,-1,15.476504
12,1197,1183.061872959137,792.1289768218994,762.8275756835938,1051.0770263671875,5.001315,6.0,1,0.06966901
2281,1197,1812.3037552833557,-39.7994441986084,1392.0694580078125,219.1486053466797,3.6119812,10.0,-1,15.541117
3191,1197,1582.1567826271057,450.3456516265869,1161.9224853515625,709.293701171875,2.900952,20.0,-1,1.1919057
3034,1197,461.7444748878479,608.9330539703369,41.51017761230469,867.881103515625,1.502427,20.0,-1,1.1566489
3660,1197,443.08960580825806,-236.11285781860352,22.855308532714844,22.83519172668457,1.0657775,20.0,-1,1.037586
2389,1197,1387.5099320411682,173.0798740386963,967.275634765625,432.0279235839844,0.72447306,16.0,-1,1.0656085
2986,1197,1470.4767289161682,425.1754856109619,1050.242431640625,684.12353515625,0.5684011,14.0,-1,4.638836
3575,1197,1794.3914017677307,499.6288547515869,1374.1571044921875,758.576904296875,0.53511435,6.0,1,0.62199146
2080,1197,578.1350388526917,123.96445655822754,157.90074157714844,382.9125061035156,0.18216605,18.0,-1,2.9656138
0,1198,1556.8904786109924,767.4604892730713,1136.373779296875,1026.751953125,21.857538,22.0,-1,35.934715
3,1198,1159.0431275367737,207.36499977111816,738.5264282226562,466.6564636230469,18.819576,18.0,-1,21.674961
2032,1198,568.7900147438049,-128.99352073669434,148.2733154296875,130.29794311523438,18.347971,20.0,-1,21.956959
1,1198,1587.5938477516174,206.80091285705566,1167.0771484375,466.0923767089844,18.011549,20.0,-1,26.401022
1332,1198,631.2266144752502,588.6285800933838,210.7099151611328,847.9200439453125,15.769162,20.0,-1,16.780504
3748,1198,1095.6304078102112,212.34070777893066,675.1137084960938,471.6321716308594,12.896264,22.0,-1,32.46483
4,1198,1328.385717868805,-93.45938682556152,907.8690185546875,165.8320770263672,11.796269,18.0,-1,25.306301
3654,1198,1309.08615732193,687.0699863433838,888.5694580078125,946.3614501953125,11.766767,28.0,-1,8.968642
1879,1198,1884.99094247818,-34.172658920288086,1464.4742431640625,225.11880493164062,10.56331,16.0,-1,6.7346716
2,1198,1667.466284275055,226.83887672424316,1246.9495849609375,486.1303405761719,8.653575,16.0,-1,24.763548
3079,1198,1933.3577637672424,-0.8748073577880859,1512.841064453125,258.4166564941406,8.288247,14.0,-1,7.4662004
8,1198,1351.3379883766174,308.75754737854004,930.8212890625,568.0490112304688,7.766287,22.0,-1,6.3024855
11,1198,433.0434069633484,304.1101474761963,12.526707649230957,563.401611328125,6.8577952,22.0,-1,20.257515
3509,1198,1989.28977060318,385.3666172027588,1568.7730712890625,644.6580810546875,6.0583014,16.0,-1,2.2023482
2946,1198,1530.29074716568,950.8682041168213,1109.7740478515625,1210.15966796875,5.210399,12.0,-1,14.436667
12,1198,1184.1978516578674,790.9786777496338,763.68115234375,1050.2701416015625,4.5449257,16.0,-1,3.4398863
2281,1198,1813.740210056305,-40.76228904724121,1393.2235107421875,218.5291748046875,4.1220613,10.0,-1,15.946848
3191,1198,1579.55344247818,447.97031593322754,1159.0367431640625,707.2617797851562,1.3511258,18.0,-1,1.1490144
3660,1198,443.5433373451233,-238.74737930297852,23.02663803100586,20.544084548950195,1.055544,20.0,-1,1.5548227
2986,1198,1467.55832529068,426.6833896636963,1047.0416259765625,685.974853515625,1.0246544,14.0,-1,5.065329
2389,1198,1388.329565525055,172.72181129455566,967.8128662109375,432.0132751464844,0.7277064,10.0,1,0.13614088
3575,1198,1796.218725681305,499.03061866760254,1375.7020263671875,758.3220825195312,0.6536729,6.0,1,0.833835
3034,1198,460.3096413612366,612.15744972229,39.79294204711914,871.4489135742188,0.6269656,18.0,-1,1.1440345
2080,1198,576.4464173316956,122.48633766174316,155.92971801757812,381.7778015136719,0.29003295,16.0,-1,3.0449042
2032,1199,568.7303977012634,-129.4577922821045,148.1011505126953,130.2352752685547,26.366617,20.0,-1,21.943682
3,1199,1159.2631583213806,206.1421070098877,738.6339111328125,465.8351745605469,23.459555,18.0,-1,21.450022
0,1199,1556.4002432823181,766.4763660430908,1135.77099609375,1026.16943359375,20.382017,22.0,-1,36.41794
1,1199,1588.6238760948181,207.4316577911377,1167.99462890625,467.1247253417969,19.171999,20.0,-1,25.587692
1332,1199,630.1869559288025,589.1280384063721,209.55770874023438,848.8211059570312,16.811253,20.0,-1,16.854683
1879,1199,1886.8412833213806,-34.14700126647949,1466.2120361328125,225.5460662841797,13.156896,16.0,-1,5.2461214
4,1199,1328.7298941612244,-91.93731498718262,908.1006469726562,167.75575256347656,12.537694,18.0,-1,25.059395
3654,1199,1309.2238516807556,691.0776844024658,888.5946044921875,950.770751953125,9.278818,28.0,-1,6.0186095
3079,1199,1931.0180411338806,-0.9004650115966797,1510.3887939453125,258.7926025390625,8.098203,14.0,-1,7.4116507
8,1199,1348.1877799034119,311.18846321105957,927.5585327148438,570.8815307617188,7.928408,22.0,-1,7.5189157
2,1199,1668.8636221885681,225.19560432434082,1248.234375,484.888671875,7.224793,16.0,-1,23.546083
3748,1199,1094.7167105674744,212.5199146270752,674.0874633789062,472.2129821777344,6.601132,22.0,-1,36.302692
11,1199,431.3989109992981,302.11412239074707,10.76966381072998,561.8071899414062,6.264794,22.0,-1,21.832901
2946,1199,1532.0585684776306,952.1859607696533,1111.4293212890625,1211.8790283203125,5.5912223,12.0,-1,14.474525
3509,1199,1988.7942862510681,384.2349109649658,1568.1650390625,643.927978515625,5.2650585,14.0,-1,3.3238611
12,1199,1186.0919547080994,791.0312976837158,765.4627075195312,1050.724365234375,4.5992723,16.0,-1,4.8807464
2281,1199,1815.8752188682556,-41.77448844909668,1395.2459716796875,217.9185791015625,4.1497493,10.0,-1,16.247278
2986,1199,1464.8457999229431,428.0914783477783,1044.216552734375,687.7845458984375,1.3680296,12.0,-1,5.546428
3191,1199,1573.6034903526306,452.1329822540283,1152.9742431640625,711.8260498046875,1.2405876,20.0,-1,2.6414387
3034,1199,456.49543142318726,612.7460193634033,35.86618423461914,872.4390869140625,0.9196279,18.0,-1,1.2839441
3660,1199,443.6029543876648,-240.01836585998535,22.97370719909668,19.674701690673828,0.7486606,22.0,-1,1.3048806
3575,1199,1796.4738516807556,498.5011463165283,1375.8446044921875,758.1942138671875,0.678556,8.0,1,1.530121
2389,1199,1386.9073843955994,169.59733772277832,966.2781372070312,429.2904052734375,0.42480615,10.0,1,0.04186213
2080,1199,577.6438956260681,118.70829963684082,157.0146484375,378.4013671875,0.19434516,16.0,-1,2.8276224
0,1200,1555.176613330841,766.5844745635986,1134.1318359375,1026.7132568359375,25.567444,22.0,-1,35.879734
2032,1200,568.0074391365051,-128.3720989227295,146.96266174316406,131.75668334960938,20.531933,20.0,-1,22.192175
3,1200,1158.096779346466,205.65555000305176,737.052001953125,465.7843322753906,17.22131,18.0,-1,21.292913
1,1200,1590.1554951667786,209.36657905578613,1169.1107177734375,469.495361328125,16.6532,20.0,-1,24.86671
1332,1200,631.2316670417786,590.0706806182861,210.1868896484375,850.199462890625,14.102791,20.0,-1,17.874859
8,1200,1346.1058735847473,313.9638080596924,925.0610961914062,574.0925903320312,12.974286,22.0,-1,6.437652
1879,1200,1887.026955127716,-35.008222579956055,1465.982177734375,225.1205596923828,12.187412,16.0,-1,5.1917057
3079,1200,1929.374123096466,-1.4377117156982422,1508.329345703125,258.6910705566406,10.232926,16.0,-1,2.220948
4,1200,1329.550392627716,-93.93153190612793,908.505615234375,166.19725036621094,8.765216,18.0,-1,28.591122
3654,1200,1307.1357808113098,690.1395282745361,886.0910034179688,950.268310546875,7.8695717,28.0,-1,6.759628
2,1200,1669.7201924324036,222.37039375305176,1248.6754150390625,482.4991760253906,7.0621777,18.0,-1,27.785112
3509,1200,1988.2074971199036,381.87671089172363,1567.1627197265625,642.0054931640625,6.0936356,14.0,-1,4.8725276
2281,1200,1815.442238330841,-41.88259696960449,1394.3974609375,218.24618530273438,5.5306134,10.0,-1,15.946798
11,1200,431.3327307701111,301.9651508331299,10.28795337677002,562.0939331054688,5.1842074,22.0,-1,20.90169
3748,1200,1094.8342671394348,212.390962600708,673.7894897460938,472.5197448730469,4.5580745,22.0,-1,37.84598
2946,1200,1531.706398487091,952.2994403839111,1110.66162109375,1212.42822265625,4.4950833,12.0,-1,13.300162
12,1200,1187.6767354011536,792.1552753448486,766.6319580078125,1052.2840576171875,4.2038245,16.0,-1,4.8987427
3191,1200,1573.270607471466,455.7730121612549,1152.225830078125,715.9017944335938,1.5448776,20.0,-1,2.7547379
2389,1200,1388.903908252716,171.83569526672363,967.859130859375,431.9644775390625,1.2677097,10.0,1,0.20508796
2986,1200,1463.7890400886536,428.3427143096924,1042.7442626953125,688.4714965820312,1.1926261,14.0,-1,5.4552555
3034,1200,458.29421281814575,612.0739765167236,37.24943542480469,872.2027587890625,0.85741186,20.0,-1,0.47740138
3660,1200,445.2865300178528,-240.62050819396973,24.24175262451172,19.50827407836914,0.79922694,18.0,-1,1.6307297
3575,1200,1800.357765674591,499.1669330596924,1379.31298828125,759.2957153320312,0.5949783,8.0,1,0.80295396
2080,1200,577.7100758552551,119.35714912414551,156.66529846191406,379.4859313964844,0.44666886,14.0,-1,3.6747925
0,1201,1555.0044560432434,766.9594135284424,1133.923828125,1027.0130615234375,22.139273,22.0,-1,35.606018
2032,1201,567.0106511116028,-128.50745964050293,145.93002319335938,131.5461883544922,18.286448,20.0,-1,21.760868
1,1201,1591.285583972931,208.18911933898926,1170.2049560546875,468.2427673339844,17.400043,20.0,-1,23.234264
1332,1201,632.5363011360168,592.4104022979736,211.45567321777344,852.4640502929688,16.905254,20.0,-1,15.429547
3,1201,1158.1375737190247,205.37137031555176,737.0569458007812,465.4250183105469,16.221922,18.0,-1,22.613258
3654,1201,1305.9353032112122,689.7268695831299,884.8546752929688,949.780517578125,11.572262,28.0,-1,8.696859
1879,1201,1887.5498661994934,-34.15716361999512,1466.46923828125,225.896484375,11.074235,16.0,-1,5.501073
3079,1201,1929.0591435432434,1.4894733428955078,1507.978515625,261.5431213378906,9.811849,16.0,-1,4.046276
4,1201,1329.4985966682434,-93.43531608581543,908.41796875,166.6183319091797,9.808533,18.0,-1,28.602274
2,1201,1670.0786747932434,220.13781929016113,1248.998046875,480.19146728515625,9.25657,18.0,-1,28.454237
8,1201,1346.785095691681,314.7370014190674,925.7044677734375,574.7906494140625,8.617094,22.0,-1,7.4228897
3509,1201,1989.635681629181,382.1168842315674,1568.5550537109375,642.1705322265625,7.8752193,14.0,-1,0.6129494
3748,1201,1093.8804936408997,213.61224555969238,672.7998657226562,473.6658935546875,7.2119784,22.0,-1,31.137548
11,1201,430.7911744117737,301.0326557159424,9.710546493530273,561.0863037109375,5.464596,22.0,-1,20.544004
12,1201,1187.6091923713684,792.9268207550049,766.528564453125,1052.98046875,4.610759,16.0,-1,2.5432858
2281,1201,1814.752380847931,-43.69402885437012,1393.6717529296875,216.359619140625,3.0806563,10.0,-1,16.07053
3191,1201,1572.4768681526184,453.32141304016113,1151.396240234375,713.3750610351562,1.8403134,20.0,-1,1.9262245
3034,1201,453.97544527053833,610.1126728057861,32.89481735229492,870.1663208007812,0.9492588,20.0,-1,1.08677
2986,1201,1464.748230457306,430.05859565734863,1043.6676025390625,690.1122436523438,0.8970761,10.0,-1,5.0452094
2389,1201,1390.2952885627747,172.169527053833,969.2146606445312,432.2231750488281,0.7049268,8.0,1,0.39996457
3660,1201,445.2865300178528,-241.44205474853516,24.205902099609375,18.61159324645996,0.6107562,18.0,-1,0.6236329
3575,1201,1801.5545048713684,498.90332221984863,1380.473876953125,758.9569702148438,0.34884143,8.0,1,0.26190984
2080,1201,577.7633519172668,119.35714912414551,156.68272399902344,379.4107971191406,0.303619,14.0,-1,3.5976505
1,1202,1594.153503894806,208.50580024719238,1172.512939453125,468.36590576171875,29.05313,20.0,-1,25.208662
0,1202,1555.0044560432434,767.5581073760986,1133.3638916015625,1027.418212890625,21.435104,22.0,-1,35.50489
3,1202,1161.2901616096497,204.95428657531738,739.6495971679688,464.81439208984375,17.293715,18.0,-1,21.281448
2032,1202,565.6445927619934,-128.27924919128418,144.0040283203125,131.5808563232422,15.810161,20.0,-1,20.935163
1879,1202,1887.661316394806,-33.35218620300293,1466.020751953125,226.50791931152344,12.948878,18.0,-1,6.100364
1332,1202,632.1221776008606,591.6842670440674,210.4816131591797,851.5443725585938,10.907823,18.0,-1,14.849918
3654,1202,1305.7825932502747,689.4003314971924,884.1420288085938,949.2604370117188,10.763881,28.0,-1,9.14632
8,1202,1348.1918950080872,313.84851264953613,926.5513305664062,573.7086181640625,10.645105,22.0,-1,7.7290773
4,1202,1330.113464832306,-93.11720085144043,908.472900390625,166.74290466308594,9.939283,18.0,-1,27.008585
3079,1202,1930.223816394806,1.4894733428955078,1508.583251953125,261.3495788574219,8.536881,16.0,-1,4.4852047
3748,1202,1093.1296391487122,214.66031074523926,671.4890747070312,474.5204162597656,7.7183914,22.0,-1,29.77065
3509,1202,1987.766541004181,383.31384468078613,1566.1259765625,643.1739501953125,7.3396716,16.0,-1,0.14656472
2,1202,1671.4942021369934,218.35757637023926,1249.8536376953125,478.2176818847656,6.4179816,18.0,-1,23.83939
11,1202,431.4986710548401,300.75561714172363,9.85810661315918,560.61572265625,5.793552,22.0,-1,20.917412
12,1202,1185.910828113556,791.8677997589111,764.270263671875,1051.7279052734375,3.9913652,16.0,-1,4.0487595
2281,1202,1812.209167957306,-44.79037284851074,1390.568603515625,215.06973266601562,3.729865,10.0,-1,15.111794
2946,1202,1529.192322254181,954.2153339385986,1107.5517578125,1214.075439453125,3.1337204,14.0,-1,11.317123
3034,1202,452.14673471450806,611.1230487823486,30.50617027282715,870.983154296875,1.1549239,22.0,-1,2.212229
2986,1202,1463.6309208869934,430.04431343078613,1041.9903564453125,689.9044189453125,1.1533715,12.0,-1,5.5263324
3660,1202,444.24239778518677,-242.29741096496582,22.60183334350586,17.562694549560547,1.119424,18.0,-1,1.15079
3191,1202,1573.6265263557434,451.99695014953613,1151.9859619140625,711.8570556640625,0.90731364,22.0,-1,3.1416745
2389,1202,1391.5906987190247,174.18524360656738,969.9501342773438,434.04534912109375,0.5839556,14.0,-1,0.14488369
2080,1202,578.0615544319153,120.26919746398926,156.42098999023438,380.1293029785156,0.5282074,22.0,-1,3.5966566
3575,1202,1800.0332646369934,499.3632221221924,1378.3927001953125,759.2233276367188,0.33721557,8.0,1,0.5563997
2032,1203,566.1090550422668,-129.30577754974365,144.21885681152344,129.73446655273438,24.697344,20.0,-1,21.246315
0,1203,1555.6963505744934,768.9213037490845,1133.80615234375,1027.9615478515625,24.670523,20.0,-1,36.194897
1,1203,1594.155945301056,210.03247928619385,1172.2657470703125,469.0727233886719,23.217018,20.0,-1,25.904713
4,1203,1331.7427372932434,-94.7682409286499,909.8525390625,164.27200317382812,15.587013,18.0,-1,26.349054
1332,1203,631.3760838508606,591.3984155654907,209.4858856201172,850.4386596679688,15.471284,20.0,-1,15.237709
3,1203,1161.5625615119934,204.52991580963135,739.67236328125,463.5701599121094,14.534604,18.0,-1,21.225836
3079,1203,1932.4495244026184,-0.41887569427490234,1510.559326171875,258.6213684082031,14.275121,16.0,-1,2.1257973
8,1203,1343.928894519806,314.6404809951782,922.0386962890625,573.6807250976562,13.811461,20.0,-1,6.7141094
1879,1203,1887.467712879181,-33.054511070251465,1465.5775146484375,225.98573303222656,12.803668,18.0,-1,5.022793
3509,1203,1987.764099597931,385.1618432998657,1565.8739013671875,644.2020874023438,11.251754,16.0,-1,1.3565166
3748,1203,1091.9285283088684,216.80283451080322,670.038330078125,475.84307861328125,10.19388,22.0,-1,30.75324
3654,1203,1305.341248035431,690.9909448623657,883.4510498046875,950.0311889648438,10.11994,28.0,-1,7.94562
12,1203,1188.251648426056,791.4442529678345,766.3614501953125,1050.4844970703125,8.345921,6.0,1,4.6586947
11,1203,430.92125940322876,303.123330116272,9.031061172485352,562.16357421875,5.989287,22.0,-1,20.782785
2,1203,1670.369568347931,218.11145877838135,1248.4793701171875,477.1517028808594,5.7380333,18.0,-1,23.362316
2281,1203,1810.183777332306,-44.808722496032715,1388.2935791015625,214.2315216064453,3.2255552,10.0,-1,15.213902
2946,1203,1530.069763660431,953.9781885147095,1108.1795654296875,1213.0184326171875,3.0491104,12.0,-1,11.721821
2389,1203,1391.8364262580872,172.86060428619385,969.9462280273438,431.9008483886719,1.7234654,8.0,1,0.23409241
3191,1203,1571.0203251838684,453.5446557998657,1149.130126953125,712.5848999023438,1.5868355,22.0,-1,2.7426705
2986,1203,1463.447937488556,432.6782007217407,1041.5577392578125,691.7184448242188,1.1873935,14.0,-1,5.3304768
3660,1203,444.3318467140198,-242.27906131744385,22.441648483276367,16.76118278503418,0.84976715,16.0,-1,1.3209395
3034,1203,454.8540692329407,613.2901391983032,32.963871002197266,872.3303833007812,0.63655823,20.0,-1,1.7237878
3575,1203,1793.126404285431,497.1590356826782,1371.2362060546875,756.1992797851562,0.35750577,8.0,1,0.18441153
2080,1203,578.4300999641418,117.19226932525635,156.53990173339844,376.2325134277344,0.23044975,18.0,-1,3.3261487
0,1204,1556.8033452033997,768.7730569839478,1133.796142578125,1027.766357421875,25.109453,22.0,-1,36.015827
1,1204,1595.3157963752747,209.77851963043213,1172.30859375,468.7718200683594,21.049278,18.0,-1,26.302023
3,1204,1161.3672490119934,204.39784336090088,738.3600463867188,463.3911437988281,18.805868,18.0,-1,20.790833
2032,1204,565.493866443634,-129.66673183441162,142.48666381835938,129.32656860351562,17.756384,20.0,-1,21.268015
1332,1204,632.3723607063293,590.6354837417603,209.3651580810547,849.6287841796875,14.4059725,20.0,-1,16.811104
3748,1204,1089.718445301056,216.883469581604,666.7112426757812,475.87677001953125,13.989082,22.0,-1,32.6836
1879,1204,1887.5854496955872,-32.63346767425537,1464.5782470703125,226.35983276367188,10.499297,18.0,-1,6.0262175
4,1204,1333.6006474494934,-94.84887599945068,910.5934448242188,164.14442443847656,9.995303,18.0,-1,25.966572
8,1204,1343.257507801056,317.347825050354,920.2503051757812,576.3411254882812,9.488976,22.0,-1,6.7650495
3079,1204,1931.6710209846497,-0.0982809066772461,1508.663818359375,258.89501953125,8.383496,16.0,-1,0.58265686
3654,1204,1303.1280522346497,694.0122537612915,880.120849609375,953.0055541992188,7.951283,28.0,-1,9.285159
2,1204,1671.6667485237122,216.26658725738525,1248.6595458984375,475.2598876953125,6.7390575,18.0,-1,28.409605
12,1204,1189.794861316681,793.3652200698853,766.7876586914062,1052.3585205078125,6.514318,16.0,-1,4.717525
3509,1204,1988.9511723518372,385.79759311676025,1565.9439697265625,644.7908935546875,6.0824795,14.0,-1,1.3221232
11,1204,431.6304078102112,306.151535987854,8.623205184936523,565.1448364257812,5.388052,22.0,-1,20.650354
2946,1204,1536.1920170783997,954.7711038589478,1113.184814453125,1213.764404296875,4.578489,12.0,-1,15.101168
2281,1204,1810.3194584846497,-45.725356101989746,1387.312255859375,213.2679443359375,4.0721064,12.0,-1,14.125042
3191,1204,1570.1328129768372,454.2830057144165,1147.1256103515625,713.2763061523438,1.9154974,24.0,-1,2.3447385
3034,1204,458.37379121780396,610.8572854995728,35.3665885925293,869.8505859375,1.1618012,20.0,-1,1.7044206
3660,1204,443.29149293899536,-246.91821765899658,20.284290313720703,12.075082778930664,0.8833787,18.0,-1,0.91938686
2986,1204,1463.3302006721497,433.10997104644775,1040.322998046875,692.103271484375,0.8121803,10.0,-1,5.9352336
2389,1204,1389.0088505744934,171.06642246246338,966.0016479492188,430.0597229003906,0.7030235,8.0,1,0.6089396
2080,1204,576.0348057746887,121.092698097229,153.02760314941406,380.08599853515625,0.6876568,18.0,-1,3.9668207
3575,1204,1790.0893559455872,492.09080600738525,1367.0821533203125,751.0841064453125,0.525178,8.0,1,0.6738115
2032,1205,564.9429135322571,-128.94433498382568,140.8887481689453,129.3899688720703,23.365252,20.0,-1,21.095148
0,1205,1556.3075833320618,768.9282693862915,1132.25341796875,1027.2625732421875,18.621145,20.0,-1,35.361298
1332,1205,630.5652737617493,593.5789651870728,206.5111083984375,851.9132690429688,17.255476,20.0,-1,17.733553
1,1205,1593.9031643867493,208.7180643081665,1169.8489990234375,467.0523681640625,16.914385,18.0,-1,26.459406
3,1205,1162.6657376289368,203.55201816558838,738.611572265625,461.8863220214844,16.823893,18.0,-1,20.261356
1879,1205,1886.3805813789368,-30.045058250427246,1462.326416015625,228.28924560546875,15.931096,16.0,-1,4.689456
3748,1205,1090.5479397773743,216.694993019104,666.4937744140625,475.029296875,14.319568,22.0,-1,30.845062
3654,1205,1301.650906085968,693.573899269104,877.5967407226562,951.908203125,11.537258,28.0,-1,12.326838
3509,1205,1990.9579739570618,385.5242166519165,1566.90380859375,643.8585205078125,9.297614,16.0,-1,1.6238543
4,1205,1335.0266995429993,-92.25033473968506,910.9725341796875,166.08396911621094,8.905478,18.0,-1,27.850893
3079,1205,1932.8398098945618,0.9552164077758789,1508.78564453125,259.2895202636719,8.236701,16.0,-1,1.0237455
2,1205,1672.4071927070618,215.71009922027588,1248.35302734375,474.0444030761719,7.925923,18.0,-1,28.292856
12,1205,1191.926296710968,793.2100076675415,767.8721313476562,1051.5443115234375,7.616167,16.0,-1,7.1610537
8,1205,1342.864773273468,318.09910678863525,918.8106079101562,576.4334106445312,7.532026,20.0,-1,6.0713906
2946,1205,1535.5202298164368,955.561692237854,1111.466064453125,1213.89599609375,4.6207128,12.0,-1,13.94549
2281,1205,1810.6701321601868,-47.186842918395996,1386.615966796875,211.1474609375,3.0234816,12.0,-1,12.550401
3191,1205,1566.8194241523743,453.91172885894775,1142.7652587890625,712.2460327148438,1.8795196,22.0,-1,1.7726269
2986,1205,1463.5223050117493,434.55577182769775,1039.4681396484375,692.8900756835938,0.9165519,14.0,-1,4.8516397
3660,1205,443.104576587677,-243.29740142822266,19.050411224365234,15.03690242767334,0.69836265,18.0,-1,1.671988
3575,1205,1794.2801175117493,490.30381870269775,1370.2259521484375,748.6381225585938,0.6579684,8.0,1,1.0763817
2389,1205,1389.1957669258118,173.75496006011963,965.1416015625,432.0892639160156,0.6088439,16.0,-1,0.007738352
3034,1205,455.8707718849182,607.423996925354,31.816606521606445,865.75830078125,0.34458804,22.0,-1,1.3912528
0,1206,1559.240894794464,768.902024269104,1134.0179443359375,1027.3673095703125,25.210302,22.0,-1,34.83995
1332,1206,628.7845044136047,593.7426614761353,203.56155395507812,852.2079467773438,23.491203,20.0,-1,17.65146
2032,1206,565.2693676948547,-128.03565883636475,140.04641723632812,130.42962646484375,18.473206,20.0,-1,21.9065
3748,1206,1092.7191052436829,216.46385288238525,667.4961547851562,474.92913818359375,13.761704,22.0,-1,34.322834
1,1206,1593.1555676460266,208.21788120269775,1167.9326171875,466.68316650390625,12.903108,20.0,-1,27.270857
3079,1206,1932.513355731964,-0.2281332015991211,1507.2904052734375,258.2371520996094,12.432021,16.0,-1,0.25758898
3654,1206,1300.4228405952454,695.068284034729,875.1998901367188,953.5335693359375,11.977123,28.0,-1,11.455885
1879,1206,1887.8496594429016,-31.21885585784912,1462.626708984375,227.24642944335938,11.6610365,16.0,-1,6.4891024
3,1206,1166.080738544464,200.3716287612915,740.8577880859375,458.8369140625,11.274381,18.0,-1,21.511963
4,1206,1337.6755261421204,-92.30885219573975,912.4525756835938,166.15643310546875,9.593672,18.0,-1,28.858208
8,1206,1341.086597919464,318.12535190582275,915.8636474609375,576.5906372070312,8.232567,20.0,-1,5.070844
2,1206,1671.655933856964,214.47584629058838,1246.4329833984375,472.9411315917969,7.1478915,18.0,-1,29.962921
3509,1206,1993.174000263214,386.72886753082275,1567.9510498046875,645.1941528320312,5.8471985,16.0,-1,0.08725631
12,1206,1190.3619275093079,792.459641456604,765.1389770507812,1050.9249267578125,4.4295964,16.0,-1,8.763711
2281,1206,1812.4749035835266,-47.235716819763184,1387.251953125,211.2295684814453,2.7253788,12.0,-1,12.064932
3191,1206,1567.7446789741516,452.24449253082275,1142.521728515625,710.7097778320312,2.6184177,22.0,-1,2.1740057
2946,1206,1536.318043231964,955.701096534729,1111.0950927734375,1214.1663818359375,2.4438708,14.0,-1,11.812498
3034,1206,449.8010334968567,607.5602884292603,24.578083038330078,866.0255737304688,1.3316765,22.0,-1,2.0406516
3660,1206,442.28291940689087,-239.22110652923584,17.059968948364258,19.244178771972656,1.1043407,18.0,-1,1.1622818
2389,1206,1386.3738903999329,175.31715488433838,961.1509399414062,433.7824401855469,0.8778448,8.0,1,0.938781
2986,1206,1465.283375263214,437.62803745269775,1040.0604248046875,696.0933227539062,0.53627944,12.0,-1,4.176173
3575,1206,1791.5957531929016,490.33897495269775,1366.372802734375,748.8042602539062,0.4903421,6.0,1,0.18653703
2080,1206,580.5841107368469,125.28761386871338,155.3611602783203,383.7528991699219,0.37055957,12.0,-1,3.1861534
0,1207,1560.0025525093079,771.4692850112915,1133.98095703125,1029.834228515625,27.431112,22.0,-1,35.794136
1332,1207,629.9295086860657,593.7175149917603,203.9079132080078,852.0824584960938,21.755318,20.0,-1,17.494028
3,1207,1166.080738544464,198.99217319488525,740.0591430664062,457.35711669921875,18.56757,18.0,-1,20.697475
3748,1207,1093.9614148139954,215.089280128479,667.9398193359375,473.4542236328125,17.241453,22.0,-1,27.859072
2032,1207,563.1080060005188,-128.54406642913818,137.08641052246094,129.8208770751953,16.19795,20.0,-1,22.182001
1,1207,1593.5700573921204,209.07725620269775,1167.5484619140625,467.44219970703125,15.291448,20.0,-1,27.399601
3079,1207,1933.8879284858704,1.717911720275879,1507.8663330078125,260.0828552246094,14.347352,16.0,-1,2.976019
1879,1207,1885.6069226264954,-32.480299949645996,1459.5853271484375,225.8846435546875,11.278361,16.0,-1,5.9064393
3654,1207,1296.0162243843079,694.4739847183228,869.99462890625,952.8389282226562,10.425615,28.0,-1,10.469824
4,1207,1335.959888935089,-92.30885219573975,909.9382934570312,166.05609130859375,8.625172,18.0,-1,25.503754
2,1207,1672.2370495796204,215.2158670425415,1246.2154541015625,473.580810546875,8.2433,18.0,-1,28.892498
8,1207,1340.1851696968079,318.1431131362915,914.16357421875,576.508056640625,7.882048,18.0,-1,5.5126348
3509,1207,1994.3813366889954,387.197190284729,1568.3597412109375,645.5621337890625,7.39556,16.0,-1,2.757426
12,1207,1189.916676044464,791.593430519104,763.8950805664062,1049.9583740234375,6.3825984,16.0,-1,7.387882
2946,1207,1536.8265271186829,953.806077003479,1110.804931640625,1212.1710205078125,4.479865,12.0,-1,13.149832
2281,1207,1812.2302136421204,-46.28770351409912,1386.2086181640625,212.07723999023438,2.6092544,12.0,-1,11.302693
3191,1207,1567.4805798530579,452.6423807144165,1141.458984375,711.00732421875,1.1950697,24.0,-1,2.3920236
2986,1207,1467.9858288764954,440.85936069488525,1041.9642333984375,699.2243041992188,1.0928384,14.0,-1,5.279576
2389,1207,1386.619801044464,174.31251621246338,960.5982055664062,432.6774597167969,0.8837488,8.0,1,0.8013499
3660,1207,440.96405935287476,-236.3997049331665,14.942463874816895,21.965238571166992,0.8103755,16.0,-1,1.0071328
3034,1207,448.10507440567017,607.7303323745728,22.083478927612305,866.0952758789062,0.64219934,22.0,-1,1.8124034
2080,1207,581.6620831489563,124.692795753479,155.64048767089844,383.0577392578125,0.60513157,14.0,-1,3.9144459
3575,1207,1789.6490368843079,489.41697788238525,1363.62744140625,747.7819213867188,0.22051008,14.0,-1,1.0670491
0,1208,1559.222746372223,770.1750955581665,1132.5521240234375,1028.7513427734375,25.412912,22.0,-1,35.74542
1879,1208,1884.680998325348,-32.40658473968506,1458.0103759765625,226.16966247558594,19.922647,16.0,-1,3.8912325
1332,1208,629.8987412452698,593.904221534729,203.22811889648438,852.48046875,19.624388,20.0,-1,17.274483
3748,1208,1093.930021762848,216.13865756988525,667.2593994140625,474.71490478515625,16.557905,22.0,-1,30.829918
2032,1208,563.592146396637,-128.54406642913818,136.92152404785156,130.0321807861328,16.463049,20.0,-1,21.51235
1,1208,1594.133879184723,208.47548007965088,1167.4632568359375,467.0517272949219,14.054702,20.0,-1,27.319582
3,1208,1166.2860398292542,198.830979347229,739.6154174804688,457.4072265625,14.033566,18.0,-1,21.79144
4,1208,1332.0771164894104,-94.16664028167725,905.406494140625,164.40960693359375,13.349574,18.0,-1,25.927113
8,1208,1340.861906528473,317.370285987854,914.1912841796875,575.946533203125,10.598392,18.0,-1,4.483598
3654,1208,1291.3481125831604,693.1000833511353,864.677490234375,951.6763305664062,10.595852,28.0,-1,12.920147
3079,1208,1933.964445590973,3.731766700744629,1507.2938232421875,262.3080139160156,10.109782,16.0,-1,5.3600607
2,1208,1671.079924106598,214.90501499176025,1244.4093017578125,473.48126220703125,8.853493,18.0,-1,28.376295
2946,1208,1538.398283481598,953.4299783706665,1111.7276611328125,1212.0062255859375,7.115113,12.0,-1,12.870441
3509,1208,1993.564543247223,387.787034034729,1566.8939208984375,646.36328125,6.387694,14.0,-1,2.134458
12,1208,1191.0370163917542,790.552659034729,764.3663940429688,1049.12890625,5.1556463,18.0,-1,7.075739
2281,1208,1812.215910434723,-43.96336269378662,1385.5452880859375,214.61288452148438,2.8913987,14.0,-1,8.822209
2389,1208,1387.2680344581604,176.56239414215088,960.597412109375,435.1386413574219,1.2668047,8.0,1,0.1371702
3191,1208,1567.1152024269104,454.2925271987915,1140.444580078125,712.8687744140625,1.0544513,24.0,-1,2.1072066
3660,1208,440.93748140335083,-237.73231029510498,14.26685905456543,20.843936920166016,0.92016333,8.0,1,0.012808204
2986,1208,1468.6405930519104,441.06871128082275,1041.969970703125,699.6449584960938,0.90642136,12.0,-1,4.685298
3575,1208,1791.0309739112854,489.832444190979,1364.3603515625,748.40869140625,0.64130634,6.0,1,1.090034
3034,1208,448.10507440567017,609.8231058120728,21.434452056884766,868.3993530273438,0.46101353,22.0,-1,1.2142317
2080,1208,583.2511582374573,120.80433750152588,156.58053588867188,379.3805847167969,0.30425817,16.0,-1,3.2611647
1332,1209,630.4971604347229,595.252854347229,202.931640625,854.19091796875,21.953705,20.0,-1,17.969847
0,1209,1560.4650559425354,770.624436378479,1132.8995361328125,1029.5625,21.879625,22.0,-1,35.573036
3,1209,1163.8844285011292,198.92097568511963,736.3189086914062,457.8590393066406,21.48449,18.0,-1,21.353416
2032,1209,565.736937046051,-128.80889797210693,138.17141723632812,130.12916564941406,16.591623,20.0,-1,20.569399
1,1209,1594.0859055519104,208.45930576324463,1166.5203857421875,467.3973693847656,13.51168,18.0,-1,26.383987
3654,1209,1288.7182297706604,695.129075050354,861.1527099609375,954.067138671875,13.430072,28.0,-1,12.910761
3748,1209,1094.5986618995667,213.89003086090088,667.0331420898438,472.8280944824219,12.459247,22.0,-1,16.383606
1879,1209,1883.816252231598,-32.799269676208496,1456.250732421875,226.1387939453125,10.992236,16.0,-1,6.488158
4,1209,1332.2670578956604,-96.19811916351318,904.7015380859375,162.7399444580078,10.833365,18.0,-1,27.788101
3079,1209,1935.1581711769104,4.533951759338379,1507.5926513671875,263.4720153808594,10.498689,16.0,-1,5.495059
8,1209,1341.657072544098,314.561936378479,914.091552734375,573.5,7.1170735,18.0,-1,4.178396
3509,1209,1993.959318637848,386.8035135269165,1566.393798828125,645.7415771484375,6.8543706,16.0,-1,2.0982285
12,1209,1192.7465500831604,789.532639503479,765.1810302734375,1048.470703125,6.815016,16.0,-1,6.750267
2,1209,1668.294035434723,214.90501499176025,1240.728515625,473.84307861328125,5.746357,18.0,-1,22.556664
2946,1209,1534.8324875831604,953.4949197769165,1107.2669677734375,1212.4329833984375,3.244653,12.0,-1,13.922827
2281,1209,1811.607267856598,-44.921813011169434,1384.041748046875,214.01625061035156,2.9467878,12.0,-1,11.7994375
3034,1209,447.8105435371399,612.9204568862915,20.245023727416992,871.8585205078125,1.2262983,22.0,-1,2.116209
3191,1209,1570.236174106598,456.203049659729,1142.670654296875,715.14111328125,0.85336334,24.0,-1,2.258441
2389,1209,1387.2680344581604,179.58567905426025,959.7025146484375,438.52374267578125,0.8196414,8.0,1,0.5092647
3575,1209,1790.6806321144104,489.2737283706665,1363.1151123046875,748.2117919921875,0.8066525,8.0,1,0.94993496
2986,1209,1466.1254563331604,441.697922706604,1038.5599365234375,700.635986328125,0.7383266,14.0,-1,4.2664113
3660,1209,438.8684649467468,-234.54427242279053,11.302945137023926,24.39379119873047,0.42327034,20.0,-1,0.4287157
2080,1209,585.6459183692932,120.68983554840088,158.0803985595703,379.6278991699219,0.37810168,20.0,-1,3.5552106
0,1210,1560.4650559425354,771.3824319839478,1132.28076171875,1030.6275634765625,25.773666,22.0,-1,35.481277
2032,1210,567.8336625099182,-129.1652364730835,139.6493682861328,130.07989501953125,23.321737,20.0,-1,20.904118
1332,1210,631.8031601905823,595.3951272964478,203.61886596679688,854.6402587890625,22.107948,20.0,-1,17.61857
1,1210,1596.457853794098,207.96247959136963,1168.2735595703125,467.2076110839844,17.212189,18.0,-1,25.534492
3748,1210,1095.9634079933167,213.03755283355713,667.7791137695312,472.2826843261719,15.063025,22.0,-1,14.984522
3,1210,1162.953459262848,200.243577003479,734.7691650390625,459.48870849609375,14.490932,18.0,-1,22.394745
1879,1210,1882.704435825348,-32.946166038513184,1454.5201416015625,226.29896545410156,12.595901,16.0,-1,5.036511
3654,1210,1289.4731125831604,695.2246561050415,861.288818359375,954.4697875976562,12.217842,28.0,-1,11.705191
4,1210,1332.6639695167542,-97.16546535491943,904.4796752929688,162.0796661376953,11.834214,18.0,-1,27.959532
8,1210,1340.4164109230042,314.561936378479,912.2321166992188,573.8070678710938,8.555441,18.0,-1,5.6539497
3079,1210,1933.8742356300354,5.445206642150879,1505.68994140625,264.6903381347656,8.515849,16.0,-1,3.8458915
2,1210,1667.798674106598,212.28144931793213,1239.6143798828125,471.5265808105469,7.880776,18.0,-1,21.245634
3509,1210,1991.1293625831604,386.637131690979,1562.945068359375,645.8822631835938,7.0795245,16.0,-1,1.4845786
12,1210,1194.9342942237854,788.2287454605103,766.75,1047.473876953125,5.0375156,16.0,-1,6.51791
2946,1210,1532.6488938331604,954.7785501480103,1104.464599609375,1214.023681640625,4.156855,12.0,-1,13.888079
2281,1210,1810.784758090973,-46.065138816833496,1382.6004638671875,213.17999267578125,2.6237164,12.0,-1,12.269071
3034,1210,448.184654712677,612.4245462417603,20.0003604888916,871.669677734375,0.9052239,20.0,-1,1.265836
2389,1210,1385.8571457862854,182.88850498199463,957.6728515625,442.1336364746094,0.8516669,8.0,1,0.33135772
3191,1210,1573.2685227394104,457.278244972229,1145.084228515625,716.5233764648438,0.7646131,24.0,-1,2.4569275
2986,1210,1465.228605747223,445.26463413238525,1037.0443115234375,704.509765625,0.66463184,14.0,-1,4.378025
2080,1210,583.6800065040588,122.09309482574463,155.49571228027344,381.3382263183594,0.56684333,14.0,-1,3.8544178
3660,1210,438.90975999832153,-233.65667819976807,10.725465774536133,25.58845329284668,0.4659457,8.0,1,0.66171217
3575,1210,1792.317472934723,486.332688331604,1364.1331787109375,745.5778198242188,0.36829427,16.0,-1,0.50911736
0,1211,1560.4491868019104,772.3434190750122,1131.8228759765625,1032.302978515625,27.989271,22.0,-1,34.430557
1332,1211,633.7945084571838,596.7605333328247,205.16819763183594,856.7200927734375,26.189339,20.0,-1,17.116383
1,1211,1596.3254075050354,209.45068836212158,1167.6990966796875,469.4102478027344,23.63513,18.0,-1,25.852732
3,1211,1162.969328403473,200.09937000274658,734.343017578125,460.0589294433594,19.223692,18.0,-1,20.484716
2032,1211,569.3244767189026,-129.76613903045654,140.6981658935547,130.19342041015625,16.780722,20.0,-1,21.26008
1879,1211,1882.5741868019104,-33.51789379119873,1453.9478759765625,226.44166564941406,16.383371,16.0,-1,5.902628
3654,1211,1289.1704392433167,696.322117805481,860.5441284179688,956.2816772460938,15.970546,28.0,-1,10.710216
3079,1211,1936.3295578956604,7.328557014465332,1507.7032470703125,267.2881164550781,13.096303,16.0,-1,1.1175754
4,1211,1330.832121372223,-97.28180980682373,902.205810546875,162.67774963378906,12.342177,18.0,-1,26.195877
8,1211,1338.3480515480042,316.1737413406372,909.7217407226562,576.13330078125,8.589362,20.0,-1,5.954419
3748,1211,1097.1418137550354,213.85925769805908,668.5155029296875,473.8188171386719,8.041437,22.0,-1,14.240331
3509,1211,1992.645353794098,385.33200550079346,1564.01904296875,645.2915649414062,7.2606053,16.0,-1,0.7767215
2,1211,1668.628508090973,211.01157093048096,1240.002197265625,470.97113037109375,6.498293,20.0,-1,24.248764
12,1211,1194.9947800636292,785.4829454421997,766.3684692382812,1045.4425048828125,5.7571793,16.0,-1,8.097703
2281,1211,1807.937590122223,-46.24813365936279,1379.311279296875,213.71142578125,3.7514126,12.0,-1,11.800684
3191,1211,1574.2196946144104,459.22421741485596,1145.5933837890625,719.1837768554688,1.5616342,22.0,-1,2.7656467
3034,1211,450.6953148841858,611.632664680481,22.06900405883789,871.5922241210938,0.85144013,22.0,-1,1.6799417
2389,1211,1381.8414597511292,183.1542100906372,953.2151489257812,443.11376953125,0.8182629,16.0,-1,0.64011145
2986,1211,1462.824308872223,445.10287952423096,1034.197998046875,705.0624389648438,0.7989196,18.0,-1,4.4950857
3575,1211,1792.979826450348,488.34433460235596,1364.353515625,748.3038940429688,0.62348884,16.0,-1,0.3336513
3660,1211,437.4811501502991,-233.54033374786377,8.854839324951172,26.419225692749023,0.38023868,18.0,-1,1.4260736
2080,1211,580.2586808204651,121.94385242462158,151.6323699951172,381.9034118652344,0.3714477,16.0,-1,3.7000966
0,1212,1561.0890183448792,771.7555284500122,1131.412109375,1031.7442626953125,30.085028,22.0,-1,34.96299
1,1212,1597.8484177589417,208.85431385040283,1168.1715087890625,468.8430480957031,23.632742,20.0,-1,27.256786
3,1212,1163.0182785987854,200.09937000274658,733.3413696289062,460.0881042480469,20.321356,18.0,-1,22.358984
1332,1212,633.5226426124573,598.8606309890747,203.84573364257812,858.849365234375,20.279572,20.0,-1,18.408035
2032,1212,568.5489945411682,-128.4680585861206,138.87208557128906,131.5206756591797,19.614775,20.0,-1,21.731115
3654,1212,1289.453459262848,698.8968858718872,859.7765502929688,958.8856201171875,17.544582,26.0,-1,12.713069
4,1212,1330.0132126808167,-97.2600507736206,900.3363037109375,162.7286834716797,13.452458,18.0,-1,26.24274
1879,1212,1881.2956833839417,-35.93020153045654,1451.6187744140625,224.05853271484375,12.69712,16.0,-1,4.3389306
3748,1212,1097.4596848487854,213.50305652618408,667.7827758789062,473.4917907714844,12.416779,22.0,-1,14.895991
3079,1212,1937.5487351417542,7.149449348449707,1507.871826171875,267.13818359375,9.520968,16.0,-1,4.7726154
2,1212,1670.6915574073792,209.58444690704346,1241.0146484375,469.57318115234375,8.053468,20.0,-1,28.900269
8,1212,1338.3480515480042,316.2607774734497,908.671142578125,576.24951171875,8.0328665,18.0,-1,4.7891846
3509,1212,1994.1344285011292,385.45419788360596,1564.45751953125,645.4429321289062,7.436813,16.0,-1,1.660593
12,1212,1198.0697312355042,780.6105089187622,768.392822265625,1040.5992431640625,5.042524,16.0,-1,3.1141615
2281,1212,1804.5942673683167,-45.41059398651123,1374.9173583984375,214.57814025878906,3.215575,12.0,-1,11.743752
3191,1212,1573.8330368995667,459.14084339141846,1144.1561279296875,719.1295776367188,1.6621774,24.0,-1,2.5984612
3034,1212,449.29734468460083,615.409520149231,19.62043571472168,875.3982543945312,1.4779137,22.0,-1,1.7887199
2986,1212,1461.9618210792542,442.22873401641846,1032.284912109375,702.2174682617188,1.2197005,20.0,-1,5.336215
2389,1212,1381.775236606598,184.1335802078247,952.0983276367188,444.122314453125,0.96005726,16.0,-1,0.0022189617
3575,1212,1791.1444382667542,483.0536241531372,1361.467529296875,743.0423583984375,0.30936465,14.0,-1,0.37911487
2080,1212,582.0322861671448,124.57819080352783,152.35537719726562,384.5669250488281,0.2742739,18.0,-1,2.1562836
0,1213,1561.3324265480042,772.4915208816528,1131.6153564453125,1033.5235595703125,32.307384,22.0,-1,34.25737
1,1213,1597.9736618995667,209.43088245391846,1168.256591796875,470.4629211425781,24.146788,20.0,-1,26.217945
3,1213,1161.8351120948792,200.92953968048096,732.1180419921875,461.9615783691406,22.281763,18.0,-1,21.994892
2032,1213,567.9600358009338,-127.25457286834717,138.2429656982422,133.7774658203125,16.364328,20.0,-1,21.148586
1332,1213,632.2745652198792,599.5004930496216,202.5574951171875,860.5325317382812,15.427997,20.0,-1,17.772736
1879,1213,1881.6175827980042,-35.82459545135498,1451.9005126953125,225.2074432373047,13.628216,16.0,-1,4.4303684
3654,1213,1291.1249070167542,697.8716478347778,861.4078369140625,958.9036865234375,13.218761,28.0,-1,10.657288
2,1213,1670.6915574073792,210.84604358673096,1240.9744873046875,471.8780822753906,13.102111,20.0,-1,30.075178
8,1213,1336.4235520362854,316.92072010040283,906.7064819335938,577.9527587890625,12.302204,20.0,-1,5.6754293
3079,1213,1940.3717331886292,7.149449348449707,1510.6546630859375,268.1814880371094,11.849244,16.0,-1,2.479743
3748,1213,1097.386076450348,213.4825792312622,667.6690063476562,474.5146179199219,10.641078,22.0,-1,13.696279
4,1213,1329.7887253761292,-98.55689525604248,900.0716552734375,162.4751434326172,9.39096,18.0,-1,29.521309
3509,1213,1994.3243699073792,384.6538133621216,1564.6072998046875,645.6858520507812,7.835526,16.0,-1,1.3589337
12,1213,1195.4765915870667,777.0669603347778,765.759521484375,1038.0989990234375,4.1120987,18.0,-1,4.5423265
2281,1213,1803.7492966651917,-42.92957592010498,1374.0322265625,218.1024627685547,3.1287413,12.0,-1,13.388846
2986,1213,1463.6520066261292,441.70209217071533,1033.9349365234375,702.734130859375,1.2757548,16.0,-1,5.634654
3191,1213,1575.5613083839417,454.53473377227783,1145.84423828125,715.5667724609375,0.98623306,26.0,-1,2.478021
3034,1213,450.0628342628479,616.3554735183716,20.34576416015625,877.3875122070312,0.5768351,22.0,-1,1.3722748
3660,1213,438.04811906814575,-239.0851812362671,8.331048965454102,21.946857452392578,0.5615787,8.0,1,0.31811488
3575,1213,1795.3861374855042,482.37054920196533,1365.6690673828125,743.402587890625,0.5238096,8.0,1,0.32163906
2389,1213,1377.418791294098,182.9371690750122,947.7017211914062,443.9692077636719,0.417325,8.0,1,0.0028107166
2080,1213,581.518904209137,122.55164051055908,151.8018341064453,383.58367919921875,0.34480178,16.0,-1,3.3574116
0,1214,1561.0860886573792,772.2419176101685,1130.82763671875,1033.8759765625,28.786087,22.0,-1,35.592045
1,1214,1597.1914353370667,209.4728136062622,1166.9329833984375,471.10687255859375,26.777521,20.0,-1,25.82318
2032,1214,570.076536655426,-130.83437633514404,139.81808471679688,130.7996826171875,26.084513,20.0,-1,21.413363
1332,1214,633.5432877540588,599.3148546218872,203.2848358154297,860.9489135742188,24.414574,20.0,-1,17.237257
1879,1214,1884.2143845558167,-34.48397350311279,1453.9559326171875,227.15008544921875,15.719391,16.0,-1,3.8464494
2,1214,1670.8626999855042,210.05490589141846,1240.604248046875,471.68896484375,15.708019,20.0,-1,29.77729
3,1214,1163.805510044098,200.9101915359497,733.5470581054688,462.54425048828125,14.768174,18.0,-1,20.528492
3748,1214,1095.9344773292542,215.62848377227783,665.676025390625,477.2625427246094,11.926345,22.0,-1,21.483232
8,1214,1336.302336215973,314.4280138015747,906.0438842773438,576.0620727539062,10.45344,18.0,-1,4.760065
3654,1214,1288.7834763526917,696.151463508606,858.5250244140625,957.7855224609375,10.271389,28.0,-1,12.666117
3509,1214,1996.4430222511292,384.8304796218872,1566.1845703125,646.4645385742188,10.004795,16.0,-1,2.4139686
4,1214,1329.8825974464417,-98.44813060760498,899.6241455078125,163.18592834472656,9.958569,18.0,-1,26.85767
3079,1214,1942.3485398292542,8.842167854309082,1512.090087890625,270.4762268066406,8.564165,16.0,-1,2.6840696
12,1214,1195.9208664894104,774.6301012039185,765.6624145507812,1036.26416015625,5.0105305,18.0,-1,3.7136507
2281,1214,1801.7934861183167,-42.74355602264404,1371.5350341796875,218.8905029296875,3.695676,12.0,-1,15.784689
3191,1214,1569.9153122901917,456.23801136016846,1139.6568603515625,717.8720703125,1.0185986,24.0,-1,2.2861612
2986,1214,1463.6520066261292,442.36520862579346,1033.3935546875,703.999267578125,0.6793644,14.0,-1,4.614845
3034,1214,448.31964921951294,615.0519151687622,18.06119728088379,876.6859741210938,0.6523705,22.0,-1,2.1302483
3575,1214,1790.6440720558167,482.04050159454346,1360.3856201171875,743.674560546875,0.46614394,8.0,1,0.24878967
2080,1214,583.3661332130432,122.55164051055908,153.10768127441406,384.1856994628906,0.4098493,18.0,-1,3.6363883
2389,1214,1372.7479538917542,184.35400867462158,942.489501953125,445.9880676269531,0.28308833,18.0,-1,0.87649786
0,1215,1560.8957810401917,772.119236946106,1130.0704345703125,1034.033935546875,47.917133,20.0,-1,33.1271
1,1215,1597.6632370948792,209.67358875274658,1166.837890625,471.5882873535156,34.555332,20.0,-1,25.531036
1332,1215,633.7625870704651,599.9645128250122,202.93724060058594,861.8792114257812,24.75586,20.0,-1,17.676018
2032,1215,572.5033402442932,-132.29027843475342,141.67799377441406,129.62442016601562,16.088669,20.0,-1,21.072992
2,1215,1671.6578660011292,210.21643543243408,1240.83251953125,472.1311340332031,15.892612,18.0,-1,29.909489
3,1215,1163.6946091651917,202.44513416290283,732.8692626953125,464.3598327636719,15.764279,18.0,-1,20.95122
4,1215,1332.207365512848,-99.6179609298706,901.3820190429688,162.29673767089844,14.445779,18.0,-1,26.534124
1879,1215,1884.1819138526917,-34.21898937225342,1453.3565673828125,227.69570922851562,13.63337,16.0,-1,3.7081513
8,1215,1335.2182297706604,315.21310901641846,904.3928833007812,577.1278076171875,10.476281,18.0,-1,4.1824193
3079,1215,1943.5733933448792,10.515446662902832,1512.748046875,272.4301452636719,9.063577,16.0,-1,6.3482227
3654,1215,1288.7834763526917,695.8561754226685,857.9581298828125,957.7708740234375,8.805288,28.0,-1,12.131395
3509,1215,1997.4160447120667,382.2297716140747,1566.5906982421875,644.1444702148438,6.6004314,14.0,-1,2.419641
3748,1215,1096.5360398292542,214.23450183868408,665.710693359375,476.1492004394531,6.2980886,22.0,-1,26.326103
12,1215,1200.985929965973,773.6271715164185,770.1605834960938,1035.5418701171875,4.611056,18.0,-1,5.043372
2281,1215,1799.5515427589417,-42.76809215545654,1368.7261962890625,219.1466064453125,4.2481375,10.0,-1,15.125017
2389,1215,1371.9101853370667,186.97559070587158,941.0848388671875,448.8902893066406,0.9047459,20.0,-1,0.28876495
2986,1215,1463.0545945167542,442.03842639923096,1032.229248046875,703.953125,0.86451817,14.0,-1,5.069887
3191,1215,1566.9385056495667,460.18784046173096,1136.1131591796875,722.1025390625,0.8051637,22.0,-1,2.1392198
3575,1215,1786.7491745948792,482.8782091140747,1355.923828125,744.7929077148438,0.75137806,8.0,1,0.25868738
3034,1215,451.00126695632935,609.6900987625122,20.175920486450195,871.6047973632812,0.3856795,22.0,-1,0.84657073
2080,1215,582.9302353858948,122.55164051055908,152.10488891601562,384.4663391113281,0.33200377,20.0,-1,3.102241
1,1216,1597.1930222511292,211.16940784454346,1164.6959228515625,473.372802734375,33.652706,20.0,-1,26.157604
0,1216,1561.5094285011292,771.8664293289185,1129.0123291015625,1034.06982421875,31.072924,22.0,-1,31.02842
2032,1216,575.684690952301,-130.20730113983154,143.18759155273438,131.99609375,26.201765,20.0,-1,22.316412
2,1216,1674.5693650245667,210.6507921218872,1242.072265625,472.85418701171875,19.11698,20.0,-1,30.27622
3,1216,1163.3630051612854,201.79462146759033,730.8659057617188,463.9980163574219,18.909601,18.0,-1,22.37506
1332,1216,633.4673752784729,598.150242805481,200.97027587890625,860.3536376953125,17.191774,20.0,-1,16.460016
1879,1216,1884.1819138526917,-32.86883068084717,1451.684814453125,229.33456420898438,11.963673,16.0,-1,3.8808255
3654,1216,1289.2209763526917,692.9046983718872,856.723876953125,955.1080932617188,11.004662,28.0,-1,10.694125
4,1216,1332.8456711769104,-102.16254711151123,900.3485717773438,160.0408477783203,10.536255,18.0,-1,28.206985
3079,1216,1943.8146042823792,13.212132453918457,1511.3175048828125,275.41552734375,7.605692,14.0,-1,5.63852
8,1216,1334.7438035011292,315.33542346954346,902.2467041015625,577.538818359375,7.3015637,18.0,-1,4.6864314
3509,1216,1998.2149949073792,381.6951036453247,1565.7178955078125,643.8984985351562,7.230019,14.0,-1,3.272904
12,1216,1202.3830857276917,773.8171129226685,769.885986328125,1036.0205078125,5.843691,18.0,-1,4.438654
3748,1216,1096.2023606300354,216.02771472930908,663.7052612304688,478.2311096191406,5.417689,22.0,-1,29.815931
2281,1216,1800.3397507667542,-43.70138072967529,1367.8426513671875,218.50201416015625,2.858309,10.0,-1,16.732553
3191,1216,1566.2508835792542,460.2230577468872,1133.7537841796875,722.4264526367188,1.0478767,26.0,-1,2.8315349
2986,1216,1462.6701951026917,442.03842639923096,1030.173095703125,704.2418212890625,1.0246063,12.0,-1,5.190439
3575,1216,1784.6293015480042,485.4028673171997,1352.1322021484375,747.6062622070312,0.95045537,8.0,1,0.398695
2389,1216,1371.2799363136292,184.27499866485596,938.7828369140625,446.4783935546875,0.63755053,18.0,-1,0.5434396
3034,1216,448.5764584541321,608.8452501296997,16.07935905456543,871.0486450195312,0.49846137,20.0,-1,0.9140258
2080,1216,582.974958896637,121.19055652618408,150.4778594970703,383.3939514160156,0.21295206,16.0,-1,2.9719658
0,1217,1559.1356492042542,771.0398302078247,1126.4710693359375,1033.81494140625,31.002508,22.0,-1,29.33695
1,1217,1597.5877976417542,209.33160877227783,1164.9232177734375,472.1067199707031,24.032616,20.0,-1,27.631388
2032,1217,574.9797806739807,-127.6123914718628,142.31520080566406,135.1627197265625,23.466116,20.0,-1,22.06679
3,1217,1164.553068637848,202.4730577468872,731.8884887695312,465.2481689453125,18.636827,18.0,-1,21.436749
3654,1217,1286.4211106300354,694.3417711257935,853.7565307617188,957.1168823242188,18.52883,28.0,-1,11.445155
2,1217,1675.1905808448792,208.92035388946533,1242.5260009765625,471.6954650878906,16.330444,18.0,-1,30.275326
1332,1217,632.4118638038635,598.150242805481,199.74728393554688,860.9253540039062,14.688511,20.0,-1,16.600414
1879,1217,1882.9016404151917,-31.94025707244873,1450.237060546875,230.83485412597656,13.841998,16.0,-1,5.4325337
4,1217,1332.8456711769104,-104.34209728240967,900.1810913085938,158.43301391601562,13.410949,18.0,-1,26.208347
12,1217,1200.0995774269104,773.8805284500122,767.4349975585938,1036.6556396484375,11.614635,18.0,-1,6.583494
8,1217,1334.8852829933167,312.96091175079346,902.220703125,575.7360229492188,8.456103,20.0,-1,5.963235
3079,1217,1947.6047654151917,14.273808479309082,1514.940185546875,277.0489196777344,6.9392085,14.0,-1,6.22785
3509,1217,1998.4244675636292,383.30185413360596,1565.7598876953125,646.0769653320312,6.2109103,16.0,-1,4.347289
3748,1217,1096.525724887848,215.4803819656372,663.8611450195312,478.2554931640625,4.959639,22.0,-1,25.30954
2281,1217,1801.2366013526917,-46.09937572479248,1368.572021484375,216.6757354736328,4.359318,10.0,-1,15.767731
2986,1217,1462.7947068214417,441.29623889923096,1030.130126953125,704.0713500976562,1.4344401,12.0,-1,5.0935245
2389,1217,1366.1860032081604,185.0045518875122,933.5214233398438,447.7796630859375,0.62660044,20.0,-1,0.79585385
3191,1217,1567.5669236183167,461.9287462234497,1134.90234375,724.703857421875,0.5742608,22.0,-1,0.98615146
2080,1217,580.0364670753479,121.1340684890747,147.37188720703125,383.9091796875,0.40302518,18.0,-1,3.01122
3575,1217,1782.0506882667542,485.37900257110596,1349.3861083984375,748.1541137695312,0.32490835,8.0,1,0.51791143
3034,1217,447.2219862937927,611.5795030593872,14.557406425476074,874.3546142578125,0.32023144,22.0,-1,0.7481096
1,1218,1598.089689731598,209.9595079421997,1164.552734375,472.6434326171875,44.9566,20.0,-1,27.011383
0,1218,1558.747648715973,771.5978136062622,1125.210693359375,1034.28173828125,26.502966,22.0,-1,29.150402
3,1218,1163.768156528473,202.65976428985596,730.231201171875,465.34368896484375,22.705557,18.0,-1,21.829441
2032,1218,573.5956559181213,-126.19915294647217,140.05870056152344,136.48477172851562,21.49954,20.0,-1,23.231804
1332,1218,629.6020493507385,598.150242805481,196.06509399414062,860.8341674804688,16.347572,20.0,-1,15.187573
2,1218,1676.3988938331604,207.71301746368408,1242.8619384765625,470.3969421386719,16.130663,20.0,-1,29.901918
3654,1218,1283.4206833839417,694.1185655593872,849.8837280273438,956.802490234375,14.591266,28.0,-1,11.478312
1879,1218,1881.426115512848,-31.29584789276123,1447.88916015625,231.38807678222656,13.787986,16.0,-1,4.5769343
4,1218,1335.6752610206604,-104.43381786346436,902.1383056640625,158.25010681152344,11.718941,18.0,-1,25.954426
3079,1218,1947.7858567237854,16.301854133605957,1514.2489013671875,278.98577880859375,10.039863,14.0,-1,9.282057
8,1218,1335.1393113136292,309.7671251296997,901.6023559570312,572.4510498046875,9.300622,20.0,-1,5.368704
12,1218,1200.0995774269104,774.8714952468872,766.5626220703125,1037.555419921875,7.6080556,18.0,-1,5.784692
3509,1218,1996.2978196144104,384.76743030548096,1562.7608642578125,647.4513549804688,6.550385,14.0,-1,1.6922338
3748,1218,1098.0216965675354,217.49786853790283,664.4847412109375,480.1817932128906,6.1109347,22.0,-1,30.326677
2281,1218,1804.912931919098,-47.85927867889404,1371.3759765625,214.82464599609375,3.5870116,10.0,-1,16.682821
3191,1218,1563.520353794098,465.45651721954346,1129.9833984375,728.1404418945312,1.9373579,22.0,-1,2.4086132
2389,1218,1371.1585984230042,183.29254627227783,937.6216430664062,445.9764709472656,1.1218079,20.0,-1,0.51753855
2986,1218,1464.250578403473,439.47128772735596,1030.713623046875,702.1552124023438,0.7547652,14.0,-1,5.4509735
3575,1218,1775.484709262848,483.86008167266846,1341.94775390625,746.5440063476562,0.63995534,8.0,1,0.38555622
2080,1218,580.5905137062073,120.66187000274658,147.05355834960938,383.3457946777344,0.39557168,12.0,-1,3.434375
3034,1218,445.719605922699,609.6239976882935,12.182650566101074,872.3079223632812,0.29025465,22.0,-1,2.6984494
0,1219,1558.9081711769104,773.5626573562622,1124.9019775390625,1036.2554931640625,39.302006,22.0,-1,29.30102
1,1219,1599.2077317237854,209.89099597930908,1165.2015380859375,472.5838317871094,29.952177,20.0,-1,26.70351
2032,1219,572.2294297218323,-125.84490489959717,138.22323608398438,136.84793090820312,22.209496,20.0,-1,22.955215
3,1219,1165.9108567237854,203.0168809890747,731.9046630859375,465.709716796875,16.972303,18.0,-1,22.312817
2,1219,1676.7655930519104,204.5340929031372,1242.7593994140625,467.2269287109375,16.823534,18.0,-1,30.163097
4,1219,1336.4315476417542,-103.09360790252686,902.4253540039062,159.59922790527344,13.474167,18.0,-1,24.498043
1879,1219,1882.1332688331604,-31.681239128112793,1448.1270751953125,231.0115966796875,11.947749,16.0,-1,3.74138
1332,1219,630.1977219581604,599.1879014968872,196.1915283203125,861.8807373046875,11.143947,18.0,-1,14.123352
3654,1219,1282.1828904151917,693.0034532546997,848.1766967773438,955.6962890625,10.771081,28.0,-1,11.19507
12,1219,1197.8398118019104,774.8714952468872,763.8336181640625,1037.5643310546875,10.573703,20.0,-1,7.659964
3079,1219,1945.8976731300354,17.466160774230957,1511.8914794921875,280.15899658203125,10.29547,14.0,-1,8.322133
3748,1219,1097.2729783058167,220.99060535430908,663.2667846679688,483.6834411621094,7.504122,22.0,-1,33.090874
3509,1219,1994.6515793800354,384.02475452423096,1560.6453857421875,646.7175903320312,5.573706,14.0,-1,3.0425837
2281,1219,1804.1130051612854,-52.23888683319092,1370.1068115234375,210.45394897460938,5.2147193,10.0,-1,16.892189
8,1219,1333.3905930519104,309.06296253204346,899.3843994140625,571.7557983398438,5.179186,20.0,-1,5.2971005
3191,1219,1563.520353794098,469.6047716140747,1129.51416015625,732.297607421875,1.7181646,24.0,-1,2.3347816
2986,1219,1464.2194504737854,441.44699573516846,1030.2132568359375,704.1398315429688,1.4040352,16.0,-1,5.792287
2389,1219,1371.3871140480042,183.21893787384033,937.3809204101562,445.9117736816406,0.97526693,16.0,-1,0.5349946
3575,1219,1777.6264328956604,480.4892930984497,1343.6202392578125,743.18212890625,0.4583752,8.0,1,0.3921063
3034,1219,444.90469312667847,608.0161485671997,10.898499488830566,870.708984375,0.4098585,22.0,-1,1.3642085
2080,1219,581.4694504737854,121.19818592071533,147.4632568359375,383.8910217285156,0.36046967,22.0,-1,3.5826204
0,1220,1559.8046555519104,773.559666633606,1124.570068359375,1036.535400390625,32.140385,22.0,-1,28.656254
2032,1220,571.9599900245667,-127.4795331954956,136.72540283203125,135.49620056152344,26.893127,20.0,-1,23.139309
1,1220,1599.0253586769104,211.00629138946533,1163.790771484375,473.9820251464844,25.688898,20.0,-1,26.755274
3,1220,1168.1547532081604,202.68588733673096,732.920166015625,465.66162109375,15.893868,18.0,-1,22.833902
3654,1220,1281.0442185401917,696.8075304031372,845.8096313476562,959.7832641601562,14.473737,28.0,-1,9.93903
1332,1220,633.1872239112854,599.1879014968872,197.95263671875,862.1636352539062,12.95082,18.0,-1,14.143499
1879,1220,1883.4350266456604,-30.200739860534668,1448.200439453125,232.77499389648438,12.904964,16.0,-1,6.4047103
8,1220,1335.2315964698792,309.0242052078247,899.9970092773438,571.9999389648438,12.653236,22.0,-1,6.6389356
4,1220,1338.816740512848,-104.97497081756592,903.5821533203125,158.00076293945312,12.0602255,18.0,-1,26.304195
3748,1220,1095.1952195167542,222.99945545196533,659.9606323242188,485.9751892089844,10.732215,22.0,-1,35.162724
12,1220,1198.4143357276917,777.2131090164185,763.1797485351562,1040.1888427734375,10.143405,18.0,-1,7.826305
2,1220,1676.089445590973,203.5149278640747,1240.8548583984375,466.49066162109375,9.290918,20.0,-1,26.932917
3079,1220,1944.804533481598,18.704991340637207,1509.5699462890625,281.68072509765625,8.335379,14.0,-1,11.393225
3509,1220,1993.2572922706604,382.0387315750122,1558.022705078125,645.0144653320312,4.7021146,14.0,-1,7.7135763
2281,1220,1804.511076450348,-53.30346202850342,1369.2764892578125,209.67227172851562,4.6075354,10.0,-1,18.585691
3191,1220,1565.951017856598,470.61154651641846,1130.7164306640625,733.5872802734375,1.3265868,24.0,-1,1.9452829
2986,1220,1461.7030930519104,442.22275257110596,1026.468505859375,705.198486328125,1.0343193,12.0,-1,4.7307186
2389,1220,1371.3871140480042,183.70831775665283,936.1525268554688,446.6840515136719,0.9724195,20.0,-1,0.19851947
2080,1220,580.0422348976135,121.33640003204346,144.80764770507812,384.3121337890625,0.8883522,12.0,-1,3.1176329
3575,1220,1775.0705246925354,478.4208116531372,1339.8359375,741.3965454101562,0.37792876,16.0,-1,0.75288343
3034,1220,446.3679184913635,605.8214464187622,11.133331298828125,868.7971801757812,0.22380894,18.0,-1,0.01281023
0,1221,1560.146086215973,773.5236101150513,1123.8948974609375,1035.637939453125,40.99049,24.0,-1,22.904932
1,1221,1599.859953403473,210.86000537872314,1163.6087646484375,472.9743347167969,35.84791,22.0,-1,25.57237
2032,1221,571.4775223731995,-126.33190441131592,135.22633361816406,135.7824249267578,22.361982,20.0,-1,23.523808
3,1221,1168.9522995948792,202.9043779373169,732.7011108398438,465.0187072753906,19.088892,20.0,-1,22.797247
4,1221,1339.8369431495667,-105.72242259979248,903.5857543945312,156.39190673828125,15.117881,18.0,-1,25.257965
1332,1221,635.7715287208557,599.341420173645,199.5203399658203,861.4557495117188,14.452819,20.0,-1,17.45013
2,1221,1674.668547153473,203.40483570098877,1238.4173583984375,465.5191650390625,14.350868,18.0,-1,27.91786
1879,1221,1885.659513950348,-30.16468334197998,1449.4083251953125,231.94964599609375,11.291588,16.0,-1,5.3502707
3079,1221,1944.244963169098,20.05363941192627,1507.9937744140625,282.16796875,10.731076,16.0,-1,8.066308
8,1221,1334.8901658058167,308.16997241973877,898.6389770507812,570.2843017578125,10.707868,22.0,-1,6.1555724
3748,1221,1091.1861863136292,224.4732255935669,654.9349975585938,486.5875549316406,9.243013,24.0,-1,33.460205
12,1221,1201.0052781105042,776.3778581619263,764.7540893554688,1038.4921875,8.478831,20.0,-1,10.849986
3654,1221,1281.9762253761292,695.5328874588013,845.7250366210938,957.647216796875,6.656568,28.0,-1,2.8424046
3509,1221,1996.4967942237854,380.61723804473877,1560.24560546875,642.7315673828125,4.688697,14.0,-1,4.433385
2281,1221,1803.4035325050354,-53.463786125183105,1367.15234375,208.65054321289062,2.2255085,10.0,-1,13.632462
2986,1221,1458.4838547706604,442.63560962677,1022.232666015625,704.7499389648438,0.6555286,20.0,-1,5.246212
2389,1221,1372.7752976417542,185.64049243927002,936.5241088867188,447.75482177734375,0.5012056,18.0,-1,1.5646303
3191,1221,1562.233000278473,471.13420581817627,1125.9818115234375,733.24853515625,0.44146726,24.0,-1,0.5031476
3575,1221,1769.076261997223,480.0505266189575,1332.8250732421875,742.1648559570312,0.36521503,18.0,-1,0.8106699
2080,1221,578.5565323829651,120.1470537185669,142.3053436279297,382.2613830566406,0.29799172,18.0,-1,3.0882583
1,1222,1597.8010239601135,209.07035541534424,1161.466064453125,470.7603759765625,46.634567,22.0,-1,25.957657
3,1222,1167.8742051124573,201.0008668899536,731.5392456054688,462.6908874511719,35.26823,20.0,-1,23.79788
0,1222,1560.131956577301,775.1191835403442,1123.7969970703125,1036.8092041015625,30.735315,24.0,-1,21.334148
2032,1222,570.4519486427307,-127.57020854949951,134.1169891357422,134.11981201171875,23.596725,22.0,-1,25.207441
1332,1222,635.8672471046448,600.6475038528442,199.53228759765625,862.3375244140625,18.675753,20.0,-1,18.435192
4,1222,1339.8510727882385,-107.00187969207764,903.51611328125,154.68814086914062,16.663706,20.0,-1,22.293962
2,1222,1675.068724155426,203.433819770813,1238.7337646484375,465.12384033203125,16.459993,20.0,-1,23.776077
1879,1222,1885.8959946632385,-33.1737699508667,1449.56103515625,228.51625061035156,15.658757,18.0,-1,7.4486694
12,1222,1201.973021030426,778.7871522903442,765.6380615234375,1040.4771728515625,11.636638,20.0,-1,11.226553
3748,1222,1090.6215806007385,225.71809101104736,654.28662109375,487.4081115722656,9.521774,26.0,-1,31.069471
3509,1222,1999.568480014801,378.60819721221924,1563.2335205078125,640.2982177734375,9.490409,16.0,-1,1.2941604
3079,1222,1945.5654282569885,21.27665424346924,1509.23046875,282.9666748046875,7.122597,16.0,-1,6.736871
3654,1222,1282.4790024757385,695.6309633255005,846.14404296875,957.3209838867188,5.97443,10.0,1,0.064241886
8,1222,1332.5578598976135,306.2813539505005,896.222900390625,567.9713745117188,5.9460716,24.0,-1,5.998612
2281,1222,1801.638548374176,-53.492770195007324,1365.3035888671875,208.19725036621094,2.9591274,12.0,-1,10.96276
2986,1222,1459.5462021827698,439.49125385284424,1023.2112426757812,701.1812744140625,1.0280261,14.0,-1,5.66037
3191,1222,1558.996702671051,472.645001411438,1122.6617431640625,734.3350219726562,0.49166608,28.0,-1,0.84061813
3575,1222,1771.2714829444885,480.3511781692505,1334.9365234375,742.0411987304688,0.41970825,18.0,-1,1.1559324
2080,1222,577.3925461769104,119.94727802276611,141.05758666992188,381.6372985839844,0.38210395,18.0,-1,4.012764
2389,1222,1372.309202671051,187.80131244659424,935.9742431640625,449.4913330078125,0.37677026,20.0,-1,1.2157271
1,1223,1596.8512864112854,207.6020631790161,1159.0277099609375,468.6378173828125,30.622435,22.0,-1,26.952557
0,1223,1561.7236008644104,775.2674684524536,1123.9000244140625,1036.30322265625,26.774277,26.0,-1,20.364166
2032,1223,567.2692246437073,-125.7073392868042,129.44564819335938,135.3284149169922,24.18058,22.0,-1,26.131023
3,1223,1167.1761765480042,200.9795045852661,729.3526000976562,462.0152587890625,19.637293,22.0,-1,23.815907
4,1223,1338.297209262848,-106.18973064422607,900.4736328125,154.8460235595703,18.007133,20.0,-1,20.74869
2,1223,1676.7253098487854,204.24458026885986,1238.9017333984375,465.28033447265625,17.335768,22.0,-1,23.028597
1332,1223,637.9965043067932,600.2940187454224,200.1729278564453,861.3297729492188,15.429295,22.0,-1,18.958437
3748,1223,1092.2106003761292,228.5450563430786,654.3870239257812,489.580810546875,9.742303,28.0,-1,29.498524
12,1223,1202.765470981598,781.6660280227661,764.94189453125,1042.7017822265625,9.281396,22.0,-1,9.622564
1879,1223,1882.807951450348,-33.1524076461792,1444.984375,227.8833465576172,8.234169,20.0,-1,11.433493
3079,1223,1944.087248325348,21.02610492706299,1506.263671875,282.0618591308594,8.206122,16.0,-1,7.5582066
3509,1223,2001.110197544098,375.4946413040161,1563.28662109375,636.5303955078125,6.2392135,16.0,-1,2.8034825
3654,1223,1281.6824021339417,697.7080812454224,843.8588256835938,958.7438354492188,4.956998,10.0,1,1.4026437
8,1223,1333.2558884620667,308.69331073760986,895.4323120117188,569.7290649414062,3.015335,26.0,-1,3.3137739
2281,1223,1804.7362961769104,-54.20656108856201,1366.9127197265625,206.82919311523438,2.6577754,12.0,-1,9.362538
2986,1223,1458.582609653473,438.23493671417236,1020.759033203125,699.2706909179688,0.75508446,18.0,-1,5.4798207
2080,1223,575.6292405128479,118.50141620635986,137.8056640625,379.53717041015625,0.31311604,16.0,-1,2.5993607
3191,1223,1560.7836594581604,468.7165651321411,1122.9600830078125,729.7523193359375,0.22151321,28.0,-1,0.085231066
1879,1224,1879.774992465973,-35.51933574676514,1441.177734375,224.22705078125,26.949213,20.0,-1,14.735423
4,1224,1338.374357700348,-103.75778484344482,899.777099609375,155.9886016845703,26.154572,22.0,-1,20.361301
3,1224,1168.0890793800354,200.01151752471924,729.4918212890625,459.7579040527344,25.164146,24.0,-1,26.115837
1,1224,1596.9838547706604,207.6020631790161,1158.3865966796875,467.34844970703125,20.545282,24.0,-1,27.846334
0,1224,1560.4770188331604,775.7958498001099,1121.8797607421875,1035.542236328125,16.86151,26.0,-1,21.097181
1332,1224,638.1352524757385,598.3722047805786,199.53799438476562,858.1185913085938,16.61233,24.0,-1,17.546864
2,1224,1676.7253098487854,205.872052192688,1238.1280517578125,465.6184387207031,15.105695,22.0,-1,23.211061
2032,1224,567.0885758399963,-125.45151042938232,128.49131774902344,134.2948760986328,9.901707,26.0,-1,24.808998
3509,1224,2002.455412387848,373.9493532180786,1563.858154296875,633.6957397460938,8.892781,18.0,-1,7.4713683
3079,1224,1942.5802903175354,19.886303901672363,1503.9830322265625,279.6326904296875,8.301763,18.0,-1,8.062166
12,1224,1203.1969895362854,782.4774904251099,764.5997314453125,1042.223876953125,7.9955144,24.0,-1,7.0805187
3654,1224,1281.5194993019104,699.7373781204224,842.9222412109375,959.4837646484375,6.054486,12.0,1,2.553147
3748,1224,1094.7134079933167,224.60200214385986,656.1161499023438,484.348388671875,3.8182762,28.0,-1,26.785769
2281,1224,1804.7597336769104,-54.7164945602417,1366.1624755859375,205.02989196777344,2.9298236,14.0,-1,1.7466626
8,1224,1330.0470261573792,313.2733278274536,891.4497680664062,573.0197143554688,1.8371692,28.0,-1,1.0113038
3191,1224,1559.399748325348,468.5769166946411,1120.802490234375,728.3233032226562,0.48889542,10.0,1,0.29555964
2986,1224,1456.3341355323792,438.9137086868286,1017.7368774414062,698.6600952148438,0.2866073,18.0,-1,3.9864836
1,1225,1597.5307297706604,207.6020631790161,1158.7724609375,469.3933410644531,33.092968,22.0,-1,25.69751
0,1225,1560.920011997223,777.9376039505005,1122.1617431640625,1039.7288818359375,32.382393,22.0,-1,27.788036
3,1225,1168.5498337745667,201.5909547805786,729.7915649414062,463.3822326660156,26.670332,22.0,-1,22.899096
4,1225,1338.1878952980042,-101.73204326629639,899.4296264648438,160.05923461914062,24.596977,22.0,-1,22.441973
1879,1225,1879.1474289894104,-36.83900737762451,1440.38916015625,224.9522705078125,19.168058,20.0,-1,12.990247
2032,1225,566.4114518165588,-125.89212322235107,127.65318298339844,135.89915466308594,16.211546,24.0,-1,24.19727
2,1225,1678.694181919098,204.4690980911255,1239.9359130859375,466.2603759765625,14.166519,22.0,-1,20.840277
3748,1225,1095.3363327980042,223.120587348938,656.5780639648438,484.911865234375,10.660529,24.0,-1,29.821203
1332,1225,639.489851474762,599.700177192688,200.73158264160156,861.491455078125,10.54589,20.0,-1,14.916221
12,1225,1207.0816941261292,782.4170961380005,768.3234252929688,1044.2083740234375,7.657946,20.0,-1,7.6222486
3509,1225,2000.2770676612854,377.164288520813,1561.518798828125,638.95556640625,7.275124,16.0,-1,4.7395697
3079,1225,1942.525724887848,18.923535346984863,1503.7674560546875,280.7148132324219,6.754612,18.0,-1,8.465097
3654,1225,1280.8154587745667,701.1280946731567,842.0571899414062,962.9193725585938,4.301834,28.0,-1,2.4792054
2281,1225,1807.763029575348,-55.185580253601074,1369.0047607421875,206.60569763183594,3.8815231,14.0,-1,6.0897427
8,1225,1329.3745408058167,313.17191791534424,890.6162719726562,574.9631958007812,3.4996612,24.0,-1,4.1430435
2986,1225,1454.0558152198792,441.4639711380005,1015.2975463867188,703.2552490234375,0.830151,12.0,-1,5.401641
3575,1225,1780.4938645362854,478.363751411438,1341.735595703125,740.155029296875,0.3194652,18.0,-1,1.2934909
3191,1225,1559.399748325348,472.2347230911255,1120.6414794921875,734.0260009765625,0.19687964,28.0,-1,0.95089126
2032,1226,566.1381974220276,-125.60580730438232,127.49180603027344,139.31639099121094,20.94493,20.0,-1,22.218805
0,1226,1561.8572068214417,775.4769716262817,1123.2108154296875,1040.399169921875,18.413864,20.0,-1,35.6594
1,1226,1596.3613572120667,208.30302143096924,1157.7149658203125,473.2252197265625,17.11037,18.0,-1,24.696238
3,1226,1170.5285325050354,202.760479927063,731.8821411132812,467.68267822265625,17.015726,16.0,-1,20.062283
3654,1226,1280.2778000831604,701.0286073684692,841.6314086914062,965.9508056640625,13.218086,26.0,-1,12.807758
1879,1226,1879.5246872901917,-36.9768705368042,1440.8782958984375,227.94532775878906,12.081211,16.0,-1,5.747283
1332,1226,639.343122959137,597.801983833313,200.6967315673828,862.7241821289062,10.201159,16.0,-1,9.856394
4,1226,1337.8949265480042,-101.49766826629639,899.24853515625,163.42453002929688,9.322635,18.0,-1,25.381693
2,1226,1679.3890671730042,205.37604999542236,1240.74267578125,470.2982482910156,8.672875,16.0,-1,19.48739
8,1226,1329.5212693214417,313.27140522003174,890.8748779296875,578.193603515625,8.607268,18.0,-1,4.898508
12,1226,1208.1959519386292,784.9796571731567,769.549560546875,1049.90185546875,6.146168,16.0,-1,8.181506
3748,1226,1096.9382615089417,220.4690065383911,658.2918701171875,485.3912048339844,5.81369,22.0,-1,37.74073
3079,1226,1941.2047410011292,20.47007465362549,1502.558349609375,285.39227294921875,5.309138,12.0,-1,16.362936
3509,1226,2002.7108445167542,375.234112739563,1564.064453125,640.1563110351562,4.4848204,12.0,-1,12.134135
2281,1226,1813.1073288917542,-56.111361503601074,1374.4609375,208.8108367919922,3.6637118,8.0,-1,23.173967
3191,1226,1558.2444138526917,469.736554145813,1119.5980224609375,734.6587524414062,1.6605458,22.0,-1,2.558708
2389,1226,1373.091642856598,181.6026430130005,934.4452514648438,446.52484130859375,1.0228131,6.0,1,0.1549716
2986,1226,1451.536711215973,441.13346576690674,1012.8903198242188,706.0556640625,0.88375336,18.0,-1,5.3366575
3575,1226,1779.7384324073792,480.3694887161255,1341.092041015625,745.2916870117188,0.5274437,16.0,-1,0.14860535
4040,1226,566.816023349762,121.87034320831299,128.1696319580078,386.79254150390625,0.3922844,16.0,-1,3.17866
3654,1227,1279.2773423194885,699.473629951477,840.6590576171875,966.2367553710938,65.65163,22.0,-1,18.033772
4,1227,1336.5302720069885,-101.5668363571167,897.9119873046875,165.1962890625,22.051596,8.0,1,0.8577199
1,1227,1596.664915561676,209.29269123077393,1158.046630859375,476.0558166503906,21.963621,14.0,-1,7.573838
0,1227,1564.3918442726135,776.9105806350708,1125.7735595703125,1043.6737060546875,19.786947,10.0,1,6.652624
3509,1227,2005.5332016944885,373.2976655960083,1566.9149169921875,640.060791015625,16.771786,10.0,-1,18.414932
3079,1227,1941.2360825538635,21.1843843460083,1502.6177978515625,287.947509765625,16.503714,10.0,-1,17.116648
2,1227,1679.2219223976135,205.41805744171143,1240.6036376953125,472.1811828613281,12.052226,14.0,-1,1.195653
2032,1227,563.2358765602112,-124.95781230926514,124.61759185791016,141.80531311035156,11.807515,16.0,-1,16.155397
3,1227,1169.5971665382385,203.47677326202393,730.9788818359375,470.2398986816406,11.378289,14.0,-1,1.4667664
1332,1227,639.3117814064026,598.189206123352,200.69349670410156,864.9523315429688,9.786798,12.0,-1,13.492489
2281,1227,1816.593870639801,-56.78883647918701,1377.9755859375,209.9742889404297,8.943717,8.0,-1,28.462742
1879,1227,1882.0944809913635,-37.455660820007324,1443.4761962890625,229.30746459960938,8.578731,12.0,-1,11.383555
8,1227,1332.0986313819885,314.2337007522583,893.4803466796875,580.996826171875,8.425449,8.0,1,1.2125928
3748,1227,1099.2014756202698,219.53027057647705,660.5831909179688,486.29339599609375,4.082397,18.0,-1,41.368793
12,1227,1207.4203476905823,784.8420991897583,768.8020629882812,1051.605224609375,4.034356,12.0,-1,17.362747
3191,1227,1556.087278842926,466.3867769241333,1117.468994140625,733.14990234375,1.9667796,16.0,-1,0.48387122
2389,1227,1372.8596177101135,183.0505952835083,934.2413330078125,449.813720703125,1.8087205,12.0,-1,7.863052
3575,1227,1780.221800327301,482.6985445022583,1341.603515625,749.461669921875,0.7744458,10.0,-1,6.1357694
4040,1227,567.1706223487854,121.82833576202393,128.55233764648438,388.5914611816406,0.7307884,12.0,-1,4.476156
2986,1227,1449.4692368507385,438.82348346710205,1010.8509521484375,705.5866088867188,0.604341,14.0,-1,4.9131517
0,1228,1564.6187119483948,775.310040473938,1125.7388916015625,1042.6260986328125,98.71176,10.0,1,28.77224
4,1228,1335.1879258155823,-103.3716459274292,896.30810546875,163.9444122314453,48.795902,8.0,1,29.41962
1,1228,1596.7119736671448,208.50593280792236,1157.8321533203125,475.8219909667969,38.431698,8.0,1,27.767256
3654,1228,1277.3275742530823,699.657208442688,838.44775390625,966.9732666015625,30.468191,20.0,-1,11.341113
2,1228,1678.3765244483948,206.2526979446411,1239.4967041015625,473.5687561035156,28.909998,8.0,1,27.433002
3,1228,1168.9721055030823,204.65067768096924,730.09228515625,471.96673583984375,28.0296,8.0,1,24.161041
3509,1228,2006.9192490577698,374.780499458313,1568.0394287109375,642.0965576171875,16.473244,10.0,-1,10.951956
1332,1228,638.3925309181213,596.2347841262817,199.51271057128906,863.5508422851562,14.731742,10.0,-1,11.686856
3079,1228,1944.7937607765198,20.444226264953613,1505.9139404296875,287.7602844238281,11.289807,10.0,-1,5.5329943
1879,1228,1884.3644394874573,-38.0598783493042,1445.484619140625,229.2561798095703,8.618064,10.0,-1,10.017857
3748,1228,1099.942259311676,219.16203022003174,661.0624389648438,486.47808837890625,6.3688354,14.0,-1,27.836872
12,1228,1207.1660141944885,785.3047914505005,768.2861938476562,1052.620849609375,4.987906,10.0,-1,29.145985
8,1228,1332.9992051124573,314.34440326690674,894.119384765625,581.6604614257812,4.643484,14.0,-1,7.6243753
2032,1228,562.2486863136292,-123.40153789520264,123.36886596679688,143.91452026367188,4.484116,14.0,-1,3.0973268
2281,1228,1816.2666611671448,-56.31471538543701,1377.3868408203125,211.0013427734375,4.335771,10.0,-1,14.174925
3575,1228,1781.0114121437073,483.6595277786255,1342.131591796875,750.9755859375,1.8017954,8.0,-1,12.84091
3191,1228,1556.0402207374573,464.2464418411255,1117.160400390625,731.5625,1.7234343,16.0,-1,2.9508102
2389,1228,1373.413206577301,184.4210329055786,934.5333862304688,451.7370910644531,1.6799659,8.0,-1,15.704689
4040,1228,568.4123368263245,121.71763324737549,129.5325164794922,389.03369140625,0.5572923,12.0,-1,3.95
2986,1228,1447.848753452301,436.615460395813,1008.9689331054688,703.9315185546875,0.37660876,10.0,-1,4.656389
0,1229,1563.7187180519104,775.6781053543091,1124.83837890625,1042.518798828125,93.65598,10.0,1,29.404902
4,1229,1334.8356614112854,-104.07213878631592,895.955322265625,162.7685546875,64.21052,8.0,1,30.361729
1,1229,1596.7321457862854,209.1922960281372,1157.851806640625,476.0329895019531,63.124043,8.0,1,29.133045
2,1229,1679.3717942237854,207.18881702423096,1240.491455078125,474.0295104980469,47.235226,8.0,1,28.319592
3,1229,1168.9519333839417,205.24390125274658,730.0715942382812,472.0845947265625,46.978878,8.0,1,23.180878
3654,1229,1275.294523715973,702.4190111160278,836.4141845703125,969.2597045898438,19.852835,18.0,-1,7.974621
1879,1229,1884.841154575348,-35.84595775604248,1445.9608154296875,230.99473571777344,17.40474,10.0,-1,8.0745
1332,1229,639.4343094825745,595.8335618972778,200.55397033691406,862.6742553710938,16.241545,10.0,-1,6.8545713
3509,1229,2008.2619309425354,378.2681932449341,1569.381591796875,645.10888671875,15.623656,10.0,-1,4.0858226
3079,1229,1945.3122239112854,19.346714973449707,1506.431884765625,286.1874084472656,13.314041,12.0,-1,1.0762906
8,1229,1334.8177781105042,313.12189197540283,895.9374389648438,579.9625854492188,5.778752,12.0,-1,17.196712
2032,1229,562.7865204811096,-123.5089521408081,123.90618133544922,143.3317413330078,5.23914,6.0,1,19.0558
12,1229,1206.6980271339417,788.8286180496216,767.8176879882812,1055.6693115234375,4.5741715,8.0,-1,30.068447
2281,1229,1818.942961215973,-56.936381340026855,1380.0626220703125,209.90431213378906,4.4345975,10.0,-1,9.088556
2389,1229,1372.834806919098,183.09909534454346,933.9544677734375,449.9397888183594,3.8354292,6.0,-1,15.630372
3748,1229,1097.9787888526917,219.2694444656372,659.0984497070312,486.1101379394531,3.7878866,14.0,-1,23.731228
3191,1229,1555.6860032081604,462.6750535964966,1116.8056640625,729.5157470703125,2.675482,12.0,-1,11.453323
3575,1229,1775.7365403175354,482.8516893386841,1336.856201171875,749.6923828125,0.7974801,10.0,-1,8.440481
4040,1229,568.3752579689026,122.30795764923096,129.4949188232422,389.1486511230469,0.67315096,10.0,-1,4.2944055
2986,1229,1448.534025669098,436.19232654571533,1009.6536865234375,703.0330200195312,0.43302965,28.0,-1,3.2799168
0,1230,1563.0256333351135,775.5979890823364,1123.8177490234375,1042.7186279296875,127.098946,10.0,1,30.453772
4,1230,1335.211546421051,-105.73831462860107,896.003662109375,161.38232421875,52.16042,8.0,1,28.875956
1,1230,1596.009153842926,209.0231294631958,1156.80126953125,476.1437683105469,47.17735,8.0,1,27.79868
3,1230,1169.1032090187073,204.39535236358643,729.8953247070312,471.5159912109375,40.909718,8.0,1,23.187542
2,1230,1680.1618638038635,207.32363605499268,1240.9539794921875,474.44427490234375,34.601833,8.0,1,28.222782
3654,1230,1273.134642124176,702.7839632034302,833.9267578125,969.9046020507812,20.46118,18.0,-1,4.697657
1879,1230,1884.9941391944885,-38.2185697555542,1445.7862548828125,228.90206909179688,20.07406,10.0,-1,1.8004315
1332,1230,643.0461258888245,595.9145784378052,203.83824157714844,863.0352172851562,14.091202,10.0,-1,2.472961
3509,1230,2008.8215317726135,379.0839509963989,1569.6136474609375,646.20458984375,13.752461,10.0,-1,2.5485728
3079,1230,1944.1916489601135,18.09460163116455,1504.9837646484375,285.2152404785156,10.362667,6.0,1,1.1298418
8,1230,1331.4039902687073,312.5215730667114,892.1961059570312,579.6422119140625,7.2518654,12.0,-1,20.531654
3748,1230,1096.487669467926,221.29064655303955,657.27978515625,488.4112854003906,5.9571786,14.0,-1,19.32891
12,1230,1207.160032749176,789.5127840042114,767.9521484375,1056.6334228515625,5.8797355,8.0,-1,28.103556
2032,1230,564.0982270240784,-123.42883586883545,124.89034271240234,143.69180297851562,5.2791204,6.0,1,21.052465
3191,1230,1557.9047837257385,464.5984163284302,1118.6968994140625,731.7190551757812,2.9474719,10.0,-1,14.299887
2281,1230,1820.6586899757385,-61.25761699676514,1381.4508056640625,205.86302185058594,2.2532744,14.0,-1,6.059439
2389,1230,1369.249632358551,183.65041828155518,930.041748046875,450.77105712890625,1.4186541,8.0,-1,11.439789
3575,1230,1774.965208530426,480.2580842971802,1335.75732421875,747.3787231445312,1.2450135,8.0,-1,6.8383503
4040,1230,568.223982334137,122.5966157913208,129.01609802246094,389.7172546386719,0.42841482,12.0,-1,3.5430527
2986,1230,1444.500608921051,435.0685091018677,1005.292724609375,702.1891479492188,0.1922252,28.0,-1,3.26433
0,1231,1564.2504143714905,774.7898530960083,1123.72412109375,1042.214599609375,125.92921,10.0,1,29.854599
4,1231,1336.7443108558655,-107.44459819793701,896.218017578125,159.9801483154297,81.45127,8.0,1,28.836048
1,1231,1596.9413323402405,208.6011323928833,1156.4150390625,476.02587890625,59.061123,8.0,1,28.418488
3,1231,1169.0836663246155,202.55282306671143,728.557373046875,469.9775695800781,53.0325,8.0,1,22.577328
2,1231,1680.667040348053,207.53405475616455,1240.1407470703125,474.95880126953125,36.730553,8.0,1,27.761833
1879,1231,1882.5038323402405,-37.53895854949951,1441.9775390625,229.8857879638672,22.648674,6.0,1,0.24152422
3654,1231,1272.1057000160217,703.122067451477,831.5794067382812,970.5468139648438,18.996227,18.0,-1,7.1480846
1332,1231,644.4326500892639,595.4979829788208,203.90635681152344,862.9227294921875,17.25113,10.0,-1,3.5491486
3509,1231,2007.7291741371155,378.98583698272705,1567.202880859375,646.4105834960938,9.333495,12.0,-1,1.4285526
3079,1231,1943.498095035553,18.47704792022705,1502.9718017578125,285.90179443359375,9.133199,6.0,1,2.3284845
3748,1231,1097.3578362464905,218.90914630889893,656.83154296875,486.3338928222656,7.769385,14.0,-1,15.652924
2032,1231,564.1177697181702,-124.95973491668701,123.59147644042969,142.4650115966797,6.8022466,6.0,1,21.150738
12,1231,1207.2359490394592,792.1686372756958,766.7096557617188,1059.5933837890625,5.407225,10.0,-1,26.469315
8,1231,1331.3587517738342,315.22790241241455,890.8324584960938,582.6526489257812,4.3131995,10.0,-1,22.285442
2281,1231,1822.081835269928,-65.25749492645264,1381.5555419921875,202.16725158691406,2.878936,16.0,-1,2.8697066
3191,1231,1556.7550530433655,469.9658784866333,1116.228759765625,737.390625,2.7702014,8.0,-1,18.87641
2389,1231,1366.5819573402405,185.4365816116333,926.0556640625,452.861328125,1.67439,8.0,-1,10.035971
3575,1231,1777.0677971839905,480.35619831085205,1336.54150390625,747.7809448242188,1.1194172,8.0,-1,9.372482
4040,1231,566.6338829994202,124.26330280303955,126.10758972167969,391.68804931640625,0.54996186,12.0,-1,3.5153174
2986,1231,1444.3802361488342,434.2709321975708,1003.8539428710938,701.6956787109375,0.2309554,28.0,-1,2.952414
0,1232,1563.7176995277405,775.478985786438,1122.1778564453125,1042.649658203125,119.67801,10.0,1,29.259518
1,1232,1597.490038394928,208.7616090774536,1155.9501953125,475.9322814941406,68.75082,8.0,1,27.574348
4,1232,1337.419237613678,-105.75935649871826,895.87939453125,161.41131591796875,58.66888,8.0,1,28.703688
3,1232,1169.5338616371155,201.3838014602661,727.9940185546875,468.5544738769531,47.87985,8.0,1,23.290997
2,1232,1683.8224358558655,207.93485736846924,1242.2825927734375,475.10552978515625,33.39533,8.0,1,28.322668
3509,1232,2005.537645816803,376.632794380188,1563.997802734375,643.803466796875,22.494507,10.0,-1,4.3532324
1332,1232,643.4644951820374,596.3219423294067,201.92465209960938,863.4926147460938,19.87257,10.0,-1,1.590811
3654,1232,1273.7972283363342,701.541729927063,832.2573852539062,968.71240234375,17.405937,18.0,-1,7.9705696
1879,1232,1880.359911441803,-37.20582866668701,1438.820068359375,229.96484375,15.882695,6.0,1,0.3243127
3079,1232,1942.0314202308655,16.559582710266113,1500.4915771484375,283.7302551269531,15.6745615,6.0,1,3.9054754
2032,1232,563.2228493690491,-125.66115093231201,121.6830062866211,141.509521484375,6.571785,6.0,1,21.28033
3748,1232,1098.207811832428,218.0457582473755,656.66796875,485.2164306640625,5.049517,14.0,-1,14.906479
12,1232,1204.9957146644592,791.898663520813,763.4558715820312,1059.0693359375,5.015869,10.0,-1,27.914537
8,1232,1332.0016961097717,315.7378969192505,890.4618530273438,582.9085693359375,4.662422,10.0,-1,17.051254
3191,1232,1557.7621331214905,471.2620668411255,1116.2222900390625,738.4327392578125,2.77621,8.0,-1,19.523708
2281,1232,1821.631639957428,-65.5182523727417,1380.091796875,201.6524200439453,2.6898525,14.0,-1,3.2906752
2389,1232,1361.955126285553,185.084210395813,920.415283203125,452.2548828125,1.6475697,8.0,-1,10.197121
3575,1232,1777.785692691803,480.19572162628174,1336.245849609375,747.3663940429688,1.0800995,8.0,-1,10.082543
4040,1232,565.3216729164124,124.78007221221924,123.78182983398438,391.95074462890625,0.6564756,14.0,-1,3.7181656
2986,1232,1445.606249332428,437.55460834503174,1004.06640625,704.7252807617188,0.22516924,28.0,-1,3.7757616
0,1233,1564.966143131256,776.7216463088989,1121.9822998046875,1044.690185546875,122.86367,10.0,1,28.80435
4,1233,1338.844072818756,-106.13579082489014,895.8602294921875,161.83274841308594,82.32202,8.0,1,29.550884
3,1233,1169.1769585609436,199.98421955108643,726.193115234375,467.9527587890625,66.007225,8.0,1,21.234089
1,1233,1598.1352105140686,207.9381685256958,1155.1513671875,475.9067077636719,55.239613,8.0,1,27.966997
2,1233,1684.318926334381,209.00439167022705,1241.3350830078125,476.9729309082031,35.37437,8.0,1,28.753338
3509,1233,2005.014971256256,377.8518342971802,1562.0311279296875,645.8203735351562,22.359663,12.0,-1,3.3616586
3654,1233,1273.762529850006,701.5887727737427,830.7786865234375,969.5573120117188,19.721582,18.0,-1,8.2256565
1879,1233,1877.7067437171936,-36.86842632293701,1434.722900390625,231.10011291503906,19.147095,12.0,-1,1.0279131
1332,1233,645.0654168128967,594.6636018753052,202.08157348632812,862.6321411132812,18.660658,10.0,-1,3.276723
3079,1233,1943.116533756256,13.80138874053955,1500.1326904296875,281.7699279785156,16.746286,6.0,1,3.839415
3748,1233,1098.9458184242249,218.30532550811768,655.9619750976562,486.27386474609375,6.74617,14.0,-1,15.894272
2032,1233,563.1274361610413,-125.86079692840576,120.14359283447266,142.1077423095703,4.7016783,6.0,1,22.35744
12,1233,1208.0842461585999,790.1661043167114,765.1004028320312,1058.1346435546875,3.8982973,10.0,-1,26.956772
8,1233,1334.3153862953186,318.5408601760864,891.33154296875,586.5093994140625,3.843797,10.0,-1,17.43379
3191,1233,1556.722246646881,470.4853181838989,1113.7384033203125,738.453857421875,3.381447,8.0,-1,18.52278
2281,1233,1821.666338443756,-65.56529521942139,1378.6824951171875,202.4032440185547,2.0263262,18.0,-1,4.3849173
3575,1233,1776.9101128578186,478.0265779495239,1333.92626953125,745.9951171875,1.7571365,8.0,-1,11.368567
2389,1233,1360.9819512367249,189.17821979522705,917.9981079101562,457.1467590332031,1.5695933,8.0,-1,11.528113
4040,1233,562.8920922279358,125.7570161819458,119.90824890136719,393.7255554199219,0.84284645,10.0,-1,3.5252552
2986,1233,1445.0092339515686,438.0006990432739,1002.025390625,705.96923828125,0.28068158,28.0,-1,3.0687504
0,1234,1564.567461490631,778.0497102737427,1120.707763671875,1046.334716796875,113.71235,10.0,1,27.452433
4,1234,1337.7653374671936,-107.0329008102417,893.9056396484375,161.25210571289062,67.13774,8.0,1,28.512436
2,1234,1684.3437066078186,209.8124361038208,1240.4840087890625,478.0974426269531,39.712173,8.0,1,28.070541
1,1234,1596.9159722328186,207.31673908233643,1153.0562744140625,475.60174560546875,39.14506,8.0,1,26.195894
3,1234,1169.5404839515686,198.59658527374268,725.6807861328125,466.881591796875,38.227108,8.0,1,22.173632
1879,1234,1879.088213443756,-34.51182842254639,1435.228515625,233.77317810058594,21.450518,10.0,-1,4.610346
1332,1234,646.101122379303,594.6693391799927,202.24142456054688,862.954345703125,17.476032,10.0,-1,1.7751712
3654,1234,1271.950273990631,700.5683259963989,828.090576171875,968.8533325195312,15.584338,18.0,-1,7.878422
3509,1234,2005.7511773109436,378.3047761917114,1561.8914794921875,646.5897827148438,15.279569,10.0,-1,1.9798017
3079,1234,1942.3290581703186,13.49987506866455,1498.4693603515625,281.7848815917969,10.178623,6.0,1,2.7280777
3748,1234,1099.3294854164124,219.73562335968018,655.4697875976562,488.0206298828125,8.390772,14.0,-1,17.671207
2032,1234,560.9412026405334,-126.07765483856201,117.08150482177734,142.2073516845703,6.614021,6.0,1,21.793615
12,1234,1207.4995293617249,789.2876253128052,763.6398315429688,1057.5726318359375,4.360872,10.0,-1,29.1937
3191,1234,1554.8283257484436,469.7417268753052,1110.9686279296875,738.0267333984375,4.1333776,8.0,-1,22.416569
8,1234,1335.2390313148499,318.5351228713989,891.3793334960938,586.8201293945312,3.4921477,10.0,-1,17.433664
2281,1234,1826.467607975006,-62.39238262176514,1382.60791015625,205.8926239013672,2.4693322,14.0,-1,1.2699053
2389,1234,1361.350908756256,190.27673053741455,917.4912109375,458.5617370605469,1.1708618,8.0,-1,9.864486
3575,1234,1777.9604058265686,475.6913728713989,1334.1007080078125,743.9763793945312,0.41473603,8.0,-1,8.739644
2986,1234,1443.3326592445374,440.4966096878052,999.4729614257812,708.7816162109375,0.34220767,28.0,-1,3.997332
4040,1234,562.8673119544983,127.13476276397705,119.00761413574219,395.4197692871094,0.25962105,10.0,-1,2.7085736
0,1235,1564.6834893226624,777.6591005325317,1119.9990234375,1046.104736328125,167.45306,10.0,1,27.817602
4,1235,1336.5569024085999,-106.5136137008667,891.8724365234375,161.93202209472656,80.89905,8.0,1,27.694141
3,1235,1168.8175225257874,197.9127016067505,724.133056640625,466.35833740234375,58.271946,8.0,1,21.04493
1,1235,1596.7999444007874,208.0831422805786,1152.115478515625,476.5287780761719,47.14699,8.0,1,26.061054
2,1235,1686.6924004554749,208.8923463821411,1242.0079345703125,477.3379821777344,27.05118,8.0,1,26.199717
3654,1235,1271.038897037506,701.2943544387817,826.3544311523438,969.739990234375,21.526619,18.0,-1,7.913425
1879,1235,1878.7268242835999,-34.13890361785889,1434.0423583984375,234.30673217773438,19.94019,10.0,-1,2.9736512
3509,1235,2004.4387383460999,377.07096576690674,1559.7542724609375,645.5166015625,18.117157,12.0,-1,2.9258702
1332,1235,646.6330285072327,594.4437685012817,201.9485626220703,862.889404296875,15.806953,10.0,-1,0.7948158
3079,1235,1941.8351006507874,14.258374214172363,1497.150634765625,282.7040100097656,8.978998,6.0,1,2.7334638
3748,1235,1098.2849297523499,221.07499408721924,653.6004638671875,489.5206298828125,6.7454433,14.0,-1,14.639037
2032,1235,561.789957523346,-126.07986736297607,117.1054916381836,142.3657684326172,5.8669496,6.0,1,20.72175
12,1235,1205.2970147132874,788.8523378372192,760.612548828125,1057.2979736328125,4.2368684,10.0,-1,27.472828
3191,1235,1556.8824639320374,469.74393939971924,1112.197998046875,738.1895751953125,3.559721,8.0,-1,24.36651
8,1235,1336.9642510414124,318.42313861846924,892.27978515625,586.8687744140625,3.000208,12.0,-1,13.858258
2281,1235,1826.5880303382874,-58.79878520965576,1381.903564453125,209.6468505859375,2.378175,14.0,-1,1.1311023
2389,1235,1364.835283756256,189.4256715774536,920.1508178710938,457.8713073730469,1.3552593,8.0,-1,10.301281
3575,1235,1782.6001152992249,477.69266986846924,1337.9156494140625,746.1383056640625,1.1766495,8.0,-1,9.402476
4040,1235,562.290819644928,127.37476825714111,117.60635375976562,395.8204040527344,0.6705816,10.0,-1,4.580232
2986,1235,1444.5644097328186,437.5406312942505,999.8799438476562,705.9862670898438,0.22706431,26.0,-1,3.866109
0,1236,1564.5999932289124,775.9696474075317,1119.8828125,1045.22509765625,134.26535,10.0,1,26.851898
4,1236,1336.5831475257874,-107.24147319793701,891.865966796875,162.01397705078125,86.63433,8.0,1,28.285519
3,1236,1168.7912774085999,196.6907777786255,724.0740966796875,465.94622802734375,74.94997,8.0,1,20.328455
1,1236,1592.7551445960999,206.88178730010986,1148.0379638671875,476.1372375488281,67.267105,8.0,1,25.762194
2,1236,1686.7468438148499,206.48908710479736,1242.0296630859375,475.7445373535156,44.387936,8.0,1,26.079424
3654,1236,1270.1274590492249,701.4449892044067,825.4102783203125,970.700439453125,22.959127,18.0,-1,8.72817
1879,1236,1878.9513115882874,-33.28967571258545,1434.234130859375,235.9657745361328,20.160082,10.0,-1,7.318468
1332,1236,648.5216393470764,594.187481880188,203.80445861816406,863.4429321289062,18.39237,10.0,-1,2.349458
3509,1236,2005.9030938148499,374.29545307159424,1561.1859130859375,643.5509033203125,12.762715,10.0,-1,3.7078736
3079,1236,1942.0899834632874,14.482434272766113,1497.372802734375,283.7378845214844,12.57246,6.0,1,2.1581542
2032,1236,560.5707573890686,-128.48164653778076,115.85357666015625,140.7738037109375,7.909493,6.0,1,20.490519
12,1236,1204.1218438148499,788.7017030715942,759.4046630859375,1057.9571533203125,5.325114,8.0,-1,30.569529
8,1236,1334.4179863929749,319.315411567688,889.7008056640625,588.5708618164062,5.004821,12.0,-1,15.304909
3748,1236,1100.2596611976624,221.36787128448486,655.54248046875,490.6233215332031,4.925035,16.0,-1,15.621064
3191,1236,1554.8885674476624,469.45841693878174,1110.17138671875,738.7138671875,3.2313433,8.0,-1,21.91776
3575,1236,1782.3346123695374,480.7610902786255,1337.617431640625,750.0165405273438,1.8261751,8.0,-1,11.698629
2281,1236,1829.0116143226624,-55.11845684051514,1384.29443359375,214.13699340820312,1.7933421,20.0,-1,1.716095
2389,1236,1368.6550469398499,190.949933052063,923.9378662109375,460.20538330078125,1.2335864,8.0,-1,8.718949
2986,1236,1445.1684746742249,439.66239643096924,1000.4512939453125,708.9178466796875,0.44667098,28.0,-1,3.8507159
4040,1236,561.7976174354553,129.97074604034424,117.08043670654297,399.2261962890625,0.39336464,12.0,-1,3.288312
0,1237,1564.41131067276,775.9700441360474,1119.812255859375,1046.0318603515625,135.32838,10.0,1,27.525625
4,1237,1333.1868844032288,-108.03958415985107,888.5878295898438,162.02223205566406,77.948944,8.0,1,26.667019
2,1237,1688.7478585243225,205.8939027786255,1244.1488037109375,475.9557189941406,56.021515,8.0,1,25.745546
1,1237,1588.544367313385,207.281476020813,1143.9453125,477.3432922363281,51.69574,8.0,1,25.036293
3,1237,1167.1721138954163,196.577374458313,722.5730590820312,466.6391906738281,40.079136,8.0,1,19.82642
3654,1237,1268.115168094635,703.5224123001099,823.51611328125,973.584228515625,20.118189,18.0,-1,7.694343
1332,1237,647.1431984901428,595.3919191360474,202.5441436767578,865.4537353515625,19.23268,10.0,-1,2.2423751
1879,1237,1879.3157296180725,-35.57124614715576,1434.7166748046875,234.49057006835938,17.987366,10.0,-1,3.5484874
12,1237,1204.6227974891663,787.6673097610474,760.0237426757812,1057.7291259765625,15.27282,8.0,-1,27.79113
3079,1237,1940.06072473526,12.665204048156738,1495.461669921875,282.7270202636719,14.286595,6.0,1,2.0308018
3509,1237,2007.7744698524475,374.2950563430786,1563.1754150390625,644.3568725585938,10.900356,12.0,-1,3.2936697
8,1237,1336.5947213172913,320.23554706573486,891.9956665039062,590.29736328125,8.252213,12.0,-1,15.517828
2032,1237,560.2054009437561,-127.9103422164917,115.6063461303711,142.15147399902344,6.280252,6.0,1,21.118095
3748,1237,1098.412043094635,223.24235248565674,653.81298828125,493.3041687011719,6.075813,16.0,-1,14.080253
3191,1237,1552.25261926651,467.99750995635986,1107.653564453125,738.059326171875,3.7888663,8.0,-1,20.716347
2281,1237,1831.78386926651,-53.780550956726074,1387.184814453125,216.28126525878906,2.2350748,14.0,-1,0.7452553
3575,1237,1784.2930245399475,479.99799823760986,1339.6939697265625,750.059814453125,1.6597015,6.0,-1,11.499981
2389,1237,1369.5432686805725,194.447247505188,924.9442138671875,464.5090637207031,1.3112279,8.0,-1,11.712499
4040,1237,561.9862999916077,129.29230976104736,117.38724517822266,399.3541259765625,0.5174617,10.0,-1,3.2693942
2986,1237,1446.4504342079163,441.6956911087036,1001.8513793945312,711.7575073242188,0.47020832,10.0,-1,3.3956635
4,1238,1333.9768013954163,-108.8423490524292,888.0042114257812,161.90969848632812,104.24232,8.0,1,26.980806
0,1238,1564.430109500885,776.3869905471802,1118.45751953125,1047.1390380859375,95.7076,10.0,1,26.971197
1,1238,1588.0847725868225,207.20321369171143,1142.1121826171875,477.95526123046875,89.26226,8.0,1,25.447912
2,1238,1689.7385811805725,205.09487628936768,1243.7659912109375,475.846923828125,61.016495,8.0,1,25.98367
3,1238,1168.0773873329163,198.3838472366333,722.1047973632812,469.1358947753906,49.181366,8.0,1,20.613342
1879,1238,1882.23797082901,-32.93577861785889,1436.265380859375,237.81626892089844,25.445786,10.0,-1,4.2856894
1332,1238,649.9044442176819,595.4701814651489,203.93185424804688,866.2222290039062,23.854528,10.0,-1,2.509201
3654,1238,1267.8430123329163,701.4719514846802,821.8704223632812,972.2239990234375,22.58576,18.0,-1,7.6601515
3079,1238,1940.041925907135,14.68786334991455,1494.0693359375,285.4399108886719,14.40704,6.0,1,1.4387556
3509,1238,2007.4209542274475,372.1943025588989,1561.4483642578125,642.9463500976562,12.477008,12.0,-1,2.294242
3748,1238,1097.1340279579163,222.78368854522705,651.1614379882812,493.5357360839844,6.581554,14.0,-1,18.084566
2032,1238,559.8477120399475,-127.61152935028076,113.8751220703125,143.14051818847656,6.075257,6.0,1,19.641705
12,1238,1203.2322945594788,788.4430208206177,757.2597045898438,1059.195068359375,6.0089774,10.0,-1,28.780344
8,1238,1336.5010323524475,321.8460359573364,890.5284423828125,592.5980834960938,5.223687,10.0,-1,19.02854
3191,1238,1551.70232629776,464.9377717971802,1105.729736328125,735.6898193359375,4.0884347,8.0,-1,24.920475
2281,1238,1834.1016182899475,-53.22261333465576,1388.1290283203125,217.52943420410156,2.3562076,16.0,-1,1.1549964
2389,1238,1369.6592354774475,191.46493244171143,923.6866455078125,462.21697998046875,1.8361653,8.0,-1,13.636812
3575,1238,1783.9631905555725,474.4666414260864,1337.9906005859375,745.2186889648438,1.2346269,8.0,-1,11.753902
2986,1238,1448.3086495399475,442.7623567581177,1002.3360595703125,713.514404296875,1.0537425,10.0,-1,5.351757
4040,1238,562.1169991493225,128.16128253936768,116.1444091796875,398.913330078125,0.59191674,12.0,-1,4.280334
0,1239,1563.832121372223,775.4127321243286,1117.4493408203125,1046.49658203125,120.16024,10.0,1,27.381021
3,1239,1168.461760044098,197.0102663040161,722.0789794921875,468.0941162109375,70.64939,8.0,1,20.496292
4,1239,1333.2670578956604,-109.33728313446045,886.88427734375,161.74656677246094,63.70996,8.0,1,25.468416
1,1239,1588.3962082862854,208.45353412628174,1142.013427734375,479.5373840332031,62.695835,8.0,1,24.837677
2,1239,1690.6650071144104,204.9124879837036,1244.2822265625,475.996337890625,55.795986,8.0,1,25.874638
3654,1239,1266.884611606598,703.1092653274536,820.5018310546875,974.193115234375,21.879889,18.0,-1,7.7396064
1332,1239,650.5516953468323,596.2074708938599,204.16891479492188,867.2913208007812,20.795738,6.0,1,0.31759873
3079,1239,1940.332609653473,14.704785346984863,1493.9498291015625,285.78863525390625,20.579084,6.0,1,2.067118
1879,1239,1881.4794602394104,-30.152743339538574,1435.0966796875,240.9311065673828,18.09383,10.0,-1,1.671618
3509,1239,2008.181486606598,374.17939472198486,1561.7987060546875,645.2632446289062,15.212649,12.0,-1,1.3471439
2032,1239,557.6801438331604,-127.62845134735107,111.29736328125,143.4553985595703,7.4412446,6.0,1,19.072123
3748,1239,1095.641203403473,221.18839740753174,649.2584228515625,492.2722473144531,6.4885345,14.0,-1,19.743147
12,1239,1202.497892856598,788.5097780227661,756.1151123046875,1059.5936279296875,6.091286,10.0,-1,29.111395
8,1239,1338.4142746925354,321.2771120071411,892.031494140625,592.3609619140625,2.9895556,12.0,-1,18.100597
3191,1239,1548.9228196144104,464.1136598587036,1102.5400390625,735.197509765625,2.5912807,8.0,-1,23.454433
2281,1239,1835.716398715973,-51.612154960632324,1389.3336181640625,219.47169494628906,1.6266567,16.0,-1,0.38433164
3575,1239,1783.8913254737854,472.2506227493286,1337.508544921875,743.33447265625,1.2474835,8.0,-1,12.449207
2389,1239,1369.0196824073792,191.589337348938,922.6369018554688,462.6731872558594,0.9792507,8.0,-1,10.331738
4040,1239,562.1888642311096,128.81403827667236,115.80608367919922,399.89788818359375,0.8261383,10.0,-1,3.2615154
2986,1239,1450.2337937355042,440.6007204055786,1003.8510131835938,711.6845703125,0.3984119,28.0,-1,3.9787366
0,1240,1562.6213059425354,776.7625246047974,1115.9351806640625,1048.3685302734375,121.20568,10.0,1,27.665958
4,1240,1334.6354050636292,-109.58151531219482,887.9492797851562,162.0244903564453,102.536255,8.0,1,27.87506
1,1240,1588.718840122223,208.6977663040161,1142.03271484375,480.30377197265625,56.507526,8.0,1,25.519047
2,1240,1689.592131137848,204.2719850540161,1242.906005859375,475.87799072265625,47.60027,8.0,1,25.468117
3,1240,1169.4524216651917,195.2221803665161,722.7662963867188,466.82818603515625,35.426327,8.0,1,20.034885
3654,1240,1268.104094028473,705.5478639602661,821.41796875,977.1538696289062,21.269823,18.0,-1,9.558627
1879,1240,1882.4569993019104,-29.382662773132324,1435.7708740234375,242.2233428955078,17.830416,10.0,-1,3.088822
3079,1240,1938.989592075348,10.587964057922363,1492.303466796875,282.1939697265625,16.574602,6.0,1,2.1638207
1332,1240,647.1435990333557,595.2024049758911,200.4574737548828,866.8084106445312,16.434687,10.0,-1,4.311076
3509,1240,2010.207365512848,372.37031269073486,1563.521240234375,643.976318359375,12.197918,12.0,-1,0.85566556
2032,1240,556.5001435279846,-128.72416973114014,109.81401824951172,142.8818359375,8.703612,6.0,1,19.700483
12,1240,1201.318449497223,790.0416994094849,754.63232421875,1061.647705078125,6.8473887,8.0,-1,32.61562
3748,1240,1096.1484665870667,222.37971210479736,649.4623413085938,493.9857177734375,6.140785,14.0,-1,18.976063
3191,1240,1548.600187778473,461.0793581008911,1101.9140625,732.6853637695312,4.1266704,8.0,-1,23.996078
8,1240,1337.6780076026917,324.0030641555786,890.9918823242188,595.6090698242188,3.8462105,12.0,-1,14.603106
3575,1240,1782.6789231300354,475.0672731399536,1335.9927978515625,746.6732788085938,2.0107358,8.0,-1,11.548018
2281,1240,1839.611662387848,-53.186434745788574,1392.925537109375,218.41957092285156,1.7740456,16.0,-1,1.5037519
2389,1240,1368.1504197120667,198.90470600128174,921.4642944335938,470.5107116699219,0.9278319,12.0,-1,9.466242
4040,1240,562.6684174537659,129.50846576690674,115.98229217529297,401.1144714355469,0.8786659,12.0,-1,2.983046
2986,1240,1452.1026902198792,438.27985858917236,1005.4165649414062,709.8858642578125,0.38071874,10.0,-1,3.724388
0,1241,1562.3888573646545,777.0424318313599,1115.63525390625,1050.0484619140625,96.24012,10.0,1,27.614105
4,1241,1335.067934513092,-110.9751615524292,888.3143310546875,162.03086853027344,78.505424,8.0,1,26.274212
1,1241,1588.6520409584045,209.15458393096924,1141.8984375,482.1606140136719,57.569355,8.0,1,25.667517
3,1241,1170.907534122467,195.62861347198486,724.1539306640625,468.6346435546875,47.2543,8.0,1,19.564333
2,1241,1688.5307030677795,203.08991718292236,1241.777099609375,476.095947265625,42.210552,8.0,1,25.669518
3654,1241,1268.8011498451233,706.8229494094849,822.0475463867188,979.8289794921875,23.427801,18.0,-1,8.987902
1879,1241,1881.297426700592,-31.1635160446167,1434.5438232421875,241.84251403808594,20.489637,12.0,-1,3.644214
3079,1241,1938.699770450592,8.250561714172363,1491.9461669921875,281.256591796875,14.55349,6.0,1,1.915027
1332,1241,645.2291131019592,597.1566896438599,198.4755096435547,870.1627197265625,11.0356455,12.0,-1,1.7290184
3509,1241,2009.146791934967,373.2634401321411,1562.3931884765625,646.2694702148438,10.345714,6.0,1,0.41375822
2032,1241,556.521288394928,-130.7769956588745,109.76768493652344,142.22903442382812,7.4526334,6.0,1,21.24964
3748,1241,1097.2064843177795,222.3365602493286,650.452880859375,495.34259033203125,6.75215,14.0,-1,21.675964
3191,1241,1546.840151309967,461.09113788604736,1100.0865478515625,734.09716796875,4.6189456,8.0,-1,22.447674
12,1241,1201.2973046302795,789.0277833938599,754.543701171875,1062.0338134765625,4.3232336,8.0,-1,31.891994
8,1241,1336.4591088294983,322.9909791946411,889.7055053710938,595.9970092773438,3.0972707,12.0,-1,13.006608
2281,1241,1840.4042382240295,-53.08787822723389,1393.650634765625,219.91815185546875,2.292435,16.0,-1,2.0643296
3575,1241,1783.3502831459045,475.05549335479736,1336.5966796875,748.0615234375,1.4575726,6.0,-1,13.045812
2389,1241,1368.4544701576233,202.8939027786255,921.7008666992188,475.8999328613281,1.3137826,8.0,-1,9.305314
2986,1241,1452.977114200592,439.1204957962036,1006.2235107421875,712.1265258789062,0.32965866,28.0,-1,3.6270847
4040,1241,563.2355751991272,127.76450824737549,116.48197174072266,400.7705383300781,0.3254611,10.0,-1,2.9465466
0,1242,1561.350618839264,775.6702165603638,1113.612060546875,1050.19580078125,101.501396,10.0,1,28.125107
4,1242,1335.7672448158264,-110.57660961151123,888.0286865234375,163.948974609375,97.48081,8.0,1,26.790306
3,1242,1171.6469445228577,195.5164384841919,723.9083862304688,470.0420227050781,55.025135,8.0,1,21.596638
1,1242,1589.118441104889,209.21684741973877,1141.3798828125,483.742431640625,46.829212,8.0,1,25.132088
2,1242,1689.382601261139,201.6595048904419,1241.64404296875,476.1850891113281,37.790897,8.0,1,25.859243
3079,1242,1937.880648136139,7.2105913162231445,1490.14208984375,281.7361755371094,27.656622,6.0,1,1.7631879
3654,1242,1268.1889367103577,707.197377204895,820.4503784179688,981.7229614257812,25.5878,18.0,-1,9.29186
1332,1242,643.927797794342,598.8673601150513,196.18923950195312,873.3929443359375,22.725275,10.0,-1,3.6333752
1879,1242,1881.626253604889,-33.00017833709717,1433.8876953125,241.52540588378906,18.60554,12.0,-1,2.2608948
3509,1242,2012.2572350502014,373.246693611145,1564.5186767578125,647.7722778320312,13.429741,12.0,-1,0.17582306
3748,1242,1096.8776574134827,222.31804370880127,649.1390991210938,496.8436279296875,9.416628,14.0,-1,22.427242
2032,1242,554.005434513092,-129.21618175506592,106.26687622070312,145.3094024658203,5.8124294,8.0,1,18.062101
12,1242,1203.0650353431702,791.2706804275513,755.3264770507812,1065.7962646484375,4.504745,10.0,-1,29.622828
8,1242,1334.034212589264,322.3654680252075,886.295654296875,596.8910522460938,3.3673975,12.0,-1,11.758998
3191,1242,1544.657747745514,458.77037525177,1096.919189453125,733.2959594726562,2.7199752,8.0,-1,22.277237
2281,1242,1842.0143151283264,-53.07113170623779,1394.2757568359375,221.45445251464844,2.6259894,14.0,-1,1.6835289
3575,1242,1785.8275475502014,475.469349861145,1338.0889892578125,749.9949340820312,2.1855142,8.0,-1,12.013219
2389,1242,1367.7144494056702,200.53139209747314,919.9758911132812,475.0569763183594,1.1455494,8.0,-1,10.470925
2986,1242,1452.0941491127014,439.56621265411377,1004.3555908203125,714.091796875,0.74842596,28.0,-1,4.630018
4040,1242,565.1997246742249,128.42210865020752,117.46116638183594,402.94769287109375,0.3625323,10.0,-1,3.6879933
0,1243,1561.945864200592,776.30943775177,1113.9586181640625,1051.40283203125,115.653534,10.0,1,27.266476
4,1243,1337.5305199623108,-110.9444227218628,889.5432739257812,164.1489715576172,70.60474,8.0,1,27.441448
3,1243,1172.023500919342,196.87883472442627,724.0362548828125,471.97222900390625,62.421204,8.0,1,20.454954
2,1243,1689.7206444740295,200.67259693145752,1241.7333984375,475.7659912109375,40.49127,8.0,1,25.985628
1,1243,1587.5162987709045,209.41508960723877,1139.529052734375,484.50848388671875,39.650402,8.0,1,25.976484
3654,1243,1268.2093529701233,707.5183000564575,820.2221069335938,982.6116943359375,19.545118,20.0,-1,9.726764
3079,1243,1940.455385684967,6.7740373611450195,1492.4681396484375,281.867431640625,18.872091,6.0,1,2.091473
1332,1243,642.170229434967,599.0082902908325,194.1829833984375,874.1016845703125,13.977875,12.0,-1,0.6739207
1879,1243,1879.312319278717,-33.551615715026855,1431.3250732421875,241.54177856445312,11.6401825,10.0,-1,1.9722972
3748,1243,1096.857241153717,219.17180347442627,648.8699951171875,494.26519775390625,10.218276,14.0,-1,24.247066
2032,1243,552.1459527015686,-128.82644176483154,104.15870666503906,146.26695251464844,8.885947,6.0,1,19.911793
3509,1243,2010.1935448646545,369.292103767395,1562.206298828125,644.385498046875,7.686363,12.0,-1,0.2722844
3191,1243,1542.248110294342,456.97594165802,1094.2608642578125,732.0693359375,4.5392385,8.0,-1,22.664295
12,1243,1202.353579044342,792.2609758377075,754.3663330078125,1067.3543701171875,4.451609,8.0,-1,32.434013
8,1243,1333.0980858802795,324.50114917755127,885.11083984375,599.5945434570312,4.133167,12.0,-1,14.650239
2281,1243,1843.3966698646545,-54.85804271697998,1395.409423828125,220.2353515625,1.9285849,14.0,-1,1.7989672
2389,1243,1367.2717308998108,198.32591724395752,919.2844848632812,473.4193115234375,1.6411701,8.0,-1,9.482407
3575,1243,1786.418276309967,477.11296558380127,1338.4310302734375,752.2063598632812,0.8510141,8.0,-1,8.452371
4040,1243,567.0888237953186,128.28117847442627,119.10157775878906,403.37457275390625,0.5775922,14.0,-1,3.8583443
2986,1243,1452.560610294342,440.5256242752075,1004.5733642578125,715.6190185546875,0.38321844,10.0,-1,4.432143
0,1244,1562.078432559967,775.722409248352,1113.3629150390625,1051.117431640625,86.2291,10.0,1,27.215397
4,1244,1338.7345604896545,-108.52780437469482,890.01904296875,166.86721801757812,57.074177,8.0,1,26.036028
1,1244,1586.806704044342,211.85067462921143,1138.0911865234375,487.2456970214844,38.269875,8.0,1,25.13949
3,1244,1172.1005883216858,200.3169527053833,723.3850708007812,475.71197509765625,33.04703,8.0,1,21.092682
2,1244,1689.943178653717,201.06435871124268,1241.2276611328125,476.4593811035156,32.70548,8.0,1,25.815374
3654,1244,1268.1427025794983,705.3868379592896,819.4271850585938,980.7818603515625,31.536932,20.0,-1,10.556723
1332,1244,643.965883731842,595.6119966506958,195.2503662109375,871.0070190429688,17.735365,10.0,-1,1.493517
1879,1244,1878.0214257240295,-34.18315410614014,1429.305908203125,241.2118682861328,15.962602,10.0,-1,5.49909
3079,1244,1939.371157169342,6.456418037414551,1490.6556396484375,281.8514404296875,13.74912,6.0,1,0.43156248
3748,1244,1096.923891544342,218.19384479522705,648.2083740234375,493.5888671875,10.151419,14.0,-1,23.174376
2032,1244,553.9371972084045,-129.08774089813232,105.2216796875,146.30728149414062,9.552956,6.0,1,19.636791
3509,1244,2009.682680606842,367.98339557647705,1560.9671630859375,643.37841796875,8.939999,6.0,1,1.5749125
3191,1244,1541.6017479896545,458.44579792022705,1092.88623046875,733.8408203125,4.000377,8.0,-1,24.395542
12,1244,1203.083071231842,791.957028388977,754.3675537109375,1067.35205078125,3.989529,8.0,-1,30.35927
8,1244,1332.2628197669983,325.5553560256958,883.5473022460938,600.9503784179688,3.4640262,12.0,-1,13.520287
2281,1244,1843.275698184967,-57.85144329071045,1394.5601806640625,217.5435791015625,2.515598,16.0,-1,1.1057959
2389,1244,1370.5248436927795,198.77514362335205,921.809326171875,474.170166015625,1.087897,10.0,-1,7.2989655
2986,1244,1454.5451073646545,442.3200044631958,1005.82958984375,717.7150268554688,0.65616685,10.0,-1,4.390416
3575,1244,1785.252260684967,481.57030963897705,1336.5367431640625,756.96533203125,0.45518658,8.0,-1,8.082371
4040,1244,565.7047066688538,128.54247760772705,116.98918914794922,403.9375,0.35229993,16.0,-1,2.6018229
0,1245,1561.080385684967,774.1883211135864,1111.372314453125,1049.6798095703125,109.91384,10.0,1,27.622541
4,1245,1341.981264591217,-107.49374675750732,892.273193359375,167.99774169921875,90.620674,8.0,1,25.276255
3,1245,1171.8094506263733,200.88515949249268,722.1013793945312,476.37664794921875,45.0461,8.0,1,21.082478
1,1245,1591.1830468177795,211.07400226593018,1141.4749755859375,486.56549072265625,37.34317,8.0,1,25.797552
2,1245,1690.8234276771545,200.7727632522583,1241.1153564453125,476.2642517089844,33.527843,8.0,1,26.314478
3654,1245,1266.3090233802795,704.9587678909302,816.6009521484375,980.4502563476562,24.711664,20.0,-1,10.585163
1879,1245,1877.833803653717,-34.14580059051514,1428.125732421875,241.34568786621094,17.971397,10.0,-1,2.7388465
3079,1245,1941.2260155677795,8.6237154006958,1491.5179443359375,284.1152038574219,17.59918,12.0,-1,1.9556301
1332,1245,643.1999382972717,594.3502473831177,193.4918670654297,869.8417358398438,17.528471,10.0,-1,1.8052652
3509,1245,2009.682680606842,367.2735261917114,1559.974609375,642.7650146484375,8.773052,6.0,1,2.369144
2032,1245,555.693911075592,-128.3247709274292,105.98583984375,147.16671752929688,8.426854,6.0,1,20.186724
3748,1245,1096.087954044342,218.19384479522705,646.3798828125,493.6853332519531,5.631849,14.0,-1,23.165178
12,1245,1202.3524804115295,789.6246004104614,752.6444091796875,1065.1160888671875,5.4649525,8.0,-1,30.212822
8,1245,1328.3111596107483,328.0746126174927,878.6030883789062,603.5661010742188,4.50484,12.0,-1,9.720485
3191,1245,1541.6505761146545,457.3821687698364,1091.9425048828125,732.8736572265625,2.826409,8.0,-1,22.355068
2281,1245,1843.301088809967,-57.38231182098389,1393.593017578125,218.1091766357422,1.7029265,16.0,-1,1.7105012
3575,1245,1780.0797753334045,484.1582918167114,1330.3717041015625,759.6497802734375,1.061423,8.0,-1,9.813573
2986,1245,1458.0224633216858,444.4147615432739,1008.3143920898438,719.90625,0.9646228,10.0,-1,5.082142
2389,1245,1375.6959862709045,194.25195026397705,925.9879150390625,469.7434387207031,0.8823054,8.0,-1,7.28692
0,1246,1560.2335839271545,773.0484132766724,1109.8662109375,1048.6412353515625,111.81028,10.0,1,27.890108
4,1246,1342.7313866615295,-107.49374675750732,892.364013671875,168.0990753173828,75.56907,8.0,1,25.885056
1,1246,1590.5753808021545,212.1751832962036,1140.2080078125,487.76800537109375,51.824596,8.0,1,24.179464
3,1246,1172.4262719154358,201.35758686065674,722.0588989257812,476.9504089355469,39.390045,8.0,1,21.449657
2,1246,1690.8234276771545,202.30070209503174,1240.4560546875,477.8935241699219,38.522297,8.0,1,26.63789
3654,1246,1264.6386132240295,708.1445436477661,814.271240234375,983.7373657226562,33.1554,20.0,-1,10.27742
1332,1246,644.1956810951233,593.0254640579224,193.82830810546875,868.6182861328125,17.295294,12.0,-1,2.7180622
1879,1246,1875.066225528717,-33.797091484069824,1424.6988525390625,241.7957305908203,17.18362,12.0,-1,1.8315818
3079,1246,1939.8329491615295,10.452679634094238,1489.465576171875,286.0455017089844,15.792043,12.0,-1,4.878245
3509,1246,2010.766420841217,366.0694704055786,1560.3990478515625,641.6622924804688,11.985344,6.0,1,1.345649
3748,1246,1094.3455834388733,216.7689027786255,643.9782104492188,492.3617248535156,8.323586,14.0,-1,24.84365
2032,1246,556.2880272865295,-128.57612895965576,105.920654296875,147.01669311523438,8.286372,6.0,1,19.798618
12,1246,1199.2620873451233,789.6236085891724,748.8947143554688,1065.2164306640625,5.7376785,8.0,-1,30.877752
3191,1246,1543.8026757240295,458.39997577667236,1093.435302734375,733.9927978515625,5.5760884,8.0,-1,25.179928
8,1246,1325.9826073646545,329.23835468292236,875.615234375,604.8311767578125,3.8255844,12.0,-1,10.378558
2281,1246,1844.8681054115295,-58.22522258758545,1394.500732421875,217.3675994873047,1.7035985,22.0,-1,3.3708773
3575,1246,1776.024477481842,480.51008319854736,1325.6571044921875,756.1029052734375,1.4376602,8.0,-1,9.603654
2986,1246,1460.5321679115295,446.26569843292236,1010.164794921875,721.8585205078125,0.7953412,28.0,-1,4.5212984
2389,1246,1376.0294823646545,193.88386249542236,925.662109375,469.4766845703125,0.29802588,16.0,-1,5.5576987
4040,1246,564.05437707901,126.53974628448486,113.68700408935547,402.132568359375,0.19275665,28.0,-1,3.608925
0,1247,1559.603090763092,772.555401802063,1108.8489990234375,1048.597900390625,81.10273,10.0,1,27.10124
3,1247,1170.7247948646545,201.40678119659424,719.970703125,477.44927978515625,48.068356,8.0,1,22.225237
1,1247,1592.2125878334045,212.1385316848755,1141.45849609375,488.1810302734375,46.7671,8.0,1,26.77252
4,1247,1341.862123966217,-105.68287944793701,891.1080322265625,170.359619140625,39.8788,8.0,1,26.027937
2,1247,1692.031801700592,202.27482318878174,1241.2777099609375,478.31732177734375,31.866205,8.0,1,26.61002
3654,1247,1260.7428612709045,709.9117250442505,809.98876953125,985.9542236328125,22.92771,20.0,-1,12.196811
1879,1247,1874.6032128334045,-32.6801176071167,1423.84912109375,243.3623809814453,21.126513,10.0,-1,1.9438585
1332,1247,647.2062249183655,592.4376039505005,196.45213317871094,868.4801025390625,16.83048,12.0,-1,0.34531653
3079,1247,1940.295961856842,8.147503852844238,1489.5418701171875,284.19000244140625,11.584686,12.0,-1,0.0031510592
3748,1247,1095.0849633216858,217.21745014190674,644.3308715820312,493.25994873046875,9.896117,14.0,-1,25.240526
3509,1247,2013.046450138092,366.037579536438,1562.2923583984375,642.080078125,9.5986,6.0,1,2.0501986
2032,1247,555.4067025184631,-129.07571697235107,104.6526107788086,146.96678161621094,9.198262,8.0,1,20.300808
12,1247,1197.112368106842,788.185772895813,746.3582763671875,1064.228271484375,5.7716947,8.0,-1,29.208862
3191,1247,1544.7389550209045,458.1124086380005,1093.98486328125,734.1549072265625,5.633714,8.0,-1,24.241096
8,1247,1324.639711856842,330.3148012161255,873.8856201171875,606.3572998046875,5.2927084,12.0,-1,12.399649
2281,1247,1847.567202091217,-57.90063762664795,1396.8131103515625,218.14186096191406,1.8851919,14.0,-1,3.6008272
2389,1247,1372.2389550209045,196.1370668411255,921.48486328125,472.1795654296875,1.7749572,14.0,-1,8.660419
3575,1247,1772.5634179115295,479.706280708313,1321.809326171875,755.748779296875,1.7496963,8.0,-1,11.260584
2986,1247,1462.1739525794983,447.51798725128174,1011.4198608398438,723.5604858398438,0.4917216,12.0,-1,3.8011189
4040,1247,564.7070260047913,126.56562519073486,113.95293426513672,402.6081237792969,0.39315066,10.0,-1,2.5094988
0,1248,1559.1685814857483,771.483136177063,1107.998779296875,1048.3094482421875,129.72054,10.0,1,27.93967
4,1248,1341.1833519935608,-104.86061382293701,890.0135498046875,171.9656982421875,94.33236,8.0,1,26.539825
1,1248,1591.2661156654358,213.2166872024536,1140.0963134765625,490.0429992675781,67.37572,8.0,1,27.045694
3,1248,1171.1495995521545,199.18928241729736,719.9797973632812,476.0155944824219,54.84793,8.0,1,22.383179
2,1248,1694.7067894935608,203.3458070755005,1243.5369873046875,480.172119140625,35.51501,8.0,1,26.515924
3654,1248,1257.358705997467,710.781720161438,806.1889038085938,987.6080322265625,24.225664,20.0,-1,11.49232
1879,1248,1876.1657738685608,-33.18809795379639,1424.9959716796875,243.63821411132812,15.460242,12.0,-1,0.33730173
3079,1248,1941.2535424232483,6.264966011047363,1490.083740234375,283.0912780761719,14.318565,6.0,1,3.2003276
1332,1248,647.8721489906311,592.5734071731567,196.7023468017578,869.3997192382812,12.998245,10.0,-1,3.5467515
12,1248,1199.3031029701233,784.861798286438,748.13330078125,1061.6881103515625,10.923077,8.0,-1,29.552467
3509,1248,2016.0378441810608,366.85514545440674,1564.8680419921875,643.6814575195312,9.076229,6.0,1,1.9912174
2032,1248,554.9952111244202,-133.1833372116089,103.82540893554688,143.64297485351562,8.374523,6.0,1,21.824768
8,1248,1323.415834903717,331.16752338409424,872.2460327148438,607.9938354492188,5.970448,12.0,-1,9.179529
3748,1248,1097.537905216217,220.5133180618286,646.3681030273438,497.3396301269531,5.3156624,14.0,-1,17.741936
3191,1248,1544.0756859779358,457.46220111846924,1092.9058837890625,734.2885131835938,3.0204055,8.0,-1,25.488625
2281,1248,1847.5418725013733,-56.65037822723389,1396.3720703125,220.17593383789062,2.827438,22.0,-1,3.7374444
2389,1248,1371.1744408607483,197.310284614563,920.004638671875,474.1365966796875,1.483883,8.0,-1,9.222058
2986,1248,1461.4308495521545,447.3821840286255,1010.2610473632812,724.20849609375,0.9118405,10.0,-1,5.1519337
3575,1248,1772.5887475013733,475.01896381378174,1321.4189453125,751.8452758789062,0.6522941,8.0,-1,8.62278
4040,1248,566.5421471595764,124.99827289581299,115.37234497070312,401.8245849609375,0.26519957,10.0,-1,3.1300168
0,1249,1558.0069909095764,770.3913850784302,1106.0589599609375,1047.9454345703125,160.25371,10.0,1,27.324821
1,1249,1591.2330651283264,214.41479206085205,1139.2850341796875,491.9688415527344,61.39288,8.0,1,26.844671
4,1249,1343.7873253822327,-106.55945110321045,891.8392944335938,170.99459838867188,56.972042,8.0,1,26.689106
2,1249,1695.7430748939514,204.66976642608643,1243.7950439453125,482.22381591796875,41.984035,8.0,1,26.903044
3,1249,1171.5651574134827,199.07784748077393,719.6171264648438,476.63189697265625,34.38133,8.0,1,22.34713
3654,1249,1254.4432091712952,712.2502107620239,802.4951782226562,989.8042602539062,31.579576,20.0,-1,11.721871
1879,1249,1877.5152916908264,-36.8351469039917,1425.5672607421875,240.71890258789062,18.424818,10.0,-1,2.1790395
1332,1249,648.4535851478577,593.9720735549927,196.50555419921875,871.526123046875,17.686802,10.0,-1,3.9491305
3079,1249,1940.446321964264,7.982327461242676,1488.498291015625,285.536376953125,12.089328,6.0,1,3.943469
3509,1249,2015.320589542389,367.9955110549927,1563.37255859375,645.549560546875,10.9200325,6.0,1,1.1549963
2032,1249,556.6878304481506,-134.13440227508545,104.73979949951172,143.41964721679688,9.514911,6.0,1,20.763361
12,1249,1198.794222354889,784.8578157424927,746.84619140625,1062.411865234375,7.086468,8.0,-1,29.117388
3191,1249,1543.8978600502014,460.5942049026489,1091.9498291015625,738.1482543945312,4.859933,8.0,-1,25.443243
8,1249,1322.5588097572327,333.3070955276489,870.6107788085938,610.8611450195312,4.8326845,12.0,-1,9.578663
3748,1249,1097.5709557533264,220.51730060577393,645.6229248046875,498.07135009765625,4.773074,14.0,-1,15.846447
2281,1249,1849.869661808014,-59.202548027038574,1397.921630859375,218.35150146484375,2.2505314,22.0,-1,2.8012285
3575,1249,1771.122591495514,472.1231355667114,1319.174560546875,749.6771850585938,1.4605106,8.0,-1,11.194794
2389,1249,1369.973665714264,198.17724323272705,918.025634765625,475.7312927246094,0.7945862,8.0,-1,9.032154
2986,1249,1462.0575280189514,447.0640535354614,1010.1094970703125,724.6181030273438,0.57934767,10.0,-1,4.8289223
4040,1249,569.0008492469788,121.70602130889893,117.05281829833984,399.26007080078125,0.2932356,12.0,-1,3.1691957
0,1250,1558.8121361732483,769.6658601760864,1106.013916015625,1047.801513671875,142.61214,10.0,1,27.149841
4,1250,1342.8555932044983,-107.99489116668701,890.057373046875,170.14076232910156,72.20499,8.0,1,27.325935
1,1250,1590.6234154701233,213.02529621124268,1137.8251953125,491.16094970703125,44.781784,8.0,1,27.161757
3654,1250,1252.379702091217,713.8938264846802,799.5814819335938,992.0294799804688,41.94555,20.0,-1,11.966271
3,1250,1171.0737328529358,200.27904987335205,718.2755126953125,478.4147033691406,39.91865,8.0,1,21.752956
2,1250,1694.9176049232483,205.92760944366455,1242.119384765625,484.0632629394531,39.8039,8.0,1,26.27486
1332,1250,649.7177147865295,594.3014802932739,196.91949462890625,872.4371337890625,23.200424,10.0,-1,4.086684
1879,1250,1876.6181664466858,-34.66577434539795,1423.8199462890625,243.46987915039062,18.88609,10.0,-1,3.3491092
3079,1250,1942.7935814857483,9.369473457336426,1489.995361328125,287.505126953125,12.460567,6.0,1,4.9839563
3509,1250,2017.6873803138733,366.7699251174927,1564.88916015625,644.9055786132812,10.576411,6.0,1,0.70796233
2032,1250,558.201235294342,-132.3330717086792,105.40301513671875,145.80258178710938,9.590688,6.0,1,19.804062
12,1250,1199.2856469154358,784.6131258010864,746.4874267578125,1062.748779296875,6.3342915,8.0,-1,32.55309
3748,1250,1096.7521386146545,221.9973726272583,643.9539184570312,500.1330261230469,6.037927,14.0,-1,14.540373
3191,1250,1544.7371850013733,462.1344270706177,1091.93896484375,740.2700805664062,5.2043777,8.0,-1,24.670149
8,1250,1323.291567325592,329.8385896682739,870.4933471679688,607.9742431640625,4.2122145,12.0,-1,10.868725
2281,1250,1851.7761254310608,-60.1986722946167,1398.9779052734375,217.93698120117188,2.2746785,24.0,-1,3.086218
3575,1250,1770.2480492591858,471.8027009963989,1317.4498291015625,749.9383544921875,1.4383191,8.0,-1,10.843436
2389,1250,1369.2167992591858,198.4219331741333,916.4185791015625,476.5575866699219,0.77624696,8.0,-1,6.578943
2986,1250,1466.0014061927795,446.0266389846802,1013.2031860351562,724.1622924804688,0.6454582,10.0,-1,5.1849356
4040,1250,566.6598763465881,118.1762056350708,113.86165618896484,396.3118591308594,0.26373032,10.0,-1,2.6392145
0,1251,1559.3853783607483,767.4288301467896,1105.9095458984375,1046.102783203125,123.73603,10.0,1,27.224722
4,1251,1341.4466576576233,-110.6875638961792,887.9708251953125,167.98638916015625,82.67907,8.0,1,26.73676
3,1251,1169.8627343177795,201.80297565460205,716.3869018554688,480.4769287109375,40.255077,8.0,1,20.447174
3654,1251,1252.3103051185608,713.6620454788208,798.83447265625,992.3359985351562,33.00122,20.0,-1,11.911171
1879,1251,1877.7517113685608,-34.9083890914917,1424.27587890625,243.76556396484375,32.12473,10.0,-1,4.885048
1,1251,1590.6109642982483,212.39724445343018,1137.1351318359375,491.0711975097656,29.411974,8.0,1,26.232693
2,1251,1694.9300560951233,204.12008380889893,1241.4542236328125,482.7940368652344,26.546951,8.0,1,26.404316
1332,1251,649.455614566803,594.9283418655396,195.9797821044922,873.602294921875,17.550173,10.0,-1,3.6243253
3079,1251,1943.1261010169983,8.93529987335205,1489.6502685546875,287.6092529296875,10.250329,6.0,1,5.013425
2032,1251,559.4788155555725,-130.53491497039795,106.00298309326172,148.1390380859375,9.380559,6.0,1,20.452984
3509,1251,2018.0856957435608,368.32812213897705,1564.60986328125,647.0020751953125,8.075497,6.0,1,1.3713747
3748,1251,1095.982485294342,219.6090669631958,642.5066528320312,498.28302001953125,7.891602,14.0,-1,16.487492
3191,1251,1545.7486596107483,463.2730073928833,1092.2728271484375,741.9469604492188,5.0557003,8.0,-1,23.965542
8,1251,1321.600649356842,328.01806354522705,868.1248168945312,606.6920166015625,4.775804,12.0,-1,9.459993
12,1251,1196.6246972084045,785.444821357727,743.1488647460938,1064.1187744140625,3.9595442,10.0,-1,29.32085
2281,1251,1852.8273949623108,-61.160006523132324,1399.3515625,217.51394653320312,1.720058,20.0,-1,2.972469
3575,1251,1769.7298607826233,472.23132038116455,1316.2540283203125,750.9052734375,0.95344543,8.0,-1,9.790424
2389,1251,1370.1241478919983,198.65371417999268,916.6483154296875,477.3276672363281,0.7982145,12.0,-1,5.907627
2986,1251,1467.4144921302795,446.9662446975708,1013.9386596679688,725.6401977539062,0.5050164,12.0,-1,4.413868
4040,1251,565.6925530433655,120.00780963897705,112.21672058105469,398.6817626953125,0.2668628,12.0,-1,3.15237
0,1252,1559.437563419342,766.302716255188,1104.8687744140625,1045.445068359375,80.605385,10.0,1,26.45656
4,1252,1341.0701928138733,-110.67453289031982,886.5014038085938,168.4678192138672,50.91043,8.0,1,26.324028
3,1252,1170.498598575592,203.4808168411255,715.9298095703125,482.6231689453125,35.90279,8.0,1,22.08123
1,1252,1589.739077091217,211.89362812042236,1135.1702880859375,491.0359802246094,31.22969,8.0,1,26.24957
3654,1252,1253.7823510169983,713.7364320755005,799.2135620117188,992.8787841796875,26.520592,20.0,-1,10.811129
2,1252,1691.767397403717,204.2423219680786,1237.1986083984375,483.3846740722656,23.423218,8.0,1,26.30017
1332,1252,650.363329410553,594.1404237747192,195.79454040527344,873.2827758789062,19.86278,10.0,-1,3.4438283
1879,1252,1879.2228417396545,-34.921420097351074,1424.654052734375,244.22093200683594,17.431543,10.0,-1,2.8211944
3079,1252,1942.689760684967,10.735424995422363,1488.1209716796875,289.8777770996094,10.127175,6.0,1,4.515392
3509,1252,2017.0121483802795,370.664532661438,1562.443359375,649.806884765625,9.956055,6.0,1,0.3823434
2032,1252,561.5294518470764,-129.8936643600464,106.96066284179688,149.24868774414062,9.385561,8.0,1,20.108086
3748,1252,1093.5417504310608,216.99763202667236,638.9729614257812,496.1399841308594,9.23491,14.0,-1,17.162374
12,1252,1196.2952904701233,785.0308656692505,741.7265014648438,1064.1732177734375,5.940541,8.0,-1,31.989637
8,1252,1321.0869164466858,330.46793842315674,866.5181274414062,609.6102905273438,4.619837,14.0,-1,8.109168
3191,1252,1542.5629296302795,462.28971576690674,1087.994140625,741.4320678710938,3.8177783,8.0,-1,21.705473
2281,1252,1852.775209903717,-61.69774150848389,1398.2064208984375,217.44461059570312,2.1171246,22.0,-1,3.0979075
2389,1252,1373.0749535560608,198.12724018096924,918.5061645507812,477.26959228515625,1.0762414,8.0,-1,7.0399814
3575,1252,1772.8351464271545,472.12492084503174,1318.266357421875,751.2672729492188,0.9988019,8.0,-1,7.543972
4040,1252,568.5269570350647,120.29774188995361,113.95816802978516,399.4400939941406,0.75210875,10.0,-1,3.996572
2986,1252,1469.6488671302795,451.20451068878174,1015.080078125,730.3468627929688,0.2565135,10.0,-1,3.2466164
0,1253,1561.5877709388733,765.5618410110474,1106.1005859375,1045.111328125,96.17752,10.0,1,26.407398
4,1253,1341.7707543373108,-107.52800273895264,886.2835693359375,172.021484375,77.33791,8.0,1,25.635857
1,1253,1589.6258568763733,212.4762086868286,1134.138671875,492.02569580078125,62.60947,8.0,1,26.101938
3,1253,1169.8062767982483,203.85868549346924,714.319091796875,483.4081726074219,32.020676,8.0,1,20.352278
3654,1253,1251.3292260169983,715.9699220657349,795.842041015625,995.5194091796875,27.25147,20.0,-1,11.797979
2,1253,1690.4028344154358,203.9351625442505,1234.9156494140625,483.4846496582031,25.525904,8.0,1,25.771387
1332,1253,651.2699151039124,592.3292360305786,195.78273010253906,871.8787231445312,21.581581,10.0,-1,2.0873203
1879,1253,1879.3360619544983,-34.305697441101074,1423.848876953125,245.24378967285156,15.014248,12.0,-1,0.02283138
3509,1253,2017.9954857826233,370.1093873977661,1562.50830078125,649.6588745117188,11.90871,6.0,1,0.23755985
2032,1253,562.3374123573303,-131.2862730026245,106.85022735595703,148.26321411132812,11.886735,6.0,1,21.001356
3079,1253,1942.1588158607483,11.102643013000488,1486.671630859375,290.6521301269531,10.686124,6.0,1,3.86309
3748,1253,1091.8977074623108,216.84269428253174,636.4105224609375,496.3921813964844,9.079334,14.0,-1,12.26667
8,1253,1320.9588646888733,328.63178730010986,865.4716796875,608.1812744140625,5.7290435,14.0,-1,9.426778
12,1253,1196.786684513092,785.1627931594849,741.2994995117188,1064.7122802734375,4.7025867,8.0,-1,27.720566
3191,1253,1541.8415551185608,461.95441913604736,1086.3543701171875,741.50390625,3.4473782,8.0,-1,23.0937
2281,1253,1851.9090600013733,-62.96419048309326,1396.421875,216.58529663085938,3.0156357,14.0,-1,1.9401941
2389,1253,1376.2460350990295,200.529522895813,920.7588500976562,480.0790100097656,1.2034937,10.0,-1,5.6031456
3575,1253,1770.7578148841858,471.99299335479736,1315.2706298828125,751.54248046875,0.73661345,8.0,-1,6.3003497
4040,1253,570.5742058753967,126.10163593292236,115.08702087402344,405.651123046875,0.5932599,12.0,-1,3.2425447
2986,1253,1470.3400292396545,452.10651874542236,1014.8528442382812,731.656005859375,0.2603516,8.0,-1,3.7417955
0,1254,1562.295443058014,765.726315498352,1106.3695068359375,1046.633544921875,82.32446,10.0,1,26.538982
4,1254,1341.4499230384827,-108.61397075653076,885.5239868164062,172.2932586669922,56.25291,8.0,1,27.536049
1,1254,1589.2735924720764,213.09399127960205,1133.34765625,494.001220703125,51.868916,8.0,1,26.876854
3654,1254,1251.3811974525452,717.1320161819458,795.4552612304688,998.0392456054688,41.887596,20.0,-1,12.4995575
2,1254,1691.389193058014,204.44680500030518,1235.4632568359375,485.3540344238281,33.922176,8.0,1,26.211777
3,1254,1170.9118371009827,204.4649019241333,714.9859008789062,485.37213134765625,27.271849,8.0,1,20.127043
1332,1254,652.5993828773499,589.7924165725708,196.67344665527344,870.6996459960938,18.359842,10.0,-1,2.0251107
1879,1254,1877.0279870033264,-32.92479228973389,1421.10205078125,247.98243713378906,16.711195,12.0,-1,1.3183953
3079,1254,1944.4115319252014,8.673611640930176,1488.485595703125,289.5808410644531,12.634734,6.0,1,3.5694113
3509,1254,2019.5902428627014,367.1041841506958,1563.664306640625,648.0114135742188,12.525002,12.0,-1,0.80921865
2032,1254,562.1022973060608,-133.80224895477295,106.17636108398438,147.10498046875,9.988574,8.0,1,20.146587
3748,1254,1091.845736026764,216.74548053741455,635.9197998046875,497.6527099609375,7.121448,14.0,-1,9.786194
8,1254,1321.579378604889,328.76879596710205,865.6534423828125,609.676025390625,5.478941,12.0,-1,12.84808
12,1254,1192.704134464264,785.260006904602,736.7781982421875,1066.167236328125,5.256218,10.0,-1,29.911896
3191,1254,1543.659700870514,462.84643268585205,1087.7337646484375,743.753662109375,5.0598617,8.0,-1,24.614103
2281,1254,1852.218050479889,-64.88554668426514,1396.2921142578125,216.0216827392578,3.7812378,14.0,-1,1.2393942
2389,1254,1375.724153995514,204.6306734085083,919.7982177734375,485.53790283203125,0.86272675,16.0,-1,5.2343335
3575,1254,1768.6290612220764,470.4619722366333,1312.703125,751.3692016601562,0.7979452,8.0,-1,6.3505325
4040,1254,570.3245873451233,125.38247394561768,114.39865112304688,406.2897033691406,0.44417202,10.0,-1,3.5764987
2986,1254,1469.903353214264,450.68175983428955,1013.9774169921875,731.5889892578125,0.2848711,14.0,-1,3.759138
0,1255,1562.1912865638733,767.8201417922974,1104.9097900390625,1049.27734375,85.68459,10.0,1,27.003178
4,1255,1341.313784122467,-110.03032207489014,884.0322875976562,171.4268798828125,71.70455,8.0,1,25.424538
3,1255,1173.0883202552795,204.53156757354736,715.8068237304688,485.98876953125,54.357418,8.0,1,22.291597
1,1255,1590.0499291419983,212.465313911438,1132.7684326171875,493.9225158691406,53.03458,8.0,1,25.886534
2,1255,1692.3521752357483,204.6434450149536,1235.0706787109375,486.10064697265625,36.963833,8.0,1,26.768892
3654,1255,1250.3693871498108,717.0882692337036,793.087890625,998.5454711914062,28.538618,20.0,-1,11.879478
1332,1255,651.1507744789124,588.1296510696411,193.86927795410156,869.5868530273438,22.448265,10.0,-1,3.084746
1879,1255,1875.9666771888733,-33.76948833465576,1418.6851806640625,247.68771362304688,15.770023,10.0,-1,4.653063
3079,1255,1945.8774437904358,8.717358589172363,1488.595947265625,290.174560546875,12.944831,6.0,1,3.2458296
2032,1255,564.9653191566467,-136.60934734344482,107.68382263183594,144.8478546142578,12.536111,6.0,1,20.568752
3748,1255,1090.4794945716858,217.4720277786255,633.197998046875,498.9292297363281,12.359988,14.0,-1,6.8618193
3509,1255,2019.4578881263733,364.6989870071411,1562.1763916015625,646.1561889648438,9.828326,6.0,1,0.13451397
8,1255,1321.6384301185608,326.96198749542236,864.35693359375,608.419189453125,5.645284,12.0,-1,14.866343
3191,1255,1546.4022240638733,462.6442995071411,1089.1207275390625,744.1015014648438,4.1154003,8.0,-1,23.210068
12,1255,1194.2377343177795,787.3961915969849,736.9562377929688,1068.8533935546875,4.0912285,10.0,-1,29.03829
2281,1255,1851.7334008216858,-63.06909465789795,1394.451904296875,218.3881072998047,2.4182725,28.0,-1,4.195949
3575,1255,1766.1933617591858,471.9686403274536,1308.911865234375,753.4258422851562,0.7584212,8.0,-1,6.454015
2389,1255,1381.4094262123108,206.3703737258911,924.1279296875,487.82757568359375,0.6390664,8.0,-1,5.957776
4040,1255,574.6579308509827,124.15583515167236,117.37643432617188,405.613037109375,0.5454776,10.0,-1,3.871001
2986,1255,1469.844301700592,453.50532245635986,1012.5628051757812,734.9625244140625,0.25992224,10.0,-1,3.637407
0,1256,1561.6658959388733,767.8201417922974,1103.854248046875,1049.115966796875,95.43573,10.0,1,27.444464
4,1256,1341.4972558021545,-110.42674541473389,883.6856079101562,170.86907958984375,50.40153,8.0,1,27.075058
1,1256,1589.5130639076233,212.1817750930786,1131.701416015625,493.47760009765625,39.395668,8.0,1,26.720518
3,1256,1173.0883202552795,202.73554706573486,715.2766723632812,484.0313720703125,37.9678,8.0,1,21.831043
2,1256,1690.6954369544983,203.945050239563,1232.8837890625,485.2408752441406,35.299477,8.0,1,26.694952
3654,1256,1251.1894555091858,718.8414430618286,793.3778076171875,1000.1372680664062,23.144346,18.0,-1,10.320757
1332,1256,651.9699578285217,588.2326173782349,194.15830993652344,869.5284423828125,22.597021,12.0,-1,2.0068228
1879,1256,1875.6541771888733,-32.32020854949951,1417.842529296875,248.97561645507812,13.799552,10.0,-1,1.8140819
3079,1256,1943.6894555091858,10.288861274719238,1485.8778076171875,291.5846862792969,13.431224,6.0,1,1.4122952
3509,1256,2019.7221703529358,365.92536640167236,1561.9105224609375,647.22119140625,11.041335,12.0,-1,0.6036748
2032,1256,565.1078515052795,-136.46562480926514,107.29620361328125,144.8302001953125,9.121096,8.0,1,18.955149
3748,1256,1089.5119652748108,215.3880739212036,631.7003173828125,496.68389892578125,8.623053,16.0,-1,14.012425
12,1256,1191.9069848060608,789.4784669876099,734.0953369140625,1070.7742919921875,5.470843,8.0,-1,32.964993
2281,1256,1854.4075951576233,-61.33793926239014,1396.595947265625,219.9578857421875,4.275709,16.0,-1,4.927619
3191,1256,1546.5538353919983,460.6993532180786,1088.7421875,741.9951782226562,4.0373125,8.0,-1,21.711718
8,1256,1320.5402245521545,324.41779804229736,862.7285766601562,605.713623046875,2.8220723,12.0,-1,14.684512
4040,1256,574.8587746620178,120.81043720245361,117.04712677001953,402.10626220703125,0.5393318,12.0,-1,3.2078843
3575,1256,1768.4528832435608,471.1298952102661,1310.6412353515625,752.4257202148438,0.50838184,10.0,-1,6.206625
2389,1256,1380.957338809967,209.9467897415161,923.1456909179688,491.24261474609375,0.3763847,10.0,-1,4.957641
0,1257,1560.2729516029358,767.8201417922974,1102.1201171875,1050.014404296875,123.93048,10.0,1,26.979237
4,1257,1342.1049828529358,-110.05821514129639,883.9521484375,172.13604736328125,94.29043,8.0,1,27.87931
3,1257,1174.2763085365295,201.8953981399536,716.1234741210938,484.08966064453125,55.27743,8.0,1,20.88883
1,1257,1589.7828392982483,211.773663520813,1131.6300048828125,493.9679260253906,41.807728,8.0,1,26.742289
2,1257,1689.7437767982483,203.3090944290161,1231.5909423828125,485.50335693359375,40.465057,8.0,1,27.31872
1879,1257,1874.1580834388733,-30.4801664352417,1416.0052490234375,251.71409606933594,24.86548,10.0,-1,5.366282
3654,1257,1249.3874535560608,718.4256715774536,791.234619140625,1000.6199340820312,16.685648,18.0,-1,9.439226
1332,1257,653.4779381752014,585.1277589797974,195.32510375976562,867.322021484375,15.944079,10.0,-1,1.8934348
3079,1257,1944.3581566810608,8.441723823547363,1486.205322265625,290.635986328125,13.878226,6.0,1,0.5140224
2032,1257,564.6726098060608,-137.23018169403076,106.519775390625,144.96408081054688,11.346325,8.0,1,20.393621
3509,1257,2020.5983910560608,362.86848163604736,1562.445556640625,645.062744140625,9.318749,6.0,1,1.0612527
3748,1257,1088.2982811927795,217.62748432159424,630.1454467773438,499.8217468261719,7.129495,14.0,-1,6.405527
12,1257,1193.001772403717,790.0196046829224,734.8489379882812,1072.2138671875,6.469188,10.0,-1,30.127447
3191,1257,1547.9453148841858,461.86152362823486,1089.79248046875,744.0557861328125,4.913424,8.0,-1,23.541069
2281,1257,1854.4075951576233,-58.355624198913574,1396.2547607421875,223.83863830566406,3.8398857,16.0,-1,4.9389415
8,1257,1319.2800316810608,323.8623170852661,861.127197265625,606.0565795898438,3.6437342,10.0,-1,15.310092
3575,1257,1770.4749779701233,471.6259889602661,1312.3221435546875,753.8202514648438,0.70616025,8.0,-1,5.1290874
4040,1257,574.0809426307678,121.20585346221924,115.92810821533203,403.4001159667969,0.5292882,10.0,-1,4.04499
2389,1257,1376.3863549232483,212.5880250930786,918.2335205078125,494.78228759765625,0.3532858,10.0,-1,5.9293337
2986,1257,1468.2609276771545,457.4331178665161,1010.1080932617188,739.6273803710938,0.3103996,8.0,-1,3.329917
0,1258,1560.2350182533264,768.7288789749146,1102.007080078125,1051.7427978515625,111.9537,10.0,1,26.733288
4,1258,1339.2964806556702,-110.26260662078857,881.0685424804688,172.75131225585938,46.18015,8.0,1,26.154764
3,1258,1174.314241886139,200.60506916046143,716.0863037109375,483.6189880371094,44.600327,8.0,1,19.593359
1,1258,1591.361605167389,210.8717622756958,1133.1336669921875,493.88568115234375,43.564587,8.0,1,26.298508
2,1258,1690.0550866127014,201.31814289093018,1231.8271484375,484.3320617675781,35.77554,8.0,1,27.02215
1879,1258,1874.2145104408264,-29.193408012390137,1415.986572265625,253.8205108642578,23.950502,10.0,-1,5.3445415
3654,1258,1246.1595177650452,717.9561738967896,787.9315795898438,1000.9700927734375,21.05736,18.0,-1,9.10303
1332,1258,650.6467461585999,582.926999092102,192.41880798339844,865.94091796875,18.42167,10.0,-1,2.275278
3079,1258,1946.530306339264,10.425625801086426,1488.3023681640625,293.4395446777344,13.767685,6.0,1,1.7934065
2032,1258,564.9115090370178,-136.94014263153076,106.6835708618164,146.0737762451172,12.4849205,6.0,1,20.181873
3509,1258,2018.6930260658264,362.0964937210083,1560.465087890625,645.1104125976562,8.73216,6.0,1,1.6061529
3748,1258,1086.852816104889,213.19558429718018,628.6248779296875,496.2095031738281,6.028313,18.0,-1,14.556139
12,1258,1191.9871544837952,790.2239961624146,733.7592163085938,1073.2379150390625,5.630432,10.0,-1,30.457573
8,1258,1319.408724308014,327.51720905303955,861.1807861328125,610.5311279296875,3.5673878,12.0,-1,14.053192
3191,1258,1547.110872745514,459.19518756866455,1088.8829345703125,742.2091064453125,3.4790401,8.0,-1,21.131744
2281,1258,1854.7337975502014,-55.83641338348389,1396.505859375,227.17750549316406,3.0423164,24.0,-1,4.3621483
2389,1258,1378.3540978431702,213.71252155303955,920.1261596679688,496.7264404296875,1.6546041,12.0,-1,6.1778965
3575,1258,1769.467073917389,470.92223834991455,1311.2391357421875,753.9361572265625,0.5334155,8.0,-1,4.838857
4040,1258,576.0898461341858,123.09728717803955,117.86190795898438,406.1112060546875,0.50133437,10.0,-1,3.8987448
2986,1258,1467.996370792389,460.6868257522583,1009.7684326171875,743.7007446289062,0.37292877,8.0,-1,4.381094
0,1259,1560.0154328346252,769.3651704788208,1100.8287353515625,1052.4791259765625,92.42681,10.0,1,27.289356
4,1259,1341.6486115455627,-109.00718975067139,882.4619140625,174.1067657470703,71.047516,8.0,1,25.63781
1,1259,1591.2650666236877,210.93359088897705,1132.078369140625,494.04754638671875,62.742725,8.0,1,27.173714
3,1259,1175.0775055885315,198.94625568389893,715.8908081054688,482.0602111816406,47.544765,8.0,1,21.986488
2,1259,1690.9180207252502,200.9310884475708,1231.7313232421875,484.0450439453125,39.880505,8.0,1,26.688284
1332,1259,650.0797944068909,584.194333076477,190.89309692382812,867.3082885742188,19.405046,10.0,-1,3.5585246
1879,1259,1871.7789826393127,-31.77241802215576,1412.59228515625,251.34153747558594,14.149784,10.0,-1,0.5957103
3654,1259,1244.7607941627502,718.765866279602,785.5740966796875,1001.8798217773438,13.806788,18.0,-1,8.193409
2032,1259,565.008047580719,-136.52824687957764,105.82135009765625,146.58570861816406,12.983241,6.0,1,19.174051
3079,1259,1947.6533722877502,10.8342866897583,1488.4666748046875,293.9482421875,12.722337,6.0,1,3.8712826
3509,1259,2017.6692414283752,364.2495698928833,1558.4825439453125,647.363525390625,10.006686,6.0,1,0.61088634
3748,1259,1087.1514191627502,211.6735200881958,627.9647216796875,494.7874755859375,4.428797,18.0,-1,16.213892
12,1259,1189.540518283844,789.3329439163208,730.3538208007812,1072.4468994140625,4.1762276,10.0,-1,30.245144
3191,1259,1545.0903840065002,459.1859712600708,1085.9036865234375,742.2999267578125,4.1241407,8.0,-1,20.008116
8,1259,1318.5754914283752,327.5264253616333,859.3887939453125,610.640380859375,3.3559425,12.0,-1,15.139376
2281,1259,1854.2539582252502,-59.064730644226074,1395.0672607421875,224.04922485351562,1.9567676,22.0,-1,3.8020372
2986,1259,1468.949697971344,460.2059907913208,1009.7630004882812,743.3199462890625,0.78776383,12.0,-1,4.358332
4040,1259,577.9922699928284,123.22848224639893,118.80557250976562,406.3424377441406,0.6916104,10.0,-1,3.9461122
2389,1259,1380.792715549469,212.94106769561768,921.6060180664062,496.0550231933594,0.6015696,10.0,-1,5.5830073
3575,1259,1770.5189728736877,470.0258150100708,1311.332275390625,753.1397705078125,0.28682938,10.0,-1,2.9776077
0,1260,1559.9070954322815,768.2200441360474,1100.0687255859375,1052.1629638671875,130.51752,10.0,1,27.350634
4,1260,1342.0958161354065,-106.21406841278076,882.2574462890625,177.72885131835938,58.271805,8.0,1,24.243202
3,1260,1173.814199924469,199.9432497024536,713.975830078125,483.88616943359375,47.662186,8.0,1,21.398146
1,1260,1591.884512424469,210.50629901885986,1132.046142578125,494.44921875,37.826946,8.0,1,26.847221
2,1260,1691.026358127594,199.8824586868286,1231.18798828125,483.82537841796875,32.168423,8.0,1,26.671192
1879,1260,1869.951162815094,-32.10075664520264,1410.11279296875,251.8421630859375,27.279121,10.0,-1,4.990573
3654,1260,1246.0936188697815,719.7294435501099,786.2552490234375,1003.67236328125,19.604334,18.0,-1,7.656024
1332,1260,650.4528260231018,585.2155275344849,190.6144561767578,869.158447265625,16.36311,10.0,-1,5.3123364
3079,1260,1946.8797516822815,9.487378120422363,1487.0413818359375,293.4302978515625,12.598003,6.0,1,4.950706
2032,1260,566.532705783844,-135.96452617645264,106.6943359375,147.9783935546875,11.831414,6.0,1,20.465641
3509,1260,2018.558828830719,365.61005878448486,1558.720458984375,649.552978515625,9.57436,6.0,1,0.23113641
3748,1260,1088.4420075416565,213.6800661087036,628.6036376953125,497.62298583984375,5.535231,16.0,-1,5.7933254
3191,1260,1541.9249176979065,458.86713886260986,1082.0865478515625,742.81005859375,3.831467,8.0,-1,20.482937
8,1260,1318.9299836158752,328.35725116729736,859.0916137695312,612.3001708984375,3.5557559,12.0,-1,15.590573
12,1260,1189.671133518219,788.9184083938599,729.832763671875,1072.861328125,3.4377315,10.0,-1,27.523907
2281,1260,1852.901846408844,-59.91762065887451,1393.0634765625,224.02529907226562,2.0689924,22.0,-1,3.4663532
2389,1260,1379.9231476783752,211.51237201690674,920.0847778320312,495.4552917480469,1.0192899,10.0,-1,4.8702197
2986,1260,1467.836172580719,461.29218769073486,1007.997802734375,745.235107421875,0.5638775,10.0,-1,3.9768085
4040,1260,577.0106110572815,123.02564716339111,117.1722412109375,406.96856689453125,0.3036232,10.0,-1,3.4001153
3575,1260,1767.9224762916565,470.2286500930786,1308.0841064453125,754.1715698242188,0.22104007,20.0,-1,2.2916462
0,1261,1559.5079865455627,768.6240968704224,1099.410400390625,1052.6002197265625,94.3996,10.0,1,26.952442
4,1261,1340.1289582252502,-106.03764629364014,880.0313720703125,177.9384765625,85.050766,8.0,1,26.493471
3,1261,1174.1502594947815,201.8733034133911,714.0526733398438,485.84942626953125,56.739563,8.0,1,19.54576
1,1261,1591.1686310768127,211.96760272979736,1131.071044921875,495.9437255859375,45.997143,8.0,1,25.907234
2,1261,1691.0571808815002,197.8599672317505,1230.9595947265625,481.8360900878906,27.194841,8.0,1,27.209126
1879,1261,1869.9203400611877,-33.94496440887451,1409.82275390625,250.03115844726562,26.485872,10.0,-1,4.1048717
1332,1261,650.0936646461487,584.3444337844849,189.99607849121094,868.320556640625,19.885635,10.0,-1,3.5143228
3079,1261,1946.9921174049377,10.110882759094238,1486.89453125,294.0870056152344,16.268766,6.0,1,4.274657
3654,1261,1246.1984162330627,717.4470949172974,786.100830078125,1001.4232177734375,12.83145,18.0,-1,8.035853
2032,1261,567.8154587745667,-134.74397563934326,107.7178726196289,149.23214721679688,10.382573,6.0,1,19.600958
3509,1261,2020.4739289283752,366.8549928665161,1560.3763427734375,650.8311157226562,10.250367,6.0,1,0.66882443
3191,1261,1540.0988068580627,462.0979127883911,1080.001220703125,746.0740356445312,5.5623755,8.0,-1,22.991982
12,1261,1184.5121369361877,792.3375978469849,724.41455078125,1076.313720703125,4.7885966,10.0,-1,28.718176
8,1261,1317.944082736969,327.6314821243286,857.8464965820312,611.6076049804688,3.0602558,12.0,-1,13.803137
3748,1261,1082.8467926979065,218.7750062942505,622.7492065429688,502.7511291503906,2.601929,20.0,-1,17.40078
2281,1261,1853.6311554908752,-61.50282573699951,1393.5335693359375,222.47329711914062,1.6491003,22.0,-1,4.173131
2389,1261,1382.073721408844,207.156720161438,921.9761352539062,491.1328430175781,0.56392515,10.0,-1,6.102375
4040,1261,577.1509156227112,122.84922504425049,117.05332946777344,406.8253479003906,0.512541,10.0,-1,3.0493975
2986,1261,1466.0569367408752,460.17976093292236,1005.9593505859375,744.1558837890625,0.47832048,8.0,-1,3.0924468
3575,1261,1768.2377228736877,467.63239765167236,1308.14013671875,751.6085205078125,0.35352728,10.0,-1,3.7692537
0,1262,1559.5018219947815,769.0158205032349,1098.839111328125,1053.19091796875,92.297356,10.0,1,25.949228
4,1262,1340.7665314674377,-106.26050090789795,880.1038208007812,177.9145965576172,83.55792,8.0,1,25.698067
1,1262,1592.7794098854065,211.96760272979736,1132.11669921875,496.1427001953125,43.455658,8.0,1,26.833902
3,1262,1174.6646027565002,199.68305683135986,714.0018920898438,483.858154296875,38.67869,8.0,1,20.378952
2,1262,1689.6307282447815,198.48176288604736,1228.968017578125,482.6568603515625,34.28113,8.0,1,25.595549
3654,1262,1242.564932346344,719.3950319290161,781.9022216796875,1003.5701293945312,21.061207,18.0,-1,7.1437464
1879,1262,1868.1790680885315,-34.74133586883545,1407.516357421875,249.4337615966797,19.31346,12.0,-1,1.3855891
1332,1262,648.565191745758,585.0163698196411,187.90248107910156,869.1914672851562,18.050985,10.0,-1,3.184657
3079,1262,1948.368155002594,11.651562690734863,1487.7054443359375,295.82666015625,16.54568,6.0,1,3.8987114
2032,1262,568.8225541114807,-134.539568901062,108.15984344482422,149.63552856445312,11.470136,6.0,1,20.07241
3509,1262,2019.142324924469,365.9305543899536,1558.4796142578125,650.1056518554688,8.552009,6.0,1,1.2800211
3191,1262,1540.542471408844,461.8162965774536,1079.8797607421875,745.9913940429688,6.2811,8.0,-1,24.099766
12,1262,1183.0515656471252,793.3124513626099,722.3888549804688,1077.487548828125,5.3466067,8.0,-1,31.512365
8,1262,1318.703360080719,326.96430683135986,858.0406494140625,611.139404296875,3.731787,12.0,-1,13.966351
2281,1262,1854.3323884010315,-64.4313383102417,1393.669677734375,219.74375915527344,3.3418741,22.0,-1,4.503637
2986,1262,1466.0569367408752,459.15400409698486,1005.3942260742188,743.3291015625,0.7439604,10.0,-1,4.438607
4040,1262,579.8946290016174,123.81495380401611,119.23191833496094,407.99005126953125,0.51339436,28.0,-1,3.5564902
2389,1262,1381.6317658424377,207.23344135284424,920.9690551757812,491.4085388183594,0.48072278,14.0,-1,5.7677298
3575,1262,1764.743155002594,465.66047382354736,1304.0804443359375,749.8355712890625,0.4634234,10.0,-1,4.210305
0,1263,1560.4871735572815,769.3669557571411,1099.7271728515625,1054.4505615234375,122.44056,10.0,1,27.611248
4,1263,1341.055166721344,-107.20581340789795,880.295166015625,177.87779235839844,81.393074,8.0,1,24.444868
3,1263,1172.777090549469,200.917462348938,712.01708984375,486.0010681152344,53.20578,8.0,1,21.503952
1,1263,1594.520498752594,208.95109272003174,1133.760498046875,494.0346984863281,53.070545,8.0,1,27.459106
2,1263,1689.105215549469,199.3234987258911,1228.34521484375,484.4071044921875,37.85034,8.0,1,26.112411
3079,1263,1950.5125641822815,11.651562690734863,1489.7525634765625,296.73516845703125,16.610386,6.0,1,3.6183925
1332,1263,647.548330783844,588.5449953079224,186.788330078125,873.6286010742188,15.673328,10.0,-1,3.5532877
3654,1263,1242.8278107643127,717.6452150344849,782.0678100585938,1002.7288208007812,14.792319,18.0,-1,7.274091
1879,1263,1869.610586643219,-36.9308500289917,1408.8505859375,248.1527557373047,14.06113,12.0,-1,1.5242434
3509,1263,2019.142324924469,362.5931520462036,1558.38232421875,647.6767578125,12.935838,6.0,1,0.9041861
2032,1263,569.0454316139221,-133.2653226852417,108.28543090820312,151.8182830810547,12.136089,6.0,1,19.536116
3191,1263,1540.364004611969,463.09418964385986,1079.60400390625,748.1777954101562,4.6001754,8.0,-1,21.247047
8,1263,1317.629873752594,328.07185077667236,856.869873046875,613.1554565429688,4.3447356,12.0,-1,15.897542
12,1263,1181.5242829322815,792.4503297805786,720.7642822265625,1077.533935546875,3.5444994,10.0,-1,30.23076
2281,1263,1855.631582736969,-63.58507061004639,1394.87158203125,221.49853515625,2.7974355,20.0,-1,5.545841
2986,1263,1464.6700348854065,458.1981325149536,1003.9100341796875,743.28173828125,0.7651319,10.0,-1,4.4143953
2389,1263,1378.9205231666565,206.11222553253174,918.1605224609375,491.1958312988281,0.73417586,10.0,-1,4.457078
3575,1263,1764.6258454322815,465.23908710479736,1303.8658447265625,750.3226928710938,0.55690295,8.0,-1,6.939129
4040,1263,580.4159684181213,125.21076679229736,119.65596771240234,410.29437255859375,0.1924063,10.0,-1,2.8548174
0,1264,1561.1857895851135,767.3586549758911,1100.03564453125,1053.6370849609375,149.60863,10.0,1,26.698452
4,1264,1341.314329624176,-106.39210796356201,880.1641845703125,179.88632202148438,79.75577,8.0,1,24.306707
3,1264,1171.453245639801,201.22639179229736,710.3031005859375,487.50482177734375,49.694035,8.0,1,18.428085
1,1264,1594.8666977882385,208.95109272003174,1133.716552734375,495.2295227050781,41.400726,8.0,1,26.081821
2,1264,1689.4411606788635,200.55598163604736,1228.291015625,486.83441162109375,34.379505,8.0,1,25.910658
1332,1264,647.210569858551,589.0600709915161,186.0604248046875,875.3385009765625,18.599976,10.0,-1,4.494701
1879,1264,1870.6977524757385,-38.321932792663574,1409.547607421875,247.9564971923828,17.289083,10.0,-1,3.1560483
3654,1264,1243.9251084327698,715.4534425735474,782.7749633789062,1001.7318725585938,15.163543,18.0,-1,5.9987993
2032,1264,569.0454316139221,-137.57605266571045,107.8952865600586,148.70237731933594,10.8511915,6.0,1,19.900042
3079,1264,1949.759642124176,9.971112251281738,1488.6094970703125,296.2495422363281,10.608896,6.0,1,4.238669
3509,1264,2020.1293931007385,359.75861835479736,1558.979248046875,646.0370483398438,9.175669,6.0,1,2.3738918
12,1264,1177.4729599952698,792.6023073196411,716.3228149414062,1078.8807373046875,6.4469895,10.0,-1,29.416395
3191,1264,1540.703489780426,465.74982929229736,1079.5533447265625,752.0282592773438,5.141666,8.0,-1,22.11846
8,1264,1317.0961899757385,326.55524921417236,855.946044921875,612.8336791992188,4.1492257,12.0,-1,19.05075
2281,1264,1860.7265610694885,-66.16638469696045,1399.576416015625,220.11204528808594,3.4680474,28.0,-1,5.8185477
3575,1264,1763.414671421051,465.4395875930786,1302.2645263671875,751.718017578125,1.4089932,8.0,-1,7.715306
2389,1264,1377.6941514015198,206.44697284698486,916.5440063476562,492.72540283203125,0.7320759,18.0,-1,5.7653856
2986,1264,1464.6340317726135,457.9502077102661,1003.48388671875,744.2286376953125,0.55124396,10.0,-1,3.2382352
4040,1264,579.3191742897034,128.14057636260986,118.16902923583984,414.41900634765625,0.22688757,10.0,-1,3.1430569
0,1265,1561.5781235694885,766.2124147415161,1099.758544921875,1052.565673828125,126.11442,10.0,1,26.55444
4,1265,1344.0388779640198,-107.55830669403076,882.2192993164062,178.79495239257812,64.25364,8.0,1,25.800951
3,1265,1171.808470249176,199.7439088821411,709.9888916015625,486.09716796875,56.576878,8.0,1,21.5964
1,1265,1593.9494614601135,209.68253803253174,1132.1298828125,496.0357971191406,45.298878,8.0,1,26.319664
2,1265,1690.890745639801,200.651104927063,1229.0711669921875,487.0043640136719,32.29272,8.0,1,26.338594
1332,1265,652.0809006690979,588.6379518508911,190.26132202148438,874.9912109375,18.538969,10.0,-1,5.5269947
3654,1265,1240.9443955421448,715.1704225540161,779.1248168945312,1001.523681640625,18.097187,18.0,-1,6.982434
1879,1265,1871.1916489601135,-38.142489433288574,1409.3720703125,248.2107696533203,15.961376,6.0,1,1.6693113
2032,1265,565.9297013282776,-138.10347270965576,104.11012268066406,148.24978637695312,10.799923,6.0,1,20.416647
3079,1265,1949.273313999176,11.269268989562988,1487.4537353515625,297.6225280761719,10.674773,6.0,1,4.1853967
3509,1265,2022.3811020851135,359.75861835479736,1560.5615234375,646.1118774414062,10.19,6.0,1,0.32147008
12,1265,1176.2443222999573,794.3778200149536,714.4247436523438,1080.7310791015625,5.857559,8.0,-1,33.67003
2281,1265,1860.0019516944885,-68.2771635055542,1398.182373046875,218.0760955810547,4.90831,22.0,-1,6.289158
3191,1265,1538.1572251319885,465.64484882354736,1076.337646484375,751.9981079101562,3.795435,8.0,-1,22.475355
8,1265,1317.6545395851135,324.4820680618286,855.8349609375,610.8353271484375,3.637658,12.0,-1,18.767511
2389,1265,1380.8293442726135,207.4210329055786,919.009765625,493.7742919921875,0.975404,16.0,-1,5.426421
2986,1265,1464.6340317726135,459.5350465774536,1002.814453125,745.8883056640625,0.66283137,10.0,-1,3.7031274
3575,1265,1761.391233921051,466.3546266555786,1299.5716552734375,752.7078857421875,0.58968264,8.0,-1,8.115111
4040,1265,577.4423050880432,128.4490785598755,115.62272644042969,414.8023376464844,0.21422051,8.0,-1,3.690866
0,1266,1560.683958530426,767.0062990188599,1098.7725830078125,1053.8900146484375,103.866066,10.0,1,25.414808
3,1266,1171.9982285499573,201.1414613723755,710.0868530273438,488.0251770019531,62.88467,8.0,1,20.296314
4,1266,1344.6668076515198,-107.89036846160889,882.7554321289062,178.99334716796875,52.37454,8.0,1,25.582424
1,1266,1593.8693833351135,210.61445331573486,1131.9580078125,497.4981689453125,36.169044,8.0,1,26.2808
2,1266,1691.8554673194885,199.9117250442505,1229.944091796875,486.7954406738281,30.523241,8.0,1,25.876375
1332,1266,652.1272263526917,588.8180665969849,190.21585083007812,875.7017822265625,24.293404,10.0,-1,5.034161
1879,1266,1868.319456577301,-41.39308452606201,1406.4080810546875,245.49063110351562,17.24224,12.0,-1,1.7207805
3654,1266,1237.7925400733948,715.1704225540161,775.8811645507812,1002.0541381835938,15.53236,18.0,-1,6.4697447
2032,1266,563.7756943702698,-136.17196941375732,101.86431884765625,150.7117462158203,13.42194,6.0,1,19.88009
3079,1266,1945.6052231788635,10.608685493469238,1483.69384765625,297.4924011230469,12.54229,6.0,1,3.8004012
3509,1266,2023.858274936676,358.8538942337036,1561.9468994140625,645.7376098632812,10.96986,6.0,1,0.95840675
12,1266,1175.8041977882385,794.9727296829224,713.892822265625,1081.8564453125,6.3787303,10.0,-1,32.76448
8,1266,1317.5363144874573,326.70100116729736,855.6249389648438,613.584716796875,4.0154366,12.0,-1,14.561497
2281,1266,1860.0019516944885,-72.95640850067139,1398.090576171875,213.92730712890625,3.498202,22.0,-1,6.385967
3191,1266,1538.749388217926,465.72077655792236,1076.8380126953125,752.6044921875,2.4821455,8.0,-1,18.65634
3575,1266,1763.042601108551,464.9640016555786,1301.1312255859375,751.8477172851562,0.8160903,8.0,-1,8.606055
4040,1266,578.3434052467346,125.20365619659424,116.4320297241211,412.0873718261719,0.5748578,10.0,-1,3.7851615
2986,1266,1462.0241074562073,459.1123170852661,1000.1127319335938,745.9960327148438,0.389819,12.0,-1,3.380527
2389,1266,1382.229368686676,207.9019899368286,920.3179931640625,494.78570556640625,0.34411418,10.0,-1,4.3320932
0,1267,1561.077269077301,767.7873659133911,1099.0987548828125,1055.30224609375,96.42801,10.0,1,26.608566
4,1267,1345.880003452301,-108.2650785446167,883.9014892578125,179.2498016357422,68.70483,8.0,1,26.028982
3,1267,1174.1936631202698,202.4190797805786,712.2151489257812,489.9339599609375,56.639355,8.0,1,17.772629
1,1267,1594.1389145851135,209.213604927063,1132.160400390625,496.7284851074219,38.16032,8.0,1,26.512281
2,1267,1691.6979966163635,201.55973529815674,1229.719482421875,489.0746154785156,36.93162,8.0,1,27.164845
1879,1267,1868.213987827301,-41.556979179382324,1406.2354736328125,245.95790100097656,26.37446,12.0,-1,2.268418
3079,1267,1944.163938999176,10.641980171203613,1482.1854248046875,298.1568603515625,18.693722,6.0,1,3.8691792
3654,1267,1235.8350205421448,716.4965944290161,773.8565063476562,1004.011474609375,17.965054,18.0,-1,7.362224
1332,1267,652.5017228126526,586.4427003860474,190.52320861816406,873.9575805664062,17.414743,10.0,-1,3.727685
2032,1267,565.4044709205627,-138.2886381149292,103.42595672607422,149.2262420654297,13.018173,6.0,1,20.38882
3509,1267,2023.818968296051,358.7740602493286,1561.8404541015625,646.2889404296875,11.053922,6.0,1,0.28048795
12,1267,1177.7951035499573,795.5062379837036,715.8165893554688,1083.0211181640625,7.6083636,8.0,-1,33.466724
8,1267,1312.2846055030823,328.54145526885986,850.3060913085938,616.0563354492188,5.455805,12.0,-1,13.1224375
3191,1267,1538.749388217926,464.5102663040161,1076.7708740234375,752.025146484375,4.1969395,8.0,-1,17.68439
2281,1267,1859.7575669288635,-75.69394207000732,1397.779052734375,211.82093811035156,2.10448,24.0,-1,5.972288
2986,1267,1460.7880234718323,460.7983522415161,998.8095092773438,748.313232421875,0.8142934,10.0,-1,4.2671905
3575,1267,1763.5021958351135,464.9640016555786,1301.523681640625,752.4788818359375,0.8139458,8.0,-1,6.8799825
2389,1267,1378.6256699562073,208.1766176223755,916.6471557617188,495.6914978027344,0.31028655,24.0,-1,4.5380526
4040,1267,578.6259369850159,124.26899433135986,116.64742279052734,411.78387451171875,0.23142754,26.0,-1,2.6107585
0,1268,1562.109739780426,764.7947969436646,1099.6021728515625,1053.859130859375,131.74846,10.0,1,26.851423
4,1268,1346.659300327301,-109.16855144500732,884.1517333984375,179.89578247070312,85.18066,8.0,1,25.411156
2,1268,1690.6750473976135,201.59789752960205,1228.16748046875,490.6622314453125,54.868565,8.0,1,25.963919
1,1268,1596.3803696632385,206.80675983428955,1133.872802734375,495.87109375,48.133167,8.0,1,26.788084
3,1268,1173.7352890968323,202.07137775421143,711.2277221679688,491.1357116699219,34.365025,8.0,1,19.628498
3654,1268,1234.2711777687073,717.3635835647583,771.7636108398438,1006.4279174804688,19.394676,18.0,-1,7.012678
1332,1268,652.1913590431213,586.7426118850708,189.6837921142578,875.8069458007812,17.058958,10.0,-1,4.200767
3079,1268,1944.3764634132385,8.454312324523926,1481.868896484375,297.5186462402344,14.972499,6.0,1,4.339402
2032,1268,566.1313233375549,-138.68338298797607,103.6237564086914,150.38095092773438,14.838708,6.0,1,21.352571
1879,1268,1868.2377915382385,-41.45567607879639,1405.730224609375,247.60865783691406,14.2589445,6.0,1,1.6190438
3509,1268,2022.630491733551,360.11486530303955,1560.1229248046875,649.17919921875,11.208154,6.0,1,0.76668507
12,1268,1178.5076279640198,795.636227607727,716.0000610351562,1084.7005615234375,8.857202,10.0,-1,33.548714
8,1268,1309.8412461280823,328.8463716506958,847.3336791992188,617.9107055664062,5.3353524,12.0,-1,15.110577
3191,1268,1538.7255845069885,462.5740327835083,1076.218017578125,751.6383666992188,3.1158638,8.0,-1,14.153715
2281,1268,1856.263304233551,-77.57693767547607,1393.7557373046875,211.48739624023438,2.4913843,22.0,-1,2.996193
3575,1268,1766.515013217926,466.09643268585205,1304.0074462890625,755.1607666015625,1.0784655,8.0,-1,6.468322
2986,1268,1460.6106553077698,460.7601900100708,998.1030883789062,749.8245239257812,0.59954196,12.0,-1,3.9822867
2389,1268,1379.1106553077698,209.53222370147705,916.6030883789062,498.5965576171875,0.30541632,12.0,-1,3.9851909
0,1269,1562.145109653473,763.3957185745239,1099.39794921875,1052.6910400390625,117.516235,10.0,1,27.14482
4,1269,1346.7309861183167,-107.66604900360107,883.9838256835938,181.6292724609375,86.56317,8.0,1,25.855167
2,1269,1691.1542649269104,202.7504243850708,1228.4071044921875,492.0457458496094,68.224,8.0,1,25.082443
1,1269,1594.907316684723,206.5079927444458,1132.16015625,495.8033142089844,49.52962,8.0,1,24.88607
3,1269,1173.6999192237854,203.03988361358643,710.9527587890625,492.335205078125,37.921124,8.0,1,19.603474
3654,1269,1233.047453403473,720.2236604690552,770.30029296875,1009.5189819335938,25.094328,18.0,-1,7.3633137
1332,1269,648.7302689552307,586.7664461135864,185.9831085205078,876.061767578125,19.498787,10.0,-1,4.809271
1879,1269,1866.0517258644104,-42.931429862976074,1403.3045654296875,246.3638916015625,17.500551,6.0,1,0.33313465
3509,1269,2022.960051059723,358.3561677932739,1560.212890625,647.6514892578125,17.353323,6.0,1,0.13923876
3079,1269,1943.2157883644104,6.686886787414551,1480.4686279296875,295.9822082519531,15.779404,6.0,1,4.523567
2032,1269,567.0930771827698,-137.31906414031982,104.34591674804688,151.97625732421875,12.893542,6.0,1,20.320728
12,1269,1177.783293247223,796.9814119338989,715.0361328125,1086.2767333984375,7.206461,10.0,-1,32.424507
8,1269,1307.256681919098,329.7317781448364,844.509521484375,619.027099609375,3.9273398,12.0,-1,13.071361
3191,1269,1541.158781528473,462.5501985549927,1078.41162109375,751.8455200195312,3.5012424,8.0,-1,15.241777
2281,1269,1855.0986008644104,-76.46425151824951,1392.3514404296875,212.83106994628906,2.20826,26.0,-1,4.1665688
3575,1269,1774.272551059723,464.7867097854614,1311.525390625,754.08203125,0.57492405,8.0,-1,7.2608433
4040,1269,576.5412430763245,122.92037677764893,113.79408264160156,412.2156982421875,0.49089572,10.0,-1,3.3830378
2389,1269,1381.0624070167542,204.26504230499268,918.3152465820312,493.56036376953125,0.37178382,10.0,-1,3.6494274
2986,1269,1463.1865525245667,458.5762605667114,1000.4393920898438,747.87158203125,0.2703105,14.0,-1,3.3132844
0,1270,1562.4224610328674,763.7701082229614,1099.7047119140625,1054.349853515625,136.40884,10.0,1,27.43455
3,1270,1174.781713962555,201.48843097686768,712.06396484375,492.06817626953125,64.46037,8.0,1,20.996075
2,1270,1692.5169434547424,201.6488618850708,1229.7991943359375,492.2286071777344,54.229733,8.0,1,26.164865
4,1270,1348.456030368805,-107.10103130340576,885.73828125,183.4787139892578,49.58266,8.0,1,26.175085
1,1270,1596.4520020484924,204.77404499053955,1133.7342529296875,495.3537902832031,41.35455,8.0,1,26.047413
1332,1270,648.668692111969,587.2735872268677,185.95094299316406,877.8533325195312,27.963343,10.0,-1,4.1851363
3079,1270,1940.7940430641174,7.402249336242676,1478.0762939453125,297.98199462890625,21.855516,6.0,1,0.7102172
3654,1270,1231.0616822242737,720.9673128128052,768.3439331054688,1011.5470581054688,15.754685,18.0,-1,7.2341366
1879,1270,1866.131811618805,-42.28889751434326,1403.4140625,248.2908477783203,13.845319,6.0,1,0.6181611
2032,1270,567.0930771827698,-136.1251096725464,104.37532806396484,154.4546356201172,12.091388,6.0,1,19.496952
3509,1270,2022.7547364234924,356.1062898635864,1560.0369873046875,646.68603515625,8.016143,6.0,1,1.9295313
12,1270,1176.3499512672424,796.9814119338989,713.6322021484375,1087.5611572265625,6.437824,10.0,-1,30.76996
8,1270,1302.8321900367737,329.1682405471802,840.1144409179688,619.7479858398438,3.5190942,12.0,-1,13.248079
3191,1270,1543.01096200943,459.6965608596802,1080.293212890625,750.2763061523438,3.364803,8.0,-1,15.800471
2281,1270,1852.9515137672424,-72.8754301071167,1390.2337646484375,217.70431518554688,1.9564142,22.0,-1,4.070387
3575,1270,1775.3538575172424,461.7080354690552,1312.6361083984375,752.2877807617188,1.2198888,8.0,-1,7.405149
2389,1270,1384.28781747818,205.66198444366455,921.570068359375,496.2417297363281,0.46192893,18.0,-1,3.7809138
4040,1270,573.0448746681213,122.91799640655518,110.3271255493164,413.49774169921875,0.4503565,12.0,-1,3.6763906
2986,1270,1461.2078614234924,455.2001008987427,998.4901123046875,745.7798461914062,0.29280552,16.0,-1,3.0268419
0,1271,1561.242277622223,762.8343782424927,1097.9949951171875,1054.072021484375,194.7901,10.0,1,26.97533
4,1271,1349.2797532081604,-107.16330242156982,886.032470703125,184.0743408203125,96.9806,8.0,1,27.217548
2,1271,1691.793547153473,202.92940998077393,1228.5462646484375,494.16705322265625,55.743717,8.0,1,24.35148
1,1271,1596.543547153473,204.09383869171143,1133.2962646484375,495.33148193359375,41.049305,8.0,1,25.495945
3,1271,1174.946379184723,200.21069049835205,711.6990966796875,491.4483337402344,36.19954,8.0,1,20.623606
3654,1271,1227.1808762550354,718.8442049026489,763.93359375,1010.0818481445312,27.696747,18.0,-1,6.4288297
3079,1271,1941.0600266456604,9.2280855178833,1477.812744140625,300.4657287597656,19.033539,6.0,1,0.34240302
1332,1271,648.0120224952698,584.7466707229614,184.76473999023438,875.9843139648438,17.692438,10.0,-1,5.3193836
1879,1271,1868.341154575348,-42.17570781707764,1405.0938720703125,249.0619354248047,15.197856,6.0,1,0.9525182
3509,1271,2025.625578403473,356.4905061721802,1562.3782958984375,647.7281494140625,14.589454,6.0,1,0.6417685
2032,1271,567.0930771827698,-136.09846782684326,103.84579467773438,155.13917541503906,12.675483,6.0,1,19.831284
12,1271,1174.8083786964417,796.7860383987427,711.5610961914062,1088.023681640625,9.823168,10.0,-1,34.169006
8,1271,1303.420744419098,330.2828645706177,840.1734619140625,621.5205078125,5.178611,10.0,-1,17.23941
3191,1271,1542.2077317237854,454.7521028518677,1078.96044921875,745.98974609375,2.9367115,8.0,-1,14.06361
2281,1271,1851.765470981598,-75.15732097625732,1388.5181884765625,216.080322265625,2.6786945,26.0,-1,4.7629294
3575,1271,1774.3459153175354,461.7080354690552,1311.0986328125,752.9456787109375,0.9290034,8.0,-1,10.507163
2986,1271,1462.0404953956604,455.2138338088989,998.793212890625,746.4514770507812,0.65928996,12.0,-1,4.387561
2389,1271,1385.1530442237854,206.26022052764893,921.90576171875,497.49786376953125,0.32183644,16.0,-1,3.6371744
4040,1271,571.6539978981018,125.51296710968018,108.4067153930664,416.7506103515625,0.25281152,10.0,-1,2.489489
0,1272,1560.0758957862854,762.6062593460083,1096.4033203125,1053.594970703125,132.99968,10.0,1,25.792799
2,1272,1691.793547153473,203.02615070343018,1228.1209716796875,494.0148620605469,73.2353,8.0,1,26.456888
3,1272,1175.8524460792542,200.9576997756958,712.1798706054688,491.9464111328125,71.97782,8.0,1,19.152557
4,1272,1348.0856614112854,-107.65182781219482,884.4130859375,183.33688354492188,55.22757,8.0,1,24.938818
1,1272,1597.6462082862854,204.0678071975708,1133.9736328125,495.0565185546875,45.838108,8.0,1,25.815413
1332,1272,647.4315934181213,585.1265230178833,183.75901794433594,876.115234375,24.459253,10.0,-1,3.8489814
3654,1272,1226.1037888526917,720.9974336624146,762.4312133789062,1011.9861450195312,19.158962,16.0,-1,6.8962765
1879,1272,1871.0544114112854,-39.74360942840576,1407.3818359375,251.24510192871094,16.90727,6.0,1,1.5739198
2032,1272,568.9899353981018,-136.47909832000732,105.3173599243164,154.50961303710938,14.292359,8.0,1,20.528559
3079,1272,1942.7892746925354,11.325039863586426,1479.11669921875,302.3137512207031,13.492268,12.0,-1,1.5222524
3509,1272,2026.801603794098,355.82616901397705,1563.1290283203125,646.8148803710938,7.5636883,6.0,1,0.22978446
12,1272,1172.1825852394104,800.0042085647583,708.510009765625,1090.992919921875,6.952913,10.0,-1,29.745197
8,1272,1300.274015903473,332.4077730178833,836.6014404296875,623.396484375,5.62577,10.0,-1,18.234528
2281,1272,1853.873869419098,-77.09752178192139,1390.2012939453125,213.8911895751953,5.505161,14.0,-1,4.33747
3191,1272,1541.876310825348,451.3495454788208,1078.2037353515625,742.3382568359375,2.3831823,10.0,-1,11.639108
3575,1272,1776.252531528473,462.8412446975708,1312.5799560546875,753.8299560546875,1.0897956,8.0,-1,7.033904
2389,1272,1389.215178012848,204.1172456741333,925.5426025390625,495.10595703125,0.9864645,10.0,-1,4.954911
2986,1272,1459.4807419776917,454.8362398147583,995.8081665039062,745.824951171875,0.5966996,10.0,-1,4.314155
4040,1272,571.4725632667542,125.51296710968018,107.79998779296875,416.5016784667969,0.38456956,8.0,-1,3.881192
0,1273,1560.1516404151917,762.963376045227,1095.8907470703125,1054.470947265625,146.91357,10.0,1,27.096748
4,1273,1350.2594895362854,-109.3864164352417,885.9985961914062,182.12115478515625,80.30103,8.0,1,27.66552
2,1273,1692.6317429542542,202.55630207061768,1228.370849609375,494.0638732910156,57.891148,8.0,1,26.73673
1,1273,1599.0823044776917,204.69509601593018,1134.8214111328125,496.2026672363281,45.331863,8.0,1,26.476164
3,1273,1176.5998215675354,200.91247272491455,712.3389282226562,492.4200439453125,42.899296,8.0,1,19.590343
1879,1273,1869.8885788917542,-40.69853496551514,1405.627685546875,250.8090362548828,28.384558,12.0,-1,0.3032382
1332,1273,648.1210465431213,584.2721529006958,183.8601531982422,875.7797241210938,25.554888,10.0,-1,5.076206
3654,1273,1226.1037888526917,723.6078462600708,761.8428955078125,1015.1154174804688,19.347454,16.0,-1,5.4579883
3079,1273,1942.7300095558167,11.5466890335083,1478.4691162109375,303.05426025390625,16.37723,14.0,-1,1.5906286
2032,1273,569.1564545631409,-136.03872966766357,104.89556121826172,155.46884155273438,13.048115,6.0,1,19.522697
3509,1273,2026.5786423683167,356.36779499053955,1562.3177490234375,647.8753662109375,10.612743,6.0,1,1.1338758
12,1273,1174.1203293800354,800.572751045227,709.8594360351562,1092.080322265625,8.27475,10.0,-1,31.076504
2281,1273,1852.7767624855042,-77.5625638961792,1388.515869140625,213.94500732421875,4.1442037,14.0,-1,4.2500243
8,1273,1299.5342087745667,328.97008991241455,835.2733154296875,620.4776611328125,3.527423,12.0,-1,17.423882
3191,1273,1540.6605515480042,450.1017427444458,1076.399658203125,741.6093139648438,2.0578387,8.0,-1,12.394211
2389,1273,1392.8053269386292,204.31130695343018,928.54443359375,495.8188781738281,1.062393,8.0,-1,6.8524976
3575,1273,1776.0482468605042,464.0779390335083,1311.787353515625,755.5855102539062,0.5910618,8.0,-1,5.20025
4040,1273,570.8880753517151,123.94082355499268,106.62718200683594,415.4483947753906,0.53081256,12.0,-1,3.3691292
2986,1273,1459.015715122223,454.8362398147583,994.7548217773438,746.3438110351562,0.36213803,10.0,-1,3.717342
0,1274,1560.6936326026917,763.6787385940552,1096.046142578125,1055.76708984375,157.05644,10.0,1,25.6684
4,1274,1352.665861606598,-109.76579570770264,888.0183715820312,182.3225555419922,70.87313,8.0,1,27.391365
3,1274,1176.0404343605042,203.82442951202393,711.3929443359375,495.91278076171875,40.92367,8.0,1,21.521313
2,1274,1694.3517136573792,203.66463947296143,1229.7042236328125,495.75299072265625,38.745686,8.0,1,26.60237
1,1274,1598.9309372901917,204.4708833694458,1134.283447265625,496.5592346191406,38.229652,8.0,1,26.566092
1879,1274,1869.1413865089417,-38.147921562194824,1404.493896484375,253.9404296875,20.794485,12.0,-1,1.5457785
1332,1274,648.8263993263245,583.9598665237427,184.1789093017578,876.0482177734375,20.577002,10.0,-1,2.4728675
3079,1274,1942.7300095558167,11.47778034210205,1478.08251953125,303.5661315917969,19.75034,14.0,-1,0.1731816
3654,1274,1224.3957810401917,724.0427522659302,759.748291015625,1016.131103515625,16.940033,16.0,-1,5.5357676
2032,1274,569.9717774391174,-136.80774211883545,105.32428741455078,155.28060913085938,11.9704275,8.0,1,19.417194
3509,1274,2026.8546433448792,356.4121370315552,1562.2071533203125,648.50048828125,9.969829,6.0,1,1.2051083
12,1274,1172.3005051612854,801.7861604690552,707.6530151367188,1093.87451171875,7.481747,10.0,-1,28.11792
8,1274,1297.9243454933167,328.6081209182739,833.27685546875,620.6964721679688,4.0110645,12.0,-1,16.19359
3191,1274,1536.3753952980042,447.6153841018677,1071.7279052734375,739.7037353515625,3.767375,10.0,-1,10.427039
2281,1274,1851.6572556495667,-76.37462139129639,1387.009765625,215.71372985839844,1.9894184,14.0,-1,3.4986196
2389,1274,1391.9491257667542,205.40075397491455,927.3016357421875,497.4891052246094,1.3122798,8.0,-1,7.2202287
3575,1274,1778.1802048683167,463.4196443557739,1313.53271484375,755.5079956054688,0.9154761,8.0,-1,7.0903854
4040,1274,572.7487549781799,123.94082355499268,108.10126495361328,416.0291748046875,0.39794144,10.0,-1,3.4447627
2986,1274,1461.1007370948792,453.6309480667114,996.4532470703125,745.7192993164062,0.28404763,10.0,-1,3.2194686
0,1275,1561.1172165870667,763.8073396682739,1096.39111328125,1056.645263671875,109.22082,10.0,1,25.523724
4,1275,1352.8581833839417,-111.12303447723389,888.132080078125,181.7148895263672,66.00095,8.0,1,25.24086
2,1275,1693.0370163917542,205.0093355178833,1228.3109130859375,497.8472595214844,52.592632,8.0,1,24.943342
1,1275,1598.4347214698792,205.14883136749268,1133.7086181640625,497.98675537109375,50.599213,8.0,1,26.436466
3,1275,1172.3619675636292,205.50378131866455,707.6358642578125,498.3417053222656,46.50171,8.0,1,21.595285
1879,1275,1869.1413865089417,-40.84387493133545,1404.415283203125,251.99404907226562,23.778282,12.0,-1,3.6474621
3079,1275,1943.2652878761292,10.832486152648926,1478.5391845703125,303.67041015625,15.513711,6.0,1,1.1909733
1332,1275,645.3432297706604,583.7617464065552,180.61712646484375,876.5996704101562,14.906864,10.0,-1,2.864818
2032,1275,571.0158829689026,-136.80774211883545,106.28977966308594,156.03018188476562,11.344394,6.0,1,20.55325
3509,1275,2024.5259079933167,355.0415925979614,1559.7998046875,647.8795166015625,10.713245,6.0,1,0.894052
3654,1275,1224.2987961769104,721.3315095901489,759.5726928710938,1014.16943359375,9.501391,16.0,-1,5.0610943
12,1275,1173.384367465973,801.6468172073364,708.6582641601562,1094.4847412109375,6.4033723,10.0,-1,30.085701
8,1275,1296.4411911964417,331.0510530471802,831.715087890625,623.8889770507812,3.8527727,12.0,-1,14.758954
2281,1275,1852.9388718605042,-74.91539287567139,1388.2127685546875,217.9225311279297,2.3955562,24.0,-1,3.5499954
3191,1275,1534.8031296730042,446.5574007034302,1070.0770263671875,739.3953247070312,2.0923789,8.0,-1,11.454113
3575,1275,1782.6826462745667,464.8446321487427,1317.95654296875,757.6825561523438,1.1255504,14.0,-1,6.334267
2389,1275,1392.927092075348,206.06103229522705,928.2009887695312,498.8989562988281,0.57139456,8.0,-1,5.9494133
4040,1275,574.2346405982971,121.8440523147583,109.50853729248047,414.6819763183594,0.567426,10.0,-1,4.0976334
2986,1275,1459.0683884620667,455.9253206253052,994.34228515625,748.7632446289062,0.4932036,10.0,-1,4.1058483
0,1276,1561.3439927101135,763.5657014846802,1096.1397705078125,1057.13232421875,120.10635,10.0,1,25.14577
3,1276,1173.2311997413635,206.35082721710205,708.0269775390625,499.9174499511719,62.22287,8.0,1,21.493881
2,1276,1692.9672837257385,204.44888019561768,1227.7630615234375,498.0155029296875,58.516754,8.0,1,27.467047
4,1276,1352.5028672218323,-111.05237102508545,887.2986450195312,182.51425170898438,56.63521,8.0,1,27.067703
1,1276,1598.711546421051,206.3102388381958,1133.50732421875,499.8768615722656,45.414692,8.0,1,26.385397
1332,1276,645.3432297706604,584.0641756057739,180.13900756835938,877.6307983398438,25.748262,10.0,-1,5.1853485
3079,1276,1943.1442856788635,10.32250690460205,1477.9400634765625,303.8891296386719,23.457756,6.0,1,2.9267638
1879,1276,1870.6381821632385,-43.749545097351074,1405.4339599609375,249.81707763671875,19.72983,6.0,1,0.63312984
2032,1276,571.172972202301,-136.27803325653076,105.96875,157.28858947753906,13.339501,8.0,1,20.157684
3509,1276,2023.020384311676,354.5981111526489,1557.816162109375,648.1647338867188,12.126771,6.0,1,0.34059423
3654,1276,1224.6296982765198,720.1688508987427,759.4254760742188,1013.7354736328125,11.945663,16.0,-1,5.1909266
12,1276,1173.0208115577698,803.7145051956177,707.8165893554688,1097.2811279296875,6.9107704,10.0,-1,31.69167
4158,1276,1648.5825181007385,405.3241853713989,1183.3782958984375,698.8908081054688,4.4139843,22.0,-1,2.8426955
8,1276,1293.462278842926,333.0376863479614,828.258056640625,626.6043090820312,3.2010505,12.0,-1,13.298253
3191,1276,1537.3806138038635,444.3914461135864,1072.1763916015625,737.9580688476562,2.479525,10.0,-1,11.459945
2281,1276,1851.0703110694885,-75.63405132293701,1385.8660888671875,217.9325714111328,2.4733346,22.0,-1,2.688594
2389,1276,1394.2644028663635,206.4362154006958,929.0601806640625,500.0028381347656,0.8609938,8.0,-1,6.2298074
3575,1276,1784.501097202301,468.4222688674927,1319.296875,761.9888916015625,0.6412324,8.0,-1,7.928907
2986,1276,1455.6572251319885,455.9253206253052,990.4530029296875,749.491943359375,0.48033866,28.0,-1,4.294115
4040,1276,572.4140152931213,121.50671100616455,107.20979309082031,415.0733337402344,0.31102732,10.0,-1,3.1265147
0,1277,1562.2067475318909,763.5026521682739,1096.0985107421875,1057.82421875,116.7096,10.0,1,25.848185
4,1277,1354.1585297584534,-113.9551420211792,888.05029296875,180.36642456054688,63.451965,8.0,1,27.73028
2,1277,1692.2074799537659,204.40429401397705,1226.0992431640625,498.7258605957031,47.72218,8.0,1,25.832693
3,1277,1174.1189179420471,207.31484699249268,708.0106811523438,501.63641357421875,41.985775,8.0,1,21.236338
1,1277,1598.9960541725159,205.89217853546143,1132.8878173828125,500.2137451171875,34.611256,8.0,1,25.835615
1879,1277,1872.0251069068909,-44.83862590789795,1405.9168701171875,249.48294067382812,21.97125,6.0,1,0.37270772
3654,1277,1221.9001069068909,721.2448396682739,755.7918701171875,1015.56640625,17.26242,16.0,-1,7.0894494
1332,1277,647.6579041481018,584.3027009963989,181.54966735839844,878.624267578125,15.881265,10.0,-1,3.079251
2032,1277,570.7934098243713,-135.6265745162964,104.68517303466797,158.6949920654297,11.994938,6.0,1,18.330265
3079,1277,1945.8929047584534,8.5748872756958,1479.78466796875,302.8964538574219,11.478276,6.0,1,3.7239232
3509,1277,2021.8988862037659,355.0612459182739,1555.7906494140625,649.3828125,9.55956,6.0,1,0.9183178
8,1277,1289.2060151100159,334.0039339065552,823.0977783203125,628.3255004882812,6.011827,12.0,-1,15.345306
4158,1277,1645.5461030006409,407.7432527542114,1179.4378662109375,702.0648193359375,5.1137576,22.0,-1,2.2519405
12,1277,1172.4180512428284,804.9272127151489,706.309814453125,1099.248779296875,4.3385153,10.0,-1,31.256025
2281,1277,1848.6314301490784,-80.39160442352295,1382.523193359375,213.92996215820312,2.5396926,14.0,-1,2.271067
3191,1277,1543.0823578834534,443.0329256057739,1076.97412109375,737.3544921875,2.0311291,10.0,-1,8.858796
4040,1277,572.1295075416565,121.55129718780518,106.02127075195312,415.87286376953125,0.7693327,10.0,-1,4.2449174
3575,1277,1784.9607758522034,466.1011018753052,1318.8525390625,760.4226684570312,0.7153046,8.0,-1,8.2149725
2389,1277,1394.9481415748596,205.30770587921143,928.8399047851562,499.6292724609375,0.54228944,16.0,-1,5.1645236
2986,1277,1454.6522431373596,456.1700716018677,988.5440063476562,750.4916381835938,0.49374917,12.0,-1,3.6995494
0,1278,1562.489981174469,765.6299486160278,1096.287109375,1059.5093994140625,104.62974,10.0,1,25.507336
4,1278,1354.1881623268127,-113.9354658126831,887.9852905273438,179.94398498535156,99.52179,8.0,1,27.099947
2,1278,1692.1778473854065,205.69910144805908,1225.9749755859375,499.57855224609375,56.248398,8.0,1,26.186117
3,1278,1174.0782990455627,208.2798204421997,707.8754272460938,502.1592712402344,53.886044,8.0,1,21.286806
1,1278,1600.699453830719,208.29660511016846,1134.49658203125,502.1760559082031,43.43223,8.0,1,25.454884
1879,1278,1870.416738986969,-46.82979869842529,1404.2138671875,247.04965209960938,23.108711,6.0,1,1.7844689
3079,1278,1946.2491364479065,9.741520881652832,1480.0462646484375,303.6209716796875,17.424406,6.0,1,1.8688952
2032,1278,569.569082736969,-135.92010021209717,103.3662109375,157.9593505859375,14.1562,6.0,1,19.088028
1332,1278,648.4158539772034,582.1764574050903,182.21298217773438,876.055908203125,13.083531,12.0,-1,1.2605035
3654,1278,1219.7398591041565,721.2251634597778,753.5369873046875,1015.1046142578125,12.92575,16.0,-1,5.6986904
3509,1278,2023.8177399635315,357.5230760574341,1557.6148681640625,651.4025268554688,6.7041526,14.0,-1,0.20398968
8,1278,1288.366934299469,331.9019823074341,822.1640625,625.7814331054688,6.226849,10.0,-1,18.7392
12,1278,1171.579092502594,807.0324144363403,705.376220703125,1100.911865234375,6.0667796,10.0,-1,30.138327
4158,1278,1644.0750641822815,407.6690721511841,1177.8721923828125,701.5485229492188,3.9050634,18.0,-1,2.8588023
2281,1278,1848.8651032447815,-83.45920848846436,1382.6622314453125,210.4202423095703,1.9931687,14.0,-1,2.5337217
3191,1278,1546.8272614479065,441.7960252761841,1080.6243896484375,735.6754760742188,1.5398349,10.0,-1,8.075529
3575,1278,1784.3580231666565,465.87738513946533,1318.1551513671875,759.7568359375,1.3844614,8.0,-1,9.630834
4040,1278,570.6112504005432,122.1033067703247,104.40837860107422,415.9827575683594,0.86823034,14.0,-1,4.045172
2389,1278,1398.5738434791565,207.24036121368408,932.3709716796875,501.11981201171875,0.73930717,10.0,-1,6.263994
2986,1278,1455.6200470924377,455.7139940261841,989.4171752929688,749.5934448242188,0.30027613,28.0,-1,4.2343025
0,1279,1564.171621799469,767.4679002761841,1097.90625,1061.243408203125,124.35046,10.0,1,26.29699
4,1279,1353.7051911354065,-115.60088634490967,887.4398193359375,178.17462158203125,70.69779,8.0,1,27.434246
2,1279,1692.304678440094,206.49960803985596,1226.039306640625,500.2751159667969,53.003998,8.0,1,26.02819
3,1279,1173.877188205719,206.30905628204346,707.61181640625,500.0845642089844,50.87466,8.0,1,22.461403
1,1279,1598.6282868385315,209.74707508087158,1132.3629150390625,503.5225830078125,37.833057,8.0,1,24.39463
1332,1279,650.1584687232971,580.7999925613403,183.89309692382812,874.5755004882812,25.673615,10.0,-1,3.978171
1879,1279,1870.674551486969,-49.431742668151855,1404.4091796875,244.34376525878906,24.229284,6.0,1,1.4511249
2032,1279,571.1169800758362,-136.35293102264404,104.85160827636719,157.42257690429688,13.204545,8.0,1,19.332222
3654,1279,1218.1627106666565,721.3060960769653,751.8973388671875,1015.0816040039062,12.560192,16.0,-1,7.752096
3079,1279,1948.997061252594,10.105504035949707,1482.731689453125,303.8810119628906,10.414643,6.0,1,3.0153205
3509,1279,2029.5291657447815,360.18524646759033,1563.2637939453125,653.9607543945312,9.536908,6.0,1,1.7492613
12,1279,1174.5950226783752,808.6607713699341,708.3296508789062,1102.436279296875,6.7421794,10.0,-1,28.219221
2281,1279,1850.3643708229065,-83.82319164276123,1384.0989990234375,209.9523162841797,5.6642995,14.0,-1,5.3303022
8,1279,1286.3181672096252,334.1590623855591,820.0527954101562,627.9345703125,5.6518435,12.0,-1,19.028786
4158,1279,1645.7554841041565,408.2176561355591,1179.4901123046875,701.9931640625,3.2534277,18.0,-1,1.6761534
3191,1279,1545.537588596344,441.7150926589966,1079.272216796875,735.4906005859375,2.547919,14.0,-1,7.8977175
2389,1279,1393.5938019752502,207.91998767852783,927.3284301757812,501.69549560546875,0.76862425,8.0,-1,8.505213
3575,1279,1780.786856174469,462.41473865509033,1314.521484375,756.1902465820312,0.67976326,10.0,-1,7.3939962
4040,1279,570.4844193458557,121.34991931915283,104.21904754638672,415.12542724609375,0.56097144,10.0,-1,3.9145849
2986,1279,1455.3543610572815,454.4906053543091,989.0889892578125,748.26611328125,0.40714002,28.0,-1,3.9667897
0,1280,1564.3740448951721,767.6552171707153,1098.0009765625,1062.2366943359375,137.91136,10.0,1,27.674213
4,1280,1354.4137787818909,-116.64307689666748,888.0407104492188,177.9384002685547,100.314514,8.0,1,26.893509
2,1280,1692.3521943092346,203.41867542266846,1225.9791259765625,498.0001525878906,81.30672,8.0,1,26.357367
3,1280,1172.3888764381409,206.6057481765747,706.0158081054688,501.1872253417969,51.775303,8.0,1,21.13945
1,1280,1598.3053193092346,209.62512683868408,1131.9322509765625,504.20660400390625,50.277447,8.0,1,26.808308
1332,1280,650.2431092262268,581.6036424636841,183.8700408935547,876.1851196289062,24.086538,10.0,-1,2.01754
1879,1280,1869.0331025123596,-48.933085441589355,1402.6600341796875,245.6483917236328,20.837814,6.0,1,1.8684425
3654,1280,1218.1205048561096,721.0955247879028,751.7474365234375,1015.677001953125,18.90115,16.0,-1,7.0596886
2032,1280,572.139639377594,-136.23098278045654,105.76657104492188,158.35049438476562,15.661387,6.0,1,21.299982
3079,1280,1949.5212616920471,9.317296028137207,1483.148193359375,303.8987731933594,14.613833,6.0,1,2.3048255
3509,1280,2028.5113739967346,359.1307420730591,1562.1383056640625,653.7122192382812,12.260535,6.0,1,1.8474693
12,1280,1176.5204682350159,811.3070726394653,710.1473999023438,1105.8885498046875,8.3698845,8.0,-1,28.228718
4158,1280,1641.5167450904846,409.5670213699341,1175.1436767578125,704.1484985351562,5.6589756,18.0,-1,1.1891773
8,1280,1286.3603730201721,332.00092029571533,819.9873046875,626.5823974609375,3.8115556,12.0,-1,13.867133
3191,1280,1544.4194550514221,440.77191638946533,1078.04638671875,735.3533935546875,3.5798333,10.0,-1,9.22606
2281,1280,1848.0323700904846,-82.64919567108154,1381.6593017578125,211.93228149414062,2.8019202,12.0,-1,5.0413866
3575,1280,1776.5851044654846,460.8161668777466,1310.2120361328125,755.3976440429688,1.2008779,8.0,-1,8.797005
2389,1280,1394.9720673561096,210.31634998321533,928.5989990234375,504.8978271484375,0.8591078,14.0,-1,8.795355
2986,1280,1452.9106049537659,455.6036424636841,986.5375366210938,750.1851196289062,0.72697586,10.0,-1,3.8272765
4040,1280,572.7207169532776,120.57236194610596,106.34764862060547,415.1538391113281,0.51877314,14.0,-1,4.716842
0,1281,1564.0196442604065,767.8516206741333,1097.6993408203125,1062.903076171875,108.986755,10.0,1,27.594728
4,1281,1354.2892365455627,-116.81352519989014,887.9689331054688,178.23793029785156,79.672646,8.0,1,28.59903
2,1281,1691.9827790260315,203.44808673858643,1225.6624755859375,498.4995422363281,41.507336,8.0,1,26.744112
3,1281,1172.0031037330627,207.27721881866455,705.6828002929688,502.32867431640625,40.66556,8.0,1,22.509016
1,1281,1598.804190158844,209.60372638702393,1132.48388671875,504.6551818847656,31.344467,8.0,1,26.013075
1332,1281,650.4931855201721,580.5588960647583,184.17288208007812,875.6103515625,21.18293,10.0,-1,5.2230325
1879,1281,1868.4083161354065,-48.9116849899292,1402.0880126953125,246.1397705078125,19.433512,6.0,1,2.7120152
3079,1281,1948.4512848854065,8.868130683898926,1482.1309814453125,303.9195861816406,13.024812,6.0,1,2.5480394
3654,1281,1216.5551056861877,721.4588594436646,750.2348022460938,1016.5103149414062,12.714391,16.0,-1,7.5522785
2032,1281,574.1564545631409,-137.03117656707764,107.83615112304688,158.02027893066406,11.840313,6.0,1,19.989864
3509,1281,2028.904776096344,357.0291109085083,1562.58447265625,652.08056640625,7.1331162,6.0,1,1.7759627
12,1281,1176.645010471344,811.5237398147583,710.32470703125,1106.5751953125,6.649963,8.0,-1,28.824959
4167,1281,1496.8043122291565,-286.8860397338867,1030.4840087890625,8.16541576385498,3.7730262,6.0,1,16.395597
4158,1281,1643.1121735572815,413.0426607131958,1176.7918701171875,708.0941162109375,3.6271954,18.0,-1,1.104921
8,1281,1280.9489045143127,332.14916706085205,814.6286010742188,627.2006225585938,3.33848,12.0,-1,13.898941
2281,1281,1848.1758942604065,-82.70698833465576,1381.8555908203125,212.34446716308594,2.211652,14.0,-1,5.278432
3191,1281,1545.1651520729065,436.75353717803955,1078.8448486328125,731.8049926757812,2.065911,10.0,-1,11.493624
2389,1281,1396.2381501197815,213.25854206085205,929.9178466796875,508.30999755859375,1.0781881,8.0,-1,10.385965
3575,1281,1777.280508518219,459.1089448928833,1310.960205078125,754.160400390625,0.8243222,8.0,-1,7.461161
4040,1281,572.0793595314026,118.38583087921143,105.7590560913086,413.4372863769531,0.78873235,14.0,-1,3.941706
2986,1281,1452.0040802955627,457.15124225616455,985.6837768554688,752.2026977539062,0.62758654,18.0,-1,4.7436485
0,1282,1563.7291169166565,767.5913362503052,1096.7474365234375,1062.2589111328125,94.80903,10.0,1,26.975985
4,1282,1355.6793122291565,-114.78671550750732,888.6976318359375,179.880859375,60.191742,8.0,1,25.405281
1,1282,1596.871572971344,209.27224445343018,1129.889892578125,503.9398193359375,54.27583,8.0,1,25.783724
2,1282,1691.7339997291565,203.44808673858643,1224.7523193359375,498.11566162109375,39.22477,8.0,1,26.319529
3,1282,1171.647940158844,207.43368244171143,704.666259765625,502.10125732421875,38.60947,8.0,1,20.996714
1332,1282,653.0474915504456,581.1788606643677,186.06581115722656,875.846435546875,19.659235,10.0,-1,4.460256
1879,1282,1868.0521149635315,-49.47392559051514,1401.0704345703125,245.1936492919922,17.389406,6.0,1,3.679724
3654,1282,1218.4861969947815,724.4666414260864,751.5045166015625,1019.1342163085938,15.398372,16.0,-1,6.466445
2032,1282,576.9767060279846,-137.8460569381714,109.99502563476562,156.82151794433594,13.002223,6.0,1,20.26784
3079,1282,1948.4512848854065,7.620968818664551,1481.4696044921875,302.2885437011719,11.280068,6.0,1,4.333584
12,1282,1175.203848361969,811.4796419143677,708.22216796875,1106.147216796875,8.24089,10.0,-1,20.822435
3509,1282,2030.2447419166565,359.8238191604614,1563.2630615234375,654.4913940429688,7.9952145,6.0,1,1.4181197
4167,1282,1497.0889801979065,-284.60017108917236,1030.1072998046875,10.067403793334961,4.7279778,6.0,1,14.71302
4158,1282,1643.3558259010315,412.4413728713989,1176.3741455078125,707.1089477539062,3.942867,18.0,-1,1.2251146
8,1282,1280.1749787330627,332.2080354690552,813.1932983398438,626.8756103515625,3.9189217,12.0,-1,12.260783
2281,1282,1848.5194001197815,-82.21415996551514,1381.5377197265625,212.4534149169922,3.2630298,12.0,-1,5.843646
3191,1282,1545.8638825416565,435.9093904495239,1078.8822021484375,730.5769653320312,1.5779248,8.0,-1,12.165045
3575,1282,1775.0958161354065,459.6363801956177,1308.1141357421875,754.303955078125,1.3626884,8.0,-1,7.0407524
2389,1282,1398.4539093971252,213.03649616241455,931.4722290039062,507.7040710449219,1.1640648,8.0,-1,9.582072
4040,1282,571.3639283180237,115.90499591827393,104.38224792480469,410.57257080078125,0.51665753,12.0,-1,3.7299151
2986,1282,1450.894766330719,457.9786653518677,983.9130859375,752.646240234375,0.286275,28.0,-1,3.69031
0,1283,1562.5823273658752,766.9593782424927,1094.9315185546875,1062.102783203125,103.87305,10.0,1,27.236343
4,1283,1355.6793122291565,-115.04719829559326,888.0285034179688,180.09620666503906,80.11517,8.0,1,27.886234
2,1283,1691.6254181861877,203.03820514678955,1223.974609375,498.1816101074219,48.098495,8.0,1,27.283928
3,1283,1172.575186252594,209.00243854522705,704.9243774414062,504.1458435058594,46.092876,8.0,1,21.079992
1,1283,1595.7675080299377,204.99108600616455,1128.11669921875,500.1344909667969,44.214405,8.0,1,26.731684
1332,1283,653.6764893531799,581.5561800003052,186.0256805419922,876.6995849609375,23.165762,10.0,-1,2.6322725
1879,1283,1868.2003693580627,-49.47392559051514,1400.549560546875,245.6694793701172,19.384733,6.0,1,2.3821554
3654,1283,1217.7061066627502,725.0348176956177,750.0552978515625,1020.17822265625,18.044638,16.0,-1,7.8796325
3079,1283,1948.1427521705627,8.378018379211426,1480.491943359375,303.52142333984375,13.411418,6.0,1,3.0313241
3509,1283,2032.2537140846252,360.4413118362427,1564.6029052734375,655.584716796875,10.792354,6.0,1,1.5078936
2032,1283,578.5174012184143,-140.46773052215576,110.86659240722656,154.67567443847656,8.354764,8.0,1,19.93358
12,1283,1175.7252106666565,809.4580354690552,708.0744018554688,1104.6014404296875,7.9277053,8.0,-1,30.404175
4167,1283,1496.2499299049377,-283.2479887008667,1028.59912109375,11.895416259765625,7.228661,6.0,1,13.997254
2281,1283,1847.8971467018127,-77.42740154266357,1380.246337890625,217.71600341796875,4.3252096,22.0,-1,7.7277827
8,1283,1281.2277131080627,333.1582918167114,813.576904296875,628.3016967773438,3.5937643,12.0,-1,12.862325
4158,1283,1644.4617218971252,415.3664827346802,1176.8109130859375,710.5098876953125,3.2929337,18.0,-1,1.5510159
3191,1283,1545.4633088111877,435.7203645706177,1077.8125,730.86376953125,1.8125625,8.0,-1,11.063558
3575,1283,1777.4552521705627,459.3840608596802,1309.804443359375,754.5274658203125,1.3120387,8.0,-1,9.674347
2389,1283,1397.5326447486877,214.14645099639893,929.8818359375,509.28985595703125,0.625187,8.0,-1,8.643376
2986,1283,1448.7737946510315,456.7049837112427,981.1229858398438,751.848388671875,0.6236557,10.0,-1,4.296756
4040,1283,572.2160477638245,112.8693208694458,104.56523895263672,408.0127258300781,0.6166689,12.0,-1,3.5459182
0,1284,1562.6342072486877,766.5347719192505,1094.148193359375,1062.157958984375,132.76587,10.0,1,26.449284
4,1284,1356.3399567604065,-117.08017253875732,887.8539428710938,178.5430145263672,61.691437,8.0,1,27.835262
2,1284,1694.0685334205627,204.10062885284424,1225.58251953125,499.72381591796875,47.65399,8.0,1,26.782078
3,1284,1174.216787815094,208.8978090286255,705.7307739257812,504.52099609375,41.428837,8.0,1,22.030315
1,1284,1596.4634308815002,203.73856830596924,1127.9774169921875,499.36175537109375,39.70133,8.0,1,25.525202
1332,1284,656.832754611969,580.0103578567505,188.34674072265625,875.633544921875,26.769531,10.0,-1,3.8153274
3079,1284,1949.0087189674377,6.612133979797363,1480.522705078125,302.2353210449219,18.833712,6.0,1,2.1537397
1879,1284,1868.1456818580627,-49.47392559051514,1399.65966796875,246.14926147460938,14.798996,6.0,1,3.0691621
3654,1284,1217.2188630104065,726.2239198684692,748.7328491210938,1021.8471069335938,13.804116,16.0,-1,7.1268163
2032,1284,578.9491562843323,-141.72238445281982,110.46314239501953,153.9008026123047,12.323082,6.0,1,19.99934
3509,1284,2031.1969513893127,362.3355531692505,1562.7109375,657.958740234375,9.153111,6.0,1,0.6311216
4167,1284,1497.4705109596252,-284.2315425872803,1028.9844970703125,11.391644477844238,5.1295342,8.0,1,13.4581585
12,1284,1174.966787815094,810.8975648880005,706.4807739257812,1106.520751953125,4.6116357,10.0,-1,31.50633
4158,1284,1644.4617218971252,417.019024848938,1175.9757080078125,712.6422119140625,4.1425853,18.0,-1,0.842161
2281,1284,1845.8788361549377,-77.95884990692139,1377.392822265625,217.66433715820312,3.239879,16.0,-1,7.929615
8,1284,1281.1136384010315,333.9659242630005,812.6276245117188,629.589111328125,2.900109,12.0,-1,13.103418
2389,1284,1396.7472443580627,215.858136177063,928.26123046875,511.4813232421875,2.527825,8.0,-1,12.241683
3191,1284,1545.2146515846252,436.23783588409424,1076.7286376953125,731.8610229492188,2.0876787,10.0,-1,9.226624
3575,1284,1777.3579621315002,463.26005268096924,1308.8719482421875,758.8832397460938,0.8898813,8.0,-1,9.467322
4040,1284,572.7298645973206,114.29661273956299,104.24385070800781,409.9197998046875,0.8399983,12.0,-1,4.1316233
2986,1284,1446.6194977760315,455.04191303253174,978.1334838867188,750.6651000976562,0.5431401,12.0,-1,4.5082874
0,1285,1563.4338898658752,767.8775453567505,1094.0614013671875,1064.0587158203125,154.88084,10.0,1,26.522295
4,1285,1355.0272736549377,-116.56389141082764,885.65478515625,179.61727905273438,64.15413,8.0,1,26.461964
3,1285,1175.3928742408752,211.71207904815674,706.0203857421875,507.89324951171875,62.840042,8.0,1,21.641178
1,1285,1595.6925568580627,203.7900514602661,1126.320068359375,499.9712219238281,58.4875,8.0,1,26.45893
2,1285,1694.6163849830627,204.86100482940674,1225.243896484375,501.04217529296875,30.10002,8.0,1,26.407318
1879,1285,1867.4900422096252,-50.84065532684326,1398.1175537109375,245.34051513671875,18.757944,6.0,1,1.6455214
3079,1285,1951.4468293190002,5.798840522766113,1482.0743408203125,301.9800109863281,17.750893,6.0,1,2.972538
1332,1285,656.4611420631409,578.0875673294067,187.08865356445312,874.2687377929688,15.776863,10.0,-1,3.3858626
3654,1285,1216.1492829322815,727.2063417434692,746.7767944335938,1023.3875122070312,11.523675,16.0,-1,7.427443
3509,1285,2031.6097931861877,363.90250873565674,1562.2373046875,660.0836791992188,11.121003,6.0,1,1.6319962
2032,1285,579.3823609352112,-142.21086406707764,110.00987243652344,153.97030639648438,10.3313,6.0,1,20.09224
12,1285,1175.0511384010315,810.6014223098755,705.6786499023438,1106.7825927734375,7.006867,10.0,-1,31.12724
4158,1285,1643.0775666236877,414.69303607940674,1173.705078125,710.8742065429688,5.778852,18.0,-1,1.126087
4167,1285,1495.8662629127502,-288.1456060409546,1026.4937744140625,8.035564422607422,5.355221,6.0,1,15.855317
2281,1285,1845.8788361549377,-80.8607816696167,1376.50634765625,215.3203887939453,3.4122646,10.0,-1,10.131134
8,1285,1279.5488801002502,335.69486713409424,810.1763916015625,631.8760375976562,2.8547218,10.0,-1,15.647535
3191,1285,1543.3446564674377,437.605938911438,1073.97216796875,733.787109375,2.779932,10.0,-1,10.67593
2389,1285,1401.3890900611877,215.858136177063,932.0166015625,512.039306640625,2.5634491,8.0,-1,12.196003
3575,1285,1779.3732209205627,464.30863666534424,1310.000732421875,760.4898071289062,1.7614812,8.0,-1,9.912394
2986,1285,1447.4957795143127,453.58634662628174,978.123291015625,749.7675170898438,0.5488597,12.0,-1,4.055026
4040,1285,572.6840577125549,114.11250019073486,103.31156921386719,410.2936706542969,0.41563737,10.0,-1,3.609729
0,1286,1565.187101840973,766.600567817688,1095.70556640625,1062.5810546875,142.91545,10.0,1,27.334047
4,1286,1352.468595981598,-117.84402751922607,882.987060546875,178.13645935058594,61.748135,8.0,1,27.838947
3,1286,1175.4840989112854,211.71207904815674,706.0025634765625,507.69256591796875,61.196957,8.0,1,21.393248
1,1286,1594.5243821144104,203.96317768096924,1125.0428466796875,499.94366455078125,61.108692,8.0,1,25.638557
2,1286,1693.0668625831604,207.9220094680786,1223.5853271484375,503.9024963378906,60.22507,8.0,1,26.548681
3654,1286,1217.362150669098,726.3069887161255,747.880615234375,1022.2874755859375,21.004795,16.0,-1,5.946516
3079,1286,1951.437101840973,5.617260932922363,1481.95556640625,301.5977478027344,17.017334,6.0,1,2.488203
1332,1286,657.1321091651917,577.9528017044067,187.65057373046875,873.9332885742188,16.84934,10.0,-1,4.3452673
3509,1286,2031.6628098487854,365.696026802063,1562.1812744140625,661.676513671875,16.644003,6.0,1,0.8305104
1879,1286,1867.3053879737854,-52.72548198699951,1397.8238525390625,243.2550048828125,15.34443,6.0,1,4.698355
2032,1286,579.7074799537659,-139.8245267868042,110.22594451904297,156.1559600830078,13.473834,6.0,1,21.111628
12,1286,1176.8783860206604,810.4271059036255,707.3968505859375,1106.4075927734375,7.886376,10.0,-1,32.377384
4158,1286,1644.071867465973,415.56449604034424,1174.59033203125,711.5449829101562,4.9974227,20.0,-1,2.787826
3191,1286,1538.773039340973,436.0611391067505,1069.29150390625,732.0416259765625,3.6272755,8.0,-1,13.503074
8,1286,1278.9972214698792,336.21464252471924,809.5156860351562,632.1951293945312,3.6029272,12.0,-1,15.4774475
4167,1286,1495.719328403473,-288.23574018478394,1026.23779296875,7.744746685028076,3.562763,6.0,1,15.600007
2281,1286,1844.3935227394104,-83.67434978485107,1374.9119873046875,212.30613708496094,3.2623756,10.0,-1,11.731771
3575,1286,1782.649992465973,466.06803607940674,1313.16845703125,762.0485229492188,1.430273,8.0,-1,11.1914015
2389,1286,1398.2649216651917,217.18925189971924,928.7833862304688,513.1697387695312,1.03762,8.0,-1,7.312901
2986,1286,1447.9505906105042,455.807110786438,978.4690551757812,751.78759765625,0.8289428,10.0,-1,4.435805
4040,1286,572.6840577125549,119.58097553253174,103.20252227783203,415.56146240234375,0.6171647,10.0,-1,4.2256346
0,1287,1566.9831223487854,766.0196352005005,1095.9803466796875,1062.0233154296875,166.29031,10.0,1,27.206833
4,1287,1352.732756137848,-117.84447002410889,881.72998046875,178.15921020507812,69.39945,8.0,1,27.846073
3,1287,1175.0067429542542,212.1397829055786,704.0039672851562,508.1434631347656,59.66579,8.0,1,21.647118
1,1287,1593.256193637848,202.2012758255005,1122.25341796875,498.2049560546875,55.76204,8.0,1,23.795183
2,1287,1693.0668625831604,207.4317750930786,1222.0640869140625,503.4354553222656,53.5022,8.0,1,25.748142
1332,1287,659.011106967926,578.8277406692505,188.00833129882812,874.8314208984375,22.280228,10.0,-1,4.165099
1879,1287,1867.2538743019104,-53.648592948913574,1396.2510986328125,242.35508728027344,19.22579,6.0,1,5.27802
3079,1287,1951.4948410987854,6.477276802062988,1480.4920654296875,302.48095703125,17.52912,12.0,-1,2.0118222
3654,1287,1218.5844407081604,725.8623476028442,747.5816650390625,1021.8660278320312,13.918262,16.0,-1,5.2031116
2032,1287,581.064558506012,-137.65718364715576,110.06178283691406,158.34649658203125,9.866616,6.0,1,19.90355
3509,1287,2032.132902622223,365.53031635284424,1561.130126953125,661.5339965820312,9.113877,6.0,1,1.7690367
4158,1287,1643.5917649269104,415.796368598938,1172.5889892578125,711.800048828125,6.3656487,22.0,-1,3.1590862
12,1287,1177.7962937355042,810.4271059036255,706.7935180664062,1106.4307861328125,5.192665,8.0,-1,32.590157
2281,1287,1842.891935825348,-81.99397563934326,1371.88916015625,214.00970458984375,4.1548495,10.0,-1,16.468384
8,1287,1278.5676560401917,335.5486879348755,807.5648803710938,631.5523681640625,3.793954,12.0,-1,13.733255
4167,1287,1498.479338169098,-286.70756244659424,1027.4765625,9.296117782592773,3.7298152,6.0,1,13.08459
3191,1287,1538.2228684425354,437.95121479034424,1067.2200927734375,733.9548950195312,2.2113838,10.0,-1,10.754393
2389,1287,1397.150236606598,218.860089302063,926.1474609375,514.86376953125,1.5783914,8.0,-1,8.521671
3575,1287,1782.6100754737854,467.562237739563,1311.6072998046875,763.56591796875,1.1111215,8.0,-1,10.018803
2986,1287,1448.194426059723,454.2396059036255,977.191650390625,750.2432861328125,0.4090034,12.0,-1,4.6022234
4040,1287,571.7815690040588,118.67002582550049,100.77879333496094,414.6737060546875,0.30551895,16.0,-1,3.3675814
0,1288,1568.393644809723,765.4835023880005,1096.60546875,1061.794921875,134.93745,10.0,1,26.312025
4,1288,1353.7392868995667,-117.84447002410889,881.9511108398438,178.46694946289062,62.912155,8.0,1,27.65954
3,1288,1175.8858933448792,211.8724184036255,704.0977172851562,508.183837890625,53.662716,8.0,1,20.946312
2,1288,1693.192961215973,207.56376361846924,1221.40478515625,503.87518310546875,43.763348,8.0,1,25.758003
1,1288,1593.256193637848,200.8311586380005,1121.468017578125,497.142578125,38.500576,8.0,1,25.831337
1879,1288,1866.0900559425354,-52.81804180145264,1394.3018798828125,243.49337768554688,29.993052,6.0,1,1.830464
3079,1288,1950.414885044098,8.950024604797363,1478.626708984375,305.2614440917969,14.844169,12.0,-1,0.9544292
1332,1288,658.211287021637,578.2041444778442,186.42311096191406,874.5155639648438,14.623296,10.0,-1,3.5481443
3654,1288,1217.1362595558167,722.9421815872192,745.3480834960938,1019.2536010742188,11.71911,16.0,-1,6.3916078
2032,1288,583.3085541725159,-136.0081663131714,111.52037811279297,160.30325317382812,11.126034,6.0,1,21.399673
3509,1288,2030.2250657081604,365.488263130188,1558.4368896484375,661.7996826171875,10.280195,6.0,1,1.3243096
4167,1288,1499.7248215675354,-286.17248821258545,1027.9366455078125,10.138931274414062,8.297427,6.0,1,12.5991745
12,1288,1180.6061081886292,810.466046333313,708.8179321289062,1106.7774658203125,5.1399264,10.0,-1,31.573406
4158,1288,1645.715178012848,415.498761177063,1173.927001953125,711.8101806640625,4.722101,22.0,-1,3.414381
8,1288,1278.468107700348,337.4263734817505,806.679931640625,633.73779296875,3.758834,12.0,-1,12.623007
2281,1288,1842.4560227394104,-80.9162015914917,1370.6678466796875,215.3952178955078,3.6929646,10.0,-1,15.775659
3191,1288,1535.920011997223,438.97953510284424,1064.1318359375,735.2909545898438,2.6812627,8.0,-1,15.787214
3575,1288,1779.0370774269104,467.55045795440674,1307.2489013671875,763.8618774414062,1.4730215,8.0,-1,9.259559
2389,1288,1400.2392258644104,219.23258686065674,928.4510498046875,515.5440063476562,0.87631077,8.0,-1,8.024994
2986,1288,1448.4945359230042,453.546612739563,976.7063598632812,749.8580322265625,0.78354096,10.0,-1,4.7422976
4040,1288,569.3870072364807,118.14039325714111,97.59883117675781,414.4518127441406,0.6296799,12.0,-1,3.9796014
0,1289,1569.8229660987854,765.390851020813,1097.4947509765625,1061.3114013671875,121.561646,10.0,1,26.878508
4,1289,1354.188078403473,-116.47252178192139,881.85986328125,179.44802856445312,70.596855,8.0,1,26.562555
2,1289,1694.3774094581604,207.9896059036255,1222.0491943359375,503.91015625,64.342476,8.0,1,25.76731
3,1289,1178.2903122901917,212.23441791534424,705.9620971679688,508.15496826171875,44.888546,8.0,1,21.73497
1,1289,1592.4784836769104,200.44364643096924,1120.1502685546875,496.36419677734375,43.44852,8.0,1,25.798435
1332,1289,658.4068284034729,579.5940370559692,186.07861328125,875.5145874023438,17.137342,10.0,-1,3.4245303
3079,1289,1950.414885044098,9.955670356750488,1478.086669921875,305.876220703125,15.616273,12.0,-1,2.88735
1879,1289,1865.399748325348,-53.53345012664795,1393.071533203125,242.38710021972656,13.76997,6.0,1,2.1372757
3509,1289,2029.768400669098,365.55912494659424,1557.440185546875,661.4796752929688,10.041856,6.0,1,1.7358148
3654,1289,1217.6236863136292,722.9347352981567,745.2954711914062,1018.8552856445312,9.707094,16.0,-1,4.978076
2032,1289,582.9809937477112,-136.80313396453857,110.65277862548828,159.11741638183594,7.905365,8.0,1,19.752378
12,1289,1182.179045200348,810.2420473098755,709.850830078125,1106.16259765625,5.9086204,10.0,-1,32.545303
4167,1289,1498.5065598487854,-285.99287509918213,1026.1783447265625,9.927675247192383,5.465304,6.0,1,13.868877
8,1289,1276.5981125831604,338.72648334503174,804.2698974609375,634.6470336914062,3.712718,12.0,-1,12.944836
2281,1289,1843.2433762550354,-76.34219646453857,1370.9151611328125,219.57835388183594,3.6900022,8.0,-1,19.459385
4158,1289,1646.394133090973,414.989972114563,1174.06591796875,710.9105224609375,3.2962008,20.0,-1,2.3425753
3191,1289,1534.9862961769104,437.91129779815674,1062.6580810546875,733.8318481445312,3.2690268,8.0,-1,16.821348
4040,1289,568.2789521217346,118.14039325714111,95.95073699951172,414.0609436035156,0.95057434,12.0,-1,4.3805323
2986,1289,1448.2496628761292,457.47941303253174,975.9214477539062,753.3999633789062,0.79700565,12.0,-1,4.3723626
3575,1289,1772.745939731598,466.3648500442505,1300.417724609375,762.285400390625,0.68275946,8.0,-1,9.926789
2389,1289,1401.8262009620667,215.4078493118286,929.4979858398438,511.3283996582031,0.39697495,10.0,-1,4.9924855
0,1290,1570.6317429542542,765.3995180130005,1098.247802734375,1061.9786376953125,130.81436,10.0,1,26.352896
2,1290,1694.3435349464417,207.34904193878174,1221.9595947265625,503.92816162109375,84.16985,8.0,1,26.342457
4,1290,1352.5726609230042,-116.6745023727417,880.188720703125,179.9046173095703,81.61904,8.0,1,25.347221
1,1290,1592.1067185401917,201.38007831573486,1119.7227783203125,497.9591979980469,58.710968,8.0,1,25.649223
3,1290,1178.2903122901917,211.05216693878174,705.9063720703125,507.63128662109375,40.636883,8.0,1,21.018124
1332,1290,656.906355381012,581.1211977005005,184.5224151611328,877.7003173828125,16.2304,10.0,-1,3.5043845
1879,1290,1862.1507859230042,-53.36122417449951,1389.766845703125,243.2178955078125,14.262618,6.0,1,1.7722667
3509,1290,2026.8293747901917,366.95353412628174,1554.4454345703125,663.5326538085938,11.274319,6.0,1,0.048219636
3079,1290,1950.4862351417542,7.994671821594238,1478.102294921875,304.57379150390625,11.169998,12.0,-1,1.9527534
3654,1290,1217.8207688331604,722.896222114563,745.4368286132812,1019.475341796875,9.851222,16.0,-1,5.5146384
2032,1290,582.9904770851135,-137.61831951141357,110.60653686523438,158.96080017089844,9.302369,6.0,1,21.371822
4167,1290,1498.7997117042542,-286.20004081726074,1026.415771484375,10.37907886505127,6.5332627,6.0,1,11.673151
2281,1290,1843.7591843605042,-76.52263164520264,1371.375244140625,220.05648803710938,5.2857537,8.0,-1,24.600782
4158,1290,1646.5270066261292,416.7159242630005,1174.14306640625,713.2950439453125,5.236322,18.0,-1,0.94102263
12,1290,1181.9393601417542,810.2420473098755,709.555419921875,1106.8211669921875,5.102189,10.0,-1,32.018692
3191,1290,1534.4625535011292,435.615216255188,1062.07861328125,732.1943359375,3.6991494,8.0,-1,15.581989
8,1290,1275.4829392433167,338.466290473938,803.0989990234375,635.04541015625,3.2987862,12.0,-1,13.535182
3575,1290,1768.4773240089417,469.15482807159424,1296.0933837890625,765.7339477539062,1.0050551,8.0,-1,9.640466
2389,1290,1406.3803391456604,216.91190814971924,933.9963989257812,513.4910278320312,0.7462106,10.0,-1,5.710573
2986,1290,1450.0763230323792,460.5970277786255,977.6923828125,757.1761474609375,0.6984492,10.0,-1,4.6538057
4040,1290,570.8702988624573,119.48951435089111,98.48635864257812,416.0686340332031,0.38180813,14.0,-1,3.9050488
0,1291,1571.8410325050354,765.2125978469849,1099.374755859375,1062.1044921875,120.65326,10.0,1,27.061102
4,1291,1352.5726609230042,-118.87149333953857,880.1063842773438,178.02040100097656,84.95312,8.0,1,25.80808
2,1291,1692.5573410987854,207.0418825149536,1220.091064453125,503.93377685546875,78.296196,8.0,1,25.874933
3,1291,1177.9928879737854,211.31367206573486,705.526611328125,508.20556640625,45.188213,8.0,1,22.16774
1,1291,1592.1491379737854,201.38154315948486,1119.682861328125,498.2734375,40.630898,8.0,1,25.973442
1332,1291,656.7506546974182,580.6105470657349,184.2843780517578,877.50244140625,25.323565,10.0,-1,3.5379992
1879,1291,1858.9928879737854,-53.36122417449951,1386.526611328125,243.53067016601562,16.802784,12.0,-1,0.8679186
3079,1291,1948.643644809723,6.950634956359863,1476.1773681640625,303.842529296875,13.837989,12.0,-1,2.5382867
3509,1291,2028.859953403473,366.3584108352661,1556.3936767578125,663.2503051757812,13.386991,6.0,1,1.2498509
3654,1291,1216.4961228370667,723.1518678665161,744.0298461914062,1020.0437622070312,10.402454,16.0,-1,5.834316
2032,1291,581.6390595436096,-137.4795560836792,109.17278289794922,159.41233825683594,9.683755,8.0,1,20.978115
4167,1291,1499.274992465973,-285.1006774902344,1026.8087158203125,11.791216850280762,7.7643113,6.0,1,11.761517
2281,1291,1844.193205356598,-78.72975444793701,1371.7269287109375,218.16213989257812,5.334804,8.0,-1,22.609194
12,1291,1180.082365512848,811.5811281204224,707.6160888671875,1108.4730224609375,5.061521,10.0,-1,31.988617
3191,1291,1536.466642856598,439.53754901885986,1064.0003662109375,736.429443359375,3.7928705,8.0,-1,16.742527
4158,1291,1647.8803391456604,416.3593873977661,1175.4140625,713.2512817382812,3.6206934,10.0,1,0.92938256
8,1291,1277.591398715973,337.81770038604736,805.1251220703125,634.7095947265625,2.5592668,12.0,-1,14.995532
2389,1291,1404.7607712745667,216.90876483917236,932.2944946289062,513.8006591796875,1.3070841,8.0,-1,7.850854
3575,1291,1769.062345981598,470.87507343292236,1296.5960693359375,767.7669677734375,1.2436539,8.0,-1,11.271481
2986,1291,1446.853117465973,463.08247089385986,974.3868408203125,759.974365234375,0.6003679,10.0,-1,4.9493275
4040,1291,571.186399936676,119.77113056182861,98.72012329101562,416.66302490234375,0.39068255,10.0,-1,2.753848
0,1292,1569.87415933609,765.8546876907349,1097.7716064453125,1063.4395751953125,126.65075,10.0,1,26.688177
4,1292,1352.5512223243713,-119.60974407196045,880.4486694335938,177.9751434326172,58.181156,8.0,1,24.917162
3,1292,1180.1413712501526,210.5640993118286,708.038818359375,508.14898681640625,54.97559,8.0,1,22.45886
2,1292,1692.9111466407776,206.1870241165161,1220.80859375,503.77191162109375,51.556927,8.0,1,23.835033
1,1292,1592.8903946876526,203.0899477005005,1120.787841796875,500.6748352050781,26.483849,8.0,1,25.423721
1332,1292,653.9324479103088,579.3766603469849,181.82989501953125,876.9615478515625,20.984241,10.0,-1,4.8216114
1879,1292,1860.209852695465,-52.72523784637451,1388.1072998046875,244.85964965820312,16.80102,12.0,-1,0.8412683
3079,1292,1946.4018692970276,9.390210151672363,1474.29931640625,306.97509765625,11.150186,12.0,-1,1.8591357
3654,1292,1215.8045182228088,722.3638429641724,743.7019653320312,1019.94873046875,10.897195,16.0,-1,7.947264
4167,1292,1498.48402261734,-285.70130443573,1026.3814697265625,11.883583068847656,10.538702,6.0,1,10.874848
2032,1292,581.6390595436096,-137.38337993621826,109.53650665283203,160.20150756835938,10.2459545,6.0,1,20.997622
3509,1292,2030.242567539215,366.8075075149536,1558.1400146484375,664.3923950195312,8.328265,6.0,1,0.47987878
12,1292,1180.3020157814026,811.5811281204224,708.199462890625,1109.166015625,5.7804933,10.0,-1,33.34816
2281,1292,1844.63148355484,-78.55380535125732,1372.5289306640625,219.0310821533203,4.7819786,8.0,-1,21.34229
4158,1292,1648.34925699234,416.3529176712036,1176.2467041015625,713.9378051757812,4.25588,16.0,-1,0.4524449
3191,1292,1534.2883439064026,436.65803241729736,1062.185791015625,734.242919921875,2.7059906,8.0,-1,15.810999
8,1292,1274.5656266212463,339.34113788604736,802.4630737304688,636.926025390625,2.4927058,12.0,-1,11.995164
3575,1292,1770.23255777359,472.3581666946411,1298.1300048828125,769.9430541992188,1.400057,8.0,-1,9.8720455
2389,1292,1406.1159195899963,212.86726093292236,934.0133666992188,510.4521484375,0.9058234,8.0,-1,8.738328
4040,1292,568.2243103981018,120.72742938995361,96.12175750732422,418.31231689453125,0.5664614,10.0,-1,4.022126
2986,1292,1443.7533707618713,461.93513202667236,971.6508178710938,759.52001953125,0.52943844,10.0,-1,4.9554787
4193,1292,968.706648349762,562.1617555618286,496.6040954589844,859.7466430664062,0.21090578,26.0,-1,0.57280946
0,1293,1569.140730381012,765.4798860549927,1096.0858154296875,1064.0799560546875,160.53876,10.0,1,26.474932
1,1293,1595.040876865387,203.4766206741333,1121.9859619140625,502.0766906738281,72.871025,8.0,1,26.773243
4,1293,1351.5780472755432,-122.58058452606201,878.5231323242188,176.0194854736328,72.57873,8.0,1,25.029554
2,1293,1695.1950516700745,203.78176593780518,1222.14013671875,502.3818359375,40.812496,8.0,1,25.073221
3,1293,1182.527449131012,211.21792316436768,709.4725341796875,509.8179931640625,40.087524,8.0,1,21.035074
1879,1293,1862.954939365387,-53.40562725067139,1389.9000244140625,245.19444274902344,15.955783,12.0,-1,0.47951862
1332,1293,652.9728531837463,573.6158723831177,179.91793823242188,872.2159423828125,14.582984,10.0,-1,2.9850714
3654,1293,1214.6627640724182,719.1491365432739,741.6078491210938,1017.7492065429688,11.873329,16.0,-1,8.338623
4167,1293,1500.906843662262,-285.4479160308838,1027.8519287109375,13.152153968811035,11.489774,6.0,1,11.4453125
3509,1293,2033.350447177887,367.1387605667114,1560.2955322265625,665.7388305664062,10.819163,6.0,1,1.9277666
2032,1293,580.8406662940979,-140.23977947235107,107.78575134277344,158.36029052734375,10.081094,6.0,1,20.003899
3079,1293,1944.599714756012,9.391507148742676,1471.5447998046875,307.9915771484375,8.8220005,6.0,1,2.551498
2281,1293,1847.131453037262,-78.55510234832764,1374.0765380859375,220.0449676513672,6.7948413,8.0,-1,20.619953
4158,1293,1646.332380771637,417.8456087112427,1173.2774658203125,716.4456787109375,5.1446714,10.0,1,0.563129
3191,1293,1536.895613193512,433.5714998245239,1063.8406982421875,732.1715698242188,4.429173,8.0,-1,16.960552
12,1293,1178.7806839942932,812.2379426956177,705.7257690429688,1110.8380126953125,4.1768823,10.0,-1,31.35082
8,1293,1274.4892411231995,340.3565340042114,801.434326171875,638.9566040039062,3.36459,12.0,-1,13.5021305
2389,1293,1405.1962113380432,212.98824787139893,932.1412963867188,511.58831787109375,1.0270301,10.0,-1,6.9386654
4040,1293,567.7490983009338,121.17956256866455,94.69418334960938,419.7796325683594,0.6227135,12.0,-1,4.0199547
2986,1293,1444.3068070411682,463.3750886917114,971.2518920898438,761.9751586914062,0.57245576,12.0,-1,4.8870583
3575,1293,1772.623152256012,471.0765047073364,1299.5682373046875,769.6765747070312,0.54762465,8.0,-1,8.478218
4193,1293,968.7830338478088,560.0110139846802,495.7281188964844,858.611083984375,0.52580297,26.0,-1,0.9554708
4194,1293,1859.136824131012,-66.07731914520264,1386.0819091796875,232.5227508544922,0.38595307,18.0,1,6.87109
0,1294,1569.8293290138245,763.8097658157349,1095.9671630859375,1062.55126953125,127.28904,10.0,1,26.023235
4,1294,1351.3449540138245,-122.78433513641357,877.4827880859375,175.95716857910156,70.02094,8.0,1,25.91913
2,1294,1698.3481278419495,203.2094850540161,1224.4859619140625,501.95098876953125,56.669216,8.0,1,23.799538
1,1294,1593.0514969825745,204.87174701690674,1119.1893310546875,503.6132507324219,37.608257,8.0,1,24.965895
3,1294,1181.0621781349182,211.91206073760986,707.2000122070312,510.653564453125,27.487127,8.0,1,20.726114
1332,1294,651.2401566505432,572.0983400344849,177.37799072265625,870.83984375,18.507109,10.0,-1,4.1223726
3079,1294,1941.591658115387,7.545239448547363,1467.7294921875,306.2867431640625,14.349191,6.0,1,1.0548991
2032,1294,581.8255677223206,-140.0360288619995,107.9634017944336,158.70547485351562,14.216545,6.0,1,19.639528
1879,1294,1862.606794834137,-56.7777738571167,1388.74462890625,241.96372985839844,12.892978,6.0,1,4.2045603
3654,1294,1212.964460849762,720.7143068313599,739.102294921875,1019.455810546875,9.405705,14.0,-1,8.2668915
3509,1294,2030.3412919044495,371.0285768508911,1556.4791259765625,669.7700805664062,8.832591,6.0,1,1.5892295
4167,1294,1501.815535068512,-285.9549570083618,1027.953369140625,12.78654670715332,7.5760593,6.0,1,11.604867
12,1294,1179.013777256012,815.3804445266724,705.151611328125,1114.1219482421875,7.0858464,10.0,-1,32.105656
2281,1294,1848.2238602638245,-79.01143169403076,1374.3616943359375,219.73007202148438,4.6168437,8.0,-1,22.44277
4158,1294,1642.001081943512,418.59064960479736,1168.138916015625,717.3321533203125,3.9376564,8.0,1,0.086572886
8,1294,1273.3366532325745,339.7830934524536,799.4744873046875,638.5245971679688,3.7051623,12.0,-1,16.505783
3191,1294,1539.405134677887,434.28034687042236,1065.54296875,733.0218505859375,2.561671,8.0,-1,16.627012
3575,1294,1771.908796787262,470.10236835479736,1298.046630859375,768.8438720703125,0.8320615,8.0,-1,8.484574
2389,1294,1405.4972977638245,213.97285175323486,931.6351318359375,512.71435546875,0.50552064,8.0,-1,5.6317873
2986,1294,1444.8989701271057,468.20429706573486,971.0368041992188,766.94580078125,0.47053266,12.0,-1,4.142626
4040,1294,568.1375031471252,120.41926288604736,94.27533721923828,419.1607666015625,0.4101801,10.0,-1,3.9271312
4193,1294,969.2995133399963,562.0161867141724,495.4373474121094,860.7576904296875,0.3377951,24.0,-1,0.1667465
0,1295,1569.8293290138245,764.3300294876099,1095.2601318359375,1063.834716796875,134.60771,10.0,1,25.62556
4,1295,1348.4987015724182,-123.57087993621826,873.9295043945312,175.93380737304688,95.96531,8.0,1,27.163324
2,1295,1700.3263993263245,202.49723529815674,1225.7572021484375,502.0019226074219,69.18231,8.0,1,25.876842
3,1295,1180.3267045021057,212.4215211868286,705.7575073242188,511.92620849609375,45.30139,8.0,1,22.28694
1,1295,1591.331160068512,204.13630390167236,1116.761962890625,503.6409912109375,37.49062,8.0,1,24.49042
1332,1295,652.5696091651917,571.5501222610474,178.0004119873047,871.0548095703125,20.341154,10.0,-1,3.9446373
3079,1295,1942.4719071388245,8.335400581359863,1467.9027099609375,307.840087890625,18.328074,12.0,-1,2.2692473
2032,1295,582.4950089454651,-140.83560466766357,107.92581176757812,158.66908264160156,12.817519,6.0,1,20.469007
4194,1295,1861.013533115387,-63.45738506317139,1386.4443359375,236.04730224609375,12.382713,6.0,1,3.825469
3509,1295,2033.743269443512,369.74091815948486,1559.174072265625,669.24560546875,10.1398,6.0,1,1.7164508
3654,1295,1212.3095536231995,719.4962282180786,737.7403564453125,1019.0009155273438,8.410365,14.0,-1,8.066763
12,1295,1178.9320511817932,816.4756593704224,704.3628540039062,1115.9803466796875,7.789107,8.0,-1,33.292793
4167,1295,1501.3932938575745,-288.0179080963135,1026.8240966796875,11.48677921295166,6.9331017,6.0,1,10.747547
4158,1295,1640.4765458106995,419.0409059524536,1165.9073486328125,718.5455932617188,5.1167464,10.0,1,0.20360053
8,1295,1274.8603348731995,338.9723024368286,800.2911376953125,638.4769897460938,3.6249733,12.0,-1,13.249676
2281,1295,1851.2223954200745,-83.01933574676514,1376.6531982421875,216.4853515625,2.5467284,8.0,-1,21.958212
3191,1295,1540.760115146637,439.23945331573486,1066.19091796875,738.744140625,2.205296,8.0,-1,16.021769
4040,1295,567.9477677345276,120.41926288604736,93.37857055664062,419.9239501953125,0.92391485,12.0,-1,4.7895527
3575,1295,1774.9575028419495,471.79133319854736,1300.3883056640625,771.2960205078125,0.873236,8.0,-1,9.497665
2986,1295,1446.3184037208557,470.44746112823486,971.7492065429688,769.9521484375,0.8452232,10.0,-1,5.564098
2389,1295,1405.4869828224182,215.36835956573486,930.9177856445312,514.873046875,0.33697557,10.0,-1,4.9876757
4193,1295,967.5030961036682,562.8081178665161,492.93389892578125,862.3128051757812,0.23442556,26.0,-1,0.7950514
0,1296,1569.9550614356995,764.2392854690552,1094.6781005859375,1063.927490234375,143.7448,10.0,1,25.25489
1,1296,1591.1952958106995,204.29958820343018,1115.9183349609375,503.98779296875,80.811806,8.0,1,26.926859
4,1296,1347.1428666114807,-124.83438396453857,871.8659057617188,174.85382080078125,48.24468,8.0,1,26.643398
3,1296,1179.150984287262,210.4255952835083,703.8740234375,510.1138000488281,47.83168,8.0,1,21.751366
2,1296,1700.186384677887,202.84731769561768,1224.909423828125,502.5355224609375,46.25339,8.0,1,24.848892
1332,1296,653.4203629493713,573.2216463088989,178.14340209960938,872.9098510742188,17.902817,10.0,-1,5.948835
3079,1296,1942.6735672950745,8.35131549835205,1467.3966064453125,308.0395202636719,16.880964,12.0,-1,2.4698524
3654,1296,1212.8679032325745,720.3867464065552,737.5909423828125,1020.074951171875,15.173534,16.0,-1,6.8730683
4194,1296,1860.828718662262,-67.25599956512451,1385.5517578125,232.4322052001953,11.297645,6.0,1,4.000783
2032,1296,582.9628434181213,-141.54387187957764,107.68588256835938,158.1443328857422,11.21529,6.0,1,21.342754
3509,1296,2033.5554032325745,369.7250032424927,1558.2784423828125,669.4132080078125,9.153028,6.0,1,1.2863503
4167,1296,1501.2675614356995,-287.96763610839844,1025.9906005859375,11.720568656921387,8.057607,6.0,1,11.611379
12,1296,1176.7272782325745,816.3756380081177,701.4503173828125,1116.0638427734375,7.3439393,10.0,-1,33.048084
4158,1296,1638.9653153419495,421.1762361526489,1163.6883544921875,720.8644409179688,4.765289,16.0,-1,0.19155729
2281,1296,1849.825544834137,-85.49174785614014,1374.548583984375,214.1964569091797,4.229206,8.0,-1,26.644203
8,1296,1271.9184403419495,341.6758699417114,796.6414794921875,641.3640747070312,3.8668702,14.0,-1,9.856467
3191,1296,1541.655134677887,441.2796297073364,1066.378173828125,740.9678344726562,2.628768,8.0,-1,18.099878
3575,1296,1777.6779618263245,473.4916048049927,1302.4010009765625,773.1798095703125,1.0021659,8.0,-1,8.164393
2986,1296,1448.7643265724182,468.7895784378052,973.4873657226562,768.477783203125,0.72925425,10.0,-1,5.1888766
4040,1296,568.1442551612854,120.06661701202393,92.86729431152344,419.75482177734375,0.7118264,10.0,-1,4.6614213
2389,1296,1406.5160965919495,216.70303058624268,931.2391357421875,516.3912353515625,0.64418024,8.0,-1,7.00787
4193,1296,968.8933548927307,561.7223176956177,493.61639404296875,861.4105224609375,0.5418051,24.0,-1,0.6044742
0,1297,1570.7426590919495,764.4082918167114,1094.349365234375,1064.00244140625,171.804,10.0,1,25.183182
1,1297,1592.004744052887,204.34127521514893,1115.6114501953125,503.9354248046875,55.07892,8.0,1,26.602148
4,1297,1347.9050126075745,-125.49321269989014,871.51171875,174.10093688964844,54.978718,8.0,1,27.486382
2,1297,1700.195173740387,204.01607990264893,1223.8018798828125,503.6102294921875,48.551086,8.0,1,24.583992
3,1297,1180.1235795021057,210.49499225616455,703.7302856445312,510.0891418457031,44.876087,8.0,1,22.166805
3079,1297,1942.6647782325745,6.373715400695801,1466.271484375,305.9678649902344,33.4005,12.0,-1,4.454088
4194,1297,1862.5966629981995,-69.4855375289917,1386.203369140625,230.10861206054688,23.12236,6.0,1,1.3979611
3654,1297,1212.1286454200745,722.3413362503052,735.7353515625,1021.9354858398438,18.177412,16.0,-1,4.9650073
1332,1297,654.213987827301,572.3465242385864,177.82069396972656,871.940673828125,18.06569,10.0,-1,3.054232
4167,1297,1500.8107743263245,-287.4517774581909,1024.41748046875,12.142372131347656,11.752125,6.0,1,10.224486
2032,1297,582.3241333961487,-142.1126890182495,105.93083953857422,157.48146057128906,10.575511,6.0,1,20.80431
12,1297,1175.876081943512,816.3339509963989,699.4827880859375,1115.9281005859375,9.019784,10.0,-1,27.84884
3509,1297,2031.9064774513245,365.8312654495239,1555.51318359375,665.4254150390625,8.388707,6.0,1,0.71485615
4158,1297,1635.045271396637,422.2279329299927,1158.6519775390625,721.8220825195312,4.1034446,20.0,-1,1.5406578
2281,1297,1848.855818271637,-85.3342924118042,1372.4625244140625,214.25985717773438,3.781783,8.0,-1,27.75774
8,1297,1273.2778763771057,341.1512727737427,796.8845825195312,640.7454223632812,3.1662347,14.0,-1,6.2648625
3191,1297,1540.9745926856995,437.0298128128052,1064.581298828125,736.6239624023438,3.0819695,8.0,-1,19.24348
3575,1297,1778.2922196388245,475.8115510940552,1301.89892578125,775.4057006835938,0.8263006,8.0,-1,9.456879
2389,1297,1410.3185868263245,212.86269855499268,933.92529296875,512.4568481445312,0.78787273,10.0,-1,7.468376
4040,1297,568.762083530426,122.3499116897583,92.36878967285156,421.9440612792969,0.7178821,12.0,-1,3.8254328
2986,1297,1446.6056351661682,467.7513093948364,970.2123413085938,767.345458984375,0.6758365,10.0,-1,4.6064286
4193,1297,964.4630265235901,563.7969026565552,488.0697326660156,863.3910522460938,0.3977867,26.0,-1,1.7905917
0,1298,1570.923445224762,763.7554230690002,1094.261474609375,1063.39892578125,111.62015,10.0,1,24.052479
4,1298,1346.527693271637,-124.03983449935913,869.86572265625,175.60366821289062,68.528946,8.0,1,26.506964
3,1298,1180.7724442481995,210.38899850845337,704.1104736328125,510.0325012207031,66.189026,8.0,1,20.98878
2,1298,1699.2453446388245,202.41548776626587,1222.5833740234375,502.0589904785156,56.3714,8.0,1,22.698013
1,1298,1591.8080887794495,204.4861969947815,1115.1461181640625,504.12969970703125,51.402454,8.0,1,25.878832
1332,1298,657.0805954933167,570.8599762916565,180.4186248779297,870.5034790039062,18.313576,10.0,-1,5.0118384
4194,1298,1866.0429520606995,-68.7284026145935,1389.3809814453125,230.91510009765625,13.790931,6.0,1,4.8620834
2032,1298,583.3698716163635,-141.94513845443726,106.70790100097656,157.6983642578125,11.473075,6.0,1,20.169039
3079,1298,1940.0370926856995,6.188650608062744,1463.3751220703125,305.8321533203125,9.881745,6.0,1,0.5260238
3654,1298,1211.947859287262,722.7155060768127,735.285888671875,1022.3590087890625,9.872396,16.0,-1,4.735568
4167,1298,1499.931501865387,-287.34578371047974,1023.26953125,12.29771900177002,7.966743,6.0,1,11.758154
12,1298,1176.8139481544495,817.4603791236877,700.1519775390625,1117.1038818359375,7.6158214,10.0,-1,25.68032
2281,1298,1848.2155594825745,-85.47973012924194,1371.5535888671875,214.1637725830078,6.264265,8.0,-1,29.71887
3509,1298,2032.122908115387,361.724844455719,1555.4609375,661.3683471679688,5.785654,6.0,1,0.89460725
4158,1298,1633.356550693512,423.084463596344,1156.694580078125,722.7279663085938,4.831036,22.0,-1,2.3601074
8,1298,1275.1186966896057,341.62846994400024,798.4567260742188,641.27197265625,4.0240903,14.0,-1,5.0571866
3191,1298,1543.1374344825745,434.96196603775024,1066.4754638671875,734.60546875,3.4193516,8.0,-1,20.736113
2986,1298,1445.5521683692932,470.144766330719,968.8901977539062,769.7882690429688,0.99029946,10.0,-1,4.1537485
2389,1298,1411.086287021637,210.3340973854065,934.42431640625,509.97760009765625,0.78213835,8.0,-1,6.6997695
3575,1298,1781.263533115387,475.96599435806274,1304.6015625,775.6094970703125,0.72360444,8.0,-1,9.080439
4040,1298,566.148672580719,119.74745798110962,89.48670196533203,419.3909606933594,0.6838215,10.0,-1,3.6664326
4193,1298,963.5877213478088,560.1569123268127,486.9257507324219,859.8004150390625,0.5304161,22.0,-1,1.4373052
0,1299,1570.8530488014221,763.6934113502502,1093.8687744140625,1063.7586669921875,147.45439,10.0,1,25.258223
4,1299,1347.6747651100159,-126.14660024642944,870.6904907226562,173.9186553955078,64.694664,8.0,1,25.029745
2,1299,1700.4247040748596,201.97249460220337,1223.4404296875,502.0377502441406,60.33955,8.0,1,24.550003
1,1299,1590.2220673561096,204.08254098892212,1113.23779296875,504.1477966308594,52.32935,8.0,1,25.581104
3,1299,1181.0181488990784,210.56136178970337,704.0338745117188,510.6266174316406,34.168392,8.0,1,22.082634
1332,1299,658.5044770240784,570.0062775611877,181.52020263671875,870.071533203125,20.415209,10.0,-1,7.1827197
3079,1299,1935.4948945045471,3.413321018218994,1458.5106201171875,303.47857666015625,17.092089,12.0,-1,0.47137833
4194,1299,1868.7965302467346,-66.21653127670288,1391.812255859375,233.84872436523438,14.784298,6.0,1,3.303201
3509,1299,2033.3384003639221,355.33501291275024,1556.3541259765625,655.4002685546875,11.376647,6.0,1,1.8649185
2032,1299,586.8206162452698,-141.88312673568726,109.83634185791016,158.18212890625,10.26838,6.0,1,21.103357
3654,1299,1211.2700409889221,725.6077179908752,734.2857666015625,1025.6729736328125,10.097344,14.0,-1,8.484846
2281,1299,1846.8752655982971,-81.92989492416382,1369.8909912109375,218.13536071777344,7.313816,8.0,-1,29.388025
4167,1299,1499.8864960670471,-289.0051712989807,1022.9022216796875,11.060084342956543,6.2514644,6.0,1,11.280171
12,1299,1176.3650727272034,820.3306183815002,699.3807983398438,1120.3958740234375,5.4663596,10.0,-1,31.029676
4158,1299,1630.6516327857971,425.7291169166565,1153.6673583984375,725.7943725585938,4.7140813,18.0,-1,1.7728798
8,1299,1273.7456269264221,339.99968576431274,796.7613525390625,640.06494140625,4.580337,16.0,-1,6.2725396
3191,1299,1544.2337861061096,437.53752756118774,1067.24951171875,737.602783203125,2.478072,8.0,-1,18.685917
2389,1299,1410.9795746803284,211.01589059829712,933.9953002929688,511.0811462402344,0.98898417,8.0,-1,7.2430034
4193,1299,964.4383454322815,561.1448884010315,487.4540710449219,861.2101440429688,0.95484716,24.0,-1,1.2615266
2986,1299,1445.4135956764221,469.83647775650024,968.4293212890625,769.9017333984375,0.87826324,10.0,-1,5.538675
4040,1299,566.1936783790588,116.53517770767212,89.20940399169922,416.6004333496094,0.7586279,12.0,-1,3.8390996
3575,1299,1781.5529999732971,476.6612458229065,1304.5687255859375,776.7265014648438,0.29401794,8.0,-1,6.151008
0,1300,1569.9007210731506,765.5082001686096,1092.1141357421875,1065.9971923828125,152.43024,10.0,1,25.435062
4,1300,1349.7428841590881,-126.46164846420288,871.956298828125,174.02734375,91.79319,8.0,1,27.826982
1,1300,1591.7211556434631,204.93608713150024,1113.9345703125,505.4250793457031,54.929478,8.0,1,25.723034
2,1300,1700.1693978309631,201.63469552993774,1222.3828125,502.1236877441406,47.18842,8.0,1,23.051462
3,1300,1182.2745614051819,211.3404450416565,704.4879760742188,511.8294372558594,42.22574,8.0,1,19.83535
4194,1300,1871.7510628700256,-66.63166189193726,1393.9644775390625,233.85733032226562,22.42646,6.0,1,4.4101458
1332,1300,657.9564003944397,570.0786957740784,180.16981506347656,870.5676879882812,21.43107,10.0,-1,5.671436
2032,1300,587.3755059242249,-145.8704924583435,109.58892059326172,154.61849975585938,11.412181,6.0,1,19.77338
3079,1300,1936.3874154090881,5.424124240875244,1458.600830078125,305.9131164550781,10.601108,6.0,1,1.9253253
3509,1300,2032.0151009559631,355.0077118873596,1554.228515625,655.4967041015625,10.298148,6.0,1,1.0146048
3654,1300,1209.8984017372131,726.1311249732971,732.11181640625,1026.6201171875,9.446337,14.0,-1,6.227912
4167,1300,1502.0000863075256,-289.74458742141724,1024.2135009765625,10.744404792785645,7.9938545,6.0,1,9.126177
12,1300,1176.8379158973694,819.2046113014221,699.0513305664062,1119.693603515625,7.550362,10.0,-1,30.135853
2281,1300,1846.6938118934631,-79.86869192123413,1368.9072265625,220.62030029296875,4.2148666,8.0,-1,31.62121
3191,1300,1540.0132699012756,439.7123017311096,1062.2266845703125,740.2012939453125,3.8142793,8.0,-1,18.855972
4158,1300,1628.0485482215881,429.2640595436096,1150.261962890625,729.7530517578125,3.5943735,20.0,-1,2.4869957
8,1300,1275.2276864051819,339.9272675514221,797.4411010742188,640.416259765625,3.340659,14.0,-1,4.217921
2389,1300,1408.2809090614319,210.59047555923462,930.4943237304688,511.0794677734375,0.88832784,10.0,-1,6.816251
2986,1300,1445.3551278114319,469.4724335670471,967.5685424804688,769.96142578125,0.887317,10.0,-1,5.0258636
4040,1300,566.2521462440491,116.01875925064087,88.46556091308594,416.50775146484375,0.78319806,10.0,-1,4.11865
3575,1300,1777.8771615028381,478.5238251686096,1300.090576171875,779.0128173828125,0.6095953,8.0,-1,6.114317
4193,1300,965.2311654090881,562.0186982154846,487.444580078125,862.5076904296875,0.48188314,22.0,-1,1.7142034
0,1301,1569.4154305458069,764.8381867408752,1091.2705078125,1065.657470703125,126.74441,10.0,1,25.566334
4,1301,1348.0797371864319,-126.29331350326538,869.934814453125,174.52597045898438,57.373947,8.0,1,27.682459
2,1301,1700.1739754676819,202.32161569595337,1222.029052734375,503.1408996582031,44.00719,8.0,1,23.649424
1,1301,1591.1069588661194,204.38356637954712,1112.9620361328125,505.2028503417969,34.473946,8.0,1,24.49828
3,1301,1183.7243905067444,210.32329416275024,705.5794677734375,511.142578125,25.233839,8.0,1,22.740913
1332,1301,658.480890750885,567.7286896705627,180.33596801757812,868.5479736328125,18.300806,10.0,-1,4.791823
4194,1301,1874.1659188270569,-67.54854726791382,1396.02099609375,233.27073669433594,16.052969,6.0,1,3.18963
4167,1301,1504.2219491004944,-288.7459578514099,1026.0770263671875,12.073326110839844,12.7475395,6.0,1,10.42747
2032,1301,587.9302163124084,-144.16500234603882,109.78529357910156,156.65428161621094,10.874023,6.0,1,20.504614
3509,1301,2032.2877449989319,350.70976877212524,1554.142822265625,651.529052734375,8.610228,6.0,1,1.2498719
3079,1301,1932.4439949989319,4.165548801422119,1454.299072265625,304.9848327636719,8.387549,6.0,1,2.598961
3654,1301,1210.2004647254944,727.7592072486877,732.0555419921875,1028.5784912109375,6.2300606,14.0,-1,7.3446603
12,1301,1173.6662850379944,816.4355988502502,695.5213623046875,1117.2548828125,5.727514,8.0,-1,27.836397
4158,1301,1627.8122811317444,430.24150705337524,1149.6673583984375,731.060791015625,5.2825294,20.0,-1,3.1214123
2281,1301,1845.8374276161194,-79.95931386947632,1367.6925048828125,220.85997009277344,4.8021045,8.0,-1,30.419792
8,1301,1277.8174691200256,343.1895661354065,799.6725463867188,644.0088500976562,3.142867,14.0,-1,4.6948466
3191,1301,1540.0086922645569,438.5325837135315,1061.86376953125,739.3518676757812,2.9362018,8.0,-1,17.358496
2389,1301,1408.4729256629944,211.07295846939087,930.3280029296875,511.8922424316406,1.2898803,8.0,-1,7.8182993
3575,1301,1777.3465828895569,478.74956369400024,1299.20166015625,779.56884765625,0.7687552,8.0,-1,8.257525
4040,1301,566.356379032135,119.04122018814087,88.21145629882812,419.8605041503906,0.72077304,10.0,-1,3.4444494
2986,1301,1443.5180306434631,469.51372385025024,965.3731079101562,770.3330078125,0.49574402,10.0,-1,4.1001415
4193,1301,961.6573433876038,561.9774079322815,483.5124206542969,862.7966918945312,0.4475976,22.0,-1,1.1651201
0,1302,1568.681345462799,764.8072876930237,1089.9727783203125,1065.2081298828125,105.818794,10.0,1,25.38982
1,1302,1590.755808353424,201.53784799575806,1112.0472412109375,501.9386901855469,75.99708,8.0,1,25.969873
4,1302,1348.6724343299866,-128.22699880599976,869.9638671875,172.17384338378906,66.16456,8.0,1,27.678635
2,1302,1701.141794681549,205.2407898902893,1222.4332275390625,505.6416320800781,34.338642,8.0,1,23.095564
3,1302,1183.195261478424,211.54245615005493,704.4866943359375,511.94329833984375,33.250866,8.0,1,20.61307
1332,1302,658.5944771766663,567.1293091773987,179.8859100341797,867.5301513671875,18.536242,10.0,-1,5.932362
4194,1302,1874.465525150299,-64.79758596420288,1395.7569580078125,235.60325622558594,15.533538,6.0,1,3.630855
2032,1302,587.8166298866272,-141.18895864486694,109.10806274414062,159.21188354492188,10.958394,8.0,1,20.370829
3079,1302,1932.8848366737366,2.4842896461486816,1454.17626953125,302.8851318359375,10.890449,6.0,1,4.337187
4167,1302,1504.876657962799,-287.38186407089233,1026.1680908203125,13.018978118896484,9.564506,6.0,1,10.129029
3509,1302,2033.121531009674,348.6250367164612,1554.4129638671875,649.02587890625,9.3400755,6.0,1,1.8116277
12,1302,1171.4190773963928,817.0477662086487,692.7105102539062,1117.4486083984375,6.7518744,8.0,-1,28.991076
3654,1302,1208.5048928260803,729.0945191383362,729.7963256835938,1029.495361328125,5.6771274,14.0,-1,8.276115
2281,1302,1842.020456790924,-80.00718069076538,1363.3118896484375,220.39366149902344,4.9726977,8.0,-1,31.143755
4158,1302,1623.2932839393616,429.96823740005493,1144.584716796875,730.3690795898438,4.8716893,20.0,-1,4.0930557
3191,1302,1538.5269265174866,441.16672372817993,1059.818359375,741.5675659179688,3.461139,8.0,-1,17.796303
8,1302,1277.3872170448303,345.7580933570862,798.6786499023438,646.158935546875,3.2973833,16.0,-1,6.1389914
2986,1302,1444.6353249549866,470.76877450942993,965.9267578125,771.1696166992188,0.8113668,10.0,-1,4.431544
2389,1302,1409.692087650299,211.10385751724243,930.9835205078125,511.50469970703125,0.76387477,10.0,-1,6.3617177
3575,1302,1780.3484597206116,475.9814820289612,1301.639892578125,776.38232421875,0.52134347,8.0,-1,6.7388654
4193,1302,958.9919228553772,558.1378540992737,480.2833557128906,858.5386962890625,0.515415,20.0,-1,1.0569247
4040,1302,567.1320290565491,118.70462656021118,88.4234619140625,419.10546875,0.3744698,10.0,-1,3.535012
0,1303,1570.314802646637,764.407965183258,1091.848876953125,1065.0126953125,111.73838,10.0,1,25.268248
1,1303,1588.626570224762,201.47165536880493,1110.16064453125,502.0763854980469,63.312634,8.0,1,25.396582
2,1303,1701.2648758888245,205.35971689224243,1222.7989501953125,505.9644470214844,45.794937,8.0,1,23.503014
3,1303,1186.4102005958557,212.9959168434143,707.9442749023438,513.6006469726562,42.95062,8.0,1,20.943071
4,1303,1347.4799637794495,-129.94474172592163,869.0140380859375,170.6599884033203,41.710846,8.0,1,26.472527
4194,1303,1874.722273349762,-66.6951994895935,1396.25634765625,233.90953063964844,22.239965,6.0,1,4.278281
3079,1303,1932.705427646637,2.5504822731018066,1454.239501953125,303.15521240234375,12.072459,6.0,1,1.5020216
1332,1303,659.4105515480042,567.0050721168518,180.9446258544922,867.6098022460938,11.966994,10.0,-1,6.35647
3509,1303,2033.616560459137,348.5259461402893,1555.150634765625,649.1306762695312,8.995784,6.0,1,1.5876791
2032,1303,587.9082703590393,-139.39858388900757,109.44234466552734,161.20614624023438,8.915508,6.0,1,21.087845
12,1303,1168.4853959083557,817.232428073883,690.0194702148438,1117.837158203125,8.838678,8.0,-1,26.176105
4167,1303,1504.785017490387,-285.75017499923706,1026.319091796875,14.854555130004883,7.596295,6.0,1,11.223065
3654,1303,1205.4264969825745,731.125006198883,726.9605712890625,1031.729736328125,6.540041,14.0,-1,7.892275
2281,1303,1839.8019852638245,-78.47200918197632,1361.3360595703125,222.13272094726562,5.230537,8.0,-1,32.62774
3191,1303,1540.3993973731995,441.5558533668518,1061.9334716796875,742.1605834960938,4.7623453,8.0,-1,17.59675
4158,1303,1621.5041337013245,431.0640320777893,1143.0382080078125,731.6687622070312,4.5359316,22.0,-1,2.747477
8,1303,1275.172224521637,345.5491394996643,796.706298828125,646.1538696289062,4.332583,14.0,-1,7.657922
2389,1303,1409.1257157325745,213.8026795387268,930.6597900390625,514.4074096679688,1.404507,10.0,-1,7.080163
4193,1303,956.9630570411682,557.3256287574768,478.49713134765625,857.9303588867188,1.0529059,20.0,-1,0.06929433
2986,1303,1444.9382767677307,469.4395203590393,966.4723510742188,770.0442504882812,0.7609599,10.0,-1,4.3384714
3575,1303,1781.2189774513245,475.14526987075806,1302.7530517578125,775.75,0.3720503,10.0,-1,5.7959037
4040,1303,567.3477845191956,116.59647226333618,88.8818588256836,417.2012023925781,0.27309963,8.0,-1,2.7624478
0,1304,1569.3879837989807,762.7163758277893,1089.9437255859375,1063.926025390625,169.94423,10.0,1,24.977337
4,1304,1347.4567093849182,-129.5670714378357,868.012451171875,171.642578125,74.91706,8.0,1,27.063202
2,1304,1701.4753861427307,204.77713632583618,1222.0311279296875,505.9867858886719,54.601566,8.0,1,24.702614
3,1304,1188.6928544044495,212.8495545387268,709.2485961914062,514.0592041015625,40.00551,8.0,1,21.881308
1,1304,1588.9203324317932,201.61801767349243,1109.47607421875,502.8276672363281,32.404766,8.0,1,25.348557
4194,1304,1875.3567337989807,-66.23298025131226,1395.9124755859375,234.97666931152344,16.870361,6.0,1,3.647639
1332,1304,659.8004288673401,564.750250339508,180.35617065429688,865.9598999023438,15.333618,10.0,-1,5.4091597
2032,1304,587.0000519752502,-140.9747862815857,107.55579376220703,160.23486328125,13.482079,6.0,1,21.448511
12,1304,1167.5427689552307,818.8189148902893,688.0985107421875,1120.028564453125,9.705013,8.0,-1,29.761148
3079,1304,1935.7862992286682,1.7047486305236816,1456.342041015625,302.9143981933594,9.578739,6.0,1,4.2854147
4167,1304,1506.7412552833557,-286.7992510795593,1027.2969970703125,14.410398483276367,8.462798,6.0,1,11.428991
3509,1304,2036.8398880958557,347.2315125465393,1557.3956298828125,648.441162109375,7.9425874,6.0,1,0.9760556
2281,1304,1839.1720414161682,-78.89364004135132,1359.727783203125,222.31600952148438,6.846739,8.0,-1,32.85735
3654,1304,1205.1171708106995,731.8778748512268,725.6729125976562,1033.0875244140625,5.604693,14.0,-1,6.195562
8,1304,1273.1988968849182,346.77100229263306,793.754638671875,647.9806518554688,5.228514,14.0,-1,6.4115505
4158,1304,1621.1404252052307,432.76660776138306,1141.6961669921875,733.9762573242188,4.6706705,20.0,-1,1.979572
3191,1304,1542.9757523536682,442.4707703590393,1063.531494140625,743.680419921875,3.2370913,8.0,-1,17.730518
2389,1304,1405.6936478614807,217.1503357887268,926.2493896484375,518.3599853515625,0.8338863,14.0,-1,7.163215
4040,1304,568.869635105133,115.75977182388306,89.42537689208984,416.96942138671875,0.61700433,10.0,-1,3.9206634
4193,1304,955.8165421485901,558.2863221168518,476.3722839355469,859.4959716796875,0.6163257,20.0,-1,1.10916
3575,1304,1781.2076859474182,480.3488221168518,1301.763427734375,781.5584716796875,0.60414535,10.0,-1,5.8783016
2986,1304,1444.949568271637,468.4389100074768,965.5053100585938,769.6485595703125,0.49975216,10.0,-1,4.2910337
0,1305,1571.2153153419495,762.7488160133362,1091.6715087890625,1064.0731201171875,134.68773,10.0,1,26.358953
4,1305,1347.4140458106995,-131.286630153656,867.8702392578125,170.0376739501953,70.45688,8.0,1,28.410336
2,1305,1701.5180497169495,204.5729432106018,1221.9742431640625,505.8972473144531,58.695232,8.0,1,25.619768
1,1305,1586.510115146637,202.39987802505493,1106.96630859375,503.72418212890625,43.042206,8.0,1,23.635056
3,1305,1189.4697098731995,212.81711435317993,709.9259033203125,514.1414184570312,39.298965,8.0,1,21.367167
4194,1305,1873.5597977638245,-65.85257863998413,1394.0159912109375,235.4717254638672,20.587435,6.0,1,0.30840492
1332,1305,661.3775010108948,564.1744141578674,181.8336944580078,865.4987182617188,16.499907,10.0,-1,4.8111124
3079,1305,1937.567488193512,0.45242929458618164,1458.023681640625,301.7767333984375,9.38195,6.0,1,4.1923795
2032,1305,586.2310242652893,-142.08352041244507,106.68721771240234,159.24078369140625,9.220161,8.0,1,19.861567
3509,1305,2039.573835849762,347.0179810523987,1560.030029296875,648.34228515625,7.584923,6.0,1,1.4862224
4167,1305,1504.7429032325745,-290.93233728408813,1025.1990966796875,10.391966819763184,6.9261594,6.0,1,9.831937
12,1305,1166.6549515724182,821.3844361305237,687.1111450195312,1122.708740234375,6.722279,8.0,-1,29.456268
2281,1305,1839.893171787262,-77.0322813987732,1360.349365234375,224.29202270507812,5.002473,8.0,-1,30.283085
3654,1305,1202.5217728614807,732.7071900367737,722.9779663085938,1034.031494140625,4.9729304,14.0,-1,6.181703
8,1305,1273.748884677887,347.10166025161743,794.205078125,648.4259643554688,4.849446,14.0,-1,3.6626608
4158,1305,1621.401228427887,435.86057138442993,1141.857421875,737.1848754882812,3.3479307,18.0,-1,3.1738658
3191,1305,1538.7438797950745,440.1805787086487,1059.2000732421875,741.5048828125,1.2688287,10.0,-1,11.876918
2389,1305,1405.2336869239807,221.23270273208618,925.6898803710938,522.5570068359375,0.96079254,8.0,-1,8.976114
2986,1305,1443.5629105567932,469.07968759536743,964.0191040039062,770.4039916992188,0.8770211,10.0,-1,4.2127714
3575,1305,1781.775251865387,481.54770517349243,1302.2314453125,782.8720092773438,0.81483155,8.0,-1,6.3717613
4193,1305,955.6692032814026,557.8679566383362,476.1253967285156,859.1922607421875,0.6381489,18.0,-1,0.9652033
4040,1305,571.2212662696838,113.59317636489868,91.67745971679688,414.91748046875,0.6326228,12.0,-1,3.785377
0,1306,1572.4099869728088,763.3133149147034,1092.172607421875,1065.518310546875,113.8501,10.0,1,25.556181
4,1306,1348.0797867774963,-132.22492361068726,867.8424072265625,169.98007202148438,85.02358,8.0,1,28.994736
1,1306,1586.4865250587463,199.98601388931274,1106.2491455078125,502.1910095214844,63.61154,8.0,1,24.055334
2,1306,1700.2316422462463,204.46523141860962,1219.9942626953125,506.67022705078125,44.67627,8.0,1,25.479372
3,1306,1188.0663590431213,212.92482614517212,707.8289794921875,515.1298217773438,36.294106,8.0,1,21.449112
1332,1306,662.7504410743713,561.8476777076721,182.5130615234375,864.0526733398438,20.11435,10.0,-1,2.6624322
3079,1306,1940.5283951759338,-0.5649199485778809,1460.291015625,301.64007568359375,20.044111,6.0,1,2.292872
4194,1306,1872.5513443946838,-64.86564016342163,1392.31396484375,237.33935546875,17.112064,12.0,-1,1.6121011
2032,1306,586.0567383766174,-140.22635793685913,105.8193588256836,161.9786376953125,11.294826,6.0,1,21.491865
3509,1306,2042.4257340431213,341.57649850845337,1562.1883544921875,643.781494140625,10.5489645,6.0,1,1.2231984
4167,1306,1504.8469986915588,-291.71123456954956,1024.609619140625,10.49376106262207,7.572565,6.0,1,9.818648
8,1306,1272.97083902359,345.90144968032837,792.7334594726562,648.1064453125,6.9095616,14.0,-1,4.7787495
3654,1306,1200.707899570465,735.4059662818909,720.4705200195312,1037.6109619140625,6.8929152,14.0,-1,7.1072845
2281,1306,1841.9453873634338,-79.45517873764038,1361.7080078125,222.74981689453125,5.744173,8.0,-1,33.038795
12,1306,1165.1288590431213,822.8920502662659,684.8914794921875,1125.0970458984375,4.648218,10.0,-1,21.905733
4158,1306,1620.5545182228088,435.9734101295471,1140.317138671875,738.1784057617188,4.375464,18.0,-1,1.8876119
3191,1306,1535.7160172462463,435.62959909439087,1055.4786376953125,737.8345947265625,3.141468,8.0,-1,17.115826
2389,1306,1410.3591446876526,221.66805124282837,930.1217651367188,523.873046875,1.3722228,8.0,-1,8.232764
4193,1306,955.6927933692932,560.0236420631409,475.4554138183594,862.2286376953125,1.2884352,20.0,-1,1.2351673
3575,1306,1785.0800309181213,478.12508249282837,1304.8426513671875,780.330078125,0.65071607,8.0,-1,5.633583
2986,1306,1444.2516617774963,469.8932099342346,964.0142822265625,772.0982055664062,0.5340262,14.0,-1,4.331409
4040,1306,570.7643494606018,113.73128366470337,90.52696990966797,415.936279296875,0.33875668,12.0,-1,3.0727115
0,1307,1572.574079990387,763.9207444190979,1091.831787109375,1065.9771728515625,131.81996,10.0,1,26.40206
4,1307,1348.7848954200745,-132.1024947166443,868.0426025390625,169.9539337158203,98.35465,8.0,1,25.936739
1,1307,1588.408796787262,198.1872239112854,1107.66650390625,500.24365234375,57.04475,8.0,1,25.169357
3,1307,1188.738630771637,212.0750412940979,707.996337890625,514.1314697265625,50.355427,8.0,1,22.311567
2,1307,1697.4382157325745,204.22949075698853,1216.6959228515625,506.2859191894531,31.19618,8.0,1,25.69565
4194,1307,1873.4018387794495,-63.04965353012085,1392.6595458984375,239.00677490234375,17.084436,10.0,-1,0.98888415
3654,1307,1198.7816605567932,738.2507004737854,718.0393676757812,1040.30712890625,13.3995285,14.0,-1,6.5074377
2032,1307,586.7538132667542,-139.3379988670349,106.01152038574219,162.7184295654297,12.87442,6.0,1,20.900751
3079,1307,1940.1996903419495,-3.0410780906677246,1459.4573974609375,299.0153503417969,10.75536,6.0,1,5.081031
1332,1307,663.8244004249573,563.3034348487854,183.0821075439453,865.35986328125,9.855142,10.0,-1,2.1411772
3509,1307,2041.3776688575745,340.6134934425354,1560.6353759765625,642.669921875,8.89317,6.0,1,1.3531799
4167,1307,1503.2826981544495,-291.92964029312134,1022.5404052734375,10.126788139343262,7.5484223,6.0,1,10.940542
12,1307,1164.9647660255432,822.3656907081604,684.2224731445312,1124.422119140625,7.0076656,10.0,-1,23.44483
2281,1307,1840.016706943512,-80.89665365219116,1359.2744140625,221.15977478027344,4.9281926,8.0,-1,30.266378
8,1307,1267.730085849762,346.9696946144104,786.98779296875,649.026123046875,4.25719,14.0,-1,5.0080867
4158,1307,1619.9665360450745,435.68630838394165,1139.2242431640625,737.7427368164062,4.057736,18.0,-1,1.5118419
3191,1307,1532.163923740387,438.4653000831604,1051.421630859375,740.521728515625,1.8515496,10.0,-1,13.650279
2389,1307,1411.0054154396057,222.8680100440979,930.2631225585938,524.9244384765625,1.3036033,8.0,-1,9.628581
4193,1307,955.9220414161682,562.6339402198792,475.17974853515625,864.6903686523438,1.0006987,20.0,-1,0.06720352
4040,1307,568.5662217140198,115.45879983901978,87.82392883300781,417.5152282714844,0.4962406,10.0,-1,3.5442348
2986,1307,1444.8440384864807,469.77078104019165,964.1017456054688,771.8272094726562,0.44772872,8.0,-1,4.279168
3575,1307,1785.502546787262,474.73904275894165,1304.76025390625,776.7954711914062,0.3150889,14.0,-1,3.4117222
0,1308,1573.826277256012,761.1390061378479,1091.7938232421875,1063.8583984375,134.0502,10.0,1,26.917414
1,1308,1589.9033036231995,197.23119974136353,1107.870849609375,499.9505920410156,81.3305,8.0,1,24.934422
4,1308,1351.966413974762,-132.1024947166443,869.9339599609375,170.6168975830078,71.879524,8.0,1,27.590033
2,1308,1696.7150712013245,204.77203226089478,1214.6826171875,507.4914245605469,28.387497,8.0,1,24.944502
3,1308,1189.1456742286682,210.3864426612854,707.1132202148438,513.1058349609375,26.575178,8.0,1,20.884085
1332,1308,663.8244004249573,564.1237473487854,181.7919464111328,866.8431396484375,24.650778,10.0,-1,4.945532
4194,1308,1874.3989090919495,-63.18757772445679,1392.366455078125,239.5318145751953,19.319185,12.0,-1,2.5291808
4167,1308,1504.005476474762,-290.63292360305786,1021.9730224609375,12.086468696594238,19.165768,6.0,1,10.729382
3079,1308,1938.338484287262,-5.1662917137146,1456.3060302734375,297.5531005859375,15.180406,6.0,1,3.5876298
2032,1308,587.2404084205627,-140.6230025291443,105.20795440673828,162.0963897705078,12.035851,6.0,1,21.316467
3509,1308,2041.4418778419495,337.7234787940979,1559.409423828125,640.44287109375,7.8367286,6.0,1,3.1499043
2281,1308,1837.994978427887,-78.55197286605835,1355.9625244140625,224.16741943359375,7.619594,8.0,-1,29.920546
3654,1308,1195.787458896637,739.1278977394104,713.7550048828125,1041.8472900390625,6.21485,16.0,-1,7.3841524
12,1308,1162.863630771637,824.7846360206604,680.8311767578125,1127.5040283203125,5.4188933,10.0,-1,22.385818
8,1308,1266.2009110450745,346.5259690284729,784.16845703125,649.245361328125,4.339013,14.0,-1,5.2384577
4158,1308,1617.7783036231995,434.64370584487915,1135.745849609375,737.3630981445312,3.0752132,18.0,-1,0.2844264
3191,1308,1528.804304599762,439.24404764175415,1046.7718505859375,741.9634399414062,2.4980328,8.0,-1,12.739349
2389,1308,1414.5151810646057,223.17336893081665,932.4827270507812,525.8927612304688,1.3241206,10.0,-1,7.0299196
4040,1308,569.1763291358948,113.9721360206604,87.14387512207031,416.6915283203125,0.8213363,12.0,-1,3.1313858
4193,1308,955.7764420509338,566.1075119972229,473.7439880371094,868.826904296875,0.54022413,20.0,-1,1.4738779
2986,1308,1444.3552689552307,470.9098801612854,962.3228149414062,773.6292724609375,0.39542234,10.0,-1,3.4635477
0,1309,1575.3710770606995,761.2931809425354,1091.677490234375,1064.0086669921875,161.67976,10.0,1,27.430088
4,1309,1351.722273349762,-130.9813094139099,868.0286865234375,171.7341766357422,76.48475,8.0,1,26.512194
1,1309,1590.284285068512,198.6442551612854,1106.5906982421875,501.3597412109375,36.897984,8.0,1,23.914585
3,1309,1189.1456742286682,209.6474289894104,705.4520874023438,512.3629150390625,35.686943,8.0,1,22.174524
2,1309,1698.209089756012,205.2846360206604,1214.5155029296875,508.0001220703125,33.595463,8.0,1,25.725773
4194,1309,1873.978132724762,-63.18757772445679,1390.2845458984375,239.5279083251953,23.909395,10.0,-1,2.3156064
1332,1309,665.7526688575745,566.4313035011292,182.05908203125,869.1467895507812,23.275976,10.0,-1,4.286298
3079,1309,1938.333845615387,-4.0638747215271,1454.6402587890625,298.651611328125,11.236047,6.0,1,4.76692
2032,1309,587.5682663917542,-143.2856764793396,103.87467956542969,159.4298095703125,10.969783,6.0,1,20.778917
3509,1309,2042.004499912262,337.4079270362854,1558.3109130859375,640.1234130859375,9.126928,6.0,1,1.0832181
4167,1309,1505.4008622169495,-290.425226688385,1021.707275390625,12.29025936126709,8.709979,6.0,1,12.033296
3654,1309,1195.5658402442932,740.0359787940979,711.8722534179688,1042.75146484375,8.6089115,14.0,-1,8.866192
2281,1309,1837.423933506012,-78.77856588363647,1353.7303466796875,223.93692016601562,6.5678945,8.0,-1,31.879137
12,1309,1162.1432938575745,824.7448410987854,678.44970703125,1127.4603271484375,5.9869466,10.0,-1,23.869993
8,1309,1264.0021805763245,344.0019211769104,780.30859375,646.7174072265625,5.3418374,16.0,-1,1.9339427
4158,1309,1618.8674149513245,433.5757737159729,1135.173828125,736.291259765625,4.4271016,8.0,1,0.50920236
3191,1309,1528.4946122169495,436.4522385597229,1044.801025390625,739.167724609375,2.248236,8.0,-1,15.818685
2389,1309,1414.295515537262,219.1869797706604,930.6019287109375,521.9024658203125,0.9701233,8.0,-1,8.277505
4193,1309,955.3291153907776,570.7782273292542,471.6355285644531,873.4937133789062,0.9521494,20.0,-1,0.89224243
4040,1309,570.2552018165588,111.96121072769165,86.56161499023438,414.67669677734375,0.68599224,12.0,-1,3.7307105
2986,1309,1446.487410068512,471.3923020362854,962.7938232421875,774.1077880859375,0.27101547,10.0,-1,3.4596305
4245,1309,1779.9492020606995,471.06838846206665,1296.255615234375,773.7838745117188,0.18231346,28.0,-1,2.7900746
0,1310,1575.862898349762,762.7566819190979,1091.2763671875,1065.4090576171875,109.65768,10.0,1,26.311644
4,1310,1351.338484287262,-134.57008504867554,866.751953125,168.08229064941406,62.650967,8.0,1,26.74005
1,1310,1590.284285068512,199.9255051612854,1105.69775390625,502.577880859375,49.53977,8.0,1,25.155363
2,1310,1698.7389969825745,205.1580491065979,1214.1524658203125,507.8104248046875,47.10077,8.0,1,24.682198
3,1310,1190.7816605567932,209.6692795753479,706.1951293945312,512.3216552734375,35.05389,8.0,1,21.241049
1332,1310,668.3594346046448,568.3392624855042,183.7729034423828,870.9916381835938,22.725317,10.0,-1,5.17392
4194,1310,1872.6027665138245,-63.56370687484741,1388.0162353515625,239.0886688232422,20.535414,12.0,-1,0.8586862
2032,1310,588.6270051002502,-143.5634627342224,104.04047393798828,159.0889129638672,11.396338,8.0,1,20.4201
3079,1310,1937.791609287262,-4.0638747215271,1453.205078125,298.5885009765625,11.2910385,6.0,1,4.5276566
3509,1310,2041.428328037262,337.24990701675415,1556.841796875,639.9022827148438,10.700839,6.0,1,1.9399785
12,1310,1160.4834427833557,823.8092942237854,675.8969116210938,1126.461669921875,10.172349,10.0,-1,21.602291
4167,1310,1507.494734287262,-288.86656427383423,1022.908203125,13.785811424255371,8.552777,6.0,1,10.024597
3654,1310,1195.5369095802307,742.5567307472229,710.9503784179688,1045.2091064453125,6.8744774,14.0,-1,7.3144374
8,1310,1261.515974521637,344.11269998550415,776.929443359375,646.7650756835938,4.1049023,16.0,-1,1.1663136
2281,1310,1839.167829990387,-78.14511251449585,1354.581298828125,224.50726318359375,3.9481847,8.0,-1,30.424355
4158,1310,1618.878767490387,433.22842264175415,1134.292236328125,735.8807983398438,3.6957884,8.0,1,0.0055149794
3191,1310,1531.5212235450745,434.05862283706665,1046.9346923828125,736.7109985351562,2.8388073,8.0,-1,16.684687
2389,1310,1412.5495438575745,222.1899094581604,927.9630126953125,524.84228515625,0.9387849,8.0,-1,8.156075
4193,1310,950.9037003517151,572.8802170753479,466.3171691894531,875.5325927734375,0.7352391,20.0,-1,0.9117347
4040,1310,568.4873414039612,110.83856058120728,83.90081024169922,413.4909362792969,0.55747503,10.0,-1,3.9068973
2986,1310,1449.0104813575745,469.6098313331604,964.4239501953125,772.26220703125,0.4037043,10.0,-1,3.8106625
0,1311,1576.560896396637,763.8935408592224,1091.3138427734375,1066.0716552734375,115.51666,10.0,1,26.782703
1,1311,1589.208601474762,199.84318685531616,1103.9615478515625,502.02130126953125,73.493484,8.0,1,24.54705
4,1311,1352.3246903419495,-134.1161789894104,867.07763671875,168.0619354248047,52.28531,8.0,1,27.512785
3,1311,1193.2123246192932,213.4427351951599,707.9652709960938,515.620849609375,47.835144,8.0,1,21.38195
2,1311,1698.5851883888245,205.1466841697693,1213.338134765625,507.3247985839844,25.2335,8.0,1,25.697039
1332,1311,671.8031449317932,567.6841292381287,186.55609130859375,869.8622436523438,19.373484,10.0,-1,4.9133215
4194,1311,1871.5463700294495,-63.81107950210571,1386.29931640625,238.36703491210938,17.653635,6.0,1,1.133218
3079,1311,1937.449812412262,-4.436720371246338,1452.2027587890625,297.74139404296875,16.950449,6.0,1,2.201118
3509,1311,2041.428328037262,337.60038900375366,1556.1812744140625,639.7785034179688,13.258945,6.0,1,1.4079779
2032,1311,589.3349900245667,-141.9646134376526,104.08793640136719,160.2135009765625,10.614347,6.0,1,21.115803
4167,1311,1506.8388504981995,-288.86656427383423,1021.591796875,13.31155014038086,7.057855,6.0,1,11.813613
2281,1311,1842.550154209137,-78.36045694351196,1357.3031005859375,223.81765747070312,6.4319034,8.0,-1,33.342865
3654,1311,1195.2888016700745,744.4988875389099,710.041748046875,1046.677001953125,5.376125,14.0,-1,8.00395
12,1311,1161.658308506012,824.9142928123474,676.4112548828125,1127.0924072265625,5.3103843,10.0,-1,20.168032
8,1311,1262.7577347755432,344.1469588279724,777.5106811523438,646.3250732421875,5.1555943,16.0,-1,0.50979424
4158,1311,1618.777449131012,435.8068709373474,1133.5303955078125,737.9849853515625,3.30931,8.0,1,0.030460492
3191,1311,1532.349470615387,433.9982771873474,1047.1024169921875,736.1763916015625,3.0096333,8.0,-1,15.08844
2389,1311,1410.4020829200745,221.8192000389099,925.155029296875,523.997314453125,2.1024709,8.0,-1,9.433007
4193,1311,949.564802646637,572.4821028709412,464.3177490234375,874.6602172851562,0.5258979,22.0,-1,0.897969
2986,1311,1446.7263016700745,472.2499861717224,961.479248046875,774.4281005859375,0.31666878,10.0,-1,3.2930002
4040,1311,569.6375107765198,110.79832601547241,84.39045715332031,412.9764404296875,0.29195777,10.0,-1,3.2285717
0,1312,1577.7695755958557,765.4287581443787,1092.0771484375,1067.72900390625,141.6898,10.0,1,25.866348
1,1312,1589.5331254005432,199.3766646385193,1103.8406982421875,501.6769104003906,52.089535,8.0,1,24.879862
3,1312,1193.6284623146057,213.4427351951599,707.93603515625,515.7429809570312,47.747974,8.0,1,21.844067
4,1312,1352.4515824317932,-132.9874405860901,866.7591552734375,169.31280517578125,42.21068,8.0,1,26.147306
2,1312,1699.8434281349182,206.07426595687866,1214.1510009765625,508.37451171875,34.422054,8.0,1,26.72795
1332,1312,673.511106967926,568.4055647850037,187.8186798095703,870.705810546875,22.922743,10.0,-1,4.255219
4194,1312,1870.1656937599182,-66.21203470230103,1384.4732666015625,236.0882110595703,18.25263,6.0,1,0.07655096
3079,1312,1938.5013871192932,-4.778303623199463,1452.8089599609375,297.5219421386719,13.67485,6.0,1,2.906866
4167,1312,1505.5477738380432,-289.85052251815796,1019.8553466796875,12.449723243713379,12.656196,6.0,1,10.026095
2032,1312,589.1545701026917,-142.5479874610901,103.46214294433594,159.75225830078125,10.814262,8.0,1,21.115196
12,1312,1161.658308506012,825.7092757225037,675.9658813476562,1128.009521484375,9.210089,10.0,-1,23.739944
3509,1312,2039.5190873146057,337.7426619529724,1553.82666015625,640.0429077148438,8.953059,6.0,1,2.175241
3654,1312,1194.014509677887,745.3104720115662,708.3220825195312,1047.6107177734375,6.7240467,14.0,-1,8.843801
2281,1312,1841.8627152442932,-76.21453714370728,1356.1702880859375,226.08570861816406,6.457463,8.0,-1,33.212444
8,1312,1259.5688920021057,344.0948348045349,773.87646484375,646.3950805664062,4.8285403,16.0,-1,1.2154917
4158,1312,1620.0503373146057,437.4632430076599,1134.35791015625,739.7634887695312,3.890314,10.0,1,0.13599676
3191,1312,1531.0037064552307,433.50554037094116,1045.311279296875,735.8057861328125,2.757867,8.0,-1,15.419525
2389,1312,1405.9469437599182,219.28727865219116,920.2545166015625,521.5875244140625,2.0089417,8.0,-1,8.668685
4193,1312,953.4442887306213,572.8921370506287,467.7518615722656,875.1923828125,0.72820854,20.0,-1,1.041129
2986,1312,1443.543562412262,471.9533553123474,957.8511352539062,774.2536010742188,0.49730766,10.0,-1,3.591572
4040,1312,572.0970520973206,110.07710409164429,86.40462493896484,412.3773498535156,0.37388524,12.0,-1,3.3797812
4245,1312,1787.6074662208557,469.85051107406616,1301.9150390625,772.1507568359375,0.35661173,14.0,-1,3.5369248
0,1313,1579.602888584137,764.9925398826599,1093.6661376953125,1068.249267578125,127.29235,10.0,1,27.992083
4,1313,1353.6703324317932,-131.3354935646057,867.7335815429688,171.92123413085938,66.56216,8.0,1,28.53256
3,1313,1192.1181473731995,214.33476400375366,706.181396484375,517.5914916992188,46.315098,8.0,1,21.348183
2,1313,1700.082869052887,208.41264486312866,1214.1461181640625,511.66937255859375,39.741913,8.0,1,25.595184
1,1313,1589.151960849762,199.7073836326599,1103.2152099609375,502.964111328125,39.25458,8.0,1,24.39049
1332,1313,671.806272983551,567.8704695701599,185.86952209472656,871.127197265625,19.815287,10.0,-1,4.478261
4194,1313,1870.5002274513245,-67.56074380874634,1384.5634765625,235.69598388671875,17.376232,6.0,1,0.89277077
3079,1313,1940.635847568512,-3.815901279449463,1454.6990966796875,299.4408264160156,17.371058,6.0,1,2.1224067
2032,1313,587.9942231178284,-145.09338235855103,102.0574722290039,158.16334533691406,12.87912,6.0,1,20.585806
4167,1313,1505.8581986427307,-290.8512682914734,1019.9214477539062,12.4054594039917,12.577857,6.0,1,10.157681
3509,1313,2040.3930497169495,338.2205672264099,1554.456298828125,641.477294921875,11.661094,6.0,1,1.7817023
12,1313,1162.3273758888245,823.1409773826599,676.390625,1126.397705078125,7.564219,8.0,-1,23.186739
8,1313,1257.2183060646057,343.84440755844116,771.2815551757812,647.1011352539062,5.5555744,16.0,-1,1.9896752
3654,1313,1190.972761631012,745.2828230857849,705.0360107421875,1048.53955078125,5.107421,14.0,-1,8.080009
4158,1313,1618.3676590919495,437.2184920310974,1132.430908203125,740.4752197265625,4.1658845,8.0,1,0.17437169
2281,1313,1842.700300693512,-76.20580911636353,1356.7635498046875,227.05091857910156,3.9602633,8.0,-1,30.749659
3191,1313,1528.8183426856995,434.07280111312866,1042.881591796875,737.3295288085938,2.5986054,8.0,-1,14.921873
2389,1313,1401.891951084137,213.13505697250366,915.9552001953125,516.3917846679688,1.9740986,8.0,-1,8.494263
4193,1313,953.7944779396057,572.8834090232849,467.85772705078125,876.14013671875,1.4223834,20.0,-1,1.2885356
4040,1313,575.5293335914612,111.87294149398804,89.59258270263672,415.1296691894531,0.6668257,10.0,-1,4.013234
4245,1313,1787.368025302887,471.16484212875366,1301.4312744140625,774.4215698242188,0.49736938,10.0,-1,4.0621467
2986,1313,1442.3486771583557,472.59636068344116,956.4119262695312,775.8530883789062,0.25795642,28.0,-1,3.0266335
0,1314,1579.986433506012,763.4663128852844,1093.548095703125,1066.5400390625,112.51481,10.0,1,27.539124
4,1314,1353.5608353614807,-131.0166735649109,867.1224975585938,172.0570526123047,57.10892,8.0,1,28.667648
2,1314,1698.9069657325745,206.7016339302063,1212.4686279296875,509.7753601074219,44.13712,8.0,1,26.682076
1,1314,1590.666121006012,199.15091371536255,1104.227783203125,502.2246398925781,43.52469,8.0,1,24.865671
3,1314,1193.6379227638245,213.02307558059692,707.1995849609375,516.0968017578125,40.58856,8.0,1,22.60038
3079,1314,1941.031355381012,0.6418805122375488,1454.593017578125,303.7156066894531,20.317663,6.0,1,1.7140776
1332,1314,671.2132706642151,568.4092450141907,184.77493286132812,871.4829711914062,19.65119,10.0,-1,4.7301297
4194,1314,1871.492537021637,-66.90009641647339,1385.05419921875,236.1736297607422,16.885843,6.0,1,2.6043897
4167,1314,1506.9902787208557,-290.8512682914734,1020.5519409179688,12.222457885742188,11.074246,6.0,1,10.031195
3509,1314,2039.207380771637,342.1402020454407,1552.76904296875,645.2139282226562,10.161215,6.0,1,0.49616766
12,1314,1158.3590531349182,825.3522992134094,671.9207153320312,1128.426025390625,10.134845,10.0,-1,22.110628
2032,1314,590.3315567970276,-141.7982439994812,103.89321899414062,161.27548217773438,9.73583,8.0,1,21.099464
2281,1314,1842.3483719825745,-73.14886045455933,1355.9100341796875,229.92486572265625,9.39527,8.0,-1,30.713053
3191,1314,1530.348005771637,431.0053143501282,1043.90966796875,734.0790405273438,6.9132404,8.0,-1,17.065304
8,1314,1255.3353714942932,345.0948529243469,768.8970336914062,648.1685791015625,6.8315682,16.0,-1,3.1008513
3654,1314,1190.972761631012,745.1868939399719,704.534423828125,1048.2606201171875,6.5989895,14.0,-1,8.558201
4158,1314,1617.980818271637,436.2160077095032,1131.54248046875,739.2897338867188,3.214842,8.0,1,0.19225797
2389,1314,1400.514021396637,214.58716249465942,914.07568359375,517.660888671875,1.5964957,8.0,-1,7.560195
4193,1314,952.9088578224182,571.2175946235657,466.47052001953125,874.2913208007812,0.62412536,20.0,-1,1.1380587
4245,1314,1787.7013993263245,471.1455121040344,1301.2630615234375,774.21923828125,0.4180245,10.0,-1,4.6335216
4040,1314,576.2725510597229,110.94055604934692,89.83421325683594,414.0142822265625,0.35966155,10.0,-1,2.8555121
0,1315,1578.7255692481995,763.2620892524719,1092.4569091796875,1066.1611328125,118.27422,10.0,1,27.235832
4,1315,1350.8645462989807,-129.31701231002808,864.5958862304688,173.58203125,52.47525,8.0,1,25.872585
3,1315,1194.404158115387,213.43054628372192,708.135498046875,516.32958984375,48.126617,8.0,1,22.17638
1,1315,1590.8154129981995,198.72406435012817,1104.5467529296875,501.62310791015625,38.246494,8.0,1,24.513428
2,1315,1698.9069657325745,207.55911684036255,1212.6383056640625,510.4581604003906,30.14749,8.0,1,28.839998
4194,1315,1870.5378251075745,-66.25287961959839,1384.2691650390625,236.6461639404297,17.89105,6.0,1,0.14377642
3079,1315,1942.721296787262,1.0968670845031738,1456.45263671875,303.99591064453125,14.5107355,6.0,1,1.626359
1332,1315,670.8748154640198,569.8127484321594,184.6061553955078,872.7117919921875,13.690029,10.0,-1,3.5308433
2032,1315,592.1256394386292,-142.8273730278015,105.85697937011719,160.07167053222656,11.6185,6.0,1,22.345337
12,1315,1154.2831864356995,823.3885540962219,668.0145263671875,1126.28759765625,10.890312,8.0,-1,24.191425
4167,1315,1507.0171341896057,-288.54170083999634,1020.7484741210938,14.357342720031738,9.143353,6.0,1,11.064056
3509,1315,2039.530867099762,342.0574994087219,1553.26220703125,644.95654296875,7.2001286,6.0,1,2.8927891
3654,1315,1191.1733231544495,747.3719525337219,704.9046630859375,1050.27099609375,7.0425534,12.0,-1,8.034869
8,1315,1251.945906162262,350.2332806587219,765.67724609375,653.13232421875,5.3788533,16.0,-1,1.4563198
2281,1315,1838.554548740387,-70.78219175338745,1352.285888671875,232.11685180664062,4.709806,8.0,-1,31.14191
3191,1315,1527.956404209137,430.9045453071594,1041.687744140625,733.8035888671875,4.208584,8.0,-1,17.38675
4158,1315,1619.349958896637,431.8300213813782,1133.081298828125,734.7290649414062,3.05077,8.0,1,0.62425596
4193,1315,951.5016312599182,571.2175946235657,465.23297119140625,874.1166381835938,1.3224715,22.0,-1,1.0204614
2389,1315,1401.3259720802307,212.60040712356567,915.0573120117188,515.4994506835938,0.99106723,8.0,-1,8.912292
4040,1315,576.4749360084534,109.67401552200317,90.2062759399414,412.57305908203125,0.53822905,12.0,-1,3.6830306
4245,1315,1787.025007724762,468.0282025337219,1300.75634765625,770.92724609375,0.27795038,10.0,-1,2.7151885
0,1316,1578.346785068512,762.6845135688782,1091.8616943359375,1065.9820556640625,156.7132,10.0,1,27.739155
1,1316,1592.771345615387,198.72406435012817,1106.2862548828125,502.0216064453125,62.06651,8.0,1,24.96989
4,1316,1350.0228714942932,-130.9711413383484,863.5377807617188,172.32640075683594,48.46826,8.0,1,28.81401
3,1316,1193.000837802887,214.32788515090942,706.5157470703125,517.6254272460938,34.204163,8.0,1,20.48581
2,1316,1699.6086258888245,209.47284364700317,1213.12353515625,512.7703857421875,20.209946,8.0,1,28.08743
1332,1316,671.1728653907776,571.4906659126282,184.68777465820312,874.7882080078125,19.81802,10.0,-1,5.9346967
4194,1316,1870.5378251075745,-64.70572996139526,1384.052734375,238.59181213378906,18.934828,6.0,1,1.558348
4167,1316,1506.5808548927307,-286.8602786064148,1020.0957641601562,16.43726348876953,15.467685,6.0,1,11.719702
3079,1316,1943.911970615387,0.18567323684692383,1457.4268798828125,303.48321533203125,15.355062,12.0,-1,3.7197917
2032,1316,591.7571625709534,-144.24203062057495,105.2720718383789,159.05551147460938,9.506048,6.0,1,20.52066
3509,1316,2040.359480381012,341.9176678657532,1553.8743896484375,645.2152099609375,9.00066,6.0,1,2.6534686
12,1316,1154.4132523536682,823.8707928657532,667.9281616210938,1127.1683349609375,7.915417,10.0,-1,24.57627
3654,1316,1190.2441849708557,746.9146161079407,703.7590942382812,1050.212158203125,6.782066,12.0,-1,7.979494
8,1316,1251.332380771637,351.2138714790344,764.8472900390625,654.5114135742188,5.647513,8.0,1,0.5390683
4158,1316,1616.6515946388245,433.7898602485657,1130.16650390625,737.08740234375,4.9479175,8.0,1,1.0096967
2281,1316,1837.446394443512,-71.20048093795776,1350.9613037109375,232.09706115722656,4.649856,8.0,-1,31.514858
3191,1316,1531.322859287262,431.1929364204407,1044.8377685546875,734.490478515625,2.9009335,8.0,-1,15.953814
4193,1316,950.1267838478088,572.1424603462219,463.6416931152344,875.4400024414062,1.5728556,22.0,-1,1.1593516
2389,1316,1402.6730179786682,211.14990663528442,916.1879272460938,514.4474487304688,1.1056156,8.0,-1,9.127916
4040,1316,578.3209671974182,106.97134828567505,91.83587646484375,410.2688903808594,0.45345423,10.0,-1,3.5587282
4245,1316,1789.0409989356995,466.8190960884094,1302.555908203125,770.1166381835938,0.44650936,8.0,-1,4.6084385
2986,1316,1441.0422806739807,478.7717938423157,954.5571899414062,782.0693359375,0.31590137,10.0,-1,3.0105815
0,1317,1576.9596390724182,764.3060574531555,1090.1298828125,1067.802978515625,124.82462,10.0,1,26.374935
4,1317,1348.8976273536682,-131.45352506637573,862.06787109375,172.04339599609375,82.93358,8.0,1,28.16671
1,1317,1592.7967972755432,198.7120327949524,1105.967041015625,502.2089538574219,68.482925,8.0,1,26.456871
3,1317,1194.0278763771057,213.78005647659302,707.1981201171875,517.2769775390625,26.66673,8.0,1,22.978718
2,1317,1700.7373490333557,209.49734163284302,1213.9075927734375,512.9942626953125,22.73603,8.0,1,28.664314
4194,1317,1870.5123734474182,-64.0237307548523,1383.6826171875,239.4731903076172,21.4898,12.0,-1,0.048805118
3079,1317,1941.9394974708557,-1.4492526054382324,1455.1097412109375,302.04766845703125,17.55689,12.0,-1,11.909233
4167,1317,1508.6278519630432,-287.4456820487976,1021.798095703125,16.051239013671875,17.324732,6.0,1,12.513741
1332,1317,670.2493424415588,570.2567410469055,183.41958618164062,873.753662109375,14.15281,10.0,-1,4.1089087
3509,1317,2041.0582718849182,340.23434114456177,1554.228515625,643.7312622070312,11.500931,6.0,1,1.8068492
2032,1317,594.3550248146057,-142.40268278121948,107.5252685546875,161.09423828125,10.90395,8.0,1,21.209726
8,1317,1248.305037021637,351.42574739456177,761.4752807617188,654.9226684570312,7.8344536,8.0,1,1.6869013
12,1317,1156.3071732521057,824.303493976593,669.4774169921875,1127.8004150390625,6.173946,8.0,-1,25.793634
3654,1317,1189.6481766700745,750.2538113594055,702.8184204101562,1053.750732421875,5.901507,12.0,-1,7.933521
2281,1317,1834.2659134864807,-71.18844938278198,1347.4361572265625,232.3084716796875,5.730654,8.0,-1,33.65548
4158,1317,1615.2434525489807,434.30050325393677,1128.4136962890625,737.7974243164062,5.710606,8.0,1,0.5546992
3191,1317,1533.8567337989807,430.911404132843,1047.0269775390625,734.4083251953125,3.4251544,8.0,-1,16.448885
2389,1317,1401.9745926856995,211.33303499221802,915.1448364257812,514.8299560546875,0.7279587,8.0,-1,7.059024
4193,1317,947.4159073829651,574.064236164093,460.5861511230469,877.5611572265625,0.6406524,22.0,-1,1.8081213
4245,1317,1791.8887162208557,465.17049837112427,1305.0589599609375,768.6674194335938,0.535596,10.0,-1,3.9531574
4040,1317,579.7748398780823,104.66982698440552,92.94508361816406,408.166748046875,0.4644415,10.0,-1,2.8465
2986,1317,1443.922224521637,477.9867215156555,957.0924682617188,781.483642578125,0.22178215,28.0,-1,3.4615943
0,1318,1576.4120621681213,765.0272030830383,1089.5452880859375,1069.292724609375,112.415565,10.0,1,27.111109
1,1318,1592.8546891212463,199.7476315498352,1105.9879150390625,504.0131530761719,72.18516,8.0,1,26.767689
4,1318,1347.4979996681213,-134.06631803512573,860.6312255859375,170.19920349121094,53.578648,8.0,1,27.657091
3,1318,1192.2304825782776,213.64750337600708,705.3637084960938,517.9130249023438,42.956463,8.0,1,22.961739
2,1318,1703.1278824806213,210.75425386428833,1216.2611083984375,515.019775390625,28.9823,8.0,1,27.451271
4194,1318,1869.1089615821838,-64.43747282028198,1382.2421875,239.8280487060547,21.849653,6.0,1,1.9598033
3079,1318,1942.9884781837463,-1.316699504852295,1456.1217041015625,302.9488220214844,17.376768,12.0,-1,6.5104103
1332,1318,670.9759202003479,568.8385434150696,184.10914611816406,873.1040649414062,16.731337,10.0,-1,2.8280675
8,1318,1245.9736466407776,351.7600522041321,759.1068725585938,656.0255737304688,10.809869,6.0,1,1.9247833
2032,1318,595.2077164649963,-145.30191373825073,108.3409423828125,158.96360778808594,9.859237,8.0,1,21.647606
4167,1318,1509.7434220314026,-289.3474316596985,1022.8766479492188,14.918089866638184,9.471936,6.0,1,10.010614
3509,1318,2041.3615250587463,336.38999605178833,1554.4947509765625,640.655517578125,9.307217,6.0,1,2.2324963
2281,1318,1833.6166520118713,-70.29378080368042,1346.7498779296875,233.97174072265625,5.947847,8.0,-1,32.95936
3654,1318,1189.5902848243713,752.4350399971008,702.7235107421875,1056.7005615234375,5.8045654,12.0,-1,9.164419
4158,1318,1615.1565690040588,435.25254487991333,1128.289794921875,739.51806640625,5.245987,18.0,-1,0.6170178
12,1318,1157.4367814064026,824.6159482002258,670.5700073242188,1128.8814697265625,5.02181,10.0,-1,27.70696
3191,1318,1532.3789811134338,429.0996518135071,1045.51220703125,733.3651733398438,3.1271546,8.0,-1,17.293247
4245,1318,1790.2931656837463,461.52793550491333,1303.4263916015625,765.79345703125,0.9846103,8.0,-1,6.1989837
4193,1318,948.4794144630432,572.2678036689758,461.6126403808594,876.5333251953125,0.7219353,24.0,-1,1.5745637
2389,1318,1403.7915787696838,212.19297456741333,916.9248046875,516.45849609375,0.53766316,8.0,-1,4.5385957
4040,1318,579.1348099708557,102.05128145217896,92.26803588867188,406.3168029785156,0.22518212,12.0,-1,2.7585747
2986,1318,1444.3301529884338,478.76792573928833,957.46337890625,783.033447265625,0.21278895,10.0,-1,2.8493943
0,1319,1575.64808511734,765.4512753486633,1088.0555419921875,1070.9532470703125,122.4801,10.0,1,27.292837
3,1319,1193.6302018165588,212.50095796585083,706.0376586914062,518.0029296875,62.873814,8.0,1,22.464191
4,1319,1347.4979996681213,-135.06593656539917,859.9054565429688,170.43603515625,56.771267,8.0,1,29.271816
1,1319,1595.1696915626526,199.8699460029602,1107.5771484375,505.3719177246094,36.320374,8.0,1,25.60323
2,1319,1705.013563632965,212.28910493850708,1217.4210205078125,517.7910766601562,31.337202,8.0,1,28.436525
1332,1319,673.2981247901917,565.1934018135071,185.70558166503906,870.6953735351562,23.51297,10.0,-1,6.666893
4167,1319,1509.9418473243713,-289.32119131088257,1022.3493041992188,16.1807804107666,17.191307,6.0,1,10.517072
4194,1319,1866.539930820465,-63.976489543914795,1378.9473876953125,241.52548217773438,16.112875,6.0,1,0.7026365
3079,1319,1944.9323868751526,-2.720141887664795,1457.33984375,302.7818298339844,13.705152,12.0,-1,1.3621264
2032,1319,595.6701416969299,-145.73891019821167,108.07759857177734,159.7630615234375,12.090909,6.0,1,22.095736
3509,1319,2042.158583164215,337.7926449775696,1554.5660400390625,643.2946166992188,9.383145,6.0,1,2.4056587
2281,1319,1831.49720621109,-69.48225736618042,1343.9046630859375,236.01971435546875,7.668186,8.0,-1,31.322851
8,1319,1245.3379044532776,350.85166597366333,757.745361328125,656.3536376953125,7.419943,6.0,1,1.0203056
12,1319,1155.0550065040588,824.6159482002258,667.4624633789062,1130.117919921875,6.718397,8.0,-1,25.726357
3654,1319,1189.6688981056213,752.4577450752258,702.0763549804688,1057.959716796875,5.8815346,14.0,-1,8.729817
3191,1319,1530.958387851715,426.4834408760071,1043.3658447265625,731.9854125976562,4.5843987,8.0,-1,14.929921
4264,1319,1196.42884683609,-297.6360249519348,708.8363037109375,7.8659467697143555,4.44149,20.0,-1,2.9323895
4158,1319,1614.0883927345276,435.87376070022583,1126.495849609375,741.375732421875,3.7144384,18.0,-1,1.1954048
4193,1319,949.7658219337463,574.1661801338196,462.17327880859375,879.6681518554688,1.6877656,20.0,-1,1.2492813
4245,1319,1790.109755039215,461.5115170478821,1302.5172119140625,767.0134887695312,0.73533124,8.0,-1,6.5498824
2389,1319,1403.558485507965,210.92338228225708,915.9659423828125,516.4253540039062,0.72936034,16.0,-1,4.432596
4040,1319,575.1691422462463,101.74882173538208,87.57659912109375,407.25079345703125,0.3863884,12.0,-1,2.751858
0,1320,1575.0102372169495,765.0346188545227,1085.5052490234375,1071.1513671875,97.07087,10.0,1,27.21668
4,1320,1347.467146396637,-134.17056608200073,857.962158203125,171.94618225097656,77.54055,8.0,1,28.766102
1,1320,1595.5065751075745,200.15867280960083,1106.0015869140625,506.2754211425781,48.426334,8.0,1,26.20279
3,1320,1195.493513584137,210.53663301467896,705.988525390625,516.6533813476562,41.245995,8.0,1,22.800526
2,1320,1705.830427646637,214.01966524124146,1216.325439453125,520.1364135742188,30.190277,8.0,1,27.729855
1332,1320,675.371214389801,565.182384967804,185.86622619628906,871.2991333007812,18.358562,10.0,-1,4.0818133
4194,1320,1869.025007724762,-63.96547269821167,1379.52001953125,242.15127563476562,17.926908,6.0,1,2.4410613
4167,1320,1513.0504593849182,-286.0472979545593,1023.5454711914062,20.06945037841797,16.614439,6.0,1,10.113161
3079,1320,1946.575544834137,-3.82832670211792,1457.070556640625,302.2884216308594,12.630333,6.0,1,3.2840536
2032,1320,598.7614579200745,-145.1472659111023,109.2564697265625,160.969482421875,10.916691,8.0,1,20.39604
3509,1320,2045.3383622169495,338.90137910842896,1555.8333740234375,645.0181274414062,10.057136,6.0,1,2.7506952
8,1320,1243.9092240333557,351.3954586982727,754.4042358398438,657.51220703125,7.3342223,6.0,1,0.27386513
2281,1320,1829.8124833106995,-69.87976408004761,1340.3074951171875,236.2369842529297,6.837242,8.0,-1,31.662262
12,1320,1154.7963700294495,824.8455319404602,665.2913818359375,1130.9622802734375,6.462017,8.0,-1,25.049648
4264,1320,1195.5080399513245,-298.12514448165894,706.0030517578125,7.991603851318359,5.4976463,20.0,-1,4.5532775
3654,1320,1189.058943271637,752.8440670967102,699.553955078125,1058.9608154296875,5.3308806,14.0,-1,8.1364355
3191,1320,1530.9892411231995,422.5768551826477,1041.4842529296875,728.693603515625,2.817909,8.0,-1,15.708904
4158,1320,1610.6025223731995,433.78394746780396,1121.0975341796875,739.9006958007812,2.4027689,18.0,-1,0.9912888
4245,1320,1789.882429599762,461.4074215888977,1300.37744140625,767.524169921875,0.82535714,8.0,-1,7.570241
4040,1320,575.6821045875549,104.18467378616333,86.17711639404297,410.3014221191406,0.5293232,12.0,-1,3.6444774
4193,1320,946.4716324806213,574.1249508857727,456.9666442871094,880.24169921875,0.4928318,22.0,-1,2.0612004
2986,1320,1443.8168778419495,477.19691133499146,954.3118896484375,783.3136596679688,0.37322858,28.0,-1,3.5713885
2389,1320,1403.3239579200745,210.55775117874146,913.8189697265625,516.6744995117188,0.27127874,10.0,-1,2.5529647
0,1321,1573.9367203712463,764.7555356025696,1084.0364990234375,1071.245361328125,135.17867,10.0,1,27.34742
1,1321,1595.9259781837463,201.95609712600708,1106.0257568359375,508.4459228515625,53.04228,8.0,1,26.26432
4,1321,1347.3590836524963,-132.72960233688354,857.4588623046875,173.76022338867188,51.8221,8.0,1,28.293602
3,1321,1196.0153336524963,209.09861421585083,706.1151123046875,515.5884399414062,41.597633,8.0,1,20.928366
2,1321,1706.8054947853088,213.93278169631958,1216.9052734375,520.422607421875,35.17207,8.0,1,28.51282
4167,1321,1513.4523453712463,-286.912477016449,1023.5521240234375,19.577348709106445,22.011492,6.0,1,8.717853
4194,1321,1869.7262711524963,-63.49487638473511,1379.8260498046875,242.9949493408203,19.413502,6.0,1,3.8023062
1332,1321,674.0756669044495,563.6778988838196,184.17544555664062,870.167724609375,16.184065,10.0,-1,5.381837
3079,1321,1944.5666031837463,-2.62746000289917,1454.6663818359375,303.86236572265625,15.122646,6.0,1,3.046198
2032,1321,601.204939365387,-146.6411166191101,111.30471801757812,159.8487091064453,12.483231,6.0,1,22.536968
4264,1321,1194.0905289649963,-298.6239724159241,704.1903076171875,7.865853309631348,9.435763,20.0,-1,3.461305
3509,1321,2047.5177750587463,339.0884213447571,1557.6175537109375,645.5782470703125,8.492619,6.0,1,2.7387547
12,1321,1152.3411393165588,825.4364438056946,662.44091796875,1131.92626953125,7.611304,10.0,-1,24.564995
2281,1321,1831.4160904884338,-72.38830900192261,1341.515869140625,234.1015167236328,7.477674,8.0,-1,34.08248
8,1321,1241.7079606056213,351.4823422431946,751.8077392578125,657.97216796875,6.080483,16.0,-1,0.3186692
3654,1321,1189.1670060157776,756.4670834541321,699.2667846679688,1062.9569091796875,5.949581,12.0,-1,6.3897133
4158,1321,1609.4735856056213,432.4490170478821,1119.5733642578125,738.9388427734375,4.81171,10.0,1,0.93564296
3191,1321,1527.8937516212463,424.78721284866333,1037.9935302734375,731.2770385742188,3.1000469,8.0,-1,15.208264
4245,1321,1789.5724625587463,463.5011410713196,1299.6722412109375,769.990966796875,1.1290113,8.0,-1,9.811315
4193,1321,947.382429599762,570.7470517158508,457.4822082519531,877.2368774414062,0.6527651,22.0,-1,1.1821111
4040,1321,577.0175309181213,105.43211030960083,87.1173095703125,411.92193603515625,0.49372014,10.0,-1,4.1370964
2389,1321,1402.37757730484,208.90171480178833,912.4773559570312,515.3915405273438,0.34760985,10.0,-1,4.377056
0,1322,1576.0070328712463,764.0326428413391,1085.9459228515625,1070.58251953125,118.55206,10.0,1,27.821953
4,1322,1345.9804825782776,-132.85686826705933,855.9193725585938,173.69300842285156,60.99709,8.0,1,28.261507
3,1322,1194.2641129493713,209.2258801460266,704.2030029296875,515.7757568359375,55.74481,8.0,1,21.043612
1,1322,1598.2563004493713,202.9743847846985,1108.1951904296875,509.5242614746094,47.50426,8.0,1,23.34377
2,1322,1707.1149430274963,212.8944592475891,1217.0538330078125,519.4443359375,32.346367,8.0,1,27.309341
4194,1322,1870.0340104103088,-60.59272336959839,1379.972900390625,245.9571533203125,18.663027,6.0,1,5.3190327
1332,1322,674.9794144630432,561.6002087593079,184.91830444335938,868.1500854492188,17.755043,10.0,-1,5.213127
4167,1322,1511.8517594337463,-287.6832346916199,1021.7906494140625,18.866641998291016,15.108323,6.0,1,9.065549
3079,1322,1944.6165299415588,-3.0420947074890137,1454.555419921875,303.5077819824219,13.727929,6.0,1,5.461115
2032,1322,601.5274720191956,-146.33228635787964,111.46636199951172,160.21759033203125,10.459018,6.0,1,22.848644
12,1322,1154.0041031837463,825.1871838569641,663.9429931640625,1131.737060546875,7.5799384,10.0,-1,25.04981
8,1322,1238.887587070465,353.40758180618286,748.8264770507812,659.9574584960938,6.449966,16.0,-1,0.30112243
2281,1322,1831.3594498634338,-70.47013425827026,1341.29833984375,236.07974243164062,6.318205,8.0,-1,32.948696
3509,1322,2046.9108414649963,343.0012707710266,1556.8497314453125,649.5511474609375,5.665409,6.0,1,0.47669291
4264,1322,1192.9535660743713,-298.82997274398804,702.8924560546875,7.719903945922852,5.3467927,20.0,-1,2.8281703
3654,1322,1189.117079257965,757.8475842475891,699.0559692382812,1064.3974609375,5.160421,12.0,-1,6.6713448
3191,1322,1526.5712418556213,423.57091188430786,1036.5101318359375,730.1207885742188,4.354498,8.0,-1,17.290462
4158,1322,1607.4186539649963,434.2427258491516,1117.3575439453125,740.7926025390625,3.4086149,16.0,-1,0.03484583
4245,1322,1793.6817154884338,463.7439465522766,1303.62060546875,770.2938232421875,1.1087233,8.0,-1,8.476525
4193,1322,947.7191300392151,569.0933117866516,457.65802001953125,875.6431884765625,1.0003926,22.0,-1,0.7060829
2389,1322,1405.3457169532776,210.43919801712036,915.2846069335938,516.9890747070312,0.5018316,12.0,-1,3.7759175
4040,1322,576.9650864601135,103.50346803665161,86.90397644042969,410.0533447265625,0.36340368,10.0,-1,2.66727
2986,1322,1444.2520279884338,478.93639039993286,954.19091796875,785.4862670898438,0.18533503,10.0,-1,3.1943693
0,1323,1578.323835849762,762.8628430366516,1087.8868408203125,1070.2935791015625,137.95769,10.0,1,27.732714
4,1323,1346.639753818512,-133.44945859909058,856.2027587890625,173.9812774658203,69.48254,8.0,1,27.735691
3,1323,1192.5834794044495,208.44493532180786,702.146484375,515.8756713867188,58.721268,8.0,1,20.177393
1,1323,1600.5280594825745,201.499897480011,1110.091064453125,508.9306335449219,43.045033,8.0,1,25.016062
2,1323,1708.677351474762,214.14366579055786,1218.2403564453125,521.5744018554688,34.488354,8.0,1,26.323128
4194,1323,1873.1865067481995,-61.376811504364014,1382.74951171875,246.05392456054688,20.798683,6.0,1,2.8307004
2032,1323,599.7821640968323,-147.09717893600464,109.34516906738281,160.33355712890625,12.128217,6.0,1,22.014294
1332,1323,672.699339389801,561.0298962593079,182.26234436035156,868.4606323242188,11.527375,10.0,-1,2.5349493
4167,1323,1508.7863602638245,-289.0803294181824,1018.349365234375,18.350406646728516,10.635046,6.0,1,10.955845
12,1323,1154.8396439552307,826.4547619819641,664.4026489257812,1133.885498046875,8.510451,8.0,-1,28.05726
4264,1323,1192.707380771637,-296.07396841049194,702.2703857421875,11.356767654418945,7.9603558,20.0,-1,3.5666199
2281,1323,1829.179060459137,-73.42394590377808,1338.7420654296875,234.0067901611328,7.9092045,8.0,-1,32.584938
3509,1323,2046.9157547950745,345.74583864212036,1556.478759765625,653.1765747070312,7.862595,6.0,1,0.8473856
3079,1323,1946.5693192481995,-0.9979357719421387,1456.13232421875,306.43280029296875,7.1358986,6.0,1,4.7355456
3654,1323,1186.4879593849182,757.6620373725891,696.0509643554688,1065.0927734375,6.400105,14.0,-1,9.271126
8,1323,1240.888288974762,354.78929567337036,750.4512939453125,662.2200317382812,5.158787,6.0,1,1.9925947
4158,1323,1604.436140537262,436.7013440132141,1113.9991455078125,744.132080078125,4.098952,8.0,1,0.52881604
3191,1323,1523.7211747169495,423.61815309524536,1033.2841796875,731.0488891601562,2.48586,8.0,-1,15.986698
4245,1323,1796.2260575294495,464.7664074897766,1305.7890625,772.1971435546875,0.97698694,8.0,-1,10.095646
2389,1323,1406.072371006012,210.43919801712036,915.6353759765625,517.8699340820312,0.8422583,8.0,-1,5.481014
4193,1323,947.7191300392151,570.0693249702454,457.2821350097656,877.5000610351562,0.5365924,22.0,-1,0.95388573
4040,1323,576.4949555397034,101.37105226516724,86.0579605102539,408.8017883300781,0.31116012,10.0,-1,3.2229357
2986,1323,1439.675642490387,480.3093762397766,949.2386474609375,787.7401123046875,0.20248334,28.0,-1,3.7593307
0,1324,1577.2038407325745,762.3666272163391,1086.2850341796875,1069.747314453125,123.05836,10.0,1,26.41175
4,1324,1346.8549637794495,-133.44945859909058,855.9361572265625,173.9312286376953,77.7265,8.0,1,29.058336
1,1324,1600.491560459137,200.9125256538391,1109.57275390625,508.293212890625,46.33169,8.0,1,25.383888
3,1324,1192.7587723731995,207.23082399368286,701.8399658203125,514.6115112304688,40.08734,8.0,1,22.90307
2,1324,1711.042829990387,213.65843629837036,1220.1240234375,521.0391235351562,32.078876,8.0,1,28.285423
1332,1324,673.4770340919495,562.1261487007141,182.5582275390625,869.5068359375,18.094942,10.0,-1,5.4061537
4194,1324,1873.0954422950745,-62.606791973114014,1382.1766357421875,244.77389526367188,15.089177,6.0,1,5.2253723
4167,1324,1506.8591752052307,-291.40026903152466,1015.9403686523438,15.98041820526123,13.036709,6.0,1,10.165043
4264,1324,1192.7534623146057,-294.91896867752075,701.8346557617188,12.461718559265137,12.0853,20.0,-1,3.1088474
3079,1324,1948.766218662262,0.46809816360473633,1457.847412109375,307.8487854003906,10.851093,6.0,1,3.5342271
2032,1324,601.2615113258362,-145.9477038383484,110.34270477294922,161.4329833984375,9.97952,6.0,1,21.192772
3654,1324,1186.0420365333557,756.9913830757141,695.1232299804688,1064.3720703125,7.7108827,14.0,-1,9.171448
3509,1324,2049.681501865387,344.67613649368286,1558.7626953125,652.0568237304688,7.2575893,6.0,1,1.0763128
8,1324,1239.229109287262,356.01036500930786,748.310302734375,663.3910522460938,6.663622,6.0,1,0.68947434
2281,1324,1828.4758133888245,-70.57299375534058,1337.5570068359375,236.8076934814453,5.340773,8.0,-1,31.08155
4158,1324,1602.636335849762,436.56993532180786,1111.717529296875,743.9506225585938,4.79157,8.0,1,0.20652089
12,1324,1155.9989457130432,825.3677258491516,665.0801391601562,1132.7484130859375,4.6536365,8.0,-1,26.46453
3191,1324,1523.751814365387,420.69664430618286,1032.8330078125,728.0773315429688,2.341211,8.0,-1,13.119155
2389,1324,1409.8922562599182,210.77647829055786,918.9734497070312,518.1571655273438,1.0282229,8.0,-1,6.9912205
4193,1324,944.0171341896057,571.9853405952454,453.09832763671875,879.3660278320312,0.6895564,24.0,-1,1.4783906
4245,1324,1796.2260575294495,465.7075695991516,1305.3072509765625,773.0882568359375,0.6808248,8.0,-1,8.253897
2986,1324,1439.2485184669495,482.3623547554016,948.3297119140625,789.7430419921875,0.37972817,10.0,-1,2.908902
4040,1324,575.7965149879456,107.33131837844849,84.8777084350586,414.7120056152344,0.29291728,16.0,-1,3.3059373
0,1325,1576.500593662262,762.5251202583313,1084.260986328125,1069.9969482421875,96.79,10.0,1,26.114885
4,1325,1346.225691318512,-133.44945859909058,853.986083984375,174.02236938476562,76.75533,8.0,1,29.529594
1,1325,1598.287214756012,200.5763897895813,1106.047607421875,508.0482177734375,74.60403,8.0,1,25.22946
3,1325,1192.2699418067932,206.57059144973755,700.0303344726562,514.0424194335938,50.58605,8.0,1,21.74252
2,1325,1712.297224521637,214.33597230911255,1220.0576171875,521.8078002929688,46.72407,8.0,1,27.02008
1332,1325,673.9775986671448,560.9548077583313,181.7379913330078,868.4266357421875,17.893465,10.0,-1,4.4153385
4194,1325,1872.040144443512,-62.185466289520264,1379.800537109375,245.28636169433594,13.3825035,6.0,1,4.0113096
4167,1325,1505.7527298927307,-291.4082064628601,1013.5131225585938,16.063621520996094,11.912511,6.0,1,11.118937
3079,1325,1950.055281162262,0.5903668403625488,1457.815673828125,308.06219482421875,9.785111,6.0,1,4.6338043
2032,1325,603.2348160743713,-145.99679136276245,110.99520874023438,161.47503662109375,8.54127,8.0,1,20.449791
12,1325,1157.9299149513245,824.5433087348938,665.6903076171875,1132.01513671875,8.013709,8.0,-1,29.110542
4264,1325,1188.9759964942932,-292.6352858543396,696.7363891601562,14.836542129516602,7.9133086,20.0,-1,4.587421
2281,1325,1828.4758133888245,-67.45273923873901,1336.2362060546875,240.0190887451172,7.87854,8.0,-1,32.75921
3509,1325,2052.0075516700745,343.80887269973755,1559.7679443359375,651.2807006835938,7.379726,6.0,1,0.0126674175
4158,1325,1602.5051102638245,433.28250551223755,1110.2655029296875,740.7543334960938,4.9491177,8.0,1,0.35334492
8,1325,1238.445906162262,355.9850811958313,746.206298828125,663.4569091796875,4.8695893,6.0,1,1.6561663
3654,1325,1185.727400302887,757.4811749458313,693.48779296875,1064.9530029296875,3.9606419,14.0,-1,7.5321717
3191,1325,1527.8290848731995,419.4856915473938,1035.5894775390625,726.95751953125,2.3538811,10.0,-1,11.270993
2389,1325,1411.3133988380432,214.7270245552063,919.0737915039062,522.1988525390625,1.1690892,10.0,-1,6.2052164
4193,1325,942.6287064552307,573.3340802192688,450.38909912109375,880.805908203125,1.1356305,20.0,-1,0.36021787
4245,1325,1798.2748856544495,464.3724102973938,1306.0352783203125,771.84423828125,0.7755842,8.0,-1,9.480849
4040,1325,578.719488620758,107.48541688919067,86.4798812866211,414.9572448730469,0.46212706,10.0,-1,3.2473972
2986,1325,1440.0793290138245,485.02908754348755,947.8397216796875,792.5009155273438,0.37352374,28.0,-1,4.0269995
0,1326,1574.532087802887,762.1245465278625,1082.0474853515625,1069.611083984375,97.966774,10.0,1,26.014181
4,1326,1346.4332718849182,-133.48983335494995,853.9486694335938,173.9967041015625,88.83291,8.0,1,29.7117
1,1326,1599.646345615387,201.81250429153442,1107.1617431640625,509.2990417480469,41.635838,8.0,1,24.279907
2,1326,1710.833845615387,213.19546937942505,1218.3492431640625,520.6820068359375,38.874947,8.0,1,27.194107
3,1326,1192.3378129005432,205.5590558052063,699.8532104492188,513.0455932617188,31.08374,8.0,1,21.97267
4194,1326,1871.211531162262,-61.57038450241089,1378.7269287109375,245.91615295410156,17.900408,6.0,1,2.9749022
4167,1326,1506.5532059669495,-290.0464949607849,1014.068603515625,17.44004249572754,16.969835,6.0,1,10.360694
1332,1326,672.2334122657776,556.8020977973938,179.74880981445312,864.2886352539062,13.628537,10.0,-1,4.57847
2032,1326,603.4088807106018,-147.29650449752808,110.92427825927734,160.19003295898438,9.960748,6.0,1,21.685219
3079,1326,1950.4770340919495,2.059055805206299,1457.992431640625,309.54559326171875,9.946698,6.0,1,4.2799797
8,1326,1238.8114457130432,356.61819887161255,746.3268432617188,664.104736328125,9.685695,8.0,1,1.5816498
4264,1326,1186.4148392677307,-292.6352858543396,693.9302368164062,14.851251602172852,8.232774,20.0,-1,5.52098
3509,1326,2051.441267490387,342.5962872505188,1558.9566650390625,650.0828247070312,8.023307,6.0,1,1.0312684
2281,1326,1828.4758133888245,-69.11663389205933,1335.9912109375,238.36990356445312,7.6483574,8.0,-1,33.390335
12,1326,1155.8688797950745,822.7713971138,663.38427734375,1130.2579345703125,6.6623673,10.0,-1,25.044931
3654,1326,1181.1800980567932,760.192539691925,688.6954956054688,1067.6790771484375,5.5652347,14.0,-1,7.894086
4158,1326,1602.787947177887,431.90982484817505,1110.3033447265625,739.3963623046875,4.241326,8.0,1,0.1485436
3191,1326,1527.758894443512,419.89786195755005,1035.2742919921875,727.3843994140625,2.0593731,10.0,-1,10.321845
4245,1326,1796.1318192481995,470.46561098098755,1303.647216796875,777.9521484375,1.5216565,8.0,-1,10.362219
4193,1326,940.1793351173401,574.3865094184875,447.6947326660156,881.873046875,1.2023817,20.0,-1,0.6519395
2389,1326,1413.1916947364807,213.9967999458313,920.7070922851562,521.4833374023438,0.8070695,10.0,-1,4.381851
2986,1326,1440.956892490387,487.92300844192505,948.4722900390625,795.4095458984375,0.6154241,28.0,-1,4.2862463
4040,1326,580.8824524879456,108.81323671340942,88.3978500366211,416.2997741699219,0.54591906,12.0,-1,3.847941
0,1327,1574.984236240387,760.5449090003967,1082.3319091796875,1068.3360595703125,101.36477,10.0,1,26.447386
1,1327,1598.661970615387,202.1249566078186,1106.0096435546875,509.9161071777344,76.454865,8.0,1,23.589245
4,1327,1346.4972367286682,-133.68392705917358,853.8449096679688,174.1072235107422,60.910385,8.0,1,30.049213
2,1327,1710.833845615387,210.84514093399048,1218.1815185546875,518.6362915039062,44.05327,8.0,1,27.603275
3,1327,1194.0936722755432,204.04594659805298,701.4413452148438,511.83709716796875,36.2752,8.0,1,21.825197
1332,1327,672.5386643409729,554.275194644928,179.88633728027344,862.0663452148438,23.445295,10.0,-1,6.30976
4194,1327,1870.0234208106995,-61.98280096054077,1377.37109375,245.808349609375,16.569292,6.0,1,4.09016
3509,1327,2049.0541825294495,343.728807926178,1556.40185546875,651.5199584960938,13.773133,6.0,1,0.43278384
3079,1327,1951.171003818512,0.16368341445922852,1458.5186767578125,307.954833984375,13.602467,6.0,1,4.668377
4167,1327,1508.0085282325745,-288.6195921897888,1015.356201171875,19.171558380126953,10.580295,6.0,1,12.747641
4264,1327,1184.2425980567932,-292.6352858543396,691.5902709960938,15.155864715576172,8.769748,20.0,-1,4.5332503
8,1327,1239.0127396583557,357.679979801178,746.3604125976562,665.4711303710938,8.723371,16.0,-1,0.017447308
2032,1327,602.5163865089417,-147.02094793319702,109.86405944824219,160.77020263671875,8.556212,8.0,1,22.154594
2281,1327,1828.5419754981995,-69.86868047714233,1335.8896484375,237.92247009277344,8.41475,8.0,-1,31.833508
12,1327,1154.5890336036682,822.1970086097717,661.9367065429688,1129.9881591796875,6.35157,8.0,-1,30.934145
3654,1327,1178.199324131012,761.6996941566467,685.5469970703125,1069.4908447265625,6.151468,14.0,-1,7.02786
4158,1327,1602.193708896637,431.124804019928,1109.5413818359375,738.9159545898438,4.48794,16.0,-1,0.35456496
3191,1327,1528.555281162262,417.868944644928,1035.9029541015625,725.6600952148438,3.1115944,8.0,-1,12.102888
4245,1327,1795.2553544044495,473.961229801178,1302.60302734375,781.7523803710938,0.91588354,8.0,-1,9.928552
4193,1327,940.7931962013245,574.5606560707092,448.140869140625,882.351806640625,0.63134444,4.0,-1,0.16875558
2389,1327,1415.2860550880432,217.99785089492798,922.6337280273438,525.7890014648438,0.43403235,10.0,-1,3.9771948
2986,1327,1440.894880771637,492.1420159339905,948.2425537109375,799.9331665039062,0.3205062,28.0,-1,4.084326
4040,1327,580.4842591285706,109.9633355140686,87.8319320678711,417.7544860839844,0.31765583,10.0,-1,2.9353557
0,1328,1576.7346024513245,761.7601189613342,1083.9605712890625,1069.7718505859375,135.31068,10.0,1,26.656864
1,1328,1598.683699131012,199.94560480117798,1105.90966796875,507.95733642578125,71.506676,8.0,1,25.095993
3,1328,1194.7283158302307,204.04594659805298,701.9542846679688,512.0576782226562,46.46486,8.0,1,22.336338
4,1328,1348.667829990387,-135.22051763534546,855.893798828125,172.7912139892578,44.1339,8.0,1,28.800732
2,1328,1711.414167881012,209.60808038711548,1218.64013671875,517.6198120117188,27.797567,8.0,1,27.005667
4194,1328,1868.943464756012,-62.074491024017334,1376.16943359375,245.93724060058594,26.883636,6.0,1,3.4461436
1332,1328,672.6057724952698,554.330614566803,179.8317413330078,862.3423461914062,20.21623,10.0,-1,7.047771
4167,1328,1508.8822464942932,-286.78119230270386,1016.1082153320312,21.230539321899414,18.477114,6.0,1,12.807335
12,1328,1154.261091709137,821.9482293128967,661.487060546875,1129.9599609375,11.210225,8.0,-1,32.98576
3079,1328,1951.9296708106995,1.6857476234436035,1459.1556396484375,309.6974792480469,11.168243,6.0,1,3.0461485
2032,1328,600.8357071876526,-147.4298529624939,108.06167602539062,160.58187866210938,9.772468,6.0,1,21.03965
3509,1328,2049.0541825294495,342.759569644928,1556.2801513671875,650.7713012695312,8.752241,6.0,1,1.9566605
3654,1328,1175.2673172950745,762.0027947425842,682.4932861328125,1070.0145263671875,7.2710514,14.0,-1,7.262864
8,1328,1237.8699173927307,361.164110660553,745.0958862304688,669.1758422851562,7.072415,16.0,-1,0.185179
2281,1328,1825.344099521637,-69.62769842147827,1332.570068359375,238.384033203125,5.5996957,8.0,-1,32.16899
4264,1328,1184.7348465919495,-291.6271605491638,691.9608154296875,16.384571075439453,5.5220103,20.0,-1,4.235514
4158,1328,1600.8315262794495,431.036425113678,1108.0574951171875,739.0481567382812,4.5645623,8.0,1,0.38152328
3191,1328,1531.929792881012,414.2699456214905,1039.15576171875,722.2816772460938,2.6172884,10.0,-1,10.148903
4193,1328,935.0810685157776,575.3604607582092,442.3070373535156,883.3721923828125,1.5262499,22.0,-1,0.85629654
4245,1328,1793.530867099762,474.602587223053,1300.7568359375,782.6143188476562,0.9673326,8.0,-1,9.962549
2986,1328,1437.7436966896057,490.335497379303,944.9696655273438,798.3472290039062,0.93483263,10.0,-1,4.2681837
2389,1328,1415.529402256012,219.84324884414673,922.75537109375,527.85498046875,0.4866768,14.0,-1,4.2411933
4040,1328,579.4018769264221,108.92369318008423,86.62784576416016,416.9354248046875,0.2537854,12.0,-1,2.5377626
0,1329,1579.445906162262,761.7601189613342,1085.958740234375,1069.74462890625,133.97852,10.0,1,27.195883
4,1329,1349.441999912262,-135.89838933944702,855.954833984375,172.08612060546875,65.37296,8.0,1,29.653423
1,1329,1599.560408115387,198.60194635391235,1106.0732421875,506.5864562988281,51.895084,8.0,1,23.874817
2,1329,1711.414167881012,209.13231134414673,1217.927001953125,517.1168212890625,43.092907,8.0,1,28.203085
3,1329,1195.3002762794495,205.47227716445923,701.8131103515625,513.456787109375,31.53469,8.0,1,23.150974
4194,1329,1868.465681552887,-63.471890926361084,1374.978515625,244.5126190185547,19.180033,6.0,1,3.6879096
1332,1329,671.0537247657776,554.983690738678,177.56655883789062,862.9682006835938,18.552929,10.0,-1,5.375137
4167,1329,1509.2568192481995,-286.96596097946167,1015.7696533203125,21.0185489654541,17.022345,6.0,1,10.002756
3079,1329,1953.0612626075745,1.1359429359436035,1459.5740966796875,309.1204528808594,13.921401,6.0,1,3.26122
8,1329,1237.8120560646057,365.324022769928,744.3248901367188,673.3085327148438,8.97046,16.0,-1,0.3945939
3509,1329,2051.711287021637,339.88560724258423,1558.22412109375,647.8701171875,8.255212,6.0,1,1.61414
3654,1329,1171.510847568512,763.0434441566467,678.023681640625,1071.0279541015625,7.3512797,14.0,-1,7.717639
2032,1329,600.4650330543518,-147.46601629257202,106.97786712646484,160.51849365234375,6.4429812,8.0,1,19.129908
4264,1329,1182.2929520606995,-290.69329595565796,688.8057861328125,17.291213989257812,6.3290825,20.0,-1,4.319165
12,1329,1152.674421787262,821.3550896644592,659.187255859375,1129.339599609375,6.0359383,8.0,-1,31.439423
2281,1329,1825.083113193512,-68.58242559432983,1331.595947265625,239.40208435058594,5.60322,8.0,-1,26.41252
4158,1329,1602.256941318512,431.73985528945923,1108.769775390625,739.724365234375,3.696183,18.0,-1,0.5251938
4245,1329,1791.4343094825745,475.687059879303,1297.9471435546875,783.6715698242188,1.7708163,8.0,-1,11.691807
3191,1329,1533.8867020606995,413.384569644928,1040.3995361328125,721.3690795898438,1.5336632,10.0,-1,6.63704
4193,1329,937.3726029396057,578.4468865394592,443.88543701171875,886.431396484375,1.4765329,22.0,-1,0.89823365
2986,1329,1437.381697177887,490.364550113678,943.89453125,798.3490600585938,0.7527692,10.0,-1,4.53654
2389,1329,1418.2998490333557,219.27879571914673,924.8126831054688,527.2633056640625,0.6696958,10.0,-1,4.7989016
4040,1329,575.8363251686096,112.9135308265686,82.34915924072266,420.8980407714844,0.2818136,28.0,-1,2.8331344
0,1330,1580.4462113380432,763.746630191803,1086.2974853515625,1071.911865234375,114.80721,10.0,1,26.084028
4,1330,1349.441999912262,-136.09888982772827,855.2932739257812,172.06634521484375,56.76224,8.0,1,28.903955
1,1330,1600.1284623146057,197.33757257461548,1105.979736328125,505.5028076171875,55.488857,8.0,1,23.6707
3,1330,1194.093611240387,205.83116388320923,699.9448852539062,513.9963989257812,50.969433,8.0,1,22.31305
2,1330,1709.7266068458557,211.17070245742798,1215.577880859375,519.3359375,30.081041,8.0,1,27.510427
1332,1330,670.1015763282776,557.2006096839905,175.95285034179688,865.3658447265625,21.427725,10.0,-1,7.9015045
4194,1330,1869.9954056739807,-61.985745906829834,1375.8466796875,246.1794891357422,16.98924,6.0,1,3.8636827
3079,1330,1953.9120316505432,1.1359429359436035,1459.7633056640625,309.3011779785156,12.998806,6.0,1,4.5241218
4167,1330,1506.4487748146057,-289.3089861869812,1012.300048828125,18.85624885559082,10.887656,6.0,1,10.398171
2032,1330,599.6062378883362,-149.25991582870483,105.45751190185547,158.9053192138672,9.97716,6.0,1,20.775833
3654,1330,1168.8050980567932,765.436083316803,674.6563720703125,1073.601318359375,8.649335,16.0,-1,8.805169
4264,1330,1178.1219925880432,-292.12785482406616,683.9732666015625,16.03738021850586,8.207883,20.0,-1,5.095728
3509,1330,2054.615889072418,338.87193536758423,1560.4671630859375,647.0371704101562,7.219624,6.0,1,1.0368738
12,1330,1151.280134677887,821.1061272621155,657.1314086914062,1129.2713623046875,6.9604397,10.0,-1,31.24605
2281,1330,1826.0222611427307,-70.32093572616577,1331.87353515625,237.84429931640625,5.9586043,10.0,-1,21.58128
8,1330,1235.396833896637,366.18944025039673,741.2481079101562,674.3546752929688,5.847508,16.0,-1,0.85129654
4158,1330,1603.3461136817932,431.6307854652405,1109.1973876953125,739.7960205078125,2.7716682,20.0,-1,1.7226706
4245,1330,1791.9901566505432,475.834520816803,1297.8414306640625,783.999755859375,1.6760517,8.0,-1,11.3173275
3191,1330,1534.7628617286682,412.96287775039673,1040.6141357421875,721.1281127929688,0.9777456,10.0,-1,6.513607
2389,1330,1421.6532425880432,221.71696710586548,927.5045166015625,529.8822021484375,0.8142014,18.0,-1,4.4353557
4193,1330,936.3810257911682,582.4765496253967,442.2322998046875,890.6417846679688,0.71106285,18.0,-1,1.3497401
2986,1330,1436.7622513771057,489.1405510902405,942.613525390625,797.3057861328125,0.36754128,10.0,-1,4.5306096
4040,1330,576.2082276344299,116.3398003578186,82.05950164794922,424.5050354003906,0.19262618,12.0,-1,2.0413003
0,1331,1578.998655796051,764.6667656898499,1084.3515625,1072.8671875,92.25582,10.0,1,26.749474
4,1331,1350.7228379249573,-136.09888982772827,856.0757446289062,172.10153198242188,69.26235,8.0,1,29.238201
1,1331,1600.6901841163635,195.70311212539673,1106.0430908203125,503.9035339355469,64.98689,8.0,1,23.490211
3,1331,1194.7322373390198,204.1332573890686,700.0851440429688,512.3336791992188,42.0696,8.0,1,21.930576
2,1331,1707.047239780426,212.18690729141235,1212.400146484375,520.3873291015625,24.981348,8.0,1,28.431814
4194,1331,1869.3193345069885,-62.42100286483765,1374.6722412109375,245.7794189453125,21.536057,6.0,1,3.7799182
1332,1331,671.1191697120667,557.2041802406311,176.47207641601562,865.4046020507812,15.076795,10.0,-1,4.2287035
3509,1331,2058.8920884132385,335.4980034828186,1564.2449951171875,643.6984252929688,14.008054,6.0,1,1.478101
4167,1331,1504.4497666358948,-289.4614005088806,1009.8026733398438,18.73902130126953,13.522419,6.0,1,10.775606
2032,1331,600.2058396339417,-146.1918921470642,105.55874633789062,162.00852966308594,11.849004,6.0,1,22.257584
3079,1331,1954.615599155426,-2.0309576988220215,1459.968505859375,306.1694641113281,11.669121,6.0,1,4.778414
4264,1331,1177.1345200538635,-290.6710867881775,682.4874267578125,17.529335021972656,9.978124,20.0,-1,4.9601784
3654,1331,1166.812376499176,767.3014092445374,672.165283203125,1075.5018310546875,9.75893,14.0,-1,9.116327
8,1331,1234.5911240577698,370.1929497718811,739.9440307617188,678.3933715820312,8.5245495,16.0,-1,1.1439391
12,1331,1148.3892197608948,820.2712578773499,653.7421264648438,1128.4716796875,5.586863,8.0,-1,33.063313
4158,1331,1601.5266098976135,434.9654107093811,1106.8795166015625,743.1658325195312,3.834091,18.0,-1,2.0563326
2281,1331,1824.584837436676,-71.40525579452515,1329.937744140625,236.795166015625,3.1336825,10.0,-1,15.635668
4193,1331,940.1099534034729,583.8066582679749,445.4628601074219,892.007080078125,1.3073573,22.0,-1,1.3943405
3191,1331,1536.423216342926,409.20436334609985,1041.776123046875,717.40478515625,1.284875,12.0,-1,6.105464
4245,1331,1796.044554233551,472.58339166641235,1301.3974609375,780.7838134765625,0.8564215,8.0,-1,10.649428
2389,1331,1419.6714463233948,222.90797662734985,925.0243530273438,531.1083984375,0.659113,20.0,-1,5.2409964
2986,1331,1436.8146347999573,488.5258355140686,942.1675415039062,796.7262573242188,0.5789196,12.0,-1,4.577992
4040,1331,576.2082276344299,116.54851007461548,81.5611343383789,424.7489318847656,0.22766869,10.0,-1,2.6715987
0,1332,1578.9048447608948,766.725145816803,1083.614990234375,1075.0625,98.82148,10.0,1,27.224957
3,1332,1195.5210556983948,203.72386407852173,700.231201171875,512.0612182617188,51.4025,8.0,1,20.97225
1,1332,1601.7499375343323,193.4964165687561,1106.4600830078125,501.8337707519531,50.265316,8.0,1,22.934593
4,1332,1352.284056186676,-134.7881293296814,856.9942016601562,173.54922485351562,33.193493,8.0,1,27.086172
2,1332,1707.1410508155823,212.19761896133423,1211.8511962890625,520.5349731445312,33.023872,8.0,1,27.648495
1332,1332,671.5384659767151,559.1059441566467,176.2486114501953,867.4432983398438,20.04617,10.0,-1,2.8800054
4194,1332,1869.4157090187073,-63.92268133163452,1374.1258544921875,244.4146728515625,19.074886,6.0,1,4.980838
3079,1332,1953.6309189796448,-4.6437201499938965,1458.341064453125,303.6936340332031,17.127476,6.0,1,3.2423882
4167,1332,1501.1195664405823,-288.5442900657654,1005.8297119140625,19.79306411743164,11.8470545,6.0,1,12.295811
4264,1332,1175.2707505226135,-291.6468024253845,679.9808959960938,16.6905517578125,9.547698,20.0,-1,5.5595937
3509,1332,2059.53497171402,335.48729181289673,1564.2451171875,643.8246459960938,9.140052,6.0,1,1.5730029
3654,1332,1165.9567246437073,767.5216546058655,670.6668701171875,1075.8590087890625,7.7572675,14.0,-1,8.317619
2032,1332,600.6999878883362,-148.08355474472046,105.4101333618164,160.25379943847656,7.7217174,6.0,1,21.372341
8,1332,1235.9846787452698,373.09068536758423,740.69482421875,681.4280395507812,7.7159486,18.0,-1,0.7359422
12,1332,1145.2692856788635,821.376513004303,649.9794311523438,1129.7138671875,7.401888,10.0,-1,27.320147
4158,1332,1601.0170273780823,436.3190178871155,1105.7271728515625,744.6563720703125,3.9102757,18.0,-1,1.7324038
2281,1332,1821.9689316749573,-71.6177191734314,1326.6790771484375,236.71963500976562,3.3710096,12.0,-1,14.663914
4245,1332,1797.3384385108948,471.852831363678,1302.048583984375,780.190185546875,1.4667281,8.0,-1,11.097105
3191,1332,1536.0983262062073,409.49876642227173,1040.8084716796875,717.8361206054688,1.2063822,14.0,-1,6.1690865
4193,1332,939.9876389503479,583.7393670082092,444.6977844238281,892.0767211914062,0.9676536,20.0,-1,0.9489194
2986,1332,1435.054808139801,487.827684879303,939.7649536132812,796.1650390625,0.8677197,10.0,-1,4.003989
2389,1332,1419.8121933937073,223.82615900039673,924.5223388671875,532.1635131835938,0.56735367,14.0,-1,4.879284
0,1333,1578.9600205421448,768.3744835853577,1083.111572265625,1077.385498046875,88.08154,10.0,1,27.213541
4,1333,1352.089476108551,-135.05941534042358,856.2410278320312,173.95159912109375,52.82518,8.0,1,27.722658
1,1333,1602.2293076515198,192.58993768692017,1106.380859375,501.6009521484375,45.5761,8.0,1,22.043938
3,1333,1195.7775254249573,203.09939813613892,699.9290771484375,512.1104125976562,42.41131,8.0,1,23.247433
4194,1333,1870.1362900733948,-65.36230230331421,1374.287841796875,243.64871215820312,24.872742,6.0,1,0.8683884
2,1333,1707.9302353858948,210.67148065567017,1212.081787109375,519.6824951171875,21.861769,8.0,1,26.667618
1332,1333,673.6799759864807,559.3859581947327,177.83152770996094,868.39697265625,16.779316,10.0,-1,6.195231
3079,1333,1953.9363389015198,-6.836118221282959,1458.087890625,302.1748962402344,12.356013,6.0,1,4.10426
4167,1333,1501.6781601905823,-286.4216876029968,1005.8297119140625,22.589326858520508,11.043331,6.0,1,12.259856
4264,1333,1172.2700791358948,-290.2838034629822,676.421630859375,18.727210998535156,10.556291,20.0,-1,5.9779058
3509,1333,2059.47979593277,333.4957604408264,1563.63134765625,642.5067749023438,9.6474285,6.0,1,2.444666
12,1333,1143.0534653663635,823.9440636634827,647.2050170898438,1132.955078125,8.955371,10.0,-1,27.573294
2032,1333,599.5347275733948,-150.68623113632202,103.686279296875,158.3247833251953,8.822184,6.0,1,20.787432
3654,1333,1166.9653916358948,770.6381554603577,671.116943359375,1079.649169921875,7.603084,14.0,-1,7.9156885
8,1333,1235.4601426124573,375.1095299720764,739.6116943359375,684.1205444335938,6.2770505,8.0,1,1.1626568
2281,1333,1822.2498154640198,-72.67329168319702,1326.4013671875,236.3377227783203,4.6407924,10.0,-1,16.253899
4158,1333,1603.1791367530823,436.59030389785767,1107.3306884765625,745.601318359375,3.1006632,20.0,-1,2.5932415
4245,1333,1796.5551133155823,473.3324303627014,1300.7066650390625,782.3434448242188,1.2720042,8.0,-1,10.169258
3191,1333,1535.5734238624573,408.58163690567017,1039.7249755859375,717.5926513671875,1.2463604,14.0,-1,4.7779236
4193,1333,939.3342270851135,585.2251305580139,443.48577880859375,894.2361450195312,0.66209453,22.0,-1,1.3728437
2986,1333,1433.9583115577698,486.57113885879517,938.10986328125,795.5821533203125,0.5888762,10.0,-1,3.9279737
4040,1333,576.7862229347229,112.56048822402954,80.93777465820312,421.5715026855469,0.3720233,10.0,-1,3.2847238
2389,1333,1416.8151230812073,225.08310174942017,920.9666748046875,534.0941162109375,0.2972426,14.0,-1,3.4273806
0,1334,1580.191496372223,768.0471615791321,1083.286865234375,1078.0142822265625,111.577324,10.0,1,27.854109
4,1334,1351.0209031105042,-135.9100375175476,854.1162719726562,174.0570831298828,58.756817,8.0,1,29.21329
1,1334,1602.831144809723,194.19984102249146,1105.926513671875,504.1669616699219,57.384174,8.0,1,25.711626
3,1334,1196.9625535011292,203.94627046585083,700.0579223632812,513.9133911132812,48.21861,8.0,1,22.500633
2,1334,1707.713713169098,210.64085054397583,1210.80908203125,520.6079711914062,29.069448,8.0,1,27.261074
4194,1334,1871.461515903473,-66.18426847457886,1374.556884765625,243.78285217285156,23.205843,6.0,1,1.3119919
3079,1334,1956.583830356598,-6.43226957321167,1459.67919921875,303.53485107421875,17.47532,6.0,1,1.7912958
1332,1334,672.7868943214417,556.5583310127258,175.88226318359375,866.5254516601562,17.464668,10.0,-1,5.0157204
4167,1334,1501.0726609230042,-286.4216876029968,1004.1680297851562,23.545433044433594,14.814179,6.0,1,12.239105
4264,1334,1171.3876633644104,-290.1575846672058,674.4830322265625,19.80953598022461,10.990864,18.0,-1,4.841881
2032,1334,602.4351181983948,-151.89955472946167,105.53048706054688,158.06756591796875,8.815037,6.0,1,18.97869
3654,1334,1167.835539340973,770.2975277900696,670.930908203125,1080.2646484375,8.593177,14.0,-1,8.613559
12,1334,1144.7414841651917,826.2089047431946,647.8368530273438,1136.176025390625,8.204673,10.0,-1,33.58761
3509,1334,2055.789885044098,333.3621029853821,1558.88525390625,643.3292236328125,8.037802,6.0,1,1.3363898
8,1334,1235.3634324073792,374.8334164619446,738.4588012695312,684.800537109375,7.5877357,16.0,-1,0.53174573
2281,1334,1824.703947544098,-70.72896146774292,1327.79931640625,239.2381591796875,4.8361506,10.0,-1,19.803642
4158,1334,1605.2406907081604,441.85252046585083,1108.3360595703125,751.8196411132812,3.0327733,18.0,-1,3.050136
4245,1334,1792.012785434723,473.68955659866333,1295.108154296875,783.6566772460938,1.3820072,8.0,-1,10.851851
4193,1334,939.3342270851135,585.9879574775696,442.4295959472656,895.955078125,1.0931062,22.0,-1,1.1769739
3191,1334,1534.728849887848,408.71934175491333,1037.82421875,718.6864624023438,0.9398996,14.0,-1,5.271717
2986,1334,1432.9630417823792,485.35935640335083,936.0584106445312,795.3264770507812,0.6926084,10.0,-1,3.8130078
0,1335,1577.9369797706604,766.5394101142883,1080.27734375,1076.5460205078125,81.178566,10.0,1,27.160133
4,1335,1351.2700486183167,-134.17544889450073,853.6104125976562,175.83116149902344,45.514404,8.0,1,29.051928
1,1335,1601.6830735206604,193.20866060256958,1104.0234375,503.21527099609375,35.932396,8.0,1,23.033163
2,1335,1707.713713169098,211.47446870803833,1210.0540771484375,521.4810791015625,35.118607,8.0,1,28.047018
3,1335,1197.4920945167542,204.79612398147583,699.8324584960938,514.802734375,32.47607,8.0,1,23.023632
3079,1335,1959.5207200050354,-7.916736125946045,1461.861083984375,302.0898742675781,20.537897,12.0,-1,6.4429317
4194,1335,1873.538176059723,-68.22398710250854,1375.8785400390625,241.78262329101562,19.608335,6.0,1,3.939231
1332,1335,676.1225419044495,555.7411313056946,178.46290588378906,865.7477416992188,14.531547,10.0,-1,4.898171
4167,1335,1499.716886997223,-286.4451594352722,1002.0572509765625,23.561450958251953,13.735499,6.0,1,13.740612
4264,1335,1173.3994431495667,-291.316472530365,675.7398071289062,18.69013786315918,13.531879,20.0,-1,3.7419024
8,1335,1234.267912387848,375.96055269241333,736.6082763671875,685.9671630859375,11.393685,8.0,1,0.3038569
12,1335,1145.4136033058167,824.8268857002258,647.7539672851562,1134.83349609375,8.777703,8.0,-1,34.516678
2032,1335,602.3766160011292,-152.05318021774292,104.71697998046875,157.95343017578125,8.732171,6.0,1,21.04833
3509,1335,2052.061125278473,334.5489926338196,1554.4014892578125,644.5556030273438,7.42145,6.0,1,2.4600935
3654,1335,1168.3368821144104,772.3689999580383,670.67724609375,1082.3756103515625,7.1369095,14.0,-1,7.715611
4158,1335,1606.175871372223,447.5348324775696,1108.5162353515625,757.5414428710938,5.414063,18.0,-1,1.7464123
2281,1335,1822.9948410987854,-70.30562162399292,1325.335205078125,239.70098876953125,5.2449384,10.0,-1,21.345766
3191,1335,1534.4108567237854,407.0134701728821,1036.751220703125,717.0200805664062,1.1125869,18.0,-1,4.9887123
4245,1335,1789.8427414894104,474.37156343460083,1292.18310546875,784.378173828125,1.0658796,8.0,-1,10.444345
4193,1335,938.0358567237854,586.0306820869446,440.376220703125,896.0372924804688,0.5873987,22.0,-1,1.077672
4305,1335,1419.6052536964417,214.36204195022583,921.9456176757812,524.36865234375,0.49370524,14.0,-1,2.4209785
2986,1335,1434.699064731598,485.35935640335083,937.0394287109375,795.365966796875,0.43142152,10.0,-1,4.2538733
4040,1335,577.9211564064026,115.54002046585083,80.26152038574219,425.546630859375,0.2420497,8.0,-1,3.1418414
0,1336,1576.3210129737854,767.2798886299133,1078.1064453125,1077.707275390625,95.00036,10.0,1,27.143824
1,1336,1602.214201450348,188.22303438186646,1103.9996337890625,498.6504211425781,45.017914,8.0,1,24.543356
4,1336,1350.6186814308167,-132.2043490409851,852.4041137695312,178.22303771972656,39.531773,8.0,1,28.008633
2,1336,1708.2004075050354,211.23276948928833,1209.98583984375,521.66015625,36.283016,8.0,1,27.564049
3,1336,1197.6120285987854,204.56071138381958,699.3974609375,514.9880981445312,24.103373,8.0,1,22.755032
4194,1336,1874.6781907081604,-68.93785429000854,1376.463623046875,241.48953247070312,23.677895,6.0,1,2.2034996
1332,1336,676.4365220069885,557.6407284736633,178.22195434570312,868.068115234375,15.793117,10.0,-1,7.6943436
4264,1336,1173.3193650245667,-288.6560606956482,675.1047973632812,21.771326065063477,12.15997,20.0,-1,4.6498404
3079,1336,1961.772062778473,-7.237170696258545,1463.5574951171875,303.1902160644531,12.051944,6.0,1,0.4182036
4167,1336,1499.4552292823792,-288.4135432243347,1001.2406616210938,22.013843536376953,9.422273,6.0,1,16.1104
3509,1336,2054.183195590973,335.03916597366333,1555.9686279296875,645.466552734375,8.692272,6.0,1,1.9958248
3654,1336,1166.0762009620667,772.3868222236633,667.8616333007812,1082.814208984375,8.078578,14.0,-1,7.53876
8,1336,1233.044523715973,376.5078549385071,734.8299560546875,686.9352416992188,7.788378,18.0,-1,1.7109103
2032,1336,603.2552552223206,-152.23463773727417,105.04068756103516,158.1927490234375,7.3662333,6.0,1,21.992682
12,1336,1144.085051059723,823.6679501533508,645.8704833984375,1134.0953369140625,6.8583283,10.0,-1,31.987638
2281,1336,1822.9948410987854,-70.30562162399292,1324.7802734375,240.12176513671875,4.900333,8.0,-1,25.21315
4158,1336,1606.626554965973,444.69663667678833,1108.4119873046875,755.1240234375,3.1662447,18.0,-1,1.3153218
4245,1336,1794.088469028473,479.74180269241333,1295.8739013671875,790.169189453125,1.6937412,8.0,-1,12.081122
4193,1336,935.4956650733948,582.6124691963196,437.2810974121094,893.0398559570312,0.98348826,20.0,-1,1.4522728
3191,1336,1536.375334262848,407.8046078681946,1038.1607666015625,718.2319946289062,0.8027573,20.0,-1,5.011646
4305,1336,1414.8232712745667,215.04514741897583,916.6087036132812,525.4725341796875,0.4666039,18.0,-1,3.5350268
2986,1336,1432.6741013526917,484.71274995803833,934.4595336914062,795.14013671875,0.36457,12.0,-1,3.7931175
4040,1336,576.7193360328674,115.4596676826477,78.50476837158203,425.8870544433594,0.30039483,10.0,-1,3.55074
0,1337,1576.2245774269104,769.0061459541321,1077.5369873046875,1079.6112060546875,83.3792,10.0,1,27.575716
4,1337,1348.738127231598,-130.5817141532898,850.050537109375,180.02334594726562,65.766785,8.0,1,27.888607
1,1337,1604.334074497223,187.06516695022583,1105.646484375,497.67022705078125,40.682102,8.0,1,25.12753
3,1337,1197.4281907081604,207.07889986038208,698.7406005859375,517.6839599609375,29.625898,8.0,1,20.377003
2,1337,1707.7785325050354,208.34403657913208,1209.0909423828125,518.9490966796875,28.687017,8.0,1,27.944872
1332,1337,676.5630784034729,557.2061581611633,177.87548828125,867.8112182617188,18.871288,10.0,-1,7.72519
4167,1337,1502.748625278473,-289.0313181877136,1004.06103515625,21.573741912841797,15.095019,6.0,1,13.010554
3079,1337,1962.3144211769104,-6.06746244430542,1463.6268310546875,304.53759765625,14.983619,6.0,1,2.7412667
4194,1337,1875.4428391456604,-68.83363676071167,1376.7552490234375,241.77142333984375,14.761791,6.0,1,1.1173565
4264,1337,1173.3193650245667,-288.5995306968689,674.6317749023438,22.005529403686523,14.390133,20.0,-1,5.8631973
12,1337,1143.361662387848,828.0424008369446,644.674072265625,1138.6474609375,8.52531,10.0,-1,31.526297
3509,1337,2057.2018723487854,336.9530453681946,1558.5142822265625,647.55810546875,7.5381203,6.0,1,1.9229192
2032,1337,603.4120469093323,-152.7116732597351,104.72445678710938,157.8933868408203,7.2176614,6.0,1,20.862465
3654,1337,1164.220060825348,772.3281674385071,665.532470703125,1082.9332275390625,7.0624366,16.0,-1,6.769473
8,1337,1229.813322544098,376.5078549385071,731.125732421875,687.1129150390625,6.1170826,18.0,-1,1.3017159
2281,1337,1820.2048020362854,-71.02656888961792,1321.5172119140625,239.5784912109375,3.2079904,10.0,-1,22.786005
4158,1337,1604.8134446144104,443.9813656806946,1106.1258544921875,754.58642578125,2.7144897,18.0,-1,0.5686782
3191,1337,1535.1147141456604,407.2706723213196,1036.4271240234375,717.875732421875,1.6890312,16.0,-1,5.495629
4245,1337,1793.5007004737854,481.6066098213196,1294.8131103515625,792.211669921875,1.3754703,6.0,-1,12.65296
2986,1337,1433.8410325050354,482.64036226272583,935.1534423828125,793.2454223632812,0.5407367,10.0,-1,4.5098987
4305,1337,1417.0278611183167,215.02018404006958,918.3402709960938,525.625244140625,0.5202375,10.0,-1,2.9887109
4193,1337,935.9309983253479,582.7688412666321,437.243408203125,893.3739013671875,0.48975095,22.0,-1,1.3588026
4040,1337,577.0589814186096,118.54771089553833,78.37139129638672,429.15277099609375,0.43968558,10.0,-1,3.391757
0,1338,1577.521330356598,768.6222958564758,1077.968017578125,1079.7557373046875,117.38748,10.0,1,27.302202
4,1338,1349.3349289894104,-130.64676237106323,849.7816162109375,180.48667907714844,34.881138,8.0,1,28.666899
1,1338,1605.290617465973,187.5071530342102,1105.7373046875,498.6405944824219,34.378853,8.0,1,24.877998
3,1338,1197.4281907081604,208.76206636428833,697.8748779296875,519.8955078125,33.320942,8.0,1,22.102268
2,1338,1708.707853794098,207.12791109085083,1209.154541015625,518.2613525390625,28.573006,8.0,1,27.7264
1332,1338,676.159300327301,556.5104184150696,176.60598754882812,867.6438598632812,16.544588,10.0,-1,7.232522
4194,1338,1877.6689133644104,-70.39450407028198,1378.1156005859375,240.7389373779297,16.50611,6.0,1,3.2294295
4167,1338,1501.6029953956604,-289.54215955734253,1002.0496826171875,21.59128189086914,15.453254,6.0,1,10.864417
3079,1338,1964.3678879737854,-7.44392728805542,1464.8145751953125,303.68951416015625,15.382881,6.0,1,1.0318136
3509,1338,2061.5434250831604,340.7650570869446,1561.9901123046875,651.8984985351562,12.716901,6.0,1,0.6431738
4264,1338,1172.205900669098,-288.8050684928894,672.652587890625,22.328372955322266,12.2226305,22.0,-1,6.1112766
3654,1338,1161.3064255714417,775.0720028877258,661.7531127929688,1086.2054443359375,9.1774,14.0,-1,6.497443
12,1338,1142.5903611183167,829.7254452705383,643.0370483398438,1140.85888671875,7.55121,10.0,-1,33.216255
2032,1338,603.9889817237854,-153.22972440719604,104.4356689453125,157.90371704101562,7.4593964,6.0,1,19.880669
8,1338,1227.800871372223,379.98081636428833,728.24755859375,691.1142578125,6.0686774,8.0,1,0.07438117
4158,1338,1602.8652024269104,445.2390561103821,1103.3118896484375,756.3724975585938,4.2280974,8.0,1,0.16859236
2281,1338,1816.890470981598,-71.12335538864136,1317.337158203125,240.0100860595703,4.1746364,10.0,-1,21.23759
4245,1338,1795.893400669098,480.77366304397583,1296.340087890625,791.9071044921875,1.6417913,8.0,-1,11.705798
3191,1338,1537.273039340973,410.5601010322571,1037.7197265625,721.6935424804688,1.2636117,14.0,-1,6.1301684
2986,1338,1435.5014328956604,482.64036226272583,935.9481201171875,793.7738037109375,0.63703203,12.0,-1,4.618008
4193,1338,930.8681321144104,584.6866269111633,431.3148193359375,895.820068359375,0.53969115,20.0,-1,1.0584958
4040,1338,575.6234803199768,118.7140622138977,76.0701675415039,429.8475036621094,0.34698856,10.0,-1,3.5352972
4305,1338,1414.0737595558167,216.53953218460083,914.5204467773438,527.6729736328125,0.33574137,14.0,-1,3.4741366
0,1339,1579.1679368019104,768.4822201728821,1077.93701171875,1079.9970703125,132.77257,10.0,1,28.22339
4,1339,1349.8759446144104,-129.92514371871948,848.64501953125,181.58970642089844,39.591312,8.0,1,26.234161
1,1339,1608.875090122223,187.73295259475708,1107.6441650390625,499.247802734375,36.700985,8.0,1,24.844046
3,1339,1199.2466111183167,210.56516695022583,698.0156860351562,522.0800170898438,34.512928,8.0,1,22.7821
2,1339,1708.7189621925354,207.16398286819458,1207.488037109375,518.6788330078125,29.759115,8.0,1,28.018505
4194,1339,1877.523527622223,-69.33299589157104,1376.2926025390625,242.18185424804688,21.59023,6.0,1,3.2449794
1332,1339,675.764509677887,556.5104184150696,174.53358459472656,868.0252685546875,17.563076,10.0,-1,7.630543
3079,1339,1967.3478684425354,-9.095386028289795,1466.116943359375,302.4194641113281,14.224952,6.0,1,2.3220189
4264,1339,1172.205900669098,-287.2899794578552,670.9749755859375,24.224870681762695,12.383728,22.0,-1,5.602972
4167,1339,1501.8578171730042,-291.7510142326355,1000.6268920898438,19.763835906982422,11.847061,6.0,1,12.700841
3654,1339,1161.1901535987854,776.9420590400696,659.959228515625,1088.4569091796875,10.088434,16.0,-1,7.990314
2032,1339,608.8089966773987,-153.52505826950073,107.57807159423828,157.9897918701172,9.007298,6.0,1,21.83164
3509,1339,2059.581388950348,340.2939877510071,1558.3504638671875,651.808837890625,8.646414,6.0,1,0.6007443
12,1339,1144.0051560401917,829.2225766181946,642.7742309570312,1140.7374267578125,8.124015,10.0,-1,32.341484
8,1339,1226.7956833839417,380.09812593460083,725.5647583007812,691.6129760742188,7.333219,18.0,-1,0.232809
2281,1339,1813.6967453956604,-70.07417631149292,1312.4658203125,241.440673828125,5.002614,10.0,-1,21.175417
4158,1339,1602.4745774269104,443.80503511428833,1101.24365234375,755.3198852539062,3.7088706,8.0,1,0.3759625
3191,1339,1536.1293625831604,409.7534604072571,1034.8984375,721.268310546875,1.4134432,10.0,-1,5.809205
4245,1339,1797.298918247223,477.6459164619446,1296.0679931640625,789.1607666015625,0.9071057,8.0,-1,10.575456
2986,1339,1437.2190232276917,483.3184018135071,935.9880981445312,794.833251953125,0.70319396,10.0,-1,4.706792
4193,1339,930.5198349952698,588.9112362861633,429.2889099121094,900.4260864257812,0.65749395,22.0,-1,0.53021
4305,1339,1412.157072544098,215.22794771194458,910.9261474609375,526.7427978515625,0.55966985,18.0,-1,4.2597995
4040,1339,574.7770524024963,118.32426118850708,73.54612731933594,429.839111328125,0.2429561,14.0,-1,2.7531447
0,1340,1580.9729294776917,770.8809018135071,1078.740478515625,1081.9658203125,92.56699,10.0,1,27.60274
4,1340,1350.3581223487854,-128.67453336715698,848.1256713867188,182.41038513183594,43.362865,8.0,1,28.411617
2,1340,1707.8209519386292,206.99613618850708,1205.5885009765625,518.0810546875,38.427242,8.0,1,28.290915
1,1340,1609.3474411964417,185.3950924873352,1107.114990234375,496.4800109863281,38.02289,8.0,1,24.581654
3,1340,1196.2359910011292,210.09226655960083,694.0035400390625,521.1771850585938,23.324976,8.0,1,21.894365
1332,1340,675.8765549659729,556.2199521064758,173.64410400390625,867.3048706054688,17.939821,10.0,-1,7.912836
4167,1340,1501.982511997223,-292.15484952926636,999.7500610351562,18.930068969726562,14.123649,6.0,1,11.751227
4194,1340,1874.8214402198792,-65.88766813278198,1372.5889892578125,245.19725036621094,13.034293,6.0,1,3.4672618
3079,1340,1968.1147751808167,-8.857532024383545,1465.88232421875,302.2273864746094,12.111997,6.0,1,2.4768414
4264,1340,1172.205900669098,-285.40000677108765,669.9734497070312,25.684911727905273,11.014758,22.0,-1,6.046485
3654,1340,1160.7368454933167,776.7932553291321,658.50439453125,1087.878173828125,9.40542,16.0,-1,7.6853285
3509,1340,2064.2212204933167,338.9026303291321,1561.98876953125,649.987548828125,8.956191,6.0,1,1.4349492
2032,1340,610.2505784034729,-153.32797574996948,108.01812744140625,157.75694274902344,8.339465,6.0,1,21.302773
8,1340,1226.7706589698792,378.6891293525696,724.5382080078125,689.7740478515625,8.204091,18.0,-1,0.4088527
12,1340,1142.111906528473,827.9214291572571,639.8794555664062,1139.00634765625,4.5973225,10.0,-1,29.328444
4158,1340,1602.4364304542542,446.28721284866333,1100.2039794921875,757.3721313476562,4.115477,8.0,1,0.49162412
2281,1340,1814.8424363136292,-70.63717985153198,1312.6099853515625,240.44773864746094,3.4974985,10.0,-1,18.81292
4245,1340,1794.8384079933167,480.7876400947571,1292.60595703125,791.87255859375,1.8159156,8.0,-1,13.12745
4193,1340,927.4019455909729,589.2918515205383,425.16949462890625,900.3767700195312,1.0816871,20.0,-1,1.1333013
3191,1340,1535.8093552589417,406.44920015335083,1033.576904296875,717.5341186523438,1.0124031,14.0,-1,5.1109753
2986,1340,1438.932219028473,483.3184018135071,936.6997680664062,794.4033203125,0.7145583,12.0,-1,4.528015
4305,1340,1415.9156785011292,218.80894136428833,913.6832275390625,529.8938598632812,0.49828398,20.0,-1,2.7622173
4040,1340,572.6170334815979,119.61521577835083,70.38458251953125,430.70013427734375,0.3273214,12.0,-1,3.1246684
0,1341,1579.8716111183167,771.7132687568665,1077.3687744140625,1083.47705078125,91.672966,10.0,1,27.510715
1,1341,1609.9304490089417,185.03666353225708,1107.4276123046875,496.8004455566406,37.211758,8.0,1,24.71819
4,1341,1351.1063523292542,-127.54089689254761,848.603515625,184.22288513183594,34.10288,8.0,1,28.259087
2,1341,1707.8209519386292,207.4765133857727,1205.318115234375,519.2402954101562,29.304716,8.0,1,27.776575
3,1341,1196.041594028473,210.45301485061646,693.5387573242188,522.216796875,27.872183,8.0,1,23.134048
4194,1341,1874.2638230323792,-65.93732023239136,1371.760986328125,245.8264617919922,17.246622,6.0,1,3.0432928
3079,1341,1969.1767868995667,-10.470080852508545,1466.6739501953125,301.293701171875,16.677582,6.0,1,2.172532
1332,1341,678.5792832374573,553.4832272529602,176.07644653320312,865.2470092773438,13.96096,10.0,-1,4.673099
4167,1341,1502.779875278473,-292.7300944328308,1000.2770385742188,19.033687591552734,13.925248,6.0,1,13.604351
4264,1341,1174.399260044098,-287.7261176109314,671.8964233398438,24.03766441345215,13.394474,22.0,-1,6.4237566
3654,1341,1160.709318637848,778.1405148506165,658.2064819335938,1089.904296875,13.047446,16.0,-1,8.490455
2032,1341,610.1517624855042,-155.83424711227417,107.64892578125,155.92953491210938,8.977506,6.0,1,21.48339
3509,1341,2064.6457810401917,337.1138424873352,1562.1429443359375,648.8776245117188,8.897726,6.0,1,1.16682
8,1341,1224.1380906105042,379.97388887405396,721.63525390625,691.7376708984375,7.8586183,18.0,-1,0.13211703
4158,1341,1601.9789109230042,446.2765622138977,1099.47607421875,758.0403442382812,5.5464168,6.0,1,2.9616818
12,1341,1140.4997239112854,829.5582394599915,637.9968872070312,1141.322021484375,4.552772,10.0,-1,33.557037
2281,1341,1817.1864304542542,-70.63717985153198,1314.68359375,241.12660217285156,4.1712813,10.0,-1,17.987703
4245,1341,1800.7037644386292,480.78956270217896,1298.200927734375,792.5533447265625,1.4562191,8.0,-1,12.282212
3191,1341,1534.4310593605042,401.96741914749146,1031.92822265625,713.731201171875,1.1356272,14.0,-1,6.9392514
4193,1341,922.7833542823792,594.421154499054,420.280517578125,906.1849365234375,1.0020314,22.0,-1,1.091989
2986,1341,1439.166594028473,483.84730195999146,936.6637573242188,795.611083984375,0.86652595,12.0,-1,5.3046265
4305,1341,1417.224943637848,220.50306367874146,914.7221069335938,532.266845703125,0.71515733,12.0,-1,3.5198495
4040,1341,569.8399949073792,117.6676754951477,67.337158203125,429.43145751953125,0.22177708,28.0,-1,3.0308611
0,1342,1580.5771164894104,772.244640827179,1077.943359375,1084.514892578125,85.810394,10.0,1,28.907295
1,1342,1612.585539340973,185.5678219795227,1109.9517822265625,497.83807373046875,60.886005,8.0,1,23.956863
4,1342,1351.1063523292542,-126.24194669723511,848.4725952148438,186.02830505371094,54.523663,8.0,1,27.71183
2,1342,1707.020842075348,207.5496335029602,1204.3870849609375,519.8198852539062,35.587048,8.0,1,28.250307
4194,1342,1873.1330246925354,-66.4554934501648,1370.499267578125,245.81475830078125,25.632195,6.0,1,1.0098116
3,1342,1196.4882493019104,211.0102047920227,693.8544921875,523.2804565429688,22.628214,8.0,1,22.5814
4264,1342,1174.5068650245667,-288.07948637008667,671.8731079101562,24.190765380859375,17.398222,22.0,-1,5.135845
3079,1342,1968.7143235206604,-10.324206829071045,1466.08056640625,301.946044921875,15.9455185,6.0,1,3.1401858
3509,1342,2066.7675461769104,335.8126950263977,1564.1337890625,648.0829467773438,14.8562355,6.0,1,0.5481973
3654,1342,1160.9190964698792,778.753918170929,658.2853393554688,1091.024169921875,12.644199,16.0,-1,7.9673944
1332,1342,681.6485123634338,551.7791256904602,179.01475524902344,864.0493774414062,12.634093,10.0,-1,6.2120237
4167,1342,1503.6491990089417,-294.2118983268738,1001.0154418945312,18.058353424072266,11.359566,6.0,1,13.770198
2032,1342,609.0722413063049,-156.19052457809448,106.43848419189453,156.07972717285156,7.966908,6.0,1,20.06091
8,1342,1221.6485886573792,382.92615938186646,719.0148315429688,695.1964111328125,7.5050435,8.0,1,1.0159185
2281,1342,1816.7795090675354,-64.29750394821167,1314.145751953125,247.97274780273438,7.1661954,10.0,-1,19.762001
12,1342,1140.1858201026917,828.723888874054,637.5520629882812,1140.994140625,4.302361,10.0,-1,31.364397
4158,1342,1596.8117356300354,445.5039792060852,1094.177978515625,757.7742309570312,4.198802,16.0,-1,1.7659243
4314,1342,1084.9259934425354,227.46497774124146,582.292236328125,539.7352294921875,2.7379215,18.0,-1,31.9003
3191,1342,1537.9123215675354,401.70203828811646,1035.278564453125,713.9722900390625,1.4741215,12.0,-1,5.557242
4245,1342,1804.5483078956604,480.5991940498352,1301.91455078125,792.8694458007812,1.2083255,6.0,-1,12.359955
4193,1342,920.6397385597229,595.6578488349915,418.0059814453125,907.9281005859375,1.0735923,22.0,-1,0.69937444
2986,1342,1436.743254184723,483.84730195999146,934.1094970703125,796.1175537109375,0.7746453,12.0,-1,4.4668875
4305,1342,1418.7867722511292,223.46632051467896,916.1530151367188,535.736572265625,0.5193327,20.0,-1,3.2045567
4040,1342,569.4845414161682,116.50098848342896,66.85078430175781,428.771240234375,0.39635348,10.0,-1,3.3204963
0,1343,1580.899992465973,772.3863034248352,1077.9718017578125,1085.4306640625,97.28115,10.0,1,27.963001
1,1343,1614.8063645362854,184.96253633499146,1111.878173828125,498.00689697265625,55.799175,8.0,1,26.127993
4,1343,1351.1063523292542,-125.4965090751648,848.1781616210938,187.5478515625,43.69054,8.0,1,25.61957
2,1343,1706.661955356598,208.39564180374146,1203.7337646484375,521.4400024414062,40.848713,8.0,1,28.13386
3,1343,1194.8357224464417,209.22266817092896,691.9075317382812,522.2670288085938,30.311274,8.0,1,21.923975
4194,1343,1874.0375657081604,-63.472522258758545,1371.109375,249.57183837890625,18.574722,6.0,1,1.2217987
4167,1343,1503.1886277198792,-294.84737730026245,1000.2604370117188,18.196983337402344,13.535438,6.0,1,14.428997
8,1343,1219.0788254737854,384.97584199905396,716.150634765625,698.0202026367188,12.54416,8.0,1,3.215036
3079,1343,1970.444914340973,-8.728381633758545,1467.5167236328125,304.31597900390625,11.984008,6.0,1,3.3073683
1332,1343,683.4663987159729,552.0095944404602,180.5382080078125,865.053955078125,11.722848,10.0,-1,6.1950808
3654,1343,1162.4972825050354,778.1605954170227,659.569091796875,1091.2049560546875,11.082092,16.0,-1,7.388425
4264,1343,1170.2890915870667,-290.2914881706238,667.3609008789062,22.752872467041016,10.813472,24.0,-1,6.1334915
3509,1343,2067.3400559425354,335.3552975654602,1564.411865234375,648.399658203125,9.805804,12.0,-1,0.2585462
2032,1343,609.4029145240784,-155.16951322555542,106.47472381591797,157.87484741210938,8.511281,6.0,1,21.452698
4158,1343,1594.543303012848,445.5039792060852,1091.6151123046875,758.54833984375,5.2071085,8.0,1,0.7825259
12,1343,1138.930998325348,826.2346920967102,636.0028076171875,1139.279052734375,4.9141083,10.0,-1,32.567905
2281,1343,1816.034758090973,-63.47690153121948,1313.1065673828125,249.5674591064453,3.811855,10.0,-1,19.765793
4193,1343,921.0507187843323,595.422619342804,418.1225280761719,908.4669799804688,0.95487976,18.0,-1,1.311905
3191,1343,1539.557219028473,399.9856686592102,1036.6290283203125,713.030029296875,0.94781965,10.0,-1,6.754942
2986,1343,1433.8258347511292,488.5448727607727,930.8976440429688,801.5892333984375,0.9017933,10.0,-1,4.6065497
4305,1343,1418.951017856598,226.41920137405396,916.0228271484375,539.4635620117188,0.79769796,16.0,-1,4.149368
4245,1343,1803.110197544098,480.1425290107727,1300.1820068359375,793.1868896484375,0.5934382,8.0,-1,9.421316
4040,1343,566.4528450965881,115.1715817451477,63.524654388427734,428.2159423828125,0.44517913,12.0,-1,3.1131213
0,1344,1580.7858567237854,769.8888058662415,1077.2989501953125,1083.8074951171875,96.92138,10.0,1,28.260574
2,1344,1707.7131028175354,207.9452633857727,1204.2261962890625,521.8639526367188,47.477062,8.0,1,27.115393
4,1344,1353.358000278473,-126.31042814254761,849.87109375,187.60826110839844,46.46666,8.0,1,26.954117
1,1344,1613.300871372223,185.1452145576477,1109.81396484375,499.06390380859375,37.86699,8.0,1,25.295471
3,1344,1195.905607700348,208.4914059638977,692.418701171875,522.4100952148438,23.754728,8.0,1,21.767141
4194,1344,1873.507170200348,-61.80647611618042,1370.020263671875,252.11221313476562,23.023094,6.0,1,0.5629535
4167,1344,1503.210295200348,-294.2083525657654,999.723388671875,19.710336685180664,16.500357,6.0,1,13.94382
3654,1344,1162.224211215973,778.283947467804,658.7373046875,1092.20263671875,13.599313,16.0,-1,7.770162
1332,1344,684.4645829200745,552.139172077179,180.97767639160156,866.057861328125,12.002133,10.0,-1,8.455346
3079,1344,1968.325529575348,-7.875354290008545,1464.838623046875,306.0433349609375,11.9445,12.0,-1,2.5721684
3509,1344,2067.2091965675354,335.3552975654602,1563.7222900390625,649.2739868164062,11.180077,6.0,1,0.36156583
2032,1344,609.4147019386292,-154.24324369430542,105.92779541015625,159.67544555664062,10.532676,6.0,1,21.961863
4264,1344,1172.7246384620667,-292.4613528251648,669.2377319335938,21.45733642578125,8.841777,22.0,-1,5.299206
8,1344,1217.5251755714417,384.9016842842102,714.0382690429688,698.8203735351562,8.34657,8.0,1,1.4913242
12,1344,1139.7403855323792,826.166027545929,636.2534790039062,1140.084716796875,5.4421287,10.0,-1,31.20478
4158,1344,1591.995695590973,447.85535860061646,1088.5087890625,761.7740478515625,4.334289,8.0,1,1.4908227
2281,1344,1814.548185825348,-65.07461881637573,1311.061279296875,248.8440704345703,3.152624,10.0,-1,17.285908
4245,1344,1803.110197544098,475.8891110420227,1299.623291015625,789.8078002929688,1.6482617,6.0,-1,12.703699
3191,1344,1541.1164231300354,396.37110567092896,1037.6295166015625,710.289794921875,1.4653096,10.0,-1,6.598813
4193,1344,922.2745957374573,596.6908688545227,418.7876892089844,910.6095581054688,1.4068551,20.0,-1,1.0993264
4040,1344,564.1162400245667,115.65321016311646,60.62933349609375,429.5718994140625,0.8313368,10.0,-1,3.9074378
4318,1344,2126.3857102394104,-112.51292753219604,1622.8988037109375,201.40576171875,0.80498123,14.0,-1,4.6690083
2986,1344,1437.2651658058167,487.8700680732727,933.7782592773438,801.7887573242188,0.6085296,12.0,-1,5.0579143
4305,1344,1418.1356492042542,230.9271969795227,914.6487426757812,544.8458862304688,0.43261826,18.0,-1,4.9974504
0,1345,1579.5023789405823,768.1328339576721,1075.720458984375,1082.2255859375,75.5516,10.0,1,28.666943
4,1345,1354.0781235694885,-126.02620840072632,850.2962036132812,188.06654357910156,49.11923,8.0,1,27.950823
1,1345,1611.5236191749573,185.31508493423462,1107.74169921875,499.4078369140625,38.873196,8.0,1,24.721195
2,1345,1708.3900742530823,207.65883493423462,1204.608154296875,521.7515869140625,38.634167,8.0,1,27.367296
4194,1345,1873.9270615577698,-60.34252309799194,1370.1451416015625,253.75022888183594,22.644714,6.0,1,1.5066607
3,1345,1196.7524399757385,209.50545358657837,692.9705200195312,523.5982055664062,20.610415,8.0,1,21.632938
4167,1345,1504.2178330421448,-294.18870878219604,1000.4359130859375,19.904043197631836,13.978015,6.0,1,11.869493
3654,1345,1160.237425327301,778.8036103248596,656.4555053710938,1092.8963623046875,13.582097,16.0,-1,9.490424
3079,1345,1967.1299424171448,-5.514565944671631,1463.3480224609375,308.57818603515625,13.180146,12.0,-1,2.8527641
8,1345,1215.9589829444885,386.16634225845337,712.1770629882812,700.2590942382812,11.501373,8.0,1,3.1287801
1332,1345,685.5549302101135,548.9287323951721,181.77301025390625,863.021484375,10.972697,10.0,-1,5.3406725
4264,1345,1171.2736191749573,-293.1782488822937,667.49169921875,20.91450309753418,10.021913,24.0,-1,5.2143354
2032,1345,609.641363620758,-154.14313650131226,105.85944366455078,159.94961547851562,8.697043,6.0,1,21.16025
3509,1345,2064.73028421402,333.2827363014221,1560.9483642578125,647.37548828125,7.757761,6.0,1,0.20580089
12,1345,1140.311644077301,828.7347626686096,636.5297241210938,1142.8275146484375,6.1556716,10.0,-1,29.969868
4158,1345,1591.4813828468323,446.2176728248596,1087.699462890625,760.3104248046875,4.5092773,8.0,1,1.8403412
2281,1345,1810.2305283546448,-63.77153921127319,1306.4486083984375,250.3212127685547,4.391122,12.0,-1,13.018413
4314,1345,1082.0658555030823,227.88936471939087,578.283935546875,541.9821166992188,3.8097131,18.0,-1,29.400448
4193,1345,921.875853061676,595.9677338600159,418.09393310546875,910.0604858398438,2.083436,8.0,1,0.3842125
4245,1345,1802.7498154640198,473.7531952857971,1298.9678955078125,787.845947265625,1.354291,6.0,-1,12.296985
3191,1345,1541.2721543312073,396.3514618873596,1037.490234375,710.4442138671875,0.85587865,10.0,-1,4.903076
4318,1345,2126.7601914405823,-113.136239528656,1622.978271484375,200.95651245117188,0.7762811,14.0,-1,3.94486
2986,1345,1437.1094346046448,487.7811493873596,933.3275146484375,801.8739013671875,0.69020313,12.0,-1,4.5275226
4040,1345,565.7643609046936,115.616690158844,61.98244094848633,429.7094421386719,0.49479806,12.0,-1,3.6181536
4305,1345,1420.9246201515198,231.10115671157837,917.1427001953125,545.1939086914062,0.49169883,12.0,-1,4.0150523
0,1346,1578.0305314064026,768.5248627662659,1073.9012451171875,1081.938720703125,126.744804,10.0,1,28.085882
1,1346,1612.0756974220276,186.04964303970337,1107.9464111328125,499.4635009765625,46.051006,8.0,1,24.452362
2,1346,1708.28626871109,208.43874216079712,1204.156982421875,521.8526000976562,39.598934,8.0,1,27.192598
4,1346,1354.2439713478088,-122.06087636947632,850.1146850585938,191.3529815673828,38.369923,8.0,1,28.032879
3,1346,1197.4605240821838,208.87209177017212,693.3312377929688,522.2859497070312,24.120493,8.0,1,23.171654
3079,1346,1964.4355607032776,-3.534127712249756,1460.3062744140625,309.8797302246094,19.559479,12.0,-1,2.2901149
4194,1346,1876.2453751564026,-61.284493923187256,1372.1160888671875,252.12936401367188,15.704449,6.0,1,2.9169514
3654,1346,1159.8686661720276,777.2865815162659,655.7393798828125,1090.700439453125,13.675065,16.0,-1,8.59899
1332,1346,687.2326798439026,548.4332489967346,183.1033935546875,861.8471069335938,12.6707,10.0,-1,6.0883718
4167,1346,1504.2466568946838,-296.8796992301941,1000.1173706054688,16.53415870666504,12.5969925,6.0,1,14.044655
3509,1346,2065.1140275001526,332.06673288345337,1560.9847412109375,645.4805908203125,10.369024,6.0,1,0.04724562
4264,1346,1165.484755039215,-290.0299639701843,661.35546875,23.383893966674805,10.043656,24.0,-1,4.37477
8,1346,1216.394911289215,388.92220163345337,712.265625,702.3360595703125,8.194304,6.0,1,1.911504
2032,1346,610.1923203468323,-152.21749258041382,106.06303405761719,161.1963653564453,6.7855153,8.0,1,19.122694
12,1346,1138.72718667984,827.7931733131409,634.597900390625,1141.20703125,5.6802115,8.0,-1,28.707712
4158,1346,1592.35169839859,447.8208222389221,1088.222412109375,761.2346801757812,4.4325886,6.0,1,2.3922448
2281,1346,1808.5461564064026,-64.89565420150757,1304.4168701171875,248.51820373535156,3.3602934,12.0,-1,11.031524
4314,1346,1082.7190079689026,231.36940622329712,578.5897216796875,544.7832641601562,3.0451634,18.0,-1,30.962408
4245,1346,1800.03236246109,474.6599335670471,1295.903076171875,788.0737915039062,1.9502586,6.0,-1,11.745282
3191,1346,1540.2404923439026,394.69661569595337,1036.1112060546875,708.1104736328125,1.7941529,18.0,-1,6.238421
4193,1346,921.847029209137,597.0765595436096,417.7177429199219,910.4904174804688,1.4307609,8.0,1,1.2515588
2986,1346,1436.5147233009338,486.88069772720337,932.3854370117188,800.2945556640625,0.7375865,10.0,-1,4.029359
4040,1346,565.650869846344,115.22466135025024,61.521583557128906,428.6385192871094,0.39338312,10.0,-1,3.2220383
4305,1346,1426.722548007965,230.07265329360962,922.59326171875,543.4865112304688,0.23078674,20.0,-1,3.678832
0,1347,1576.3811173439026,770.6460938453674,1071.830810546875,1083.863525390625,101.99981,10.0,1,27.270378
2,1347,1708.44056558609,206.84555673599243,1203.8902587890625,520.06298828125,44.874073,8.0,1,27.58973
1,1347,1612.0756974220276,186.46524667739868,1107.525390625,499.68267822265625,44.594013,8.0,1,25.254961
4,1347,1354.4379410743713,-122.89756155014038,849.8876342773438,190.3198699951172,42.763382,8.0,1,29.56985
3,1347,1197.96351480484,209.12723398208618,693.4132080078125,522.3446655273438,20.86712,8.0,1,23.175797
1332,1347,686.784544467926,548.2386231422424,182.23423767089844,861.4560546875,19.045885,10.0,-1,5.791381
4194,1347,1878.3723282814026,-61.284493923187256,1373.822021484375,251.9329376220703,17.633844,6.0,1,2.5023263
3654,1347,1158.2687516212463,777.5690674781799,653.7184448242188,1090.7864990234375,17.378397,18.0,-1,8.778911
3079,1347,1965.681532382965,-4.729608058929443,1461.1312255859375,308.4878234863281,13.551503,6.0,1,0.53402555
4167,1347,1502.9595475196838,-297.8639359474182,998.4092407226562,15.353495597839355,13.197193,6.0,1,10.985587
12,1347,1139.8603653907776,824.9725098609924,635.31005859375,1138.18994140625,9.252613,8.0,-1,26.867403
3509,1347,2065.8659806251526,332.00095224380493,1561.315673828125,645.2183837890625,9.0609665,6.0,1,0.8578218
8,1347,1216.11048746109,390.7908082008362,711.5601806640625,704.0082397460938,7.5092044,6.0,1,0.48853785
2032,1347,610.397825717926,-151.00112295150757,105.84751892089844,162.21630859375,7.4101143,8.0,1,21.726662
4264,1347,1164.800184726715,-290.0237898826599,660.2498779296875,23.193641662597656,6.4236684,24.0,-1,4.01667
2281,1347,1806.0344376564026,-64.79001760482788,1301.484130859375,248.4274139404297,4.0473547,12.0,-1,9.401166
4158,1347,1592.551649570465,452.5557007789612,1088.0013427734375,765.7731323242188,3.6574352,6.0,1,0.40859333
4245,1347,1801.89027261734,472.41867685317993,1297.3399658203125,785.6361083984375,1.4854807,8.0,-1,11.8344145
4193,1347,920.0013871192932,596.3808350563049,415.4510803222656,909.5982666015625,1.3187451,8.0,1,0.831485
4318,1347,2126.842665195465,-108.0328459739685,1622.2923583984375,205.18458557128906,1.1527662,14.0,-1,3.7390585
2986,1347,1434.6443009376526,490.74021005630493,930.093994140625,803.9576416015625,0.8606977,14.0,-1,4.789832
3191,1347,1540.0234513282776,395.78085947036743,1035.47314453125,708.998291015625,0.661851,14.0,-1,5.836119
4305,1347,1431.3063492774963,226.01376962661743,926.7560424804688,539.231201171875,0.5559084,10.0,-1,4.9673443
4040,1347,563.0074906349182,113.8783631324768,58.457183837890625,427.0957946777344,0.32964164,12.0,-1,3.587038
0,1348,1576.109251499176,772.5090546607971,1070.9427490234375,1085.5145263671875,70.76707,10.0,1,26.57131
1,1348,1611.2248520851135,185.5406403541565,1106.058349609375,498.5461120605469,52.92721,8.0,1,24.829685
2,1348,1708.9892563819885,207.60256052017212,1203.82275390625,520.6080322265625,42.15977,8.0,1,29.120058
4,1348,1352.092405796051,-120.91996145248413,846.9259033203125,192.08551025390625,41.30917,8.0,1,27.919428
3,1348,1199.2868027687073,209.21687936782837,694.1203002929688,522.2223510742188,27.49291,8.0,1,21.993147
3654,1348,1155.2456650733948,777.3647675514221,650.0791625976562,1090.3702392578125,20.241236,18.0,-1,10.20034
4194,1348,1878.781858921051,-59.069833278656006,1373.6153564453125,253.93563842773438,19.300562,6.0,1,2.4326632
4167,1348,1503.0067734718323,-296.0238833427429,997.8402709960938,16.98158836364746,17.684145,6.0,1,13.092904
1332,1348,687.0244889259338,548.0492768287659,181.8579864501953,861.0547485351562,15.235115,10.0,-1,7.583249
3079,1348,1966.956175327301,-4.819253444671631,1461.7896728515625,308.18621826171875,11.378292,6.0,1,3.216623
3509,1348,2067.1342759132385,331.1397919654846,1561.9677734375,644.145263671875,9.6185465,6.0,1,1.7518265
4264,1348,1163.4052720069885,-289.1821780204773,658.23876953125,23.823293685913086,9.478141,24.0,-1,5.4359417
2032,1348,609.3788895606995,-148.93404531478882,104.21238708496094,164.07142639160156,8.269492,6.0,1,22.708776
12,1348,1139.403440952301,822.9989228248596,634.2369384765625,1136.00439453125,7.979927,8.0,-1,27.111588
8,1348,1215.6333603858948,389.40657663345337,710.4668579101562,702.4120483398438,6.5298615,16.0,-1,1.0951238
4314,1348,1083.5207505226135,231.15169382095337,578.354248046875,544.1571655273438,5.2306647,14.0,-1,35.02577
4318,1348,2126.9995102882385,-109.11112356185913,1621.8330078125,203.89434814453125,3.2445533,14.0,-1,7.185769
2281,1348,1804.3093247413635,-63.508615016937256,1299.142822265625,249.49685668945312,3.2396965,12.0,-1,11.092403
4158,1348,1596.056761264801,455.1931366920471,1090.8902587890625,768.1986083984375,3.190508,6.0,1,1.1385587
4193,1348,919.9541611671448,595.6394867897034,414.78765869140625,908.6449584960938,1.8512597,8.0,1,1.1884263
4245,1348,1801.842894077301,468.9270234107971,1296.6763916015625,781.9324951171875,1.3863662,8.0,-1,10.764278
3191,1348,1539.3957505226135,399.31380319595337,1034.229248046875,712.3192749023438,1.2843882,10.0,-1,6.6120787
2986,1348,1434.733519077301,490.1153779029846,929.5670166015625,803.120849609375,0.96093243,10.0,-1,5.368111
4305,1348,1433.3306260108948,225.05507516860962,928.1641235351562,538.060546875,0.77862066,10.0,-1,4.175656
4040,1348,566.9454140663147,114.79122018814087,61.77891159057617,427.79669189453125,0.4193486,12.0,-1,3.0462308
0,1349,1576.109251499176,770.7630829811096,1070.0596923828125,1084.08642578125,99.877716,10.0,1,27.87713
4,1349,1349.8733506202698,-121.39724111557007,843.8237915039062,191.9261016845703,49.676563,8.0,1,28.449577
2,1349,1709.8608384132385,207.11629343032837,1203.811279296875,520.4396362304688,42.6937,8.0,1,29.488997
1,1349,1613.094603061676,182.69670724868774,1107.0450439453125,496.0200500488281,35.652203,8.0,1,24.799707
1332,1349,685.9937272071838,548.5612397193909,179.9441680908203,861.8845825195312,19.788492,10.0,-1,6.635051
3654,1349,1153.5266098976135,778.8778290748596,647.47705078125,1092.201171875,19.01031,18.0,-1,10.751417
4194,1349,1879.8063950538635,-57.27201223373413,1373.7568359375,256.05133056640625,18.95843,6.0,1,1.602299
3,1349,1201.2991318702698,209.21687936782837,695.2495727539062,522.5402221679688,14.753972,8.0,1,22.091616
3509,1349,2066.6318345069885,330.17989206314087,1560.582275390625,643.5032348632812,10.059397,6.0,1,1.6584796
4167,1349,1503.9606919288635,-295.4709391593933,997.9111328125,17.85240364074707,10.053976,6.0,1,14.688516
3079,1349,1966.8261704444885,-5.442910671234131,1460.776611328125,307.88043212890625,8.873421,6.0,1,4.057357
2032,1349,608.2865357398987,-148.4889006614685,102.23697662353516,164.83444213867188,6.8824463,6.0,1,21.513405
4314,1349,1087.055052280426,232.30568552017212,581.0054931640625,545.6290283203125,6.1026998,18.0,-1,23.409826
4264,1349,1161.4462265968323,-285.3499331474304,655.3966674804688,27.97340965270996,5.7537456,24.0,-1,4.2831745
12,1349,1138.5979599952698,822.6594452857971,632.5484008789062,1135.9827880859375,5.748344,8.0,-1,32.85689
4158,1349,1596.3903794288635,457.02339792251587,1090.3408203125,770.3467407226562,5.254386,6.0,1,1.085929
8,1349,1216.2695298194885,392.34761667251587,710.219970703125,705.6709594726562,4.5206475,16.0,-1,3.194643
4318,1349,2127.985228061676,-111.66066884994507,1621.9356689453125,201.6626739501953,4.118783,16.0,-1,8.759168
2281,1349,1804.6462388038635,-62.26455068588257,1298.5966796875,251.0587921142578,2.420068,12.0,-1,13.330312
3191,1349,1543.0261216163635,400.7358613014221,1036.9765625,714.0592041015625,1.369277,14.0,-1,4.7448497
4305,1349,1431.9457383155823,219.83632516860962,925.8961791992188,533.15966796875,1.1269287,10.0,-1,4.874551
4193,1349,915.3232407569885,594.3734345436096,409.273681640625,907.69677734375,1.1221958,16.0,-1,0.76325357
2986,1349,1433.8993515968323,492.57259225845337,927.8497924804688,805.8959350585938,1.0356116,12.0,-1,4.8275785
4245,1349,1806.243284702301,467.4413056373596,1300.1937255859375,780.7646484375,0.8876807,8.0,-1,10.778305
4040,1349,566.6932511329651,113.154043674469,60.64369201660156,426.4773864746094,0.5808818,10.0,-1,3.6412528
0,1350,1576.172972202301,770.7355713844299,1069.87255859375,1083.873779296875,99.06018,10.0,1,27.57654
4,1350,1348.3591294288635,-121.20937490463257,842.0587158203125,191.9288330078125,60.446842,8.0,1,27.526268
2,1350,1708.2827134132385,208.83750009536743,1201.9822998046875,521.9757080078125,41.06936,8.0,1,29.286251
1,1350,1613.4987778663635,180.69010019302368,1107.1983642578125,493.82830810546875,38.902843,8.0,1,25.324965
4194,1350,1880.753782749176,-57.27201223373413,1374.453369140625,255.86619567871094,27.095457,6.0,1,0.6843034
1332,1350,686.4051957130432,550.4775757789612,180.1047821044922,863.6157836914062,20.018267,10.0,-1,7.0558214
3,1350,1201.9960923194885,207.55405282974243,695.6956787109375,520.6922607421875,17.570555,8.0,1,23.617537
4167,1350,1502.4591660499573,-293.9588770866394,996.1587524414062,19.179330825805664,14.892964,6.0,1,13.838421
3654,1350,1151.3725571632385,778.3678956031799,645.0721435546875,1091.506103515625,12.84333,18.0,-1,10.657363
3509,1350,2064.627562046051,328.76022958755493,1558.3271484375,641.8984375,11.486083,6.0,1,2.4525685
3079,1350,1967.0676255226135,-6.345544338226318,1460.7672119140625,306.79266357421875,9.274352,6.0,1,5.015218
12,1350,1138.5979599952698,821.5043702125549,632.2975463867188,1134.642578125,8.556521,8.0,-1,27.905264
2032,1350,608.5524353981018,-147.53132009506226,102.25202178955078,165.6068878173828,6.475738,6.0,1,21.050608
4314,1350,1088.653685092926,232.88095712661743,582.353271484375,546.0191650390625,5.9538436,12.0,-1,26.101036
4264,1350,1156.4702744483948,-285.5717921257019,650.1698608398438,27.566415786743164,4.761809,24.0,-1,3.387164
8,1350,1218.4290146827698,393.2519898414612,712.1286010742188,706.3901977539062,4.535729,16.0,-1,3.6090808
4158,1350,1595.2631821632385,456.74997568130493,1088.9627685546875,769.88818359375,3.6043718,6.0,1,0.6754413
2281,1350,1805.7272934913635,-64.08690786361694,1299.4268798828125,249.05130004882812,3.4276226,12.0,-1,14.869229
4318,1350,2129.230345249176,-111.19237661361694,1622.929931640625,201.94583129882812,2.1682837,12.0,-1,6.5327864
4245,1350,1808.4040513038635,470.7947144508362,1302.1036376953125,783.9329223632812,1.7351656,8.0,-1,10.973679
4193,1350,909.1758713722229,597.8809571266174,402.8754577636719,911.0191650390625,1.4100841,16.0,-1,0.1874508
3191,1350,1542.586058139801,400.4691529273987,1036.28564453125,713.6073608398438,1.3951831,10.0,-1,6.6542535
2986,1350,1433.226683139801,492.97360849380493,926.92626953125,806.11181640625,1.2777507,12.0,-1,5.6531105
4305,1350,1431.0020127296448,220.13120126724243,924.7015991210938,533.2694091796875,0.8550772,14.0,-1,5.435139
4040,1350,565.831850528717,112.7772889137268,59.531436920166016,425.9154968261719,0.4423034,10.0,-1,3.0090184
0,1351,1576.0950303077698,771.5046753883362,1069.6839599609375,1084.92626953125,75.44347,10.0,1,27.655556
4,1351,1346.428343296051,-123.27721548080444,840.0172729492188,190.14437866210938,51.440754,8.0,1,28.846405
1,1351,1614.7123398780823,180.86817026138306,1108.30126953125,494.2897644042969,50.87515,8.0,1,25.031399
2,1351,1706.6748642921448,208.39847421646118,1200.2637939453125,521.820068359375,30.753462,8.0,1,27.335154
3654,1351,1150.7247910499573,780.7688355445862,644.313720703125,1094.1904296875,20.892197,18.0,-1,11.118708
3,1351,1199.1962265968323,204.73160409927368,692.78515625,518.1531982421875,19.814669,8.0,1,23.083916
4194,1351,1880.4857773780823,-57.981149196624756,1374.07470703125,255.44044494628906,17.828806,6.0,1,2.8004096
1332,1351,686.9276871681213,550.7110962867737,180.51661682128906,864.1326904296875,15.210278,10.0,-1,5.655163
4167,1351,1501.0153794288635,-294.4008193016052,994.6043090820312,19.020774841308594,11.510659,6.0,1,12.986091
12,1351,1139.9469590187073,820.7388062477112,633.535888671875,1134.160400390625,11.119115,8.0,-1,26.356102
2032,1351,609.7290482521057,-149.71769094467163,103.31797790527344,163.7039031982422,10.081062,6.0,1,22.221743
3509,1351,2065.695860385895,328.22934579849243,1559.2847900390625,641.6509399414062,9.1579895,6.0,1,1.3118923
8,1351,1220.1459946632385,394.68918466567993,713.7349243164062,708.1107788085938,8.268252,16.0,-1,0.8391427
3079,1351,1967.4640488624573,-5.706048488616943,1461.052978515625,307.7155456542969,6.676882,6.0,1,5.0168924
4314,1351,1086.8444809913635,235.53110361099243,580.4334106445312,548.9526977539062,5.368689,10.0,-1,23.52805
2281,1351,1805.8052353858948,-65.63202810287476,1299.3941650390625,247.78956604003906,5.0166054,12.0,-1,13.531097
4264,1351,1154.988401889801,-286.3277907371521,648.5773315429688,27.09380340576172,4.9945188,24.0,-1,2.9591265
4158,1351,1594.3744492530823,454.8861451148987,1087.96337890625,768.3077392578125,3.7524617,6.0,1,1.2474668
4245,1351,1810.0870957374573,472.6962037086487,1303.676025390625,786.1177978515625,1.7818791,8.0,-1,10.962813
3191,1351,1543.0797715187073,401.18332529067993,1036.668701171875,714.6049194335938,1.4293808,16.0,-1,4.898056
4305,1351,1434.4913926124573,220.49130868911743,928.080322265625,533.9129028320312,1.0201112,8.0,-1,5.968153
2986,1351,1434.2839341163635,493.11069345474243,927.8728637695312,806.5322875976562,0.8305852,10.0,-1,5.424268
4193,1351,905.5249314308167,599.1662354469299,399.1138610839844,912.5878295898438,0.78270286,16.0,-1,0.5462578
4040,1351,565.3223938941956,112.6402039527893,58.91132354736328,426.0617980957031,0.6628302,10.0,-1,2.9778419
0,1352,1575.594114780426,771.9142746925354,1068.1441650390625,1086.01513671875,108.36182,10.0,1,27.287092
4,1352,1345.4486680030823,-124.08592367172241,837.9987182617188,190.0149383544922,65.25566,8.0,1,29.149157
1,1352,1612.481565952301,179.83083963394165,1105.0316162109375,493.93170166015625,35.901806,8.0,1,25.143005
2,1352,1705.756224155426,207.65444803237915,1198.3062744140625,521.7553100585938,31.455032,8.0,1,26.63846
3,1352,1200.2985215187073,203.7865891456604,692.8485717773438,517.887451171875,21.341711,8.0,1,20.996021
4194,1352,1881.5747056007385,-58.15901327133179,1374.124755859375,255.9418487548828,19.823097,6.0,1,3.619203
3654,1352,1149.1096787452698,782.4291672706604,641.6597290039062,1096.530029296875,18.486746,16.0,-1,9.976934
4167,1352,1502.6538681983948,-294.2083296775818,995.2039184570312,19.892532348632812,17.552244,6.0,1,14.43276
1332,1352,685.0991349220276,549.0434250831604,177.64918518066406,863.144287109375,13.741078,10.0,-1,4.3065834
3079,1352,1969.755735874176,-6.47848653793335,1462.3057861328125,307.62237548828125,10.601158,6.0,1,3.096883
12,1352,1143.0958847999573,820.0082688331604,635.6459350585938,1134.109130859375,9.3014,8.0,-1,28.364216
2032,1352,611.0671753883362,-149.69174337387085,103.61722564697266,164.40911865234375,9.002293,6.0,1,21.555538
3509,1352,2066.8715806007385,326.5017991065979,1559.421630859375,640.6026611328125,7.80001,6.0,1,1.1811395
8,1352,1221.998899936676,395.77163553237915,714.5489501953125,709.8724975585938,6.5678096,16.0,-1,1.074102
4264,1352,1153.0053086280823,-283.0251498222351,645.5553588867188,31.075712203979492,6.5094376,24.0,-1,4.3360705
2281,1352,1803.838987827301,-64.35168600082397,1296.3890380859375,249.74917602539062,4.521167,10.0,-1,14.993587
4158,1352,1594.875364780426,454.8601975440979,1087.4254150390625,768.9610595703125,3.8980198,8.0,1,2.1429954
4314,1352,1086.0247178077698,236.10232400894165,578.5747680664062,550.2031860351562,3.5224352,20.0,-1,19.971012
4245,1352,1813.547239780426,472.8639817237854,1306.0972900390625,786.96484375,1.468167,8.0,-1,11.166575
4318,1352,2127.8674302101135,-111.22041463851929,1620.41748046875,202.8804473876953,1.4549164,12.0,-1,4.891159
4193,1352,903.162962436676,600.1546921730042,395.7130126953125,914.2555541992188,1.4262029,18.0,-1,0.340358
3191,1352,1548.722532749176,401.45144510269165,1041.2725830078125,715.5523071289062,1.21956,14.0,-1,4.899925
2986,1352,1433.4651474952698,493.93496561050415,926.0151977539062,808.0358276367188,0.9305134,10.0,-1,5.369994
4305,1352,1435.6279282569885,215.8429856300354,928.177978515625,529.94384765625,0.8684404,8.0,-1,6.855982
4040,1352,564.2062935829163,112.26965188980103,56.756343841552734,426.3705139160156,0.32487786,10.0,-1,2.3708487
4,1353,1347.7249131202698,-122.57959127426147,839.8720092773438,191.92483520507812,69.55406,8.0,1,28.939358
0,1353,1574.874632358551,771.5851731300354,1067.021728515625,1086.089599609375,66.3451,10.0,1,27.750542
1,1353,1610.1772446632385,180.26833963394165,1102.3243408203125,494.77276611328125,46.657818,8.0,1,24.561472
2,1353,1705.756224155426,206.97573709487915,1197.9033203125,521.4801635742188,38.617477,8.0,1,27.628693
3,1353,1201.880491733551,203.7865891456604,694.027587890625,518.291015625,28.012321,8.0,1,23.645655
4167,1353,1504.2018418312073,-293.54886960983276,996.3489379882812,20.955556869506836,19.789263,6.0,1,14.29761
4194,1353,1880.442991733551,-58.822572231292725,1372.590087890625,255.68185424804688,14.137439,6.0,1,3.8108006
3654,1353,1148.842894077301,782.2680344581604,640.989990234375,1096.7724609375,12.91637,18.0,-1,10.601064
1332,1353,685.675169467926,549.2021775245667,177.822265625,863.7066040039062,12.448452,10.0,-1,6.9844313
3509,1353,2067.7126450538635,326.1883225440979,1559.8597412109375,640.6927490234375,9.289375,6.0,1,2.499912
3079,1353,1974.548948764801,-6.414918422698975,1466.696044921875,308.0895080566406,8.311476,6.0,1,5.5427375
4264,1353,1151.5531601905823,-285.1894793510437,643.7002563476562,29.3149471282959,7.9972806,24.0,-1,3.0969505
12,1353,1142.4685044288635,819.4179368019104,634.6156005859375,1133.92236328125,7.2677464,8.0,-1,30.162647
2032,1353,611.2678742408752,-150.00610494613647,103.41497039794922,164.49832153320312,6.911861,6.0,1,20.92329
8,1353,1221.4558091163635,394.22659158706665,713.6029052734375,708.7310180664062,5.2825017,8.0,1,0.24198452
4314,1353,1086.436644077301,237.76406717300415,578.583740234375,552.2684936523438,3.2116337,18.0,-1,18.05045
2281,1353,1803.8491196632385,-68.06379842758179,1295.9962158203125,246.4406280517578,3.1118953,10.0,-1,17.95233
4158,1353,1592.0097641944885,455.3298020362854,1084.1568603515625,769.834228515625,2.8364534,6.0,1,1.0897208
4318,1353,2126.302610874176,-109.13459920883179,1618.44970703125,205.3698272705078,2.199123,14.0,-1,3.1011322
4193,1353,897.918333530426,601.0301804542542,390.0654296875,915.5346069335938,1.7450018,8.0,1,0.07581416
4245,1353,1812.0783677101135,475.08682107925415,1304.2254638671875,789.5912475585938,1.2803847,8.0,-1,11.854628
3191,1353,1549.584349155426,401.06558084487915,1041.7314453125,715.5700073242188,1.0585165,10.0,-1,6.2917757
2986,1353,1433.8853135108948,497.1614670753479,926.0324096679688,811.6658935546875,1.0439358,10.0,-1,4.7180805
4305,1353,1437.171507358551,214.26492166519165,929.318603515625,528.7693481445312,0.6758036,8.0,-1,7.1901264
4040,1353,563.4705910682678,117.07409524917603,55.6176872253418,431.5785217285156,0.37496987,28.0,-1,3.453247
0,1354,1574.6694626808167,771.2613205909729,1065.97705078125,1085.8310546875,115.099174,10.0,1,27.68774
4,1354,1348.8448777198792,-120.91890096664429,840.1524658203125,193.6508331298828,40.69645,8.0,1,26.096632
1,1354,1609.3336472511292,180.07449197769165,1100.6412353515625,494.64422607421875,39.716408,8.0,1,24.992165
2,1354,1707.3846726417542,208.6266770362854,1198.6922607421875,523.1964111328125,25.975746,8.0,1,27.655235
1332,1354,686.8774704933167,548.7867112159729,178.18505859375,863.3564453125,22.15378,10.0,-1,7.589655
3,1354,1204.552092075348,204.25051736831665,695.8596801757812,518.8202514648438,20.380434,8.0,1,23.061613
4194,1354,1880.7931199073792,-59.1068434715271,1372.1007080078125,255.462890625,18.632227,6.0,1,3.271686
4167,1354,1504.4070115089417,-293.79965353012085,995.714599609375,20.77008056640625,12.867554,6.0,1,15.579533
3654,1354,1146.586760044098,781.5994553565979,637.8943481445312,1096.169189453125,10.761879,18.0,-1,10.812675
3509,1354,2069.4387497901917,330.6495041847229,1560.746337890625,645.21923828125,8.744201,6.0,1,0.80626595
3079,1354,1973.8271775245667,-5.57663106918335,1465.134765625,308.99310302734375,7.812887,6.0,1,2.4338634
8,1354,1218.7639451026917,393.57888650894165,710.071533203125,708.1486206054688,7.6811776,8.0,1,0.13064155
4264,1354,1152.9026169776917,-284.01394033432007,644.210205078125,30.55579376220703,7.133736,22.0,-1,4.6106653
4158,1354,1588.6062302589417,455.9312424659729,1079.913818359375,770.5009765625,5.8735943,6.0,1,0.81793773
2032,1354,610.7778153419495,-149.50221395492554,102.08540344238281,165.06752014160156,5.3864837,6.0,1,22.039562
12,1354,1141.9345383644104,820.3058762550354,633.2421264648438,1134.8756103515625,4.981442,10.0,-1,31.355326
2281,1354,1804.1708054542542,-69.0537428855896,1295.4783935546875,245.5159912109375,4.7101946,10.0,-1,20.19981
4318,1354,2123.3677048683167,-110.72613668441772,1614.67529296875,203.84359741210938,2.8420188,12.0,-1,4.590848
4193,1354,892.2453293800354,605.1957688331604,383.55291748046875,919.7655029296875,1.3536075,8.0,1,0.6747083
3191,1354,1550.5464158058167,400.1198410987854,1041.85400390625,714.6895751953125,1.2871524,10.0,-1,7.328031
4305,1354,1438.105803012848,216.19143533706665,929.4133911132812,530.7611694335938,0.9265432,8.0,-1,6.791155
4245,1354,1809.4288620948792,475.28066873550415,1300.7364501953125,789.8504028320312,0.7929651,8.0,-1,10.209699
2986,1354,1433.6344895362854,493.8462815284729,924.9420776367188,808.416015625,0.56838673,12.0,-1,4.3078294
4040,1354,564.2793984413147,114.85378885269165,55.58698654174805,429.42352294921875,0.2111427,28.0,-1,2.971368
0,1355,1575.1074204444885,770.4760727882385,1065.485595703125,1085.0882568359375,61.84338,10.0,1,27.9038
4,1355,1349.8984971046448,-120.54472494125366,840.2766723632812,194.0674591064453,51.799038,8.0,1,28.2638
1,1355,1608.980101108551,178.84231424331665,1099.3582763671875,493.4544982910156,42.130215,8.0,1,25.465847
2,1355,1708.666624546051,209.01006937026978,1199.0447998046875,523.6222534179688,25.721231,8.0,1,27.52251
3,1355,1203.5466294288635,202.11578226089478,693.9248046875,516.7279663085938,18.629818,8.0,1,23.353506
4194,1355,1881.856077671051,-61.9327712059021,1372.2342529296875,252.67941284179688,16.921888,6.0,1,3.216371
1332,1355,688.7517380714417,548.4709458351135,179.12991333007812,863.0831298828125,14.26162,10.0,-1,6.648452
4167,1355,1505.2924790382385,-293.51895093917847,995.670654296875,21.093233108520508,13.523483,6.0,1,16.276596
3654,1355,1143.7849106788635,780.542601108551,634.1630859375,1095.15478515625,12.047463,18.0,-1,10.952554
3079,1355,1976.4711899757385,-6.11349630355835,1466.849365234375,308.4986877441406,8.135172,6.0,1,3.6872206
8,1355,1218.0065903663635,393.5944199562073,708.384765625,708.2066040039062,8.081372,18.0,-1,0.13684896
3509,1355,2068.3674302101135,331.4545273780823,1558.74560546875,646.0667114257812,7.608025,6.0,1,1.9015353
4264,1355,1151.6378769874573,-282.66832876205444,642.0160522460938,31.94385528564453,6.556722,22.0,-1,5.934143
2281,1355,1806.0881333351135,-66.95100545883179,1296.46630859375,247.6611785888672,6.4603333,10.0,-1,21.926481
12,1355,1142.2880845069885,821.0085434913635,632.666259765625,1135.6207275390625,6.233994,8.0,-1,32.753525
2032,1355,609.5005784034729,-148.66896200180054,99.87875366210938,165.94322204589844,5.157401,6.0,1,22.360493
4158,1355,1587.038206577301,455.9157090187073,1077.4163818359375,770.5278930664062,4.3718276,8.0,1,2.1980636
4318,1355,2123.8879380226135,-111.03210592269897,1614.26611328125,203.580078125,3.1584275,12.0,-1,6.8510156
3191,1355,1549.7883286476135,397.5496201515198,1040.16650390625,712.1618041992188,2.151161,10.0,-1,7.564928
4305,1355,1441.9876084327698,217.39629983901978,932.3657836914062,532.0084838867188,2.1461565,8.0,-1,8.119642
4193,1355,889.9035019874573,607.0455918312073,380.28167724609375,921.6577758789062,1.8891453,8.0,1,0.9435004
4245,1355,1805.291868686676,475.7162461280823,1295.6700439453125,790.3284301757812,1.2467351,8.0,-1,11.168835
2986,1355,1434.0139756202698,493.5729966163635,924.3921508789062,808.1851806640625,0.7901326,12.0,-1,4.4631057
4040,1355,563.6418061256409,112.58486795425415,54.019981384277344,427.1970520019531,0.50310534,8.0,-1,3.15675
4,1356,1350.6849961280823,-120.58526754379272,840.2215576171875,194.13075256347656,53.124813,8.0,1,27.941006
0,1356,1575.1226181983948,770.4160599708557,1064.6591796875,1085.132080078125,48.122726,10.0,1,27.208832
1,1356,1608.8711533546448,179.3164200782776,1098.40771484375,494.0324401855469,47.435955,8.0,1,24.593704
2,1356,1708.6514267921448,207.53037881851196,1198.18798828125,522.2463989257812,31.144442,8.0,1,27.356136
3,1356,1202.5856308937073,202.1532425880432,692.1221923828125,516.8692626953125,20.422354,8.0,1,23.300116
4194,1356,1881.7007431983948,-62.53645467758179,1371.2373046875,252.1795654296875,18.359198,6.0,1,2.5793734
1332,1356,690.0272660255432,547.3017411231995,179.56382751464844,862.0177612304688,17.396635,10.0,-1,8.334173
3654,1356,1144.1447739601135,778.8142533302307,633.6813354492188,1093.5302734375,14.880006,18.0,-1,10.478646
4167,1356,1504.548460483551,-294.76164388656616,994.0850219726562,19.954376220703125,12.299901,6.0,1,17.390985
3509,1356,2068.104551792145,334.03477334976196,1557.64111328125,648.7507934570312,10.765971,6.0,1,1.2411735
4264,1356,1151.8040146827698,-280.6162123680115,641.340576171875,34.09980773925781,8.943024,22.0,-1,5.779227
3079,1356,1976.6926865577698,-6.635423183441162,1466.229248046875,308.0805969238281,8.265516,6.0,1,4.324793
2032,1356,609.217161655426,-149.0231795310974,98.75372314453125,165.69284057617188,8.188973,6.0,1,21.459492
12,1356,1142.6278672218323,819.8065629005432,632.1644287109375,1134.5225830078125,6.0301614,8.0,-1,33.215454
8,1356,1216.2910752296448,396.74961709976196,705.82763671875,711.4656372070312,5.9433904,8.0,1,0.70086783
2281,1356,1810.0917344093323,-67.45665121078491,1299.6282958984375,247.25936889648438,4.117879,10.0,-1,20.697811
4318,1356,2122.2265000343323,-108.21373128890991,1611.7630615234375,206.50228881835938,3.5247242,12.0,-1,7.5273294
4158,1356,1588.7573838233948,455.8865189552307,1078.2939453125,770.6025390625,3.5011816,8.0,1,3.1077094
4245,1356,1800.3818955421448,479.1688675880432,1289.91845703125,793.8848876953125,1.6658326,8.0,-1,10.738664
4305,1356,1444.9103379249573,224.71104288101196,934.4468994140625,539.4270629882812,1.5316931,8.0,-1,9.363321
4193,1356,889.3215622901917,607.8544754981995,378.8581237792969,922.5704956054688,1.1812202,8.0,1,0.95360297
3191,1356,1550.7026963233948,398.2954545021057,1040.2392578125,713.011474609375,1.1214496,10.0,-1,6.672561
2986,1356,1430.3090806007385,494.2517533302307,919.8456420898438,808.9677734375,0.9335823,12.0,-1,5.043065
4040,1356,564.1431756019592,112.61405801773071,53.67973709106445,427.330078125,0.5325313,10.0,-1,3.71764
0,1357,1576.7517685890198,770.8744034767151,1066.0069580078125,1085.8660888671875,112.281975,10.0,1,27.538872
4,1357,1350.8733506202698,-121.00602865219116,840.1285400390625,193.98565673828125,82.595116,8.0,1,27.540344
1,1357,1608.5490097999573,179.0841202735901,1097.80419921875,494.0758056640625,56.242844,8.0,1,26.144508
2,1357,1710.0509629249573,206.22627115249634,1199.30615234375,521.2179565429688,34.195774,8.0,1,27.508179
1332,1357,692.4571213722229,545.1649308204651,181.71231079101562,860.1566162109375,19.793217,10.0,-1,9.675458
4194,1357,1881.6970810890198,-61.66928243637085,1370.9522705078125,253.32240295410156,19.467876,6.0,1,1.6949657
3,1357,1200.051878452301,200.77863931655884,689.3070678710938,515.7703247070312,17.761475,8.0,1,22.0678
3654,1357,1146.3449692726135,779.1562638282776,635.6001586914062,1094.14794921875,16.008951,18.0,-1,10.4122
4167,1357,1504.5576157569885,-295.4357256889343,993.8128051757812,19.555959701538086,12.475198,6.0,1,15.764669
3079,1357,1976.6963486671448,-5.627854824066162,1465.9515380859375,309.36383056640625,9.302647,6.0,1,3.4378147
12,1357,1141.7329087257385,819.7702775001526,630.9880981445312,1134.761962890625,9.129901,8.0,-1,28.095713
4264,1357,1148.2039170265198,-281.8330817222595,637.4591064453125,33.15860366821289,8.596717,22.0,-1,5.6073637
3509,1357,2070.7797226905823,334.0710587501526,1560.034912109375,649.062744140625,7.26931,6.0,1,1.3461548
2032,1357,611.2686905860901,-146.30258321762085,100.52388000488281,168.68910217285156,7.015963,6.0,1,19.76409
8,1357,1214.1528306007385,397.33808755874634,703.4080200195312,712.3297729492188,6.941091,16.0,-1,0.49179634
2281,1357,1812.1170029640198,-67.00763082504272,1301.3721923828125,247.9840545654297,4.6303296,10.0,-1,21.992517
4158,1357,1590.2610459327698,455.16816568374634,1079.5162353515625,770.1598510742188,4.157293,8.0,1,1.4374307
4314,1357,1087.7839951515198,241.1058487892151,577.0391845703125,556.0975341796875,4.002854,18.0,-1,19.279661
4318,1357,2121.1679062843323,-106.0079665184021,1610.423095703125,208.9837188720703,2.182417,12.0,-1,7.7929835
3191,1357,1551.6654648780823,398.2401261329651,1040.920654296875,713.2318115234375,1.897278,10.0,-1,7.3922057
4245,1357,1798.6119980812073,479.67768716812134,1287.8671875,794.6693725585938,1.7354674,8.0,-1,11.546653
4193,1357,886.7173752784729,610.7568497657776,375.9725646972656,925.74853515625,1.6293145,16.0,-1,0.65712607
4305,1357,1443.869993686676,227.48676919937134,933.1251831054688,542.4784545898438,1.0363969,8.0,-1,8.7512665
2986,1357,1429.6986680030823,493.8200821876526,918.953857421875,808.811767578125,0.878191,12.0,-1,4.539447
4040,1357,563.8423104286194,109.71842813491821,53.09749984741211,424.7101135253906,0.43232572,10.0,-1,3.4098086
4,1358,1351.4499192237854,-121.5851149559021,839.8355102539062,193.9532012939453,61.58781,8.0,1,28.950462
0,1358,1575.4697556495667,768.1152482032776,1063.8553466796875,1083.653564453125,53.946407,10.0,1,27.397638
1,1358,1609.1019577980042,178.4286332130432,1097.487548828125,493.9669494628906,50.546734,8.0,1,25.560596
2,1358,1711.1739792823792,206.3352189064026,1199.5595703125,521.87353515625,34.13831,8.0,1,28.387022
1332,1358,693.2265458106995,544.7026505470276,181.6121368408203,860.240966796875,17.248466,10.0,-1,9.290667
4167,1358,1503.4062790870667,-294.2718997001648,991.7918701171875,21.266416549682617,17.074244,6.0,1,16.187977
4194,1358,1881.5984177589417,-65.59604024887085,1369.9840087890625,249.94227600097656,16.317371,6.0,1,4.843231
3,1358,1199.3312058448792,198.2404923439026,687.716796875,513.77880859375,16.070414,8.0,1,24.038599
3079,1358,1978.5118699073792,-3.733201503753662,1466.8974609375,311.80511474609375,11.757968,6.0,1,3.1257515
3654,1358,1145.524992465973,777.7525773048401,633.9105834960938,1093.2908935546875,11.450997,18.0,-1,10.95854
4264,1358,1147.893400669098,-285.7380118370056,636.2789916992188,29.800304412841797,8.961989,22.0,-1,6.0423265
2032,1358,611.2686905860901,-146.14674520492554,99.65428161621094,169.39157104492188,8.6288805,6.0,1,21.012287
8,1358,1216.1842942237854,400.5444474220276,704.5698852539062,716.082763671875,7.259667,8.0,1,1.6480923
12,1358,1141.7440476417542,818.7318253517151,630.129638671875,1134.2701416015625,6.6239944,8.0,-1,34.548992
4318,1358,2121.7944626808167,-105.55772542953491,1610.1800537109375,209.9805908203125,6.602612,12.0,-1,8.225151
3509,1358,2072.374662876129,335.7273087501526,1560.76025390625,651.265625,6.3372245,6.0,1,0.7990711
2281,1358,1814.0951218605042,-65.24571371078491,1302.480712890625,250.2926025390625,4.9287767,8.0,-1,24.091694
4314,1358,1085.7549118995667,241.2249894142151,574.1405029296875,556.7633056640625,4.650188,14.0,-1,22.622103
4158,1358,1585.9449753761292,455.89057779312134,1074.33056640625,771.4288940429688,4.2761836,16.0,-1,0.24085337
3191,1358,1553.6137986183167,397.6554093360901,1041.9993896484375,713.1937255859375,1.7589364,8.0,-1,9.608673
4245,1358,1795.2876267433167,476.92524576187134,1283.6732177734375,792.4635620117188,1.4845306,8.0,-1,12.008221
4193,1358,885.3376755714417,610.9224381446838,373.7232666015625,926.4607543945312,1.0559686,20.0,-1,0.030472964
2986,1358,1431.9391770362854,496.18562173843384,920.3247680664062,811.7239379882812,0.79201573,12.0,-1,4.75591
4305,1358,1439.1088547706604,225.52290201187134,927.4944458007812,541.0612182617188,0.71453315,8.0,-1,8.5685625
4040,1358,563.1684517860413,109.71842813491821,51.55404281616211,425.2567443847656,0.53368706,10.0,-1,3.467009
0,1359,1574.288420200348,766.8368668556213,1061.7960205078125,1082.8662109375,75.80134,10.0,1,27.835585
1,1359,1610.084806919098,179.57710123062134,1097.5924072265625,495.6064453125,44.515335,8.0,1,26.028767
2,1359,1712.5331711769104,207.5122208595276,1200.040771484375,523.5415649414062,44.31309,8.0,1,27.757189
4,1359,1352.271086215973,-122.86667013168335,839.7786865234375,193.1626739501953,39.34125,8.0,1,28.743628
3654,1359,1144.373381137848,775.7704606056213,631.8809814453125,1091.7998046875,22.164894,18.0,-1,10.697803
4194,1359,1881.928068637848,-68.62254476547241,1369.4356689453125,247.40679931640625,18.577509,6.0,1,3.4974456
4167,1359,1505.6220993995667,-294.89957189559937,993.1296997070312,21.129772186279297,17.78375,6.0,1,13.071001
3,1359,1197.3356614112854,197.08820962905884,684.84326171875,513.1175537109375,17.308666,8.0,1,20.926353
1332,1359,693.0278916358948,543.5305314064026,180.53549194335938,859.5598754882812,14.809882,10.0,-1,10.207738
4264,1359,1148.5887742042542,-282.9288878440857,636.0963745117188,33.10045623779297,13.634487,22.0,-1,6.600517
3079,1359,1979.187101840973,-2.562669277191162,1466.6947021484375,313.4666748046875,10.861779,6.0,1,1.9741266
3509,1359,2070.9748215675354,335.81355142593384,1558.482421875,651.8428955078125,9.097095,6.0,1,0.5886079
2032,1359,611.0444321632385,-146.05348348617554,98.55203247070312,169.97586059570312,8.29805,6.0,1,21.73748
12,1359,1141.7440476417542,818.7643570899963,629.2516479492188,1134.793701171875,7.2202086,10.0,-1,33.673996
8,1359,1219.035490512848,403.20429849624634,706.5430908203125,719.233642578125,6.4532814,8.0,1,1.9643707
2281,1359,1816.1386399269104,-65.28984212875366,1303.646240234375,250.739501953125,5.4631486,8.0,-1,25.94025
4318,1359,2126.409025669098,-106.55018758773804,1613.9166259765625,209.47915649414062,4.7151284,12.0,-1,11.086252
4158,1359,1583.5776047706604,453.2596573829651,1071.085205078125,769.2890014648438,3.5593603,8.0,1,0.8762666
4314,1359,1085.432463169098,241.88874673843384,572.9400634765625,557.9180908203125,3.3785985,14.0,-1,18.48232
4245,1359,1794.713713169098,478.3545060157776,1282.2213134765625,794.3838500976562,1.7608868,8.0,-1,12.059699
2986,1359,1433.1607956886292,496.18562173843384,920.6683959960938,812.2149658203125,1.4277134,12.0,-1,5.246983
3191,1359,1553.0297532081604,396.41364908218384,1040.537353515625,712.4429931640625,1.1558167,14.0,-1,6.653089
4193,1359,882.629271030426,612.9371476173401,370.1368713378906,928.9664916992188,1.1362419,18.0,-1,0.60804313
4305,1359,1437.4480271339417,226.25898599624634,924.9556274414062,542.288330078125,0.69256043,8.0,-1,6.557617
4040,1359,564.3215584754944,109.70521402359009,51.829158782958984,425.73455810546875,0.33998236,8.0,-1,3.1621835
0,1360,1574.3227829933167,765.2168107032776,1061.870849609375,1081.4599609375,93.296715,10.0,1,28.17943
1,1360,1608.4466843605042,180.8031449317932,1095.9947509765625,497.0462951660156,45.434628,8.0,1,26.070704
4,1360,1352.271086215973,-123.89070272445679,839.8191528320312,192.35244750976562,44.349533,8.0,1,29.20916
4167,1360,1506.2991013526917,-296.402955532074,993.84716796875,19.840194702148438,28.396765,6.0,1,9.641161
2,1360,1712.1900925636292,205.6383194923401,1199.7381591796875,521.8814697265625,27.220499,8.0,1,27.960619
3,1360,1198.0372605323792,194.86726236343384,685.5853271484375,511.11041259765625,18.454493,8.0,1,24.213427
4194,1360,1881.5411667823792,-68.1225905418396,1369.0892333984375,248.1205596923828,17.36264,6.0,1,3.0321376
3509,1360,2072.438871860504,333.8380265235901,1559.9869384765625,650.0811767578125,12.776379,6.0,1,1.0624094
1332,1360,692.7153611183167,545.0384049415588,180.263427734375,861.2815551757812,12.447423,10.0,-1,9.283447
3654,1360,1144.4240403175354,775.5468888282776,631.9721069335938,1091.7900390625,12.378433,18.0,-1,10.43292
2032,1360,612.102903842926,-144.58171224594116,99.65097045898438,171.66143798828125,10.201246,6.0,1,20.79002
4264,1360,1149.857267856598,-280.98685598373413,637.4053344726562,35.25629425048828,9.697808,22.0,-1,7.3364205
3079,1360,1980.2311081886292,-2.562669277191162,1467.7791748046875,313.68048095703125,8.130303,6.0,1,2.2659626
12,1360,1142.829679965973,817.6964249610901,630.3777465820312,1133.9395751953125,6.278194,8.0,-1,32.17208
8,1360,1218.125090122223,405.99409341812134,705.6731567382812,722.2372436523438,4.9566636,8.0,1,1.4654977
4158,1360,1583.0101609230042,453.6264786720276,1070.5582275390625,769.86962890625,4.2871614,8.0,1,1.2007809
2281,1360,1817.6330857276917,-63.17868185043335,1305.18115234375,253.06446838378906,4.136371,10.0,-1,21.460167
4318,1360,2124.967192173004,-106.22253561019897,1612.5152587890625,210.02061462402344,2.602966,12.0,-1,9.073604
4314,1360,1085.820402622223,240.5368790626526,573.3684692382812,556.780029296875,2.5360193,14.0,-1,11.553425
3191,1360,1549.9380173683167,391.6218400001526,1037.486083984375,707.864990234375,2.450499,10.0,-1,6.747376
4245,1360,1793.6658005714417,478.2694230079651,1281.2138671875,794.5125732421875,1.3446678,6.0,-1,11.843835
4305,1360,1435.8225388526917,229.7004532814026,923.37060546875,545.943603515625,1.0275217,8.0,-1,8.04167
4193,1360,880.769896030426,614.6964249610901,368.3179626464844,930.9395751953125,0.78844136,18.0,-1,0.6758803
2986,1360,1434.1100144386292,497.7343888282776,921.6580810546875,813.9775390625,0.69139916,12.0,-1,4.365099
4040,1360,560.4097466468811,109.27351236343384,47.95781326293945,425.51666259765625,0.48959222,8.0,-1,3.819941
0,1361,1574.9133591651917,763.5862259864807,1060.849609375,1080.4725341796875,65.281395,10.0,1,27.70847
4,1361,1351.814787387848,-123.00293111801147,837.7510375976562,193.8833770751953,63.699375,8.0,1,28.16939
1,1361,1608.2063279151917,180.8031449317932,1094.142578125,497.689453125,57.250946,8.0,1,23.12852
2,1361,1712.1900925636292,202.7150101661682,1198.1263427734375,519.601318359375,39.355206,8.0,1,26.602472
4167,1361,1507.4817185401917,-295.6112036705017,993.41796875,21.275104522705078,22.028221,6.0,1,13.826869
3,1361,1199.9809861183167,194.66926431655884,685.917236328125,511.5555725097656,21.84906,8.0,1,23.694647
4194,1361,1884.4018845558167,-68.75608968734741,1370.338134765625,248.13021850585938,19.517694,6.0,1,1.9297965
1332,1361,691.9235520362854,545.785505771637,177.85980224609375,862.6718139648438,15.708522,10.0,-1,11.267226
3654,1361,1143.9320359230042,776.0685257911682,629.8682861328125,1092.954833984375,10.961051,18.0,-1,10.139893
2032,1361,614.2225098609924,-144.37875509262085,100.15876007080078,172.50755310058594,10.835572,6.0,1,21.001364
3079,1361,1978.6074509620667,-1.383958339691162,1464.543701171875,315.5023498535156,10.489956,6.0,1,1.9485165
4264,1361,1145.7221360206604,-281.0603537559509,631.6583862304688,35.82595443725586,10.051715,22.0,-1,5.9904156
3509,1361,2074.443754673004,333.04966592788696,1560.3800048828125,649.9359741210938,9.630145,6.0,1,0.8975538
2281,1361,1817.8916306495667,-60.95309591293335,1303.827880859375,255.93321228027344,7.0278354,8.0,-1,26.035711
4318,1361,2124.937162876129,-104.58671712875366,1610.8734130859375,212.29959106445312,6.9813,12.0,-1,12.190943
8,1361,1216.5039353370667,408.40000772476196,702.440185546875,725.2863159179688,6.897659,8.0,1,0.81718314
4314,1361,1085.2748703956604,240.42478799819946,571.2111206054688,557.3110961914062,6.613767,14.0,-1,30.598537
12,1361,1144.4807419776917,816.1858353614807,630.4169921875,1133.0721435546875,6.582563,8.0,-1,32.685627
4158,1361,1581.6043992042542,452.16123819351196,1067.5406494140625,769.0475463867188,3.2528946,8.0,1,1.2751973
3191,1361,1550.4387497901917,389.6739945411682,1036.375,706.560302734375,1.4651576,10.0,-1,6.103876
4305,1361,1435.4220871925354,232.49876260757446,921.3583374023438,549.3850708007812,1.0217673,8.0,-1,8.506092
4245,1361,1796.3974900245667,479.03721475601196,1282.333740234375,795.9235229492188,1.0040978,8.0,-1,9.78267
4193,1361,879.7596116065979,615.596052646637,365.69586181640625,932.4823608398438,0.9094694,18.0,-1,1.0619528
2986,1361,1434.5050339698792,497.67063760757446,920.4412841796875,814.5569458007812,0.759614,14.0,-1,4.1398115
4040,1361,562.4873604774475,107.68022012710571,48.42361068725586,424.5665283203125,0.29756328,16.0,-1,2.8755238
0,1362,1575.390470981598,762.6661515235901,1060.1944580078125,1079.9129638671875,94.11089,10.0,1,26.519596
1,1362,1607.820158481598,180.8031449317932,1092.6241455078125,498.0499572753906,50.638706,8.0,1,25.233692
4,1362,1349.1852097511292,-121.97999715805054,833.9891967773438,195.26681518554688,48.81667,8.0,1,27.513016
2,1362,1713.3405442237854,203.6223282814026,1198.14453125,520.869140625,33.17491,8.0,1,27.193226
3,1362,1199.9809861183167,195.4409317970276,684.7849731445312,512.687744140625,20.087202,8.0,1,22.51158
4194,1362,1886.939787387848,-69.21588277816772,1371.7437744140625,248.0309295654297,19.913618,6.0,1,3.86201
3079,1362,1979.3673996925354,-1.575059413909912,1464.17138671875,315.6717529296875,15.46783,6.0,1,2.1157117
3654,1362,1146.0265793800354,774.6290421485901,630.83056640625,1091.8758544921875,14.113804,18.0,-1,11.388591
4264,1362,1141.2108445167542,-279.2167181968689,626.0148315429688,38.030094146728516,11.144615,22.0,-1,6.7097216
4167,1362,1512.2247605323792,-297.14607191085815,997.0287475585938,20.100740432739258,10.383162,6.0,1,15.252687
1332,1362,690.8068528175354,544.5179581642151,175.61083984375,861.7647705078125,10.064766,10.0,-1,9.724309
3509,1362,2075.872404575348,334.7556290626526,1560.6763916015625,652.00244140625,9.404912,6.0,1,0.31723857
2032,1362,615.3528580665588,-144.79152059555054,100.15684509277344,172.45529174804688,9.229316,6.0,1,21.299456
8,1362,1215.7323288917542,411.2165665626526,700.5363159179688,728.46337890625,7.9113636,8.0,1,0.4194332
12,1362,1144.9680466651917,817.0598282814026,629.7720336914062,1134.306640625,7.72892,10.0,-1,34.12018
4314,1362,1083.9809861183167,242.61323404312134,568.7849731445312,559.8600463867188,5.622404,14.0,-1,9.335586
2281,1362,1815.882658481598,-63.218324184417725,1300.6866455078125,254.0284881591797,5.207525,8.0,-1,25.819532
4318,1362,2126.342375278473,-104.55470418930054,1611.1463623046875,212.69210815429688,4.090744,12.0,-1,6.899895
4158,1362,1579.067961215973,449.8252091407776,1063.8719482421875,767.072021484375,3.0985124,8.0,1,1.9442226
4245,1362,1794.907072544098,480.9294571876526,1279.7110595703125,798.17626953125,1.4380137,10.0,-1,8.054199
3191,1362,1550.444670200348,388.60005044937134,1035.2486572265625,705.8468627929688,1.1598215,10.0,-1,6.357753
4305,1362,1430.983488559723,232.31379556655884,915.7874755859375,549.5606079101562,1.1245946,8.0,-1,8.499463
4193,1362,879.0128464698792,616.8724503517151,363.81683349609375,934.1192626953125,1.1233993,22.0,-1,1.5836602
2986,1362,1433.2052903175354,495.9231095314026,918.00927734375,813.169921875,0.9154597,12.0,-1,4.9765425
4040,1362,563.5674538612366,110.89012002944946,48.37144088745117,428.1369323730469,0.45980132,12.0,-1,2.9873686
0,1363,1575.4098801612854,761.7658524513245,1059.6343994140625,1079.489990234375,84.07859,10.0,1,27.483194
1,1363,1607.8988938331604,180.31916666030884,1092.1234130859375,498.0433044433594,58.628284,8.0,1,25.899263
4,1363,1349.8488450050354,-119.03434896469116,834.0733642578125,198.68978881835938,42.347507,8.0,1,27.985338
2,1363,1713.4877610206604,206.0189652442932,1197.7122802734375,523.7431030273438,34.9603,8.0,1,28.358654
3,1363,1199.5964646339417,194.33665323257446,683.8209838867188,512.060791015625,26.089552,8.0,1,23.480816
4194,1363,1887.9384446144104,-66.14097738265991,1372.1629638671875,251.58316040039062,16.340342,6.0,1,1.7910951
1332,1363,689.6412949562073,543.9556107521057,173.86581420898438,861.6797485351562,14.096227,10.0,-1,13.08931
4167,1363,1513.765470981598,-297.6626982688904,997.989990234375,20.061439514160156,13.455844,6.0,1,14.612061
3654,1363,1147.0321335792542,773.711531162262,631.2566528320312,1091.4356689453125,11.8553505,18.0,-1,11.171722
4264,1363,1142.2767624855042,-280.27680349349976,626.5012817382812,37.44733428955078,9.173309,20.0,-1,6.062646
3509,1363,2075.872404575348,335.1045365333557,1560.096923828125,652.8286743164062,8.212746,6.0,1,2.9527984
2032,1363,614.9858765602112,-144.79152059555054,99.21039581298828,172.9326171875,7.873504,8.0,1,21.117706
2281,1363,1815.1845383644104,-63.7441725730896,1299.4090576171875,253.97996520996094,7.6015625,8.0,-1,28.095364
3079,1363,1982.7338547706604,1.009565830230713,1466.9583740234375,318.73370361328125,7.0452256,6.0,1,3.207379
8,1363,1213.6727585792542,410.4185013771057,697.8972778320312,728.1426391601562,6.880209,8.0,1,0.6797098
12,1363,1142.5140671730042,817.9526200294495,626.7385864257812,1135.6767578125,5.2087235,10.0,-1,29.081884
4314,1363,1083.8749070167542,242.84007120132446,568.0994262695312,560.564208984375,4.935265,14.0,-1,9.452084
4158,1363,1577.2028489112854,451.5359330177307,1061.4273681640625,769.2600708007812,3.5938337,8.0,1,1.9576696
4318,1363,2125.1430344581604,-100.30212545394897,1609.3675537109375,217.42201232910156,3.3050287,12.0,-1,9.147047
4245,1363,1797.758390903473,480.6781449317932,1281.98291015625,798.4022827148438,1.6081606,8.0,-1,9.524316
2986,1363,1433.8794236183167,494.37730264663696,918.1039428710938,812.1014404296875,0.9916155,12.0,-1,5.012348
3191,1363,1549.598967075348,386.7047562599182,1033.823486328125,704.4288940429688,0.86729693,10.0,-1,6.6125603
4305,1363,1430.192228794098,233.1505570411682,914.416748046875,550.8746948242188,0.73174214,8.0,-1,6.895127
4193,1363,879.3247361183167,621.2512650489807,363.54925537109375,938.9754028320312,0.41770887,20.0,-1,1.5510933
4040,1363,559.2811074256897,114.60719156265259,43.5056266784668,432.3313293457031,0.2738229,10.0,-1,2.465055
4,1364,1350.7079148292542,-117.67103719711304,834.0794067382812,200.01336669921875,74.16495,8.0,1,28.510538
0,1364,1574.728849887848,762.4225296974182,1058.100341796875,1080.10693359375,72.03064,10.0,1,27.842323
1,1364,1608.5710129737854,180.31916666030884,1091.9425048828125,498.0035705566406,59.7298,8.0,1,26.387691
3,1364,1200.614592075348,192.42478799819946,683.986083984375,510.10919189453125,40.999733,8.0,1,22.615139
2,1364,1715.1435227394104,207.08421182632446,1198.5150146484375,524.7686157226562,23.306799,8.0,1,27.234259
4194,1364,1890.747892856598,-66.22654867172241,1374.119384765625,251.45785522460938,20.177269,6.0,1,3.3821325
3654,1364,1147.5298142433167,771.1555619239807,630.9013061523438,1088.8399658203125,14.697442,18.0,-1,11.342417
4167,1364,1512.0471482276917,-297.72233724594116,995.4186401367188,19.962066650390625,13.564797,6.0,1,15.742366
4264,1364,1140.517912387848,-282.37403631210327,623.889404296875,35.310367584228516,11.423732,22.0,-1,5.915377
1332,1364,688.2675766944885,543.303328037262,171.63906860351562,860.9877319335938,9.722596,10.0,-1,10.984395
2032,1364,616.4334855079651,-145.30157613754272,99.80497741699219,172.38282775878906,8.437183,6.0,1,20.936453
3079,1364,1984.950773715973,2.746901035308838,1468.322265625,320.4313049316406,8.025489,6.0,1,1.7822411
3509,1364,2075.9489426612854,334.4282670021057,1559.3204345703125,652.1126708984375,7.2483354,6.0,1,1.4964247
8,1364,1213.6727585792542,410.2257523536682,697.0442504882812,727.91015625,6.8809934,8.0,1,0.38930982
2281,1364,1814.9653000831604,-61.60048055648804,1298.3367919921875,256.08392333984375,6.0907226,8.0,-1,27.360518
4318,1364,2126.0658860206604,-96.61789083480835,1609.4373779296875,221.06651306152344,5.0433717,12.0,-1,10.396051
12,1364,1141.8940110206604,819.5441117286682,625.2655029296875,1137.228515625,4.7267723,10.0,-1,26.791653
4314,1364,1083.4061570167542,245.8765091896057,566.7776489257812,563.5609130859375,3.842254,14.0,-1,5.8060837
4158,1364,1573.2179856300354,450.8103470802307,1056.5894775390625,768.4947509765625,3.0471697,8.0,1,1.0393517
4245,1364,1800.715178012848,484.3534379005432,1284.086669921875,802.037841796875,1.2844868,10.0,-1,8.273454
3191,1364,1549.169767856598,384.62144327163696,1032.541259765625,702.3058471679688,1.2729543,10.0,-1,6.392495
2986,1364,1436.7220749855042,494.3994584083557,920.0935668945312,812.0838623046875,0.8506004,12.0,-1,5.0497646
4305,1364,1428.8923630714417,232.80662393569946,912.2638549804688,550.4910278320312,0.84826237,8.0,-1,5.9330697
4193,1364,876.8203110694885,621.3498978614807,360.1918029785156,939.0343017578125,0.67849183,24.0,-1,0.6980586
4040,1364,558.2918343544006,116.91493082046509,41.663326263427734,434.5993347167969,0.32076272,10.0,-1,2.6603622
0,1365,1575.572111606598,764.3115677833557,1057.885009765625,1082.4697265625,80.66392,10.0,1,27.459768
4,1365,1351.5702805519104,-114.35824728012085,833.8831787109375,203.79991149902344,54.34764,8.0,1,28.227896
1,1365,1607.7477707862854,179.37071084976196,1090.0606689453125,497.52886962890625,50.79318,8.0,1,25.092947
3,1365,1199.8998093605042,193.75422525405884,682.2127075195312,511.9123840332031,44.96394,8.0,1,22.148676
2,1365,1715.715422153473,207.5259232521057,1198.0283203125,525.68408203125,34.63578,8.0,1,27.498066
4194,1365,1892.1503586769104,-66.25424337387085,1374.4632568359375,251.90391540527344,24.450857,6.0,1,1.3848816
1332,1365,688.1759171485901,543.303328037262,170.4888153076172,861.4614868164062,15.971854,10.0,-1,11.099441
3654,1365,1149.3896775245667,773.6990189552307,631.7025756835938,1091.857177734375,14.31376,18.0,-1,12.071784
4167,1365,1511.7670578956604,-298.3696856498718,994.0799560546875,19.78847312927246,13.603,6.0,1,16.098713
3079,1365,1984.641203403473,3.609480381011963,1466.9541015625,321.76763916015625,12.883042,6.0,1,0.523944
8,1365,1213.1408371925354,412.01048135757446,695.4537353515625,730.1686401367188,10.557366,8.0,1,0.8052722
4264,1365,1139.5165085792542,-283.68242025375366,621.8294067382812,34.475738525390625,10.554002,20.0,-1,6.8209133
2032,1365,618.0167756080627,-146.9976363182068,100.32967376708984,171.1605224609375,10.250449,6.0,1,20.378136
3509,1365,2078.630461215973,334.0476517677307,1560.943359375,652.205810546875,9.624774,6.0,1,1.5513341
2281,1365,1816.0253586769104,-62.3563551902771,1298.3382568359375,255.8018035888672,6.5978284,10.0,-1,23.801613
4158,1365,1570.023527622223,453.05088663101196,1052.33642578125,771.2090454101562,6.510463,8.0,1,1.9376295
12,1365,1141.8940110206604,819.5621781349182,624.2069091796875,1137.7203369140625,5.8335433,10.0,-1,19.908966
4314,1365,1082.3832688331604,245.8820023536682,564.6961669921875,564.0401611328125,4.9693666,14.0,-1,23.974236
4318,1365,2126.516935825348,-94.52211141586304,1608.829833984375,223.63604736328125,4.4703107,12.0,-1,8.263268
3191,1365,1548.4672532081604,383.5743851661682,1030.7801513671875,701.7325439453125,1.7029306,10.0,-1,9.07087
4305,1365,1427.9214158058167,234.4188675880432,910.2343139648438,552.5770263671875,1.3924055,8.0,-1,7.1070204
2986,1365,1438.610197544098,493.85301065444946,920.923095703125,812.0111694335938,1.1157142,12.0,-1,5.7523623
4245,1365,1801.3429856300354,483.24998331069946,1283.6558837890625,801.4081420898438,1.102348,10.0,-1,7.921275
4040,1365,555.4408555030823,116.11573648452759,37.753753662109375,434.2738952636719,0.84571123,10.0,-1,3.9842832
4193,1365,878.6462082862854,620.094343662262,360.9591064453125,938.2525024414062,0.53328556,18.0,-1,1.8115658
4369,1365,671.6430802345276,61.36366128921509,153.9559783935547,379.5218200683594,0.29674256,12.0,1,0.5548126
0,1366,1574.550383090973,764.3218216896057,1056.0296630859375,1082.62890625,70.166115,10.0,1,27.289726
4,1366,1350.2951340675354,-112.29228353500366,831.7744140625,206.01480102539062,53.302906,8.0,1,28.64577
1,1366,1608.541594028473,178.39781045913696,1090.0208740234375,496.70489501953125,47.50952,8.0,1,26.294947
3,1366,1199.9159226417542,191.8227982521057,681.3952026367188,510.1298828125,27.3639,8.0,1,23.287516
1332,1366,690.406111240387,545.520369052887,171.88539123535156,863.8274536132812,25.733322,10.0,-1,10.012865
2,1366,1717.521574497223,205.7799515724182,1199.0008544921875,524.0870361328125,23.459312,8.0,1,27.478653
3079,1366,1984.875822544098,1.481489658355713,1466.3551025390625,319.78857421875,20.352571,6.0,1,1.4207749
4194,1366,1892.834318637848,-66.26449728012085,1374.3135986328125,252.04258728027344,19.170145,6.0,1,2.7372463
4167,1366,1509.699553012848,-297.132577419281,991.1788330078125,21.17450714111328,18.800892,6.0,1,13.8496065
3654,1366,1150.7756638526917,773.6588578224182,632.2549438476562,1091.9659423828125,18.724287,18.0,-1,11.290516
4264,1366,1141.6051926612854,-285.6075186729431,623.08447265625,32.69956588745117,12.649075,20.0,-1,6.7637186
2032,1366,618.1708512306213,-148.23632955551147,99.65013122558594,170.0707550048828,10.436469,6.0,1,20.328106
4314,1366,1082.3671555519104,245.9669632911682,563.846435546875,564.2740478515625,9.32514,14.0,-1,28.851627
3509,1366,2082.128996372223,334.3496537208557,1563.6082763671875,652.65673828125,8.61565,6.0,1,1.5107023
8,1366,1211.9755539894104,412.4160599708557,693.454833984375,730.72314453125,8.219398,8.0,1,0.7215976
4158,1366,1566.3637375831604,453.7495560646057,1047.843017578125,772.056640625,4.6584,8.0,1,1.2003857
4318,1366,2125.8341965675354,-94.9676833152771,1607.3134765625,223.3394012451172,3.2802887,10.0,-1,8.856069
2281,1366,1815.4855637550354,-65.53886556625366,1296.96484375,252.76821899414062,3.2014635,8.0,-1,24.007061
12,1366,1139.4076828956604,820.8859086036682,620.886962890625,1139.1929931640625,2.241519,12.0,-1,15.475209
3191,1366,1551.187834262848,381.20152139663696,1032.6671142578125,699.5086059570312,1.9492828,10.0,-1,7.593265
4305,1366,1428.0602707862854,237.77110147476196,909.53955078125,556.0781860351562,0.810663,10.0,-1,7.6463327
2986,1366,1440.5988450050354,496.00730752944946,922.078125,814.3143920898438,0.7658872,12.0,-1,4.9491186
4245,1366,1798.6222825050354,484.34336709976196,1280.1015625,802.6504516601562,0.57240736,12.0,-1,3.9451704
4040,1366,553.7139229774475,113.08909463882446,35.19320297241211,431.39617919921875,0.4592999,8.0,-1,3.2156868
4193,1366,873.8661179542542,622.4338212013245,355.34539794921875,940.7409057617188,0.43463412,24.0,-1,1.8286868
4369,1366,671.3200516700745,57.17725992202759,152.79933166503906,375.4843444824219,0.2897487,28.0,-1,0.2696938
0,1367,1574.4270234107971,763.5320725440979,1055.44189453125,1082.328369140625,73.42891,10.0,1,28.334023
4,1367,1348.9905610084534,-112.52356100082397,830.0054321289062,206.27273559570312,50.86848,8.0,1,28.790499
1,1367,1607.1211152076721,178.9729905128479,1088.135986328125,497.769287109375,47.819057,8.0,1,24.750639
4167,1367,1509.5732026100159,-296.8379168510437,990.5880737304688,21.9583797454834,27.958914,6.0,1,11.293165
2,1367,1715.4593720436096,203.7386155128479,1196.4742431640625,522.534912109375,25.66255,8.0,1,27.407219
3,1367,1203.0116181373596,191.48586893081665,684.0264892578125,510.28216552734375,24.6073,8.0,1,23.457956
4194,1367,1893.2218232154846,-64.72999715805054,1374.2366943359375,254.06629943847656,16.594694,6.0,1,3.0060122
3654,1367,1150.5561127662659,774.7163987159729,631.5709838867188,1093.5126953125,14.070653,18.0,-1,10.981926
3079,1367,1986.1440644264221,1.4096055030822754,1467.158935546875,320.2059020996094,13.786201,6.0,1,1.826219
4264,1367,1142.0936493873596,-285.4958701133728,623.1085205078125,33.3004264831543,11.104953,22.0,-1,5.9376554
1332,1367,691.9753937721252,546.9169602394104,172.99026489257812,865.7132568359375,9.653181,10.0,-1,10.631239
4314,1367,1082.5503144264221,244.19888162612915,563.565185546875,562.9951782226562,7.518805,14.0,-1,30.557447
2281,1367,1812.9769501686096,-68.36543416976929,1293.9918212890625,250.4308624267578,7.5047417,8.0,-1,26.866865
8,1367,1210.2914032936096,413.5832200050354,691.3062744140625,732.3795166015625,7.192491,16.0,-1,0.094305076
2032,1367,618.2942109107971,-145.31683492660522,99.30908203125,173.47946166992188,7.093185,8.0,1,21.986929
4158,1367,1564.3885712623596,453.82144021987915,1045.4034423828125,772.6177368164062,5.849667,8.0,1,1.308559
3509,1367,2083.078146457672,331.3052659034729,1564.093017578125,650.1015625,5.4156823,6.0,1,1.4896713
4318,1367,2129.555197238922,-92.88786458969116,1610.570068359375,225.90843200683594,3.2586567,12.0,-1,9.686213
12,1367,1138.6103119850159,817.2863450050354,619.6251831054688,1136.0826416015625,3.070528,12.0,-1,17.674675
3191,1367,1552.7501435279846,375.5015549659729,1033.7650146484375,694.2978515625,1.2651225,10.0,-1,7.437279
4305,1367,1425.7144989967346,240.9082932472229,906.7293701171875,559.70458984375,1.1539825,8.0,-1,11.487131
2986,1367,1444.1216034889221,494.28506326675415,925.136474609375,813.0813598632812,1.0201933,12.0,-1,4.1818385
4369,1367,671.7921204566956,60.2898850440979,152.80699157714844,379.086181640625,0.43977723,10.0,1,0.5286012
4245,1367,1796.1620087623596,486.6965012550354,1277.1768798828125,805.4927978515625,0.335325,12.0,-1,2.1763413
4193,1367,875.4149079322815,619.2582077980042,356.4297790527344,938.0545043945312,0.3126905,24.0,-1,1.8827469
4040,1367,551.6978516578674,110.4194016456604,32.71272277832031,429.2156982421875,0.24763532,16.0,-1,2.7095428
0,1368,1575.1158051490784,763.084951877594,1055.2703857421875,1082.052734375,66.11339,10.0,1,27.631907
4,1368,1349.9391694068909,-112.24343252182007,830.09375,206.72434997558594,47.496883,8.0,1,27.681913
1,1368,1606.3556733131409,178.692862033844,1086.51025390625,497.66064453125,44.346096,8.0,1,23.500196
2,1368,1714.5711274147034,203.23186349868774,1194.7257080078125,522.1996459960938,31.0231,8.0,1,27.556252
3,1368,1204.3144135475159,192.57478952407837,684.468994140625,511.5425720214844,30.452284,8.0,1,21.16764
4167,1368,1509.8503632545471,-299.03680181503296,990.0049438476562,19.930980682373047,22.796621,6.0,1,14.505687
4194,1368,1892.0119233131409,-65.17556142807007,1372.16650390625,253.79222106933594,21.83693,6.0,1,1.8691292
4264,1368,1141.1651825904846,-283.1863989830017,621.3197631835938,35.7813835144043,13.5733385,24.0,-1,6.4335976
3654,1368,1148.8456025123596,773.9473786354065,629.0001831054688,1092.9151611328125,13.35263,18.0,-1,11.760144
3079,1368,1986.0126557350159,2.494741916656494,1466.167236328125,321.4625244140625,13.248586,6.0,1,2.132794
3509,1368,2081.938681125641,330.8502106666565,1562.09326171875,649.8179931640625,13.069503,6.0,1,0.7173369
2032,1368,617.8274292945862,-144.35843801498413,97.98200988769531,174.60934448242188,9.366366,6.0,1,21.602829
1332,1368,692.9560914039612,548.4719758033752,173.1106719970703,867.4397583007812,8.66072,10.0,-1,7.1732893
8,1368,1211.5009369850159,415.7154450416565,691.655517578125,734.6832275390625,7.9169354,8.0,1,1.6874231
4314,1368,1082.0656342506409,245.75041818618774,562.22021484375,564.7182006835938,7.385591,14.0,-1,31.316605
4318,1368,2131.705770969391,-89.75756216049194,1611.8603515625,229.21022033691406,6.392399,10.0,-1,12.546033
2281,1368,1809.2511811256409,-65.16047048568726,1289.40576171875,253.80731201171875,6.2339606,8.0,-1,28.08859
4158,1368,1564.8509125709534,452.951651096344,1045.0054931640625,771.91943359375,3.3719447,8.0,1,1.5725884
12,1368,1137.0455536842346,819.356436252594,617.2001342773438,1138.32421875,2.6714818,12.0,-1,13.415898
3191,1368,1553.9536957740784,374.6324372291565,1034.1082763671875,693.6002197265625,1.8236943,10.0,-1,7.7557874
4305,1368,1427.8116669654846,239.8775544166565,907.9662475585938,558.8453369140625,1.6957783,8.0,-1,12.871643
4193,1368,877.8337006568909,620.5724396705627,357.98828125,939.5402221679688,0.7804473,24.0,-1,1.2967942
2986,1368,1444.2530121803284,491.87224435806274,924.4075927734375,810.8400268554688,0.6510001,12.0,-1,4.4955935
4245,1368,1800.1339936256409,484.80632638931274,1280.28857421875,803.7741088867188,0.56487936,14.0,-1,1.3782555
4040,1368,549.7489190101624,108.932119846344,29.903499603271484,427.89990234375,0.46435753,10.0,-1,2.9585145
4369,1368,669.6141877174377,62.097769260406494,149.76876831054688,381.0655517578125,0.302873,10.0,1,0.24041694
0,1369,1575.7719941139221,763.0801606178284,1055.2279052734375,1082.2772216796875,75.80271,10.0,1,27.901985
1,1369,1608.6942353248596,178.9993805885315,1088.150146484375,498.1964416503906,57.64194,8.0,1,26.238544
4,1369,1350.9261689186096,-109.09462881088257,830.382080078125,210.10243225097656,52.614452,8.0,1,27.6526
2,1369,1716.4880585670471,202.02052927017212,1195.9439697265625,521.2175903320312,45.19789,8.0,1,27.653996
4194,1369,1891.0376191139221,-65.77858877182007,1370.4935302734375,253.41847229003906,28.54865,6.0,1,2.2624798
4167,1369,1512.3795990943909,-299.4761652946472,991.8355102539062,19.720895767211914,22.396902,6.0,1,15.12122
1332,1369,694.2762970924377,549.4897065162659,173.73220825195312,868.686767578125,17.285053,10.0,-1,10.031725
3654,1369,1146.8274140357971,773.4894623756409,626.2833251953125,1092.6865234375,16.530416,18.0,-1,10.931543
3509,1369,2080.5755829811096,332.53389596939087,1560.031494140625,651.73095703125,13.406543,6.0,1,0.28811204
3,1369,1201.7883515357971,194.05898141860962,681.2442626953125,513.2560424804688,11.209404,8.0,1,21.78931
8,1369,1208.9964203834534,419.0125946998596,688.4523315429688,738.2096557617188,11.14112,8.0,1,0.49164551
3079,1369,1986.3845429420471,3.968618869781494,1465.8404541015625,323.1656799316406,10.148662,6.0,1,1.7848938
4314,1369,1082.4526581764221,245.52773141860962,561.9085693359375,564.7247924804688,8.582251,14.0,-1,29.507673
4264,1369,1141.7307343482971,-283.21156072616577,621.1866455078125,35.98550033569336,7.838862,24.0,-1,5.6179457
2032,1369,622.0819458961487,-144.79406118392944,101.53785705566406,174.4029998779297,7.0588136,6.0,1,20.856932
2281,1369,1808.4629120826721,-65.50841665267944,1287.9188232421875,253.6886444091797,5.3955803,8.0,-1,27.968681
4318,1369,2131.3338837623596,-88.35422658920288,1610.789794921875,230.84283447265625,5.132732,10.0,-1,16.466583
4158,1369,1563.0558075904846,454.55867624282837,1042.51171875,773.7557373046875,3.706297,8.0,1,1.0078945
12,1369,1133.7837738990784,819.2892670631409,613.2396850585938,1138.486328125,2.8503783,12.0,-1,16.106266
4305,1369,1428.2749848365784,242.30544137954712,907.7308959960938,561.5025024414062,1.634261,8.0,-1,14.312638
3191,1369,1553.1032929420471,376.53951120376587,1032.5592041015625,695.736572265625,1.5629773,10.0,-1,7.6928153
2986,1369,1446.0603241920471,491.79573678970337,925.5162353515625,810.9927978515625,0.81504744,14.0,-1,5.029769
4193,1369,878.8372712135315,620.5772309303284,358.2931823730469,939.7742919921875,0.67631984,20.0,-1,1.8577697
4245,1369,1798.6966767311096,483.28926706314087,1278.152587890625,802.486328125,0.45206907,14.0,-1,0.8315572
4040,1369,548.4039444923401,107.77211618423462,27.85985565185547,426.96917724609375,0.42894647,10.0,-1,3.4503505
4369,1369,668.2583222389221,65.5474762916565,147.7142333984375,384.7445373535156,0.25116536,28.0,-1,0.3055501
0,1370,1577.402578830719,762.6198391914368,1055.8720703125,1082.2236328125,71.78171,10.0,1,27.978056
4,1370,1353.6546540260315,-109.68907499313354,832.1241455078125,209.9147186279297,71.46266,8.0,1,25.988731
1,1370,1609.5006012916565,178.85027742385864,1087.9700927734375,498.4540710449219,49.54831,8.0,1,26.62354
2,1370,1718.014395236969,203.54439973831177,1196.48388671875,523.148193359375,27.662561,8.0,1,27.184177
3654,1370,1147.5184845924377,774.7421536445618,625.9879760742188,1094.345947265625,24.134186,18.0,-1,12.03357
3,1370,1201.505362033844,193.64040803909302,679.974853515625,513.2442016601562,23.228615,8.0,1,23.55288
4167,1370,1517.1749176979065,-299.55496740341187,995.6444091796875,20.048826217651367,21.322695,6.0,1,16.49941
4194,1370,1889.620108127594,-63.19504117965698,1368.089599609375,256.40875244140625,20.201792,6.0,1,2.136752
1332,1370,695.289785861969,548.0995755195618,173.75927734375,867.703369140625,15.7547655,10.0,-1,10.359054
3509,1370,2081.4171051979065,333.7208523750305,1559.8865966796875,653.3246459960938,11.901214,6.0,1,1.2492796
3079,1370,1985.1133942604065,4.749081134796143,1463.5828857421875,324.3528747558594,10.470054,6.0,1,0.85877514
4264,1370,1139.4728302955627,-279.76760816574097,617.9423217773438,39.836185455322266,9.838544,24.0,-1,4.959726
2032,1370,622.1707978248596,-144.37655973434448,100.64028930664062,175.22723388671875,9.292567,6.0,1,21.102335
2281,1370,1807.447012424469,-65.6339602470398,1285.91650390625,253.96983337402344,9.144379,8.0,-1,25.830704
8,1370,1209.0844025611877,420.20638704299927,687.5538940429688,739.8101806640625,7.15595,8.0,1,1.211966
4314,1370,1083.3743195533752,245.00558137893677,561.8438110351562,564.609375,6.530906,16.0,-1,11.9063015
4158,1370,1561.3687653541565,456.93270540237427,1039.8382568359375,776.5364990234375,5.7530026,8.0,1,1.3469845
4318,1370,2129.671865940094,-86.59830045700073,1608.141357421875,233.0054931640625,5.6601243,10.0,-1,16.805809
12,1370,1133.695791721344,818.2068753242493,612.165283203125,1137.8106689453125,5.417478,10.0,-1,20.752674
4305,1370,1427.492422580719,242.38424348831177,905.9619140625,561.988037109375,3.0198858,8.0,-1,12.725819
3191,1370,1553.8028473854065,377.29195833206177,1032.2723388671875,696.895751953125,1.210978,10.0,-1,8.079522
4193,1370,874.7981781959534,620.0315823554993,353.2676696777344,939.6353759765625,1.0490677,22.0,-1,1.3804779
2986,1370,1447.2943634986877,489.197292804718,925.7638549804688,808.8010864257812,0.9595161,14.0,-1,4.145697
4245,1370,1797.4656891822815,482.36031770706177,1275.9351806640625,801.964111328125,0.8323265,14.0,-1,1.762382
4369,1370,666.8832306861877,63.35140657424927,145.35272216796875,382.9552001953125,0.40858158,12.0,1,0.76762414
4040,1370,545.3738007545471,107.98260164260864,23.843292236328125,427.5863952636719,0.27174413,10.0,-1,3.2195034
0,1371,1579.0186676979065,760.7157254219055,1057.192626953125,1080.71533203125,64.98812,10.0,1,27.538054
1,1371,1607.7713532447815,178.0801968574524,1085.9453125,498.0798034667969,55.598003,8.0,1,26.163965
4,1371,1353.5912384986877,-111.6648440361023,831.7651977539062,208.3347625732422,46.886932,8.0,1,29.018353
2,1371,1717.6236481666565,201.06692171096802,1195.797607421875,521.0665283203125,42.21752,8.0,1,28.912302
3,1371,1202.1482453346252,194.16372346878052,680.3222045898438,514.163330078125,25.59468,8.0,1,21.973644
4194,1371,1891.1771149635315,-63.65927457809448,1369.35107421875,256.34033203125,18.807798,6.0,1,0.7981219
4167,1371,1519.027334690094,-296.08846616744995,997.2012939453125,23.91114044189453,18.772223,6.0,1,13.37746
3079,1371,1983.8380036354065,5.332882404327393,1462.011962890625,325.3324890136719,15.788106,12.0,-1,0.7076144
3654,1371,1145.6785798072815,774.762966632843,623.8525390625,1094.7625732421875,14.51817,18.0,-1,11.821869
1332,1371,697.8769745826721,545.9090847969055,176.05093383789062,865.90869140625,12.336406,10.0,-1,10.358895
2032,1371,623.4598908424377,-145.59869718551636,101.63385009765625,174.40090942382812,10.583504,6.0,1,21.913673
4318,1371,2129.6810212135315,-83.94201993942261,1607.85498046875,236.05758666992188,10.251153,10.0,-1,13.706131
2281,1371,1808.264395236969,-66.16714811325073,1286.4383544921875,253.83245849609375,7.4548345,8.0,-1,25.726841
3509,1371,2083.2679352760315,334.538113117218,1561.44189453125,654.5377197265625,6.989964,6.0,1,0.82599115
4264,1371,1135.0513215065002,-277.0671000480652,613.2252807617188,42.9325065612793,6.4661555,24.0,-1,5.5223646
12,1371,1134.754629611969,816.5023465156555,612.9285888671875,1136.501953125,5.799214,10.0,-1,22.657429
8,1371,1206.7885041236877,420.338894367218,684.9624633789062,740.3385009765625,4.9981875,8.0,1,0.16661575
4314,1371,1083.3743195533752,245.21651887893677,561.5482788085938,565.2161254882812,4.6565423,14.0,-1,1.1366255
4158,1371,1557.9969391822815,460.401638507843,1036.1708984375,780.4012451171875,4.0301576,16.0,-1,0.44000196
4305,1371,1426.138174533844,242.57192659378052,904.3121337890625,562.571533203125,2.0002143,8.0,-1,12.573069
3191,1371,1552.775137424469,377.28390169143677,1030.9490966796875,697.2835083007812,1.6453557,10.0,-1,8.230894
4193,1371,875.6676850318909,622.5556302070618,353.8416442871094,942.5552368164062,1.0263938,20.0,-1,0.665193
2986,1371,1444.2410187721252,489.15401887893677,922.4149780273438,809.1536254882812,0.83873177,12.0,-1,4.618829
4369,1371,666.133535861969,63.35140657424927,144.3074951171875,383.35101318359375,0.5266483,12.0,1,0.24319378
4245,1371,1801.281485080719,482.24679231643677,1279.4554443359375,802.2463989257812,0.4763604,14.0,-1,0.89484155
0,1372,1577.8958039283752,761.1919827461243,1055.9202880859375,1081.8551025390625,112.624016,10.0,1,27.085758
1,1372,1606.0175080299377,177.38045930862427,1084.0419921875,498.0435791015625,53.65675,8.0,1,25.509396
4,1372,1353.6126008033752,-111.77131986618042,831.6370849609375,208.8917999267578,35.223362,8.0,1,28.534054
2,1372,1717.4933381080627,201.06692171096802,1195.517822265625,521.7300415039062,33.137524,8.0,1,28.286333
4167,1372,1518.007071018219,-294.41927099227905,996.0315551757812,26.24384880065918,27.806656,6.0,1,13.310681
3,1372,1202.1482453346252,193.21230745315552,680.1727294921875,513.8754272460938,25.495321,8.0,1,20.672977
4194,1372,1890.1232209205627,-62.78711271286011,1368.147705078125,257.8760070800781,23.312384,10.0,-1,3.7589478
3654,1372,1142.5344758033752,773.7044339179993,620.5589599609375,1094.3675537109375,17.14791,18.0,-1,12.306365
4264,1372,1130.0695099830627,-276.8786768913269,608.093994140625,43.78444290161133,15.333913,20.0,-1,6.241289
1332,1372,699.9432740211487,543.783230304718,177.96775817871094,864.4463500976562,14.752381,10.0,-1,10.960241
3079,1372,1983.5704865455627,3.4162869453430176,1461.594970703125,324.07940673828125,11.486293,6.0,1,0.117777586
3509,1372,2083.8182892799377,336.4095730781555,1561.8427734375,657.0726928710938,10.663066,6.0,1,1.3116685
8,1372,1207.8772492408752,421.16805696487427,685.9017333984375,741.8311767578125,8.944116,8.0,1,1.3290224
12,1372,1132.4185090065002,817.5938382148743,610.4429931640625,1138.2569580078125,8.161563,10.0,-1,20.419634
2032,1372,623.7073578834534,-147.7666506767273,101.73184204101562,172.89646911621094,5.9387784,6.0,1,20.883732
4318,1372,2129.7599396705627,-82.74628019332886,1607.784423828125,237.91683959960938,5.3399696,10.0,-1,12.600775
2281,1372,1808.1675324440002,-66.14087247848511,1286.1920166015625,254.52224731445312,5.064651,8.0,-1,26.301697
4314,1372,1083.5956330299377,248.90548372268677,561.6201171875,569.568603515625,4.1563354,8.0,1,7.69363
4158,1372,1557.1041779518127,459.6795926094055,1035.128662109375,780.3427124023438,3.8246374,10.0,1,0.51799333
4305,1372,1428.122305393219,241.30672883987427,906.1467895507812,561.9698486328125,2.7087572,8.0,-1,13.201458
4193,1372,877.4754242897034,625.1493802070618,355.4999084472656,945.8125,1.8124002,20.0,-1,1.105643
3191,1372,1553.1305451393127,376.377712726593,1031.155029296875,697.0408325195312,1.7311186,10.0,-1,6.5263653
2986,1372,1443.9246125221252,485.46505403518677,921.9490966796875,806.128173828125,1.2126741,12.0,-1,5.167546
4245,1372,1802.7264924049377,481.40926790237427,1280.7509765625,802.0723876953125,0.39414594,6.0,1,0.14236233
4369,1372,668.6041932106018,65.46465730667114,146.62867736816406,386.1277770996094,0.30439714,10.0,1,0.18188283
0,1373,1579.6005005836487,760.5389065742493,1056.3785400390625,1081.9931640625,87.913185,10.0,1,27.132517
1,1373,1605.0763306617737,176.6448941230774,1081.8543701171875,498.0991516113281,59.631336,8.0,1,25.350595
4,1373,1355.1634888648987,-109.84666776657104,831.9415283203125,211.6075897216797,54.510647,8.0,1,28.14406
2,1373,1717.3805298805237,201.85683870315552,1194.1585693359375,523.3110961914062,31.557486,8.0,1,27.160692
3,1373,1203.4228882789612,191.04525423049927,680.200927734375,512.49951171875,25.958563,8.0,1,22.759518
3509,1373,2083.324255466461,336.4095730781555,1560.102294921875,657.8638305664062,22.418287,12.0,-1,0.58977914
4167,1373,1516.8711304664612,-293.3124976158142,993.649169921875,28.141759872436523,21.189669,6.0,1,8.507584
4194,1373,1890.0525269508362,-63.48617887496948,1366.83056640625,257.96807861328125,18.711435,10.0,-1,3.6858015
3654,1373,1143.461889743805,773.5411038398743,620.2399291992188,1094.995361328125,12.749252,18.0,-1,12.34457
1332,1373,699.9432740211487,543.6715359687805,176.7213134765625,865.1257934570312,10.715362,10.0,-1,9.967664
8,1373,1208.9371094703674,422.429714679718,685.7151489257812,743.8839721679688,9.740693,8.0,1,1.5744725
4264,1373,1127.9359498023987,-276.3532214164734,604.7139892578125,45.101036071777344,9.4931135,22.0,-1,5.82202
2032,1373,623.3049836158752,-147.06807279586792,100.08302307128906,174.3861846923828,9.233906,6.0,1,21.621418
3079,1373,1981.2458863258362,0.9621853828430176,1458.02392578125,322.41644287109375,8.637571,6.0,1,2.390099
12,1373,1133.1504273414612,818.8711819648743,609.928466796875,1140.325439453125,7.125622,10.0,-1,22.0711
2281,1373,1807.3841919898987,-67.2903323173523,1284.1622314453125,254.16392517089844,6.375623,8.0,-1,26.620962
4158,1373,1559.2825074195862,456.97530794143677,1036.060546875,778.4295654296875,6.081848,8.0,1,0.5870129
4314,1373,1086.72434091568,250.80038118362427,563.5023803710938,572.254638671875,4.5249753,8.0,1,2.0126662
4318,1373,2131.763220310211,-81.15457487106323,1608.541259765625,240.2996826171875,4.2025275,10.0,-1,11.922338
4305,1373,1430.1527466773987,242.38833284378052,906.9307861328125,563.8425903320312,2.1425745,8.0,-1,14.739732
3191,1373,1553.0400757789612,376.189480304718,1029.818115234375,697.6437377929688,1.4200635,10.0,-1,6.178713
2986,1373,1445.1539673805237,484.69027376174927,921.9320068359375,806.14453125,1.1913679,14.0,-1,5.1459394
4193,1373,880.6332459449768,620.8561062812805,357.4112854003906,942.3103637695312,0.9760755,18.0,-1,0.7411058
4369,1373,667.0327363014221,66.89480257034302,143.81077575683594,388.34906005859375,0.6543651,10.0,1,0.3969707
4245,1373,1801.8049683570862,483.901882648468,1278.5830078125,805.3561401367188,0.56878036,6.0,1,0.04530242
4040,1373,544.6567177772522,104.96108675003052,21.434757232666016,426.41534423828125,0.18121408,14.0,-1,2.272894
0,1374,1579.4548707008362,759.169216632843,1055.7406005859375,1081.3853759765625,100.175896,10.0,1,27.396326
4,1374,1356.4751343727112,-110.20456266403198,832.7608642578125,212.0115966796875,60.154125,8.0,1,27.604357
1,1374,1605.7307496070862,176.6448941230774,1082.0164794921875,498.8610534667969,50.561283,8.0,1,24.420397
2,1374,1716.3390259742737,202.04403352737427,1192.624755859375,524.2601928710938,32.78686,8.0,1,28.243958
3,1374,1203.8467774391174,191.92544221878052,680.1325073242188,514.1416015625,24.32637,8.0,1,21.001629
4194,1374,1890.0525269508362,-63.72488737106323,1366.3382568359375,258.49127197265625,19.95414,10.0,-1,2.3738008
3654,1374,1145.056616306305,772.118191242218,621.3423461914062,1094.3343505859375,16.14362,18.0,-1,10.709593
4167,1374,1517.1444458961487,-290.8907313346863,993.43017578125,31.325428009033203,15.06611,6.0,1,15.209001
3079,1374,1982.2208619117737,1.4969754219055176,1458.506591796875,323.713134765625,13.718781,6.0,1,0.61265945
1332,1374,701.3690705299377,543.3221096992493,177.65480041503906,865.5382690429688,12.357999,10.0,-1,12.077751
3509,1374,2083.720983982086,336.8421902656555,1560.0067138671875,659.058349609375,11.219445,12.0,-1,0.30031902
8,1374,1208.5709595680237,424.0255398750305,684.856689453125,746.24169921875,9.024918,8.0,1,1.1218271
2032,1374,622.2918992042542,-145.98231840133667,98.57762908935547,176.2338409423828,7.665282,6.0,1,21.172411
4318,1374,2129.6205201148987,-82.28570890426636,1605.90625,239.93045043945312,7.6186633,10.0,-1,10.692445
4264,1374,1125.59396982193,-275.00087690353394,601.8796997070312,47.21528244018555,7.567068,22.0,-1,6.057219
2281,1374,1805.5740113258362,-66.25967741012573,1281.8597412109375,255.95648193359375,6.6978316,10.0,-1,23.751112
12,1374,1134.1211304664612,819.4256863594055,610.4068603515625,1141.641845703125,5.976992,10.0,-1,26.149454
4158,1374,1559.0433716773987,455.7926297187805,1035.3291015625,778.0087890625,4.4858966,20.0,-1,0.7841179
4314,1374,1084.5931153297424,248.28139925003052,560.8788452148438,570.49755859375,4.389398,14.0,-1,3.5243797
4305,1374,1431.7596802711487,241.92501497268677,908.04541015625,564.1411743164062,3.0296106,8.0,-1,12.247137
3191,1374,1552.5848755836487,375.812527179718,1028.87060546875,698.0286865234375,1.3744378,10.0,-1,6.241685
4193,1374,882.9773621559143,621.1060452461243,359.2630920410156,943.3222045898438,1.2118572,10.0,1,0.24558952
2986,1374,1447.0359253883362,484.4991726875305,923.3216552734375,806.71533203125,1.0359087,10.0,-1,4.9278517
4245,1374,1798.8880982398987,482.70064973831177,1275.173828125,804.9168090820312,0.8547422,12.0,-1,0.8659673
4369,1374,665.3910126686096,69.57098054885864,141.67674255371094,391.7871398925781,0.5103802,28.0,-1,1.4378542
0,1375,1581.9297242164612,757.849392414093,1057.66845703125,1081.1116943359375,58.116985,10.0,1,27.067854
1,1375,1608.2485718727112,178.60134553909302,1083.9873046875,501.8636474609375,55.585342,8.0,1,24.745686
4,1375,1357.4392457008362,-109.27778959274292,833.177978515625,213.98451232910156,48.53921,8.0,1,28.34088
2,1375,1716.1567749977112,201.39388704299927,1191.8955078125,524.6561889648438,36.291203,8.0,1,27.962366
3,1375,1204.3453125953674,195.46865510940552,680.0840454101562,518.73095703125,21.699791,8.0,1,22.92666
1332,1375,702.7764496803284,541.4513821601868,178.5151824951172,864.7136840820312,17.622934,10.0,-1,10.807109
3654,1375,1145.1421875953674,772.4884305000305,620.8809204101562,1095.750732421875,16.30221,18.0,-1,12.835839
4194,1375,1892.3138794898987,-69.48689603805542,1368.0526123046875,253.77540588378906,16.245356,12.0,-1,1.8757757
4167,1375,1519.3725953102112,-290.7849917411804,995.111328125,32.47731018066406,15.516421,6.0,1,15.42559
3079,1375,1982.2208619117737,0.4592862129211426,1457.9595947265625,323.7215881347656,12.693035,6.0,1,0.90883315
4264,1375,1121.3819947242737,-275.59550428390503,597.1207275390625,47.66679763793945,9.84937,24.0,-1,6.2877026
3509,1375,2083.851843357086,338.02267122268677,1559.590576171875,661.2849731445312,8.182738,6.0,1,1.0811715
8,1375,1207.6901001930237,425.33980989456177,683.4288330078125,748.6021118164062,6.868255,8.0,1,1.0594431
2281,1375,1804.6897339820862,-65.32654142379761,1280.428466796875,257.9357604980469,6.2041936,10.0,-1,17.763454
12,1375,1132.6297974586487,821.033962726593,608.3685302734375,1144.2962646484375,5.947868,10.0,-1,30.692656
2032,1375,623.2706437110901,-147.37141752243042,99.0093765258789,175.89088439941406,5.7570724,6.0,1,21.42309
4318,1375,2128.250524997711,-82.64790678024292,1603.9892578125,240.61439514160156,3.7482436,10.0,-1,11.449874
4314,1375,1083.59738779068,245.62838411331177,559.3361206054688,568.8906860351562,2.418549,14.0,-1,3.8155823
4158,1375,1557.6531128883362,456.45589876174927,1033.391845703125,779.7182006835938,2.412029,20.0,-1,1.4008372
4305,1375,1434.70578622818,241.92501497268677,910.4445190429688,565.1873168945312,1.7032514,10.0,-1,11.675578
3191,1375,1550.4142212867737,375.84066438674927,1026.1529541015625,699.1029663085938,1.3220125,10.0,-1,6.9082065
4193,1375,880.7085328102112,622.0829129219055,356.447265625,945.34521484375,1.1465107,18.0,-1,0.7801441
2986,1375,1446.5167603492737,484.22213411331177,922.2554931640625,807.4844360351562,0.9069519,12.0,-1,5.987857
4369,1375,669.4192872047424,61.54577302932739,145.15802001953125,384.8080749511719,0.5579553,10.0,1,0.33615294
4245,1375,1796.8873658180237,481.42416048049927,1272.6260986328125,804.6864624023438,0.45020163,14.0,-1,0.81514573
0,1376,1584.9451050758362,758.485378742218,1060.1739501953125,1082.6502685546875,68.86924,10.0,1,27.49307
4,1376,1356.6835083961487,-111.55560636520386,831.912353515625,212.60928344726562,44.64607,8.0,1,28.56046
1,1376,1608.3603882789612,178.28603792190552,1083.5892333984375,502.450927734375,43.12134,8.0,1,24.628767
2,1376,1715.8111939430237,201.89150667190552,1191.0400390625,526.056396484375,25.17647,8.0,1,27.83498
3654,1376,1143.6253418922424,772.193630695343,618.8541870117188,1096.3585205078125,19.33118,18.0,-1,12.669606
3,1376,1204.4910035133362,195.83431673049927,679.7198486328125,519.9992065429688,18.483934,8.0,1,23.542723
1332,1376,703.0225739479065,542.175076007843,178.2514190673828,866.3399658203125,16.795,10.0,-1,11.485726
4167,1376,1522.3138794898987,-291.8179965019226,997.542724609375,32.346893310546875,15.6885195,6.0,1,15.218889
4194,1376,1894.6123414039612,-72.62308073043823,1369.8411865234375,251.54180908203125,13.346134,10.0,-1,2.064252
3079,1376,1983.1382203102112,-0.4805026054382324,1458.3670654296875,323.68438720703125,11.952148,6.0,1,3.078116
3509,1376,2083.5091919898987,337.8956570625305,1558.738037109375,662.060546875,8.866712,6.0,1,0.3410266
4264,1376,1116.2937989234924,-272.652259349823,591.5226440429688,51.512630462646484,7.866883,24.0,-1,4.578517
2032,1376,624.3118577003479,-148.01097440719604,99.54070281982422,176.15391540527344,6.7997174,6.0,1,21.774164
8,1376,1202.9771485328674,424.48714876174927,678.2059936523438,748.6520385742188,6.303032,18.0,-1,0.41681737
4314,1376,1081.7762207984924,247.23568391799927,557.0050659179688,571.4005737304688,5.2531037,14.0,-1,28.050516
4158,1376,1558.0221314430237,456.626736164093,1033.2509765625,780.7916259765625,4.976455,20.0,-1,1.5376844
2281,1376,1804.8006958961487,-64.47809171676636,1280.029541015625,259.6867980957031,4.4238267,10.0,-1,17.95884
12,1376,1131.2178711891174,821.033962726593,606.4467163085938,1145.1988525390625,4.1879272,10.0,-1,32.766914
4318,1376,2127.2184205055237,-83.59714078903198,1602.447265625,240.5677490234375,3.7976835,10.0,-1,12.021159
3191,1376,1550.4142212867737,377.897243976593,1025.64306640625,702.0621337890625,2.1536934,10.0,-1,7.6231284
4305,1376,1432.6214966773987,243.85403108596802,907.850341796875,568.0189208984375,1.6051465,8.0,-1,10.530139
2986,1376,1446.6946167945862,483.8746609687805,921.9234619140625,808.03955078125,0.9180762,28.0,-1,5.416123
4245,1376,1798.1821656227112,483.77779817581177,1273.4110107421875,807.9426879882812,0.8010251,14.0,-1,2.2194638
4369,1376,664.3934388160706,62.05550813674927,139.62228393554688,386.22039794921875,0.71270853,28.0,-1,1.1443368
4193,1376,879.5961365699768,620.5485501289368,354.8249816894531,944.7134399414062,0.4728975,20.0,-1,0.923645
0,1377,1586.9325318336487,759.8331952095032,1061.4244384765625,1084.06396484375,83.68674,10.0,1,28.123693
4,1377,1355.7104859352112,-112.00091123580933,830.202392578125,212.2298583984375,50.0972,8.0,1,27.91895
1,1377,1608.0608277320862,179.98053407669067,1082.552734375,504.2113037109375,47.253452,8.0,1,23.960634
2,1377,1715.0851197242737,201.54883241653442,1189.5770263671875,525.7796020507812,39.382706,8.0,1,28.394138
4194,1377,1895.5748658180237,-73.6371111869812,1370.0667724609375,250.59365844726562,22.94573,10.0,-1,1.4044784
3654,1377,1143.4632935523987,773.6841473579407,617.9552001953125,1097.9149169921875,19.861404,18.0,-1,11.07987
3,1377,1204.418432712555,194.16150331497192,678.9103393554688,518.3922729492188,14.83574,8.0,1,21.996567
4167,1377,1522.8773560523987,-288.7201952934265,997.3692626953125,35.51057434082031,14.195774,6.0,1,13.676095
1332,1377,705.3075928688049,540.6101727485657,179.79949951171875,864.8409423828125,12.117177,10.0,-1,10.7302475
3509,1377,2085.912146091461,337.5694012641907,1560.404052734375,661.8001708984375,11.967898,12.0,-1,0.45285726
3079,1377,1983.7095093727112,1.5729413032531738,1458.201416015625,325.8037109375,11.568753,6.0,1,0.5445256
12,1377,1129.595678806305,821.6561932563782,604.0875854492188,1145.886962890625,5.841438,10.0,-1,34.479057
8,1377,1201.6934571266174,424.8779950141907,676.1853637695312,749.1087646484375,5.74087,8.0,1,1.629733
4318,1377,2131.387487888336,-83.35735654830933,1605.87939453125,240.8734130859375,5.487463,10.0,-1,11.560111
4264,1377,1110.53879404068,-272.652259349823,585.0307006835938,51.57851028442383,5.3952217,22.0,-1,6.539474
2032,1377,626.1656098365784,-147.13994932174683,100.65751647949219,177.0908203125,4.734869,8.0,1,19.304401
4314,1377,1081.4501099586487,245.82642030715942,555.9420166015625,570.0571899414062,3.664727,14.0,-1,22.43261
2281,1377,1804.4715943336487,-62.3348650932312,1278.9635009765625,261.8959045410156,3.6527236,10.0,-1,13.56324
4158,1377,1558.0221314430237,456.5441937446594,1032.5140380859375,780.7749633789062,3.32839,18.0,-1,2.6901467
4305,1377,1435.3891968727112,247.86371278762817,909.881103515625,572.094482421875,2.506974,8.0,-1,13.1991825
4245,1377,1798.3332886695862,481.0188641548157,1272.8251953125,805.2496337890625,0.8038778,14.0,-1,1.6176873
3191,1377,1550.9503540992737,376.9458050727844,1025.4422607421875,701.1765747070312,0.78274465,12.0,-1,7.1296415
2986,1377,1445.8719849586487,483.6622357368469,920.3638916015625,807.8930053710938,0.6748081,12.0,-1,4.4267006
4395,1377,871.3411622047424,618.3829388618469,345.83306884765625,942.6137084960938,0.4921482,18.0,-1,0.6277169
1,1378,1610.18088388443,179.9645504951477,1084.1053466796875,503.9757080078125,69.07022,8.0,1,24.676868
4,1378,1354.2964844703674,-111.98492765426636,828.220947265625,212.02622985839844,69.04934,8.0,1,26.604082
0,1378,1588.8130860328674,760.7982907295227,1062.737548828125,1084.8094482421875,63.927715,10.0,1,27.786205
2,1378,1716.350561618805,201.7779049873352,1190.2750244140625,525.7890625,33.11683,8.0,1,27.157824
3,1378,1202.741674900055,195.93958711624146,676.6661376953125,519.9507446289062,20.983656,8.0,1,21.449743
3654,1378,1142.1915040016174,775.4942135810852,616.115966796875,1099.50537109375,17.06436,18.0,-1,12.594164
1332,1378,707.998526096344,541.9503293037415,181.92298889160156,865.9614868164062,15.706055,10.0,-1,11.227939
3509,1378,2086.3558106422424,335.83411836624146,1560.2802734375,659.8452758789062,14.997124,6.0,1,0.1858443
4167,1378,1523.6466431617737,-286.89781522750854,997.5711059570312,37.11334228515625,14.337594,6.0,1,12.625688
4194,1378,1894.9366211891174,-76.57161283493042,1368.861083984375,247.43954467773438,14.107522,10.0,-1,1.7685971
4264,1378,1106.7456421852112,-273.60623502731323,580.6701049804688,50.40492248535156,13.84489,22.0,-1,6.95807
3079,1378,1986.0333008766174,1.370251178741455,1459.957763671875,325.38140869140625,11.058009,6.0,1,2.7863636
4314,1378,1079.1580567359924,245.55530977249146,553.08251953125,569.5664672851562,6.1601596,14.0,-1,42.105656
12,1378,1130.0021119117737,821.7443356513977,603.9265747070312,1145.7554931640625,5.5470138,10.0,-1,34.574474
2032,1378,629.693838596344,-147.18109464645386,103.61830139160156,176.83006286621094,5.342148,6.0,1,21.238758
8,1378,1200.0492310523987,424.77051973342896,673.9736938476562,748.7816772460938,5.212684,8.0,1,0.0758633
2281,1378,1803.2415528297424,-59.809192180633545,1277.166015625,264.20196533203125,4.94084,10.0,-1,14.217974
4158,1378,1558.616674900055,454.5489010810852,1032.5411376953125,778.56005859375,4.6716146,20.0,-1,3.0225234
4318,1378,2133.1641602516174,-82.3390383720398,1607.088623046875,241.672119140625,3.3548,10.0,-1,9.188136
4305,1378,1434.9827637672424,247.06312227249146,908.9072265625,571.0742797851562,1.408042,8.0,-1,12.692157
3191,1378,1553.5687012672424,373.54993867874146,1027.4931640625,697.5610961914062,0.9081363,10.0,-1,7.0496783
4395,1378,870.3004212379456,616.8336911201477,344.2248840332031,940.8448486328125,0.89681166,20.0,-1,0.8272284
2986,1378,1445.2018189430237,485.76392793655396,919.1262817382812,809.7750854492188,0.85412,10.0,-1,5.161004
4369,1378,663.7669129371643,59.81419038772583,137.69137573242188,383.8253479003906,0.7426064,28.0,-1,0.2549951
4245,1378,1796.987768650055,483.0716061592102,1270.9122314453125,807.082763671875,0.591716,12.0,-1,2.5507996
0,1379,1590.1786255836487,758.170608997345,1063.8470458984375,1082.3953857421875,90.829865,10.0,1,28.500814
4,1379,1353.6140503883362,-112.22361707687378,827.282470703125,212.00115966796875,42.740566,8.0,1,27.217585
1,1379,1611.1780152320862,179.92765855789185,1084.846435546875,504.1524353027344,42.636013,8.0,1,24.433794
2,1379,1718.0907349586487,201.21827745437622,1191.7591552734375,525.4430541992188,37.36561,8.0,1,27.392574
3654,1379,1142.5653443336487,777.55317735672,616.2337646484375,1101.7779541015625,20.186565,18.0,-1,13.122145
4194,1379,1897.9327759742737,-77.39379835128784,1371.6011962890625,246.8309783935547,15.76175,10.0,-1,0.83187604
4167,1379,1523.4399781227112,-288.4386591911316,997.1083984375,35.78611755371094,15.618004,6.0,1,13.129146
1332,1379,707.2008423805237,542.4077305793762,180.8692626953125,866.6325073242188,15.470693,10.0,-1,10.959699
3,1379,1201.70676279068,196.58107042312622,675.3751831054688,520.8058471679688,13.200107,8.0,1,22.929321
4264,1379,1106.2562623023987,-273.60623502731323,579.9246826171875,50.6185417175293,10.966293,22.0,-1,6.089453
3509,1379,2088.831335544586,335.7605137825012,1562.499755859375,659.9852905273438,10.141532,12.0,-1,0.34339428
3079,1379,1988.8063111305237,0.8520054817199707,1462.4747314453125,325.0767822265625,8.020284,6.0,1,1.6288404
12,1379,1130.340795993805,820.12886095047,604.0092163085938,1144.3536376953125,6.581972,10.0,-1,36.72421
8,1379,1198.6052613258362,425.90510606765747,672.273681640625,750.1298828125,6.2015996,16.0,-1,0.08882491
4314,1379,1079.1580567359924,245.77613878250122,552.8264770507812,570.0009155273438,5.803992,14.0,-1,48.330345
2032,1379,630.8087983131409,-146.23092603683472,104.47721862792969,177.9938507080078,4.7050185,6.0,1,21.630037
4158,1379,1558.4480347633362,451.19990587234497,1032.116455078125,775.4246826171875,3.470175,18.0,-1,2.772884
2281,1379,1799.7975220680237,-57.26597547531128,1273.4659423828125,266.95880126953125,3.1977274,12.0,-1,12.355368
4318,1379,2134.5262818336487,-80.33430433273315,1608.1947021484375,243.89047241210938,2.8916814,10.0,-1,9.667985
4305,1379,1437.81564950943,243.82148790359497,911.4840698242188,568.0462646484375,2.1710775,8.0,-1,13.389246
3191,1379,1554.9448609352112,372.72187852859497,1028.61328125,696.9466552734375,0.9002015,10.0,-1,6.907647
4369,1379,660.5952820777893,62.533798694610596,134.26370239257812,386.7585754394531,0.8009545,28.0,-1,0.52711904
4245,1379,1794.6611695289612,485.53828477859497,1268.32958984375,809.7630615234375,0.7050455,16.0,-1,1.9621264
2986,1379,1444.4107422828674,485.9784092903137,918.0791625976562,810.2031860351562,0.5560034,14.0,-1,5.1482463
4395,1379,869.5082459449768,617.8814244270325,343.1766662597656,942.106201171875,0.51979434,20.0,-1,1.0019648
0,1380,1590.3010621070862,756.5255284309387,1063.894287109375,1080.848876953125,94.00745,10.0,1,28.267332
1,1380,1612.4254517555237,179.72676134109497,1086.0186767578125,504.05010986328125,61.21197,8.0,1,25.35623
4,1380,1352.3611817359924,-113.02094984054565,825.9544067382812,211.30239868164062,38.707165,8.0,1,27.136148
2,1380,1718.3345093727112,199.28700304031372,1191.927734375,523.6103515625,32.803543,8.0,1,27.882793
4194,1380,1894.5997681617737,-77.12963819503784,1368.1929931640625,247.19371032714844,22.758501,10.0,-1,0.20234168
3654,1380,1143.1299805641174,778.8216710090637,616.7232055664062,1103.14501953125,18.58083,18.0,-1,14.727934
3,1380,1201.70676279068,197.02589464187622,675.2999877929688,521.3492431640625,13.681281,8.0,1,22.659872
4167,1380,1523.4496216773987,-288.2202982902527,997.0428466796875,36.103050231933594,11.818826,6.0,1,13.788809
1332,1380,708.4421143531799,543.015823841095,182.03533935546875,867.3391723632812,10.860356,10.0,-1,10.916833
3079,1380,1991.6107544898987,-0.8579249382019043,1465.2039794921875,323.4654235839844,10.45012,6.0,1,2.0287247
8,1380,1198.7478394508362,426.2304844856262,672.341064453125,750.5538330078125,9.588624,18.0,-1,1.354303
4264,1380,1103.079565525055,-270.83697843551636,576.6727905273438,53.48637008666992,8.52333,24.0,-1,7.4469137
3509,1380,2086.542273044586,335.4652256965637,1560.135498046875,659.78857421875,7.0054035,6.0,1,0.9500201
2032,1380,631.138792514801,-147.89741468429565,104.73201751708984,176.42593383789062,5.9124904,6.0,1,21.031944
2281,1380,1796.1355347633362,-57.48484754562378,1269.728759765625,266.8385009765625,4.579245,12.0,-1,14.643006
12,1380,1128.7810425758362,820.2160801887512,602.374267578125,1144.5394287109375,4.5227766,10.0,-1,32.476578
4314,1380,1083.82297372818,244.77699327468872,557.4161987304688,569.100341796875,4.1971908,12.0,-1,32.970966
4318,1380,2136.9842896461487,-81.07891798019409,1610.5775146484375,243.2444305419922,2.9026601,12.0,-1,8.666665
4158,1380,1557.5644898414612,452.4675450325012,1031.15771484375,776.7908935546875,2.836756,18.0,-1,0.9703672
4395,1380,864.100592136383,619.8379063606262,337.6938171386719,944.1612548828125,2.2119179,20.0,-1,1.3387129
3191,1380,1558.8263306617737,371.27143907546997,1032.4195556640625,695.5947875976562,2.1657827,10.0,-1,7.4465165
4305,1380,1432.6458497047424,241.29652452468872,906.2390747070312,565.619873046875,1.4668361,10.0,-1,9.528885
4369,1380,658.7204804420471,63.690598011016846,132.31370544433594,388.0139465332031,0.59521013,28.0,-1,0.9695499
2986,1380,1442.5791993141174,486.3574376106262,916.1724243164062,810.6807861328125,0.5153602,10.0,-1,4.31561
4245,1380,1792.5817017555237,485.53828477859497,1266.1749267578125,809.8616333007812,0.45636666,14.0,-1,1.2400222
0,1381,1590.1297974586487,756.1082921028137,1062.696533203125,1081.1419677734375,68.425804,10.0,1,27.860695
4,1381,1351.4668946266174,-112.82080030441284,824.0336303710938,212.21287536621094,47.71722,8.0,1,27.659763
1,1381,1613.5168824195862,179.57109117507935,1086.0836181640625,504.6047668457031,45.750957,8.0,1,24.437628
2,1381,1718.9935669898987,199.28700304031372,1191.560302734375,524.3206787109375,33.22278,8.0,1,28.04965
3,1381,1203.6630005836487,196.71943712234497,676.229736328125,521.7531127929688,23.296381,8.0,1,20.741217
3654,1381,1144.9521851539612,781.4786534309387,617.5189208984375,1106.5123291015625,23.056046,18.0,-1,14.078297
4194,1381,1893.2900757789612,-77.61094617843628,1365.8568115234375,247.4227294921875,18.35846,12.0,-1,1.2329125
1332,1381,711.2559418678284,544.1041417121887,183.8226776123047,869.1378173828125,14.156104,10.0,-1,11.680597
4167,1381,1522.621557712555,-286.8732295036316,995.1882934570312,38.16044616699219,13.600738,6.0,1,14.591947
8,1381,1197.3640503883362,429.02693223953247,669.9307861328125,754.0606079101562,12.388234,18.0,-1,0.17732741
3509,1381,2084.0172486305237,336.7673497200012,1556.583984375,661.801025390625,9.89465,6.0,1,0.2860527
3079,1381,1992.7749390602112,-3.2520594596862793,1465.3416748046875,321.7816162109375,8.564485,6.0,1,1.3262184
4264,1381,1099.144018650055,-269.56339597702026,571.7107543945312,55.470279693603516,7.825709,24.0,-1,6.3344536
2032,1381,631.3056626319885,-148.38151502609253,103.87239837646484,176.65216064453125,7.5023727,6.0,1,20.67023
12,1381,1125.2048707008362,821.0564122200012,597.7716064453125,1146.090087890625,5.1485085,10.0,-1,31.638653
4158,1381,1558.1232056617737,453.7537999153137,1030.68994140625,778.7874755859375,4.349172,20.0,-1,2.653488
4314,1381,1084.5218873023987,243.97358751296997,557.088623046875,569.0072631835938,4.2607064,12.0,-1,35.40197
4318,1381,2137.018835544586,-81.45538282394409,1609.5855712890625,243.5782928466797,3.9249732,10.0,-1,8.859625
2281,1381,1795.4844117164612,-59.67228651046753,1268.0511474609375,265.36138916015625,2.9606602,10.0,-1,16.126719
4305,1381,1433.8484864234924,236.91493272781372,906.4152221679688,561.9486083984375,1.9014883,8.0,-1,12.55529
3191,1381,1558.8263306617737,372.56294298171997,1031.39306640625,697.5966186523438,1.408298,10.0,-1,8.269721
4395,1381,862.6540284156799,621.1770176887512,335.22076416015625,946.210693359375,1.0764872,16.0,-1,0.818409
4245,1381,1797.9966187477112,485.6522374153137,1270.5633544921875,810.6859130859375,0.89925045,14.0,-1,1.1666381
2986,1381,1440.3243165016174,481.68220567703247,912.8910522460938,806.7158813476562,0.8845782,10.0,-1,4.63671
4369,1381,656.7222199440002,62.59034776687622,129.28895568847656,387.6240234375,0.6794667,28.0,-1,0.418523
0,1382,1590.8573365211487,754.1936497688293,1062.2081298828125,1080.011962890625,106.37833,10.0,1,27.612314
1,1382,1614.8039917945862,180.3687596321106,1086.15478515625,506.18707275390625,43.529644,8.0,1,24.972033
4,1382,1352.4187989234924,-113.55395460128784,823.7695922851562,212.2643585205078,40.475063,8.0,1,28.351662
2,1382,1717.8907837867737,198.7402195930481,1189.2415771484375,524.5585327148438,27.964912,8.0,1,26.368076
1332,1382,712.6029877662659,543.9329075813293,183.9537811279297,869.751220703125,22.452017,10.0,-1,12.693453
3654,1382,1144.5524048805237,782.1224827766418,615.9031982421875,1107.9407958984375,18.824945,18.0,-1,13.828195
3,1382,1206.837378025055,196.8480076789856,678.1881713867188,522.6663208007812,18.084051,8.0,1,21.56813
4167,1382,1520.5088257789612,-288.9542956352234,991.859619140625,36.864017486572266,16.363264,6.0,1,14.278465
3509,1382,2086.592810153961,337.75785875320435,1557.943603515625,663.576171875,16.08294,6.0,1,0.48700488
4194,1382,1893.9084839820862,-77.5974268913269,1365.25927734375,248.22088623046875,15.651402,12.0,-1,0.43840802
8,1382,1194.651342868805,428.6257176399231,666.0021362304688,754.4440307617188,11.689949,18.0,-1,0.18716887
3079,1382,1993.0423951148987,-5.737380504608154,1464.3931884765625,320.0809326171875,9.138323,6.0,1,3.892977
4264,1382,1102.4245972633362,-269.02153730392456,573.775390625,56.796775817871094,8.136106,24.0,-1,5.4809732
2032,1382,630.7488083839417,-147.78965711593628,102.09960174560547,178.02865600585938,7.5883355,6.0,1,21.418928
4318,1382,2136.627478122711,-80.93220472335815,1607.978271484375,244.8861083984375,4.944218,12.0,-1,9.480682
12,1382,1123.6160035133362,821.0428929328918,594.966796875,1146.8612060546875,4.930057,10.0,-1,32.81021
2281,1382,1795.9905152320862,-57.03587293624878,1267.34130859375,268.7824401855469,3.5607119,10.0,-1,15.511947
4158,1382,1554.2926392555237,455.69450426101685,1025.6434326171875,781.5128173828125,3.0557134,20.0,-1,1.7546961
4305,1382,1436.0685181617737,238.63627672195435,907.4193115234375,564.45458984375,1.3608054,8.0,-1,12.450482
3191,1382,1554.9685425758362,372.2709813117981,1026.3193359375,698.0892944335938,1.2960562,10.0,-1,6.7882586
4369,1382,656.0474610328674,60.77949571609497,127.39825439453125,386.5978088378906,1.1579431,10.0,1,0.6107776
4395,1382,863.0184998512268,619.9944310188293,334.3692932128906,945.812744140625,1.0209261,18.0,-1,0.9104822
2986,1382,1440.05686044693,480.39311265945435,911.4076538085938,806.21142578125,0.57398254,10.0,-1,4.575297
4245,1382,1794.5992798805237,485.9608006477356,1265.9500732421875,811.7791137695312,0.44249916,14.0,-1,1.060435
1,1383,1614.9238648414612,179.14247179031372,1085.948974609375,505.9864807128906,88.251366,8.0,1,26.508724
0,1383,1589.0692505836487,754.4073338508606,1060.0943603515625,1081.2513427734375,87.259094,10.0,1,27.441235
4,1383,1349.1432251930237,-112.9019923210144,820.1683349609375,213.9420166015625,61.770355,8.0,1,26.489635
2,1383,1716.0152955055237,197.4467625617981,1187.0404052734375,524.290771484375,27.605196,8.0,1,26.815079
3654,1383,1143.1240601539612,779.4191746711731,614.149169921875,1106.26318359375,22.2249,18.0,-1,13.655982
4167,1383,1520.6581177711487,-289.41105222702026,991.6832275390625,37.43295669555664,20.164406,6.0,1,11.397815
4194,1383,1894.6438355445862,-77.61114454269409,1365.6689453125,249.2328643798828,16.60348,6.0,1,0.2377274
1332,1383,713.2977509498596,544.5955052375793,184.32286071777344,871.4395141601562,16.465782,10.0,-1,12.482311
3079,1383,1993.7706665992737,-4.913497447967529,1464.7957763671875,321.9305114746094,12.071256,6.0,1,2.2494006
3,1383,1205.7815918922424,196.7587742805481,676.8067016601562,523.602783203125,11.774151,8.0,1,21.064913
4264,1383,1102.4216675758362,-268.6286883354187,573.44677734375,58.2153205871582,9.315763,24.0,-1,4.5430593
3509,1383,2088.5939087867737,337.9831395149231,1559.6190185546875,664.8271484375,7.810991,6.0,1,0.79299855
4318,1383,2139.2941040992737,-80.91848707199097,1610.3192138671875,245.92552185058594,7.308946,12.0,-1,14.461305
8,1383,1190.3663697242737,428.5959324836731,661.3914794921875,755.43994140625,6.793928,18.0,-1,1.2651653
2032,1383,628.8432450294495,-147.42825269699097,99.86835479736328,179.41575622558594,6.3000164,8.0,1,20.954021
4158,1383,1553.3795533180237,456.9584813117981,1024.4046630859375,783.802490234375,5.632271,18.0,-1,1.2063497
12,1383,1123.451147556305,820.3793797492981,594.4762573242188,1147.223388671875,5.468798,10.0,-1,30.065126
4314,1383,1082.919897556305,242.48893785476685,553.9450073242188,569.3329467773438,4.5064225,12.0,-1,32.924904
2281,1383,1795.9934449195862,-55.693252086639404,1267.0185546875,271.1507568359375,2.945652,10.0,-1,14.151802
4305,1383,1441.1182007789612,241.3553318977356,912.143310546875,568.1993408203125,2.5450122,8.0,-1,14.29936
3191,1383,1559.9192261695862,368.55400133132935,1030.9443359375,695.3980102539062,1.275894,14.0,-1,7.360354
4395,1383,862.208990573883,619.2229466438293,333.2341003417969,946.0669555664062,0.66296285,24.0,-1,0.95537263
4369,1383,657.3814301490784,62.885849475860596,128.4065399169922,389.7298583984375,0.65574473,28.0,-1,0.4569508
2986,1383,1441.3674683570862,476.22148180007935,912.392578125,803.0654907226562,0.56435484,10.0,-1,4.5555115
4245,1383,1794.0857300758362,484.52970933914185,1265.11083984375,811.3737182617188,0.4537897,16.0,-1,0.19845188
0,1384,1589.2018342018127,752.0911107063293,1060.06298828125,1080.0709228515625,109.179405,10.0,1,28.042154
4,1384,1351.0018219947815,-112.22276258468628,821.8629760742188,215.75704956054688,37.721226,8.0,1,28.311676
1,1384,1615.4415802955627,178.60231065750122,1086.302734375,506.5821228027344,33.62089,8.0,1,24.96573
2,1384,1716.6193146705627,195.68840074539185,1187.48046875,523.668212890625,27.694448,8.0,1,26.532932
4167,1384,1519.0620636940002,-290.70364713668823,989.9232177734375,37.27616500854492,20.109354,6.0,1,11.806113
3654,1384,1142.022451877594,779.8602757453918,612.8836059570312,1107.840087890625,19.092264,18.0,-1,14.771615
1332,1384,713.2977509498596,545.3367772102356,184.15890502929688,873.3165893554688,17.497099,10.0,-1,13.54419
4194,1384,1893.2802033424377,-78.41120862960815,1364.141357421875,249.568603515625,17.21929,6.0,1,1.0829175
3,1384,1205.3831696510315,196.86308336257935,676.2443237304688,524.8428955078125,13.683293,8.0,1,22.228691
3079,1384,1995.4680695533752,-4.410140514373779,1466.3292236328125,323.5696716308594,11.777725,6.0,1,2.9413712
3509,1384,2089.2821564674377,337.7794041633606,1560.143310546875,665.7592163085938,11.225638,12.0,-1,0.9195292
4264,1384,1099.625235080719,-270.5210528373718,570.4863891601562,57.45875930786133,7.7834125,22.0,-1,6.0085473
8,1384,1188.7498688697815,428.5959324836731,659.6110229492188,756.5757446289062,6.599123,18.0,-1,1.048429
2032,1384,627.1495118141174,-147.21626234054565,98.01066589355469,180.7635498046875,6.316334,8.0,1,22.15278
4318,1384,2139.2665314674377,-82.90995740890503,1610.127685546875,245.06985473632812,5.105045,12.0,-1,12.139324
4314,1384,1083.963369846344,240.5495457649231,554.8245239257812,568.5293579101562,4.8729672,12.0,-1,31.027166
12,1384,1125.741201877594,820.0363011360168,596.6023559570312,1148.01611328125,4.0605645,10.0,-1,31.601648
4158,1384,1552.8355011940002,457.59623765945435,1023.6966552734375,785.5760498046875,4.005197,18.0,-1,0.22272283
2281,1384,1796.1642365455627,-58.633315563201904,1267.025390625,269.34649658203125,1.9998922,12.0,-1,13.05325
4305,1384,1445.0083527565002,243.97367906570435,915.8695068359375,571.9534912109375,1.9175686,8.0,-1,13.186498
3191,1384,1563.2845978736877,367.0683445930481,1034.145751953125,695.0481567382812,1.3959842,10.0,-1,6.926918
4369,1384,657.351065158844,64.0423436164856,128.21221923828125,392.02215576171875,0.78032,26.0,-1,0.22840202
2986,1384,1436.6397004127502,476.3261570930481,907.5008544921875,804.3059692382812,0.6389639,10.0,-1,4.037789
4395,1384,856.105215549469,621.5724339485168,326.96636962890625,949.55224609375,0.45785272,18.0,-1,0.83441687
4245,1384,1794.4580597877502,488.47502183914185,1265.3192138671875,816.454833984375,0.34802496,14.0,-1,1.4294872
0,1385,1591.0249161720276,752.194550037384,1059.986083984375,1080.948974609375,105.84662,10.0,1,28.012207
1,1385,1618.8086075782776,179.16641283035278,1087.769775390625,507.92083740234375,70.66671,8.0,1,24.920973
4,1385,1352.6204361915588,-111.54243421554565,821.5816040039062,217.2119903564453,35.72264,8.0,1,28.536108
2,1385,1716.2697892189026,194.11270189285278,1185.23095703125,522.8671264648438,28.126936,8.0,1,26.56567
3654,1385,1142.16956949234,779.943329334259,611.1307373046875,1108.69775390625,20.747908,20.0,-1,16.991056
3,1385,1205.3136734962463,196.92648363113403,674.2748413085938,525.680908203125,16.785845,8.0,1,22.718536
4194,1385,1894.4980607032776,-78.45327711105347,1363.459228515625,250.3011474609375,15.975896,6.0,1,0.30417228
4167,1385,1517.1903824806213,-291.74239683151245,986.1515502929688,37.012027740478516,15.88781,6.0,1,14.100451
1332,1385,714.9563736915588,544.8606266975403,183.91754150390625,873.6150512695312,14.550446,10.0,-1,13.793731
3079,1385,1995.3425431251526,-2.890227794647217,1464.3037109375,325.86419677734375,12.0261545,6.0,1,0.9196646
4264,1385,1096.9311051368713,-268.5307765007019,565.8922729492188,60.22364807128906,10.096583,22.0,-1,5.8184853
3509,1385,2093.50062417984,335.38375902175903,1562.4617919921875,664.13818359375,9.54169,12.0,-1,0.12665796
8,1385,1190.1762833595276,430.47396898269653,659.137451171875,759.2283935546875,8.548568,18.0,-1,2.1892822
2032,1385,627.1495118141174,-147.21626234054565,96.11067962646484,181.5381622314453,4.9807963,6.0,1,21.871874
4314,1385,1086.6675553321838,240.69021654129028,555.6287231445312,569.4446411132812,4.4863286,20.0,-1,32.1645
4413,1385,2153.693251132965,237.76632738113403,1622.6544189453125,566.520751953125,3.8412645,8.0,1,2.4687939
12,1385,1125.5926041603088,818.776337146759,594.5537719726562,1147.53076171875,3.6967907,10.0,-1,29.693087
2281,1385,1795.35804605484,-60.58251905441284,1264.3192138671875,268.1719055175781,3.338401,10.0,-1,19.174103
4158,1385,1552.2217545509338,458.7805485725403,1021.1829223632812,787.5349731445312,2.7969801,18.0,-1,1.7590282
4318,1385,2141.320692539215,-82.73754835128784,1610.2818603515625,246.01687622070312,2.557196,12.0,-1,6.6746078
4305,1385,1444.757215976715,241.15927171707153,913.7183837890625,569.9136962890625,2.2907472,8.0,-1,13.91055
4369,1385,655.9884781837463,61.09613084793091,124.94964599609375,389.8505554199219,1.5466193,26.0,-1,1.398422
3191,1385,1563.5654435157776,365.04538011550903,1032.526611328125,693.7998046875,1.3724576,10.0,-1,7.769843
2986,1385,1439.8415055274963,475.3486638069153,908.8026733398438,804.1030883789062,0.66944313,12.0,-1,4.047448
4395,1385,856.018660068512,620.1004338264465,324.9798278808594,948.8548583984375,0.5963946,20.0,-1,1.217698
4245,1385,1794.0637345314026,489.90573167800903,1263.02490234375,818.66015625,0.39988962,14.0,-1,2.6984615
0,1386,1592.2519326210022,752.4681401252747,1060.2723388671875,1081.7076416015625,93.88779,10.0,1,27.367302
4,1386,1351.946207523346,-111.3531641960144,819.9666137695312,217.88633728027344,60.668453,8.0,1,27.603146
1,1386,1620.0370888710022,178.35971117019653,1088.0574951171875,507.5992126464844,45.04748,8.0,1,24.121696
2,1386,1717.3853554725647,192.7130742073059,1185.40576171875,521.9525756835938,42.67964,8.0,1,27.667934
3654,1386,1139.8167519569397,779.4909672737122,607.837158203125,1108.73046875,30.118048,20.0,-1,17.497368
4194,1386,1893.5623574256897,-78.02326917648315,1361.582763671875,251.2162322998047,14.535225,6.0,1,0.118509054
3509,1386,2096.029276371002,332.25122117996216,1564.0496826171875,661.49072265625,14.107533,12.0,-1,2.8801632
4167,1386,1516.2205605506897,-293.17721128463745,984.240966796875,36.06229019165039,12.73579,6.0,1,12.881054
1332,1386,715.7474007606506,544.8347783088684,183.76780700683594,874.0742797851562,12.641902,10.0,-1,15.16083
3079,1386,1995.8827919960022,-3.605773448944092,1463.9031982421875,325.63372802734375,12.121097,12.0,-1,0.94732803
3,1386,1203.1811928749084,196.31494188308716,671.2015991210938,525.554443359375,10.042026,8.0,1,22.910707
4264,1386,1094.258463382721,-265.13722944259644,562.2788696289062,64.1022720336914,8.867257,24.0,-1,6.3339396
8,1386,1191.4428505897522,428.74963426589966,659.4632568359375,757.9891357421875,6.3878903,18.0,-1,1.0102919
4314,1386,1086.8770546913147,240.81237840652466,554.8974609375,570.0518798828125,5.010711,10.0,-1,30.532238
2032,1386,627.8500924110413,-148.66146802902222,95.87049865722656,180.57803344726562,4.6749454,8.0,1,21.089739
4413,1386,2153.566629886627,234.73840379714966,1621.5870361328125,563.9779052734375,3.9364977,8.0,1,3.1796546
2281,1386,1794.3267617225647,-60.47506666183472,1262.34716796875,268.7644348144531,3.824298,10.0,-1,17.608057
12,1386,1125.3367714881897,816.3920903205872,593.357177734375,1145.631591796875,3.0717535,10.0,-1,28.16617
4158,1386,1551.8064370155334,459.22009325027466,1019.8268432617188,788.4595947265625,2.7499037,20.0,-1,1.5409027
4318,1386,2141.261942386627,-82.90621900558472,1609.2823486328125,246.33328247070312,1.6928412,12.0,-1,5.796662
4369,1386,656.0472283363342,62.36496019363403,124.06763458251953,391.6044616699219,1.4141265,26.0,-1,0.65249336
3191,1386,1563.6735634803772,366.8062138557434,1031.6939697265625,696.0457153320312,1.2583978,10.0,-1,8.34171
4305,1386,1441.2154335975647,242.04785203933716,909.23583984375,571.287353515625,0.7971491,10.0,-1,10.134061
2986,1386,1442.168863773346,476.6098027229309,910.1892700195312,805.8493041992188,0.6732119,10.0,-1,4.2620215
4245,1386,1794.2817177772522,493.57983446121216,1262.3021240234375,822.8193359375,0.66333354,14.0,-1,0.6566953
4395,1386,852.5871376991272,620.1262822151184,320.6075439453125,949.3657836914062,0.5877361,20.0,-1,1.0946254
0,1387,1593.2092690467834,751.4398350715637,1060.3599853515625,1081.5970458984375,85.87679,10.0,1,27.34834
4,1387,1352.938150882721,-112.20696973800659,820.0888671875,217.9502410888672,79.026726,8.0,1,26.470234
2,1387,1716.681314945221,193.49208116531372,1183.83203125,523.6492919921875,36.001484,8.0,1,27.288317
1,1387,1621.066080570221,176.97065782546997,1088.216796875,507.12786865234375,35.13306,8.0,1,24.170193
3654,1387,1140.651529788971,779.7102208137512,607.80224609375,1109.867431640625,25.944664,20.0,-1,18.352787
4194,1387,1891.994547367096,-76.92326307296753,1359.145263671875,253.23394775390625,14.096878,6.0,1,1.0210968
4264,1387,1092.3462929725647,-263.3190608024597,559.4970092773438,66.83815002441406,13.606548,24.0,-1,6.3921003
3,1387,1202.995035648346,194.91798448562622,670.145751953125,525.0751953125,13.357654,8.0,1,23.191399
1332,1387,714.3188881874084,543.70747423172,181.4696044921875,873.8646850585938,12.715683,10.0,-1,14.805202
3079,1387,1996.9993081092834,-4.567367076873779,1464.1500244140625,325.58984375,12.340108,12.0,-1,0.6055138
3509,1387,2095.701090335846,331.8590245246887,1562.851806640625,662.0162353515625,11.264665,12.0,-1,2.723671
4167,1387,1517.5967202186584,-297.9508738517761,984.7474365234375,32.206336975097656,10.098952,6.0,1,12.478683
8,1387,1191.4925332069397,429.36409044265747,658.6432495117188,759.5213012695312,4.6545024,18.0,-1,1.7828412
4314,1387,1088.3782753944397,239.90284776687622,555.5289916992188,570.06005859375,4.4488416,10.0,-1,28.396074
4413,1387,2153.4329018592834,235.92189073562622,1620.5836181640625,566.0791015625,4.3950973,8.0,1,1.8156519
4158,1387,1550.196207523346,458.95759630203247,1017.346923828125,789.1148071289062,4.388559,18.0,-1,2.3137212
2281,1387,1793.363199710846,-60.688491344451904,1260.513916015625,269.4687194824219,4.0680003,10.0,-1,18.275595
2032,1387,627.3880333900452,-148.44804334640503,94.53874969482422,181.70916748046875,3.9376507,6.0,1,21.817299
12,1387,1125.2870888710022,814.3178868293762,592.4378051757812,1144.47509765625,3.0495527,10.0,-1,30.927082
4318,1387,2143.8440346717834,-84.66177320480347,1610.9947509765625,245.4954376220703,2.6233697,12.0,-1,9.443788
4305,1387,1437.040445804596,243.83924913406372,904.191162109375,573.9964599609375,2.2805321,8.0,-1,13.970519
4369,1387,657.2079033851624,63.752060413360596,124.3586196899414,393.9092712402344,1.5679682,28.0,-1,1.2468855
3191,1387,1566.2378334999084,367.0301671028137,1033.3885498046875,697.1873779296875,1.3388586,8.0,-1,9.873548
4245,1387,1796.5220131874084,495.3136143684387,1263.6727294921875,825.4708251953125,0.7715053,14.0,-1,1.3189349
2986,1387,1445.743814945221,477.67488145828247,912.89453125,807.8320922851562,0.6220514,10.0,-1,4.485837
4395,1387,849.9065346717834,620.4466099739075,317.0572509765625,950.6038208007812,0.54743993,22.0,-1,1.5259385
0,1388,1594.0763878822327,750.3093724250793,1059.9456787109375,1080.5445556640625,112.405235,10.0,1,28.190113
1,1388,1622.6453576087952,176.06755113601685,1088.5146484375,506.302734375,38.08263,8.0,1,24.954132
4,1388,1354.7165246009827,-111.93208265304565,820.5858154296875,218.3031005859375,33.700684,8.0,1,28.221653
2,1388,1716.7004113197327,193.46000719070435,1182.5697021484375,523.6951904296875,29.586433,8.0,1,25.84476
3654,1388,1140.701204776764,782.7436985969543,606.5704956054688,1112.9788818359375,26.993494,20.0,-1,19.387333
4194,1388,1891.4522423744202,-78.00613355636597,1357.321533203125,252.2290496826172,15.484798,12.0,-1,0.4797001
3,1388,1204.239046573639,194.44999742507935,670.1083374023438,524.6851806640625,14.798392,8.0,1,23.383348
4167,1388,1519.8854699134827,-300.68522787094116,985.7547607421875,29.549955368041992,14.719676,6.0,1,13.190186
3509,1388,2098.2099328041077,333.2024998664856,1564.0792236328125,663.4376831054688,12.423084,12.0,-1,1.8556273
3079,1388,2000.0474572181702,-6.372603893280029,1465.916748046875,323.8625793457031,12.022023,6.0,1,1.7794495
1332,1388,713.4098229408264,545.2715916633606,179.27911376953125,875.5067749023438,10.306712,10.0,-1,14.217847
4264,1388,1089.8620324134827,-264.2396311759949,555.7313232421875,65.99555206298828,9.914389,22.0,-1,6.728125
8,1388,1188.9642663002014,429.73234605789185,654.8335571289062,759.967529296875,6.8680177,18.0,-1,2.4198174
4314,1388,1087.2951378822327,239.6641697883606,553.1644287109375,569.8993530273438,5.142586,10.0,-1,27.277224
4158,1388,1552.2391076087952,462.29704332351685,1018.1083984375,792.5322265625,5.1103997,16.0,-1,0.9138367
4413,1388,2152.896822452545,238.38774156570435,1618.76611328125,568.6229248046875,4.755874,18.0,-1,0.9004596
2281,1388,1791.2731652259827,-58.53520154953003,1257.1424560546875,271.6999816894531,4.383022,10.0,-1,17.591677
2032,1388,627.3689370155334,-150.44457960128784,93.23822784423828,179.7906036376953,4.3457274,6.0,1,21.364891
4318,1388,2145.3647179603577,-86.56228590011597,1611.2340087890625,243.6728973388672,4.0700326,12.0,-1,9.47773
12,1388,1125.2440514564514,815.5870823860168,591.1133422851562,1145.822265625,2.7274158,10.0,-1,29.374598
3191,1388,1565.5093712806702,367.0622410774231,1031.378662109375,697.2974243164062,1.9709364,8.0,-1,12.944742
4305,1388,1435.9142174720764,242.5740818977356,901.7835083007812,572.8092651367188,1.9060416,8.0,-1,13.9035845
4369,1388,653.6284584999084,62.470322132110596,119.49774932861328,392.70550537109375,1.4442593,26.0,-1,1.3801575
4395,1388,848.8795495033264,621.3921360969543,314.74884033203125,951.6273193359375,0.90539354,4.0,-1,0.8088671
4245,1388,1801.8315148353577,496.8902440071106,1267.7008056640625,827.1254272460938,0.64467937,16.0,-1,1.0311656
2986,1388,1447.371370792389,479.2153172492981,913.2406616210938,809.4505004882812,0.55305177,10.0,-1,4.4818954
0,1389,1594.5047326087952,752.0590138435364,1059.82861328125,1082.557861328125,104.275795,10.0,1,28.464777
1,1389,1623.0047326087952,179.28881120681763,1088.32861328125,509.78765869140625,46.669117,8.0,1,23.071682
4,1389,1354.9866662025452,-112.22046613693237,820.310546875,218.27838134765625,38.527893,8.0,1,28.07905
2,1389,1718.5697960853577,195.59441423416138,1183.8936767578125,526.09326171875,33.83633,8.0,1,27.278664
3654,1389,1141.1231408119202,781.8757863044739,606.447021484375,1112.3746337890625,25.834955,20.0,-1,17.260014
4194,1389,1890.4917931556702,-78.33380842208862,1355.815673828125,252.1650390625,17.74012,12.0,-1,2.1608992
3,1389,1204.424349308014,194.02379655838013,669.7482299804688,524.5226440429688,13.956501,8.0,1,23.914537
3079,1389,2001.0553917884827,-5.817206859588623,1466.3792724609375,324.681640625,13.183057,6.0,1,0.7778888
3509,1389,2100.1552453041077,334.6810841560364,1565.4791259765625,665.179931640625,10.624,12.0,-1,1.7117316
8,1389,1186.948030948639,430.0513844490051,652.2719116210938,760.5502319335938,9.078439,18.0,-1,1.9006503
1332,1389,714.1476159095764,543.9728932380676,179.47149658203125,874.4717407226562,8.924678,10.0,-1,14.339608
4167,1389,1514.6982140541077,-302.2591814994812,980.0220947265625,28.239665985107422,8.49084,6.0,1,12.414551
4413,1389,2151.9801964759827,241.43309831619263,1617.3040771484375,571.9319458007812,7.1043353,18.0,-1,2.6952193
2032,1389,628.062304019928,-152.21254682540894,93.38618469238281,178.2863006591797,6.4578605,6.0,1,22.282833
4318,1389,2148.2131066322327,-88.94538068771362,1613.5369873046875,241.553466796875,5.3910313,10.0,-1,11.184516
4264,1389,1086.9203820228577,-264.2124171257019,552.2442626953125,66.28643035888672,5.211522,24.0,-1,6.4656105
4158,1389,1552.0538048744202,463.4774098396301,1017.377685546875,793.9762573242188,4.784607,8.0,1,0.834799
4314,1389,1086.7113366127014,238.95824480056763,552.0352172851562,569.4570922851562,4.1077514,10.0,-1,22.82249
2281,1389,1789.1122765541077,-58.562415599823,1254.4361572265625,271.9364318847656,3.8589566,10.0,-1,19.977808
12,1389,1126.652620792389,817.8931202888489,591.9765014648438,1148.3919677734375,3.3311968,10.0,-1,29.758385
4305,1389,1434.543245792389,245.05468034744263,899.8671264648438,575.5535278320312,2.707057,8.0,-1,16.531467
3191,1389,1566.1972374916077,368.3255543708801,1031.5211181640625,698.8244018554688,2.3336568,8.0,-1,13.138805
4369,1389,652.5341439247131,65.5898060798645,117.85802459716797,396.0886535644531,1.0232358,26.0,-1,1.1526877
2986,1389,1444.660921573639,479.0769581794739,909.9848022460938,809.5758056640625,0.8638587,10.0,-1,5.211392
4395,1389,847.302797794342,619.5347828865051,312.6266784667969,950.0336303710938,0.83593565,22.0,-1,1.0622134
4245,1389,1801.5109581947327,496.3751149177551,1266.8348388671875,826.8739624023438,0.35069963,14.0,-1,0.59337217
0,1390,1593.9731163978577,753.5409245491028,1058.2874755859375,1083.94482421875,100.06809,10.0,1,27.808168
4,1390,1355.6568932533264,-112.45690870285034,819.9712524414062,217.94699096679688,64.364624,8.0,1,28.169048
1,1390,1624.8280968666077,177.74780321121216,1089.1424560546875,508.1517028808594,48.384045,8.0,1,24.858528
3654,1390,1138.1116662025452,782.2274479866028,602.426025390625,1112.63134765625,26.428,20.0,-1,19.257504
2,1390,1718.5426964759827,198.07363939285278,1182.8570556640625,528.4775390625,26.190401,8.0,1,25.29695
3,1390,1203.4583458900452,195.42703294754028,667.772705078125,525.8309326171875,17.303556,8.0,1,23.518024
4167,1390,1515.469515323639,-302.7584204673767,979.7838745117188,27.645479202270508,15.509667,6.0,1,11.938719
4194,1390,1892.1298546791077,-76.11154127120972,1356.4442138671875,254.2923583984375,15.160252,12.0,-1,0.93414116
3509,1390,2100.2218956947327,331.2746891975403,1564.5362548828125,661.6785888671875,13.385451,12.0,-1,1.5464816
3079,1390,2001.9541954994202,-5.942748546600342,1466.2685546875,324.4611511230469,11.225863,12.0,-1,0.6677761
4264,1390,1086.4411339759827,-263.9953074455261,550.7554931640625,66.4085922241211,9.0807295,24.0,-1,6.3581247
1332,1390,713.3152947425842,543.540497303009,177.62965393066406,873.9443969726562,7.5667787,10.0,-1,14.551191
8,1390,1183.7286705970764,429.54635667800903,648.0430297851562,759.9502563476562,7.141737,18.0,-1,1.3100376
4158,1390,1553.9427819252014,463.28353929519653,1018.2571411132812,793.6874389648438,7.123656,8.0,1,0.99862576
2032,1390,625.9360451698303,-152.32531690597534,90.25040435791016,178.07858276367188,6.80084,6.0,1,22.906044
4318,1390,2147.9140343666077,-86.66332960128784,1612.2283935546875,243.74057006835938,4.9911575,10.0,-1,13.472844
4413,1390,2153.107759952545,243.58566331863403,1617.422119140625,573.9895629882812,4.593699,20.0,-1,3.971928
2281,1390,1789.1869835853577,-61.62167310714722,1253.5013427734375,268.7822265625,4.182205,10.0,-1,22.950474
12,1390,1127.762484073639,818.0450749397278,592.0768432617188,1148.448974609375,3.9396603,10.0,-1,30.202662
4314,1390,1085.5618615150452,238.74850511550903,549.876220703125,569.1524047851562,3.7352264,10.0,-1,14.368765
3191,1390,1563.7619347572327,371.24874925613403,1028.0762939453125,701.6526489257812,2.7863853,8.0,-1,14.576991
4305,1390,1432.780306339264,243.74185228347778,897.0946655273438,574.145751953125,2.4704545,8.0,-1,14.805738
4395,1390,847.329897403717,621.2600407600403,311.6442565917969,951.6639404296875,1.3853006,10.0,1,0.00625059
4369,1390,656.6661477088928,69.57534837722778,120.98050689697266,399.979248046875,1.19737,10.0,1,0.33404666
4245,1390,1802.5275597572327,496.48788499832153,1266.8419189453125,826.8917846679688,0.38965765,18.0,-1,1.7425506
2986,1390,1441.5097374916077,478.06076097488403,905.8240966796875,808.4646606445312,0.35047385,10.0,-1,3.6817908
0,1391,1595.425081729889,752.9014439582825,1058.7646484375,1083.5936279296875,87.907005,10.0,1,27.17831
4,1391,1356.7386803627014,-113.49887037277222,820.0782470703125,217.1933135986328,41.494946,8.0,1,26.711071
1,1391,1625.117464542389,175.89469957351685,1088.45703125,506.5868835449219,38.698925,8.0,1,25.099545
2,1391,1719.961458683014,199.24494981765747,1183.301025390625,529.9371337890625,33.87747,8.0,1,25.760233
3654,1391,1137.4200158119202,783.20600938797,600.7595825195312,1113.898193359375,29.46375,20.0,-1,18.898544
4194,1391,1892.9842858314514,-74.9548487663269,1356.3238525390625,255.73733520507812,17.93941,12.0,-1,2.476395
3,1391,1207.355257511139,195.27784776687622,670.69482421875,525.9700317382812,17.49116,8.0,1,21.700714
4167,1391,1516.5536217689514,-303.2699751853943,979.8931884765625,27.422208786010742,13.387482,6.0,1,11.904009
1332,1391,713.662645816803,542.97407579422,177.00221252441406,873.666259765625,12.044995,10.0,-1,14.241898
3509,1391,2100.752230167389,327.23481798171997,1564.091796875,657.927001953125,10.886392,12.0,-1,0.44833815
3079,1391,2003.1847252845764,-4.939559459686279,1466.5242919921875,325.75262451171875,9.94103,12.0,-1,0.4032495
4264,1391,1084.7545495033264,-262.212317943573,548.0941162109375,68.47986602783203,9.671723,24.0,-1,6.5441914
8,1391,1182.2770104408264,429.48640489578247,645.6165771484375,760.1785888671875,8.1017065,18.0,-1,1.397915
2032,1391,623.5169548988342,-152.4280390739441,86.85652160644531,178.26414489746094,6.8894324,6.0,1,22.443272
2281,1391,1790.014925479889,-61.561721324920654,1253.3544921875,269.1304626464844,6.3223853,10.0,-1,24.731867
4413,1391,2152.588900089264,242.80220079421997,1615.928466796875,573.494384765625,5.7269883,22.0,-1,5.57707
4158,1391,1552.4562096595764,466.0489659309387,1015.7957763671875,796.7411499023438,4.2834616,8.0,1,1.7942225
12,1391,1126.185335636139,818.9727330207825,589.52490234375,1149.6649169921875,3.5547836,10.0,-1,28.22551
4318,1391,2147.163118839264,-86.84500074386597,1610.502685546875,243.84718322753906,3.3469574,10.0,-1,14.299305
4314,1391,1085.4891686439514,236.57136583328247,548.8287353515625,567.2635498046875,2.615462,10.0,-1,10.959579
4305,1391,1432.8765587806702,243.88435411453247,896.2161254882812,574.5765380859375,2.1699486,8.0,-1,14.320449
3191,1391,1563.8346276283264,372.37641954421997,1027.1741943359375,703.068603515625,2.1592615,8.0,-1,16.49994
4395,1391,847.1977562904358,623.0083165168762,310.5373229980469,953.7005004882812,1.6245222,18.0,-1,0.9238715
2986,1391,1438.7559533119202,477.0803380012512,902.0955200195312,807.7725219726562,1.2615556,10.0,-1,5.231819
4245,1391,1800.2301354408264,497.2934727668762,1263.5697021484375,827.9856567382812,0.74022985,14.0,-1,1.9088554
4369,1391,653.4932961463928,70.77717638015747,116.8328628540039,401.4693603515625,0.6356162,26.0,-1,0.49132633
0,1392,1594.0166954994202,752.1206059455872,1056.2425537109375,1083.44189453125,89.8399,10.0,1,27.420883
4,1392,1357.7279992103577,-115.29724073410034,819.953857421875,216.0240478515625,54.591297,8.0,1,28.277323
1,1392,1626.4529747962952,174.83227586746216,1088.6788330078125,506.153564453125,45.73731,8.0,1,25.086432
2,1392,1719.8486046791077,196.6166386604309,1182.074462890625,527.9379272460938,38.423542,8.0,1,25.976135
3654,1392,1136.571077823639,784.9173588752747,598.7969360351562,1116.2386474609375,24.694193,20.0,-1,19.424711
4194,1392,1892.2532677650452,-74.84356641769409,1354.4791259765625,256.47772216796875,19.279676,12.0,-1,2.0578656
3,1392,1209.7691369056702,192.98291063308716,671.9949951171875,524.30419921875,17.813684,8.0,1,23.588362
4264,1392,1084.591585636139,-261.1014246940613,546.8174438476562,70.21986389160156,11.044514,24.0,-1,4.9753017
3509,1392,2100.865084171295,323.9983525276184,1563.0909423828125,655.3196411132812,10.734441,12.0,-1,0.9306283
4167,1392,1517.4954552650452,-305.31107664108276,979.7213134765625,26.010211944580078,10.41843,6.0,1,13.593236
1332,1392,713.9743676185608,544.3410649299622,176.20022583007812,875.662353515625,9.904309,10.0,-1,14.656325
3079,1392,2005.7373986244202,-2.939940929412842,1467.9632568359375,328.38134765625,9.478982,12.0,-1,2.2956035
2281,1392,1788.3414025306702,-63.32949781417847,1250.5672607421875,267.9917907714844,7.272659,10.0,-1,22.213188
8,1392,1182.144320011139,429.37512254714966,644.3701782226562,760.6964111328125,6.978349,18.0,-1,0.8940596
2032,1392,624.1569848060608,-151.60002088546753,86.38284301757812,179.7212677001953,5.333803,6.0,1,22.561205
4318,1392,2146.821138858795,-85.47204542160034,1609.0469970703125,245.8492431640625,5.2363276,10.0,-1,15.368754
4413,1392,2150.6860070228577,244.68310594558716,1612.911865234375,576.00439453125,4.5737915,22.0,-1,5.4760494
4158,1392,1554.8622155189514,467.22668504714966,1017.0880737304688,798.5479736328125,3.385814,8.0,1,1.5954427
12,1392,1126.608187198639,822.5836186408997,588.8340454101562,1153.9049072265625,3.2281218,10.0,-1,29.12117
4314,1392,1087.883577823639,238.05444383621216,550.1094360351562,569.375732421875,2.7117207,10.0,-1,5.9127765
3191,1392,1564.5238976478577,370.7649540901184,1026.749755859375,702.0862426757812,2.5526211,8.0,-1,16.178127
4369,1392,652.0307335853577,70.17739915847778,114.256591796875,401.4986877441406,1.6153511,10.0,1,0.3161391
4305,1392,1431.187777042389,241.34387254714966,893.4136352539062,572.6651611328125,1.4440008,8.0,-1,13.765434
4395,1392,846.2201561927795,627.2354741096497,308.4460144042969,958.5567626953125,0.7400077,20.0,-1,0.95404613
2986,1392,1439.8382287025452,477.72082567214966,902.0640869140625,809.0421142578125,0.6930173,10.0,-1,4.621113
4245,1392,1797.2939171791077,495.7299199104309,1259.519775390625,827.0512084960938,0.45109114,6.0,1,0.12549424
0,1393,1592.694124698639,751.1247715950012,1054.0595703125,1083.3338623046875,103.05133,10.0,1,27.158794
4,1393,1356.4649376869202,-114.1352686882019,817.8303833007812,218.07382202148438,50.361713,8.0,1,29.038744
1,1393,1626.7770104408264,174.14546251296997,1088.1424560546875,506.35455322265625,43.639896,8.0,1,24.65538
2,1393,1718.736605167389,198.90083360671997,1180.10205078125,531.1099243164062,32.363983,8.0,1,23.8885
3654,1393,1133.7067589759827,787.3590245246887,595.0722045898438,1119.568115234375,30.796465,20.0,-1,17.82164
3,1393,1210.4770226478577,192.01454210281372,671.8424682617188,524.2236328125,19.14393,8.0,1,23.546095
3079,1393,2006.741732120514,-4.302077770233154,1468.107177734375,327.9070129394531,16.642107,12.0,-1,0.31389642
4194,1393,1892.831820011139,-75.66596937179565,1354.197265625,256.5431213378906,14.588528,6.0,1,0.011972547
4167,1393,1516.601351261139,-304.4486804008484,977.966796875,27.76041030883789,13.669547,6.0,1,13.04371
3509,1393,2101.195345401764,322.6572422981262,1562.560791015625,654.8663330078125,9.654093,12.0,-1,1.121983
4413,1393,2147.8211998939514,245.39979600906372,1609.1866455078125,577.60888671875,8.932984,20.0,-1,4.15792
1332,1393,711.8717217445374,544.2485508918762,173.23716735839844,876.4576416015625,8.715312,10.0,-1,14.7029915
8,1393,1180.6072716712952,429.64851427078247,641.9727172851562,761.8576049804688,6.365345,18.0,-1,0.33476096
2032,1393,624.7141671180725,-150.1798701286316,86.0796127319336,182.0292205810547,6.2847786,6.0,1,22.503868
4158,1393,1554.1896691322327,469.73030138015747,1015.5551147460938,801.9393920898438,6.2425556,8.0,1,2.324512
4264,1393,1083.4847741127014,-262.46403455734253,544.8502197265625,69.74505615234375,5.9643536,24.0,-1,4.6704693
2281,1393,1788.4928307533264,-63.23698377609253,1249.8582763671875,268.97210693359375,5.5245,8.0,-1,27.352537
4318,1393,2148.2779870033264,-85.77514600753784,1609.6434326171875,246.43394470214844,5.1197195,10.0,-1,14.776833
12,1393,1126.7038292884827,825.5595860481262,588.0692749023438,1157.7686767578125,5.0498405,10.0,-1,31.183653
3191,1393,1562.723665714264,369.6637120246887,1024.089111328125,701.872802734375,4.333387,8.0,-1,18.65837
4305,1393,1434.4292931556702,237.37312364578247,895.7947387695312,569.5822143554688,2.187641,8.0,-1,14.979823
4314,1393,1087.7879357337952,235.35298204421997,549.1533813476562,567.5620727539062,1.6501993,10.0,-1,16.287354
4395,1393,847.1850914955139,629.3202061653137,308.550537109375,961.529296875,1.0305015,20.0,-1,0.7053793
4369,1393,650.0230355262756,69.56477403640747,111.38848114013672,401.77386474609375,0.93472147,10.0,1,0.09545398
4245,1393,1798.2037682533264,497.0025792121887,1259.5692138671875,829.211669921875,0.45042953,16.0,-1,1.3683106
2986,1393,1443.820345401764,479.58686876296997,905.185791015625,811.7959594726562,0.38936558,10.0,-1,3.3291354
0,1394,1593.6434044837952,751.7153935432434,1053.9810791015625,1084.7088623046875,113.62902,10.0,1,27.964865
1,1394,1625.4628624916077,174.95752000808716,1085.800537109375,507.95098876953125,51.315704,8.0,1,25.58017
4,1394,1357.5904870033264,-113.3022608757019,817.9281616210938,219.6912078857422,50.83273,8.0,1,28.20482
2,1394,1717.4369835853577,198.96643114089966,1177.774658203125,531.9598999023438,44.480026,8.0,1,26.26091
3654,1394,1133.1474328041077,786.7545781135559,593.485107421875,1119.748046875,25.722227,20.0,-1,16.65775
3,1394,1211.5708947181702,193.17773485183716,671.9085693359375,526.1712036132812,16.976469,8.0,1,23.21885
3079,1394,2005.9035363197327,-5.126891613006592,1466.2412109375,327.8665771484375,16.436836,12.0,-1,0.7712686
4194,1394,1893.1144738197327,-78.46643018722534,1353.4521484375,254.52703857421875,15.167084,10.0,-1,0.76537824
3509,1394,2102.047701358795,320.0897831916809,1562.3853759765625,653.083251953125,12.635823,10.0,-1,2.4594073
4264,1394,1083.2021203041077,-262.85744428634644,543.539794921875,70.13602447509766,10.677133,24.0,-1,5.720111
4167,1394,1519.1329674720764,-306.78764295578003,979.4706420898438,26.205825805664062,10.479246,6.0,1,12.284528
8,1394,1179.136751651764,429.5304570198059,639.4744262695312,762.52392578125,8.676893,8.0,1,0.98683083
2032,1394,623.9152550697327,-150.24546766281128,84.2529296875,182.7480010986328,7.0131187,8.0,1,21.388208
4413,1394,2146.910982608795,245.92358446121216,1607.2486572265625,578.9170532226562,6.931681,20.0,-1,3.5788467
1332,1394,710.9676079750061,546.3056645393372,171.30528259277344,879.2991333007812,6.399563,10.0,-1,13.3095875
2281,1394,1790.1164269447327,-62.95019483566284,1250.4541015625,270.04327392578125,6.171578,8.0,-1,27.55883
4318,1394,2147.67685174942,-86.66535902023315,1608.0145263671875,246.32810974121094,5.793546,10.0,-1,15.492488
4158,1394,1553.055452823639,470.8560185432434,1013.3931274414062,803.8494873046875,4.99152,8.0,1,1.8564314
12,1394,1130.8810143470764,827.7468876838684,591.2186889648438,1160.7403564453125,3.8744621,10.0,-1,26.39719
4314,1394,1089.0384850502014,237.2330937385559,549.3761596679688,570.2265625,3.712424,10.0,-1,22.998047
3191,1394,1564.3720421791077,370.9047245979309,1024.709716796875,703.898193359375,3.47176,8.0,-1,16.576006
4305,1394,1437.5398888587952,233.41650438308716,897.8775634765625,566.4099731445312,2.159496,8.0,-1,15.989213
4395,1394,849.4274621009827,626.0698857307434,309.76513671875,959.0633544921875,1.6352485,10.0,1,0.34131107
4369,1394,648.879198551178,66.92379808425903,109.21687316894531,399.9172668457031,1.1715919,28.0,-1,0.4571374
2986,1394,1439.7391686439514,482.8251347541809,900.0768432617188,815.818603515625,0.3705592,10.0,-1,4.336695
4245,1394,1803.5099816322327,494.93762254714966,1263.84765625,827.9310913085938,0.2641686,12.0,-1,2.2604961
0,1395,1594.2254357337952,751.9358220100403,1053.7353515625,1085.9384765625,112.77274,10.0,1,28.612597
1,1395,1626.2358117103577,175.83993577957153,1085.7457275390625,509.84259033203125,47.45517,8.0,1,25.584427
2,1395,1716.4452843666077,199.71884202957153,1175.9552001953125,533.7214965820312,44.40198,8.0,1,25.613283
4,1395,1357.898958683014,-113.58634901046753,817.4088745117188,220.4163055419922,28.772722,8.0,1,29.167967
3654,1395,1132.372591495514,786.0449528694153,591.8825073242188,1120.047607421875,17.779491,20.0,-1,16.104828
4194,1395,1892.7417931556702,-80.38656568527222,1352.251708984375,253.6160888671875,17.015654,12.0,-1,0.70556915
4167,1395,1520.3820519447327,-306.3118681907654,979.8919677734375,27.690786361694336,16.824493,6.0,1,12.101171
4413,1395,2146.56210565567,247.57333421707153,1606.072021484375,581.5759887695312,14.144611,20.0,-1,4.5903053
3,1395,1211.1335167884827,194.30874681472778,670.6434326171875,528.3114013671875,14.1052885,8.0,1,22.074286
3079,1395,2008.7177453041077,-6.444549083709717,1468.2276611328125,327.55810546875,11.548915,12.0,-1,1.4741637
3509,1395,2102.1696496009827,319.88095140457153,1561.6795654296875,653.8836059570312,11.419036,12.0,-1,2.1732872
1332,1395,710.3698906898499,547.5946354866028,169.8798065185547,881.5972900390625,9.677127,10.0,-1,13.130987
4264,1395,1087.9513878822327,-262.5207667350769,547.4613037109375,71.48188781738281,9.316514,24.0,-1,5.9642115
4318,1395,2148.3818078041077,-87.79409742355347,1607.8917236328125,246.20855712890625,7.8099093,10.0,-1,15.80727
8,1395,1177.7644982337952,429.68612718582153,637.2744140625,763.6887817382812,7.0987372,8.0,1,0.42790675
2032,1395,624.4438347816467,-151.49345350265503,83.95375061035156,182.5092010498047,6.910938,6.0,1,21.301315
4158,1395,1550.211946964264,475.82431077957153,1009.7218627929688,809.8269653320312,6.721542,8.0,1,1.26642
3191,1395,1564.5732140541077,372.0422673225403,1024.0831298828125,706.044921875,5.560562,8.0,-1,18.407211
4314,1395,1089.5619225502014,238.25979661941528,549.0718383789062,572.262451171875,5.032966,10.0,-1,21.826212
2281,1395,1789.9944787025452,-61.48318433761597,1249.50439453125,272.51947021484375,3.7543023,8.0,-1,26.06895
12,1395,1130.0867638587952,826.0825505256653,589.5966796875,1160.085205078125,2.839131,10.0,-1,31.477932
4369,1395,646.4232888221741,63.23016405105591,105.9332046508789,397.2328186035156,1.9560224,8.0,1,0.13155317
4305,1395,1434.601351261139,231.92587327957153,894.1112670898438,565.9285278320312,1.9229007,8.0,-1,14.017889
4395,1395,849.7784752845764,625.9142155647278,309.28839111328125,959.9168701171875,1.2009608,10.0,1,0.9383372
4245,1395,1802.5644249916077,493.3880925178528,1262.0743408203125,827.3907470703125,0.5580808,12.0,-1,2.175083
2986,1395,1440.509798526764,481.66244554519653,900.0197143554688,815.6651000976562,0.501782,10.0,-1,3.653355
0,1396,1595.184359073639,751.2988896369934,1053.9974365234375,1085.4176025390625,107.15661,10.0,1,28.332878
4,1396,1357.071321964264,-112.38134717941284,815.8843994140625,221.73736572265625,47.05261,8.0,1,28.712473
1,1396,1627.145540714264,175.45898485183716,1085.9586181640625,509.57769775390625,43.117954,8.0,1,24.498085
2,1396,1716.018099308014,200.99841356277466,1174.8311767578125,535.1171264648438,29.483736,8.0,1,24.645115
3,1396,1211.2508263587952,195.78173875808716,670.0639038085938,529.9004516601562,28.778883,8.0,1,22.12722
3654,1396,1132.2552819252014,785.6095585823059,591.068359375,1119.728271484375,22.182165,18.0,-1,15.985017
1332,1396,709.2352013587952,549.5311894416809,168.04827880859375,883.64990234375,12.761735,10.0,-1,13.179194
3079,1396,2008.322786808014,-6.762969493865967,1467.1358642578125,327.3557434082031,12.489243,12.0,-1,2.0766566
3509,1396,2099.075472354889,317.7531132698059,1557.8885498046875,651.871826171875,12.253792,12.0,-1,1.8009536
4194,1396,1891.9649987220764,-83.42219495773315,1350.778076171875,250.69651794433594,11.800407,12.0,-1,0.2737627
4167,1396,1523.1569542884827,-304.50022077560425,981.9700317382812,29.618492126464844,11.539574,6.0,1,13.03388
4318,1396,2149.0228600502014,-87.81286573410034,1607.8359375,246.30584716796875,8.615505,10.0,-1,16.980633
2032,1396,626.9580254554749,-149.82931470870972,85.77110290527344,184.28939819335938,5.989755,6.0,1,21.618038
4413,1396,2148.2181725502014,249.97155809402466,1607.03125,584.0902709960938,5.8288035,22.0,-1,5.2683334
4158,1396,1551.232698917389,476.7821660041809,1010.0457763671875,810.90087890625,5.386076,8.0,1,2.0699525
2281,1396,1791.7628502845764,-61.46441602706909,1250.575927734375,272.654296875,5.357734,8.0,-1,27.107395
4264,1396,1083.5723595619202,-261.63188886642456,542.3854370117188,72.48682403564453,5.014847,26.0,-1,5.5276403
8,1396,1175.5729088783264,432.68383836746216,634.385986328125,766.8025512695312,4.8809524,18.0,-1,0.74953645
4438,1396,1570.912874698639,377.8989872932434,1029.7259521484375,712.0177001953125,3.7370005,8.0,-1,17.98964
12,1396,1129.6512780189514,824.9795536994934,588.46435546875,1159.0982666015625,3.6493924,10.0,-1,31.477081
4314,1396,1090.821810245514,237.96948289871216,549.6348876953125,572.0881958007812,3.1057549,10.0,-1,23.513319
4305,1396,1436.9233117103577,232.44641160964966,895.7363891601562,566.5651245117188,1.4993805,8.0,-1,15.088555
4395,1396,849.4501671791077,624.5971074104309,308.26324462890625,958.7158203125,1.1584216,10.0,1,0.4964622
4245,1396,1801.351839542389,491.4558720588684,1260.1649169921875,825.5745849609375,0.48733607,12.0,-1,1.8985286
2986,1396,1445.200228214264,478.09985399246216,904.0133056640625,812.2185668945312,0.48507288,12.0,-1,3.8117251
0,1397,1597.7798790931702,750.1810746192932,1056.0062255859375,1084.72119140625,90.88261,10.0,1,28.36106
4,1397,1357.381868839264,-112.62062215805054,815.6082153320312,221.91949462890625,44.682514,8.0,1,28.594288
1,1397,1625.8508019447327,173.78010416030884,1084.0771484375,508.3202209472656,44.477222,8.0,1,25.478516
2,1397,1714.6122765541077,201.5239701271057,1172.838623046875,536.0640869140625,41.484417,8.0,1,25.740227
3654,1397,1130.094271183014,786.8644242286682,588.3206176757812,1121.404541015625,23.901266,18.0,-1,17.062677
4194,1397,1893.7077355384827,-86.10150289535522,1351.93408203125,248.43861389160156,18.484163,10.0,-1,3.4890726
3,1397,1211.6299767494202,194.87461709976196,669.8563232421875,529.4147338867188,14.909141,8.0,1,23.384933
4167,1397,1523.632845401764,-304.50022077560425,981.8591918945312,30.03989601135254,13.301796,6.0,1,13.155092
3079,1397,2007.4042687416077,-5.833543300628662,1465.630615234375,328.7065734863281,12.064186,10.0,-1,2.759678
3509,1397,2097.8798546791077,316.05601358413696,1556.106201171875,650.5961303710938,10.732425,10.0,-1,2.863688
1332,1397,709.6034264564514,550.526716709137,167.82977294921875,885.0668334960938,9.546108,10.0,-1,13.26541
2032,1397,629.3848366737366,-149.4303297996521,87.6111831665039,185.1097869873047,7.6731086,6.0,1,21.618208
4264,1397,1079.8058190345764,-262.03715658187866,538.0321655273438,72.50296020507812,6.760489,26.0,-1,4.3988557
4318,1397,2145.9130578041077,-88.92254781723022,1604.139404296875,245.61756896972656,6.1105766,10.0,-1,17.161959
8,1397,1173.4264245033264,434.2443070411682,631.6527709960938,768.784423828125,6.032402,18.0,-1,1.4710793
4438,1397,1569.8106408119202,379.5139603614807,1028.0369873046875,714.0540771484375,5.184522,8.0,-1,17.145378
2281,1397,1792.3185753822327,-57.98491048812866,1250.544921875,276.5552062988281,4.859264,8.0,-1,28.150845
4413,1397,2145.69198846817,250.56431436538696,1603.9183349609375,585.1044311523438,4.8079762,22.0,-1,5.491519
4158,1397,1550.2627892494202,477.07420206069946,1008.4891357421875,811.6143188476562,4.2147083,6.0,1,0.7035768
12,1397,1130.2574181556702,821.4308304786682,588.4837646484375,1155.970947265625,4.003879,10.0,-1,31.000492
4314,1397,1091.845736026764,239.2598099708557,550.0720825195312,573.7999267578125,3.6528695,12.0,-1,32.08219
4305,1397,1438.0226159095764,233.47093057632446,896.2489624023438,568.0110473632812,2.4962223,6.0,-1,17.198786
4369,1397,649.4274849891663,66.89631509780884,107.6538314819336,401.4364318847656,1.5966862,8.0,1,0.029250681
4395,1397,849.4501671791077,622.1614212989807,307.676513671875,956.7015380859375,1.4260607,18.0,-1,0.12578464
2986,1397,1444.0712609291077,478.0303177833557,902.297607421875,812.5704345703125,0.8154873,10.0,-1,3.337058
4245,1397,1806.4500451087952,489.9510941505432,1264.6763916015625,824.4912109375,0.50648886,12.0,-1,3.2528265
0,1398,1600.7949471473694,750.2779288291931,1057.65673828125,1084.8173828125,99.63723,10.0,1,28.664473
1,1398,1627.0681405067444,173.40543127059937,1083.929931640625,507.94488525390625,67.95353,8.0,1,26.260796
4,1398,1360.1739754676819,-114.53084802627563,817.0357666015625,220.00860595703125,50.151157,8.0,1,28.502066
2,1398,1716.8857674598694,203.38132238388062,1173.74755859375,537.9207763671875,48.770954,8.0,1,26.31683
3654,1398,1128.6976571083069,789.1039786338806,585.5594482421875,1123.6434326171875,22.582247,20.0,-1,17.755138
3,1398,1213.5976815223694,195.66995763778687,670.45947265625,530.2094116210938,20.11312,8.0,1,22.567465
4194,1398,1895.2518563270569,-86.3901162147522,1352.1136474609375,248.1493377685547,18.446146,10.0,-1,5.0314894
3079,1398,2005.9757332801819,-3.9548592567443848,1462.8375244140625,330.5845947265625,11.396333,10.0,-1,2.9524443
4264,1398,1077.0024056434631,-263.29412317276,533.8641967773438,71.24533081054688,11.326898,24.0,-1,3.19036
1332,1398,709.4861855506897,549.3358511924744,166.3479766845703,883.8753051757812,9.647518,10.0,-1,14.365854
4167,1398,1523.0906624794006,-304.59707498550415,979.9524536132812,29.942378997802734,9.395757,6.0,1,14.083187
3509,1398,2098.2082772254944,316.81961584091187,1555.070068359375,651.3590698242188,8.964017,10.0,-1,1.7208056
8,1398,1173.1728768348694,433.84988927841187,630.03466796875,768.3893432617188,6.874477,18.0,-1,0.85063183
4318,1398,2147.419580936432,-88.27855920791626,1604.2813720703125,246.26089477539062,6.8369308,10.0,-1,15.681912
4413,1398,2143.4345955848694,251.48178625106812,1600.29638671875,586.021240234375,5.566817,22.0,-1,5.3276587
2032,1398,630.1882119178772,-150.0318398475647,87.05000305175781,184.5076141357422,5.4032807,6.0,1,22.4775
4438,1398,1569.2193856239319,379.3750967979431,1026.0811767578125,713.91455078125,4.232004,8.0,-1,19.57922
4314,1398,1093.6047005653381,241.58688879013062,550.4664916992188,576.1263427734375,4.1119328,10.0,-1,41.684196
2281,1398,1792.4358162879944,-59.043665409088135,1249.297607421875,275.49578857421875,3.4879236,8.0,-1,23.823761
12,1398,1132.3999276161194,820.1636710166931,589.26171875,1154.703125,2.9144547,10.0,-1,28.970705
4158,1398,1546.7033944129944,478.80997228622437,1003.565185546875,813.3494262695312,2.9008093,16.0,-1,0.49230713
4305,1398,1437.3307137489319,232.35916662216187,894.1925048828125,566.8986206054688,2.2354698,8.0,-1,15.732747
4395,1398,848.7587838172913,623.6239371299744,305.6205749511719,958.1633911132812,1.0979607,10.0,1,0.24076925
4369,1398,648.9783120155334,69.58231115341187,105.84010314941406,404.12176513671875,1.0448102,26.0,-1,0.1524232
4245,1398,1804.8653817176819,489.67471837997437,1261.7271728515625,824.2141723632812,0.31034222,12.0,-1,1.5740087
2986,1398,1445.1035408973694,480.09305334091187,901.96533203125,814.6325073242188,0.2557416,28.0,-1,3.1436486
0,1399,1601.0973763465881,750.0971159934998,1057.26708984375,1085.9012451171875,108.26694,10.0,1,27.80051
1,1399,1627.6059212684631,171.74387502670288,1083.775634765625,507.5480041503906,48.59534,8.0,1,25.374636
4,1399,1361.4892220497131,-115.6693024635315,817.658935546875,220.13482666015625,48.45194,8.0,1,29.325916
2,1399,1716.2589974403381,204.242196559906,1172.4287109375,540.0463256835938,41.59705,8.0,1,25.149893
3654,1399,1129.3152718544006,788.5889372825623,585.4849853515625,1124.39306640625,39.784653,20.0,-1,18.786316
4194,1399,1895.7041878700256,-87.36003732681274,1351.8739013671875,248.444091796875,22.841799,10.0,-1,5.349717
1332,1399,708.0773720741272,550.1032195091248,164.24708557128906,885.9073486328125,14.6312895,10.0,-1,14.136418
3,1399,1213.1259407997131,193.97858572006226,669.295654296875,529.78271484375,13.460612,8.0,1,21.956676
3079,1399,2008.7516732215881,-5.182547092437744,1464.92138671875,330.62158203125,12.973526,12.0,-1,0.5696198
3509,1399,2098.1714730262756,313.83234548568726,1554.3411865234375,649.636474609375,11.256227,12.0,-1,2.2325728
4167,1399,1520.5790047645569,-302.870481967926,976.7487182617188,32.93364715576172,10.1692705,6.0,1,12.636633
8,1399,1172.5997567176819,434.2718596458435,628.7694702148438,770.0759887695312,7.519483,18.0,-1,0.3870511
2032,1399,630.8926796913147,-151.3422303199768,87.06239318847656,184.46189880371094,6.9193244,6.0,1,21.013462
4318,1399,2145.182337284088,-88.0014100074768,1601.35205078125,247.80271911621094,6.0321026,10.0,-1,14.369396
4413,1399,2143.471399784088,246.649911403656,1599.64111328125,582.4540405273438,5.405062,22.0,-1,4.926571
4264,1399,1075.8565316200256,-263.11331033706665,532.0262451171875,72.6908187866211,5.148195,24.0,-1,2.812256
2281,1399,1791.5989632606506,-60.847769260406494,1247.7686767578125,274.95635986328125,4.647478,8.0,-1,24.72763
4158,1399,1545.3526253700256,475.9180998802185,1001.5223388671875,811.7222290039062,4.4723287,6.0,1,0.2310862
4314,1399,1094.3629403114319,242.376718044281,550.5326538085938,578.1808471679688,4.0400023,12.0,-1,44.759426
4438,1399,1569.8935189247131,379.85370779037476,1026.063232421875,715.6578369140625,3.4329004,8.0,-1,20.191727
4305,1399,1439.6294808387756,227.98407888412476,895.7991943359375,563.7882080078125,2.6747482,8.0,-1,15.130246
12,1399,1132.8379769325256,821.9568572044373,589.0076904296875,1157.760986328125,2.3065042,10.0,-1,27.127916
4395,1399,849.3283944129944,625.1319060325623,305.49810791015625,960.93603515625,1.2745392,10.0,1,0.40931702
4369,1399,645.8585000038147,69.8597502708435,102.02821350097656,405.66387939453125,1.1063758,26.0,-1,0.59295154
4245,1399,1801.1289925575256,490.97785329818726,1257.2987060546875,826.781982421875,0.31906083,14.0,-1,1.0594584
2986,1399,1442.3527474403381,481.87555837631226,898.5224609375,817.6796875,0.18164508,28.0,-1,3.1327443
0,1400,1601.5304894447327,750.1460356712341,1056.7137451171875,1086.3780517578125,84.49249,10.0,1,28.328655
1,1400,1628.3722863197327,169.914559841156,1083.5555419921875,506.1465759277344,37.973957,8.0,1,25.796705
4,1400,1360.6830773353577,-117.99565744400024,815.8663330078125,218.23635864257812,37.962868,8.0,1,29.102316
2,1400,1717.1745324134827,203.57071828842163,1172.3577880859375,539.802734375,26.559557,8.0,1,24.711891
3654,1400,1127.7298913002014,790.4300932884216,582.9131469726562,1126.662109375,25.013525,20.0,-1,18.713812
1332,1400,706.9752068519592,547.6863799095154,162.15846252441406,883.9183959960938,22.380356,10.0,-1,14.147758
4194,1400,1897.1216759681702,-85.92468881607056,1352.304931640625,250.3073272705078,20.168333,10.0,-1,6.2142415
3079,1400,2012.4958214759827,-7.369833469390869,1467.6790771484375,328.8621826171875,12.261598,6.0,1,0.23845065
4413,1400,2145.4133019447327,245.37748098373413,1600.5965576171875,581.6094970703125,11.97221,22.0,-1,4.786167
3,1400,1212.1152062416077,193.86002492904663,667.2984619140625,530.092041015625,10.6627445,8.0,1,23.127047
3509,1400,2098.0060753822327,311.5063261985779,1553.1893310546875,647.7383422851562,9.719421,12.0,-1,0.52608573
4167,1400,1520.2037072181702,-302.75191736221313,975.386962890625,33.480098724365234,9.679158,6.0,1,13.333681
8,1400,1172.6920495033264,435.11197805404663,627.8753051757812,771.343994140625,7.7735863,18.0,-1,0.2001563
2032,1400,630.8003869056702,-152.02547311782837,85.983642578125,184.20654296875,7.194224,6.0,1,20.068213
4318,1400,2145.85946893692,-88.9923768043518,1601.042724609375,247.23963928222656,4.7190695,10.0,-1,13.507493
2281,1400,1792.9935021400452,-62.464163303375244,1248.1767578125,273.7678527832031,3.767827,10.0,-1,22.542328
4264,1400,1073.8144249916077,-260.49558115005493,528.9976806640625,75.73643493652344,3.719944,26.0,-1,4.1674776
4438,1400,1572.6506066322327,378.46158742904663,1027.8338623046875,714.693603515625,3.6610343,8.0,-1,20.976278
4314,1400,1094.0474572181702,242.32779836654663,549.230712890625,578.559814453125,3.5562828,10.0,-1,44.433853
4158,1400,1542.6915612220764,476.79166555404663,997.8748168945312,813.023681640625,2.6748369,14.0,-1,1.7550459
12,1400,1133.051546573639,822.2717680931091,588.2348022460938,1158.5037841796875,2.5771918,12.0,-1,25.290615
4369,1400,643.3936104774475,73.00113821029663,98.57686614990234,409.233154296875,2.0404985,26.0,-1,1.662611
4395,1400,850.0568871498108,627.6622710227966,305.2401428222656,963.894287109375,1.5173845,8.0,1,1.0938748
4305,1400,1438.6153283119202,228.52207326889038,893.798583984375,564.7540893554688,1.3333818,8.0,-1,13.892241
4245,1400,1798.1913781166077,491.10306692123413,1253.3746337890625,827.3350830078125,0.40868533,8.0,1,0.17430371
2986,1400,1443.618929386139,482.1121611595154,898.8021850585938,818.3441772460938,0.29866546,10.0,-1,3.5328224
0,1401,1602.2870202064514,750.1052031517029,1056.3851318359375,1086.851318359375,88.61359,10.0,1,28.304934
1,1401,1629.522249698639,169.23029470443726,1083.620361328125,505.9764099121094,38.54414,8.0,1,26.017279
3654,1401,1127.8653283119202,793.0472197532654,581.9634399414062,1129.7933349609375,30.388384,20.0,-1,16.829699
4,1401,1359.3709435462952,-119.29184579849243,813.4690551757812,217.4542694091797,27.387367,8.0,1,27.052889
2,1401,1720.1412682533264,203.73716115951538,1174.2393798828125,540.4832763671875,25.955545,8.0,1,25.427534
4194,1401,1896.2911705970764,-85.02519845962524,1350.3892822265625,251.72091674804688,23.1154,10.0,-1,4.0524073
3509,1401,2096.0782799720764,309.01920461654663,1550.1763916015625,645.7653198242188,14.079238,12.0,-1,2.1558487
3,1401,1213.4081139564514,193.90085744857788,667.5062255859375,530.64697265625,12.8488245,8.0,1,23.751907
4167,1401,1520.6842980384827,-300.52242517471313,974.7824096679688,36.223690032958984,11.00615,6.0,1,12.594855
1332,1401,708.7078423500061,547.6400542259216,162.8059539794922,884.3861694335938,10.09875,10.0,-1,12.395741
8,1401,1173.8550744056702,436.9889922142029,627.9531860351562,773.735107421875,9.256836,8.0,1,1.5677114
3079,1401,2013.212435245514,-9.04836130142212,1467.310546875,327.69775390625,8.866526,6.0,1,3.1803021
2032,1401,629.980272769928,-150.22798776626587,84.07838439941406,186.51812744140625,8.684534,8.0,1,23.469927
4413,1401,2143.2394127845764,244.41098928451538,1597.3375244140625,581.1571044921875,7.7253056,24.0,-1,4.652218
2281,1401,1791.9671959877014,-61.19881296157837,1246.0653076171875,275.54730224609375,6.2570014,8.0,-1,26.46584
4264,1401,1071.4928307533264,-260.17180490493774,525.5909423828125,76.57431030273438,5.5384007,26.0,-1,3.320952
4438,1401,1573.850374698639,377.21756887435913,1027.948486328125,713.9636840820312,5.3204656,8.0,-1,23.763773
4318,1401,2147.932161808014,-87.24153757095337,1602.0302734375,249.50457763671875,4.2055984,10.0,-1,15.718631
4314,1401,1093.9120202064514,242.47629690170288,548.0101318359375,579.222412109375,3.6970665,12.0,-1,44.93869
4158,1401,1539.146273136139,475.8554472923279,993.244384765625,812.6015625,3.023265,6.0,1,0.4251374
12,1401,1136.2491173744202,821.4938750267029,590.3472290039062,1158.239990234375,2.4451756,10.0,-1,26.90711
4369,1401,643.9704079627991,70.64249563217163,98.06851959228516,407.38861083984375,1.9671636,24.0,-1,0.059448063
4305,1401,1435.9219689369202,232.36490774154663,890.0200805664062,569.1110229492188,1.5369955,8.0,-1,15.193655
4395,1401,848.5114159584045,625.9457793235779,302.6095275878906,962.69189453125,1.2741045,8.0,1,0.15795496
4245,1401,1796.8114342689514,491.28605031967163,1250.9095458984375,828.0321655273438,0.5960238,16.0,-1,0.88248205
2986,1401,1441.4908776283264,480.77445363998413,895.5889892578125,817.5205688476562,0.20887251,8.0,-1,3.491507
0,1402,1600.3146691322327,750.5305438041687,1054.3272705078125,1087.9696044921875,82.86539,10.0,1,28.059526
1,1402,1627.8691124916077,166.81942319869995,1081.8817138671875,504.25848388671875,46.374313,8.0,1,26.135973
2,1402,1720.1147179603577,204.55770444869995,1174.1273193359375,541.9967651367188,42.037766,8.0,1,25.271654
4,1402,1360.640902042389,-120.87318849563599,814.6535034179688,216.5658721923828,26.81011,8.0,1,27.520565
3654,1402,1124.9899010658264,796.7578387260437,579.0025024414062,1134.1968994140625,21.916872,20.0,-1,17.048676
3509,1402,2096.129244327545,308.5709490776062,1550.141845703125,646.010009765625,17.357306,12.0,-1,1.8351865
1332,1402,709.9828667640686,546.7123675346375,163.99546813964844,884.1514282226562,17.037916,10.0,-1,12.841903
3,1402,1213.4346642494202,194.42049741744995,667.447265625,531.8595581054688,15.747039,8.0,1,22.324986
4194,1402,1896.3529992103577,-84.2875714302063,1350.3656005859375,253.1514892578125,14.587676,6.0,1,0.08365345
4167,1402,1520.2980065345764,-300.4871335029602,974.3106079101562,36.951927185058594,11.6461525,6.0,1,10.918219
3079,1402,2014.3821740150452,-11.069736957550049,1468.394775390625,326.36932373046875,11.024184,6.0,1,3.7160032
4413,1402,2143.975435733795,244.1865496635437,1597.988037109375,581.6256103515625,7.0152154,22.0,-1,3.8529916
4318,1402,2149.962252140045,-87.4587140083313,1603.974853515625,249.9803466796875,6.906797,10.0,-1,18.7504
2032,1402,627.531054019928,-150.50134706497192,81.54365539550781,186.93771362304688,6.365843,8.0,1,21.99361
8,1402,1171.7945275306702,437.1788592338562,625.80712890625,774.617919921875,5.6679387,8.0,1,0.20454872
4158,1402,1539.6835656166077,472.55965757369995,993.6961669921875,809.9987182617188,5.123436,6.0,1,1.9221073
4438,1402,1575.7509484291077,376.6405291557312,1029.7635498046875,714.07958984375,4.5544353,8.0,-1,22.90862
4314,1402,1094.8260827064514,243.30269956588745,548.8386840820312,580.7417602539062,4.1598454,10.0,-1,45.052216
12,1402,1135.4913048744202,823.2688250541687,589.50390625,1160.7078857421875,2.9889514,10.0,-1,25.202162
2281,1402,1790.4673790931702,-60.9125714302063,1244.47998046875,276.5264892578125,2.5913007,10.0,-1,23.147583
4264,1402,1067.674105167389,-263.2495160102844,521.6867065429688,74.18954467773438,2.3106415,28.0,-1,2.5941305
4369,1402,639.7351937294006,71.63485288619995,93.74779510498047,409.07391357421875,2.2373908,24.0,-1,2.477591
4305,1402,1432.4735436439514,237.09774351119995,886.4861450195312,574.5368041992188,1.3589526,8.0,-1,13.677565
4395,1402,846.025942325592,625.910487651825,300.0385437011719,963.3495483398438,1.2638885,8.0,1,1.5402067
2986,1402,1441.7933678627014,478.9344744682312,895.8059692382812,816.37353515625,0.36497435,28.0,-1,3.7156835
4245,1402,1797.0851769447327,495.20333433151245,1251.0977783203125,832.6423950195312,0.29308066,20.0,-1,0.25762933
0,1403,1600.5911889076233,748.3546404838562,1053.99658203125,1086.5635986328125,86.983345,10.0,1,28.124287
1,1403,1628.5041527748108,167.7320818901062,1081.9095458984375,505.9410400390625,64.21061,8.0,1,26.280369
4,1403,1360.7995629310608,-120.22621583938599,814.2049560546875,217.9827423095703,58.9388,8.0,1,26.634613
2,1403,1720.6074242591858,203.68087339401245,1174.0128173828125,541.8898315429688,44.645336,8.0,1,25.000294
3654,1403,1124.2440819740295,797.1968035697937,577.6494750976562,1135.40576171875,22.599846,20.0,-1,17.91757
3,1403,1214.814516544342,196.05245542526245,668.2199096679688,534.2614135742188,19.177633,8.0,1,22.017544
1332,1403,710.905565738678,543.9660906791687,164.3109588623047,882.175048828125,18.190628,10.0,-1,13.171655
4194,1403,1897.4621605873108,-83.90715456008911,1350.8675537109375,254.3018035888672,15.431862,12.0,-1,0.98544705
4167,1403,1518.5265526771545,-302.5549855232239,971.9319458007812,35.65397262573242,13.514058,6.0,1,12.858669
3079,1403,2014.6418480873108,-15.366947650909424,1468.0472412109375,322.8420104980469,13.203752,12.0,-1,0.1930418
4413,1403,2145.107424259186,247.85091733932495,1598.5128173828125,586.0598754882812,8.82063,22.0,-1,4.4556904
3509,1403,2096.278078556061,306.2654070854187,1549.6834716796875,644.474365234375,8.107604,12.0,-1,0.65584564
2032,1403,628.8762154579163,-153.51126527786255,82.28160858154297,184.69769287109375,6.954664,6.0,1,21.832752
8,1403,1170.288637638092,437.2027850151062,623.6940307617188,775.4117431640625,6.2479167,18.0,-1,0.42501593
4318,1403,2149.9410424232483,-90.31258058547974,1603.346435546875,247.89637756347656,5.8420835,8.0,-1,18.994967
4314,1403,1093.762026309967,242.41134214401245,547.1674194335938,580.6203002929688,4.906728,10.0,-1,44.88227
2281,1403,1788.5622582435608,-62.83548402786255,1241.9676513671875,275.37347412109375,4.807752,8.0,-1,26.24661
12,1403,1134.7480492591858,824.4934344291687,588.1534423828125,1162.702392578125,3.7715406,10.0,-1,28.96306
4438,1403,1573.2608666419983,376.03206968307495,1026.666259765625,714.2410278320312,3.6935804,8.0,-1,25.10894
4158,1403,1539.4472069740295,472.53573179244995,992.8526000976562,810.7446899414062,3.5689812,6.0,1,2.0158124
4264,1403,1064.8786034584045,-263.62351655960083,518.2839965820312,74.58544158935547,3.1401856,28.0,-1,2.421255
4305,1403,1432.4947533607483,239.12777280807495,885.900146484375,577.3367309570312,2.3094268,8.0,-1,16.084185
4395,1403,843.5458092689514,629.0263934135437,296.9512023925781,967.2353515625,1.0784607,8.0,1,0.6378812
4369,1403,640.1754937171936,73.68719053268433,93.58088684082031,411.8961486816406,0.8167393,26.0,-1,1.7810006
4245,1403,1795.4108910560608,495.83553647994995,1248.8162841796875,834.0444946289062,0.7273193,14.0,-1,1.2007407
2986,1403,1437.6472191810608,480.36605405807495,891.0526123046875,818.5750122070312,0.35429898,10.0,-1,3.8927808
0,1404,1599.4598412513733,746.3221774101257,1052.1212158203125,1084.7064208984375,67.054214,10.0,1,27.932297
1,1404,1629.7652611732483,165.97610807418823,1082.4266357421875,504.3603515625,42.48364,8.0,1,25.026686
4,1404,1363.5407128334045,-119.50851106643677,816.2020874023438,218.875732421875,36.0352,8.0,1,26.989481
2,1404,1720.8522973060608,205.30264616012573,1173.513671875,543.6868896484375,34.713024,8.0,1,26.134277
3654,1404,1123.8468041419983,796.7949557304382,576.5081787109375,1135.17919921875,23.579645,20.0,-1,17.165892
4194,1404,1897.8662133216858,-82.37450838088989,1350.527587890625,256.0097351074219,19.718706,12.0,-1,1.6505882
3079,1404,2015.4884057044983,-17.469692707061768,1468.1497802734375,320.91455078125,15.761359,12.0,-1,0.84105253
3,1404,1214.9242577552795,196.42618131637573,667.5856323242188,534.8104248046875,15.377217,8.0,1,22.753712
1332,1404,710.2696251869202,545.1556735038757,162.93099975585938,883.5399169921875,12.097976,10.0,-1,13.495991
3509,1404,2097.552736759186,305.537814617157,1550.214111328125,643.9220581054688,12.069125,12.0,-1,0.19331193
4167,1404,1516.283998966217,-302.2640995979309,968.9453735351562,36.12014389038086,12.043639,6.0,1,12.581592
2032,1404,627.9034676551819,-153.36039400100708,80.5648422241211,185.0238494873047,8.628718,6.0,1,21.365175
8,1404,1168.3082909584045,437.7500948905945,620.9696655273438,776.1343383789062,8.232483,8.0,1,0.486355
4413,1404,2144.333986759186,250.51022672653198,1596.995361328125,588.8944702148438,6.721731,22.0,-1,5.030729
2281,1404,1789.6906762123108,-64.30633211135864,1242.35205078125,274.0779113769531,5.5574756,8.0,-1,30.45481
4438,1404,1571.4719262123108,375.63321256637573,1024.13330078125,714.0174560546875,4.453588,8.0,-1,23.537739
4158,1404,1538.162172794342,475.1158175468445,990.8235473632812,813.5000610351562,4.4487114,8.0,1,1.8219382
4318,1404,2151.709475040436,-90.9926266670227,1604.370849609375,247.39161682128906,4.3522167,10.0,-1,16.407402
4264,1404,1064.768862247467,-263.8074917793274,517.4302368164062,74.57675170898438,2.9393408,28.0,-1,0.6773091
4314,1404,1092.979311466217,241.92587614059448,545.6406860351562,580.3101196289062,2.768522,10.0,-1,38.489754
12,1404,1135.3103051185608,824.3425631523132,587.9716796875,1162.726806640625,2.7031615,10.0,-1,29.755156
4305,1404,1433.6813988685608,237.60458707809448,886.3427734375,575.9888305664062,2.5479846,8.0,-1,15.905117
4369,1404,642.8149743080139,79.25186491012573,95.47634887695312,417.6361083984375,1.6478963,26.0,-1,0.9407065
4395,1404,841.5641808509827,627.9961276054382,294.2255554199219,966.38037109375,1.3063816,8.0,1,0.9287831
2986,1404,1437.464418888092,482.0154757499695,890.1257934570312,820.3997192382812,0.4376957,16.0,-1,4.074266
4245,1404,1795.9243187904358,497.75662565231323,1248.585693359375,836.140869140625,0.29833493,14.0,-1,0.074842215
0,1405,1600.1748299598694,744.8338351249695,1052.1934814453125,1083.5919189453125,82.76476,10.0,1,26.73375
1,1405,1631.5971932411194,166.5555453300476,1083.6158447265625,505.3136291503906,36.24384,8.0,1,25.948807
4,1405,1363.8317513465881,-118.96522188186646,815.8504028320312,219.79286193847656,35.862705,8.0,1,28.226461
2,1405,1718.0478768348694,205.39779996871948,1170.0665283203125,544.1558837890625,29.850489,8.0,1,25.972315
4194,1405,1899.1751961708069,-82.55346345901489,1351.19384765625,256.2046203613281,17.772264,12.0,-1,0.7214738
3654,1405,1121.8388924598694,796.6998019218445,573.8575439453125,1135.4578857421875,16.351526,20.0,-1,17.279743
3,1405,1215.3187508583069,195.53750944137573,667.33740234375,534.2955932617188,15.579902,8.0,1,22.682053
1332,1405,710.0871071815491,546.2084078788757,162.1057586669922,884.9664916992188,13.504238,10.0,-1,13.3559
3079,1405,2016.7735848426819,-18.448818683624268,1468.792236328125,320.30926513671875,12.324481,6.0,1,0.11355609
4167,1405,1515.4374032020569,-301.5385060310364,967.4560546875,37.21957778930664,12.174304,6.0,1,11.607583
3509,1405,2099.976465702057,306.269504070282,1551.9951171875,645.027587890625,10.854983,12.0,-1,0.5677824
2032,1405,630.4225335121155,-154.1409420967102,82.4411849975586,184.6171417236328,9.490384,8.0,1,21.046476
4413,1405,2141.759668827057,253.90182828903198,1593.7783203125,592.659912109375,8.749923,22.0,-1,5.4213724
8,1405,1166.8294320106506,439.2745089530945,618.8480834960938,778.0325927734375,6.2549186,8.0,1,1.1548709
4158,1405,1537.8437752723694,473.29776334762573,989.8624267578125,812.0558471679688,6.0400558,8.0,1,2.670333
2281,1405,1789.9145760536194,-65.76638460159302,1241.9332275390625,272.99169921875,5.239482,8.0,-1,26.437347
4264,1405,1065.6899666786194,-260.7531170845032,517.7086181640625,78.00496673583984,4.7540097,28.0,-1,3.825528
4438,1405,1570.4273324012756,375.05435514450073,1022.4459838867188,713.8124389648438,3.484512,8.0,-1,22.659178
4314,1405,1091.5249886512756,241.02048063278198,543.5436401367188,579.778564453125,3.409458,10.0,-1,29.605503
4318,1405,2153.117090702057,-90.87339448928833,1605.1357421875,247.8846893310547,3.3086078,10.0,-1,16.87901
12,1405,1132.8442635536194,823.8897433280945,584.8629150390625,1162.6478271484375,2.3902924,10.0,-1,27.309849
4369,1405,641.9727272987366,79.76575040817261,93.99137878417969,418.5238342285156,1.8638331,26.0,-1,0.41454887
4305,1405,1436.9767098426819,237.14621305465698,888.995361328125,575.904296875,1.561356,8.0,-1,13.899221
4395,1405,837.0578255653381,626.406955242157,289.07647705078125,965.1650390625,1.400177,8.0,1,0.285568
4245,1405,1796.1068367958069,498.5826144218445,1248.12548828125,837.3406982421875,0.50737834,6.0,1,0.05419588
2986,1405,1433.9885506629944,485.205783367157,886.0072021484375,823.9638671875,0.42259517,16.0,-1,3.4584703
0,1406,1601.5503792762756,744.4615397453308,1052.6390380859375,1084.01904296875,86.385704,10.0,1,27.516357
4,1406,1362.7557625770569,-118.98583269119263,813.8444213867188,220.57167053222656,29.096329,8.0,1,27.983246
1,1406,1631.4024300575256,167.1727213859558,1082.4910888671875,506.730224609375,29.071093,8.0,1,24.058487
2,1406,1719.3857064247131,204.0927653312683,1170.474365234375,543.6502685546875,25.703835,8.0,1,26.232262
3079,1406,2019.0068001747131,-17.608009815216064,1470.095458984375,321.9494934082031,24.633766,12.0,-1,0.8801851
3509,1406,2100.913294315338,308.3355631828308,1552.001953125,647.89306640625,22.040781,12.0,-1,2.1422925
3654,1406,1118.6842904090881,799.1822428703308,569.77294921875,1138.73974609375,21.493578,20.0,-1,19.524405
4194,1406,1902.9804329872131,-83.26715898513794,1354.069091796875,256.29034423828125,17.924047,12.0,-1,2.0364976
3,1406,1215.6927132606506,195.71721601486206,666.7813720703125,535.2747192382812,16.431965,8.0,1,20.130901
1332,1406,708.69353723526,546.1720499992371,159.78219604492188,885.7295532226562,12.769891,10.0,-1,13.007476
4167,1406,1516.6686043739319,-301.55701875686646,967.7572631835938,38.000484466552734,10.954662,6.0,1,13.586925
4413,1406,2140.861536502838,252.9547038078308,1591.9501953125,592.51220703125,10.118688,22.0,-1,5.293806
4318,1406,2152.4849495887756,-93.39905595779419,1603.5736083984375,246.158447265625,8.071744,8.0,-1,22.5307
8,1406,1168.9347786903381,439.37285566329956,620.0234375,778.9303588867188,6.2651916,18.0,-1,0.0043191314
2032,1406,630.1080498695374,-153.10878801345825,81.19670867919922,186.44871520996094,5.332416,6.0,1,22.051146
2281,1406,1789.3068490028381,-65.03223466873169,1240.3955078125,274.5252685546875,5.304526,8.0,-1,26.743404
4438,1406,1570.6220955848694,370.14348554611206,1021.7107543945312,709.7009887695312,4.3423595,8.0,-1,24.057306
4158,1406,1535.2748055458069,472.95561933517456,986.3634643554688,812.5131225585938,4.235565,8.0,1,2.3260522
4264,1406,1064.5000863075256,-261.56452226638794,515.5887451171875,77.99298095703125,3.3302448,26.0,-1,2.6985986
4314,1406,1092.1363167762756,242.5152506828308,543.2249755859375,582.07275390625,3.2729807,10.0,-1,26.704409
12,1406,1134.5512337684631,824.2973551750183,585.639892578125,1163.8548583984375,2.4898307,10.0,-1,27.728687
4305,1406,1438.7079110145569,233.29851484298706,889.7965698242188,572.8560180664062,1.844376,8.0,-1,16.269352
4395,1406,831.235773563385,625.8782267570496,282.3244323730469,965.4357299804688,1.6280009,8.0,1,0.6684173
4369,1406,640.706102848053,80.52770185470581,91.79476165771484,420.085205078125,1.13408,26.0,-1,0.48054725
4245,1406,1798.5121712684631,500.6850504875183,1249.600830078125,840.2425537109375,0.64025694,14.0,-1,0.59702504
2986,1406,1432.9460701942444,485.22429609298706,884.0347290039062,824.7817993164062,0.3434528,8.0,-1,3.8977113
0,1407,1601.4401803016663,743.8489603996277,1051.702880859375,1083.8038330078125,88.93391,10.0,1,27.765875
4,1407,1361.7581734657288,-121.92990922927856,812.0208740234375,218.02496337890625,48.763767,8.0,1,27.826004
1,1407,1632.9058785438538,166.32219648361206,1083.1685791015625,506.2770690917969,37.970844,8.0,1,25.71332
3,1407,1215.8533272743225,196.03456830978394,666.1160278320312,535.9894409179688,33.841564,8.0,1,20.896235
2,1407,1721.8048043251038,204.21242475509644,1172.0675048828125,544.1672973632812,27.016487,8.0,1,28.052336
3654,1407,1116.6440987586975,798.7957377433777,566.9067993164062,1138.7506103515625,21.253693,20.0,-1,18.460636
4194,1407,1902.2719674110413,-83.92420244216919,1352.53466796875,256.0306701660156,18.249624,10.0,-1,2.70545
1332,1407,709.4079232215881,544.8886332511902,159.67062377929688,884.843505859375,12.673678,10.0,-1,12.974793
3509,1407,2102.1879830360413,306.26113080978394,1552.45068359375,646.2160034179688,11.817771,12.0,-1,0.03734362
4167,1407,1517.6143746376038,-301.419331073761,967.8770751953125,38.53554153442383,10.534871,6.0,1,10.631259
3079,1407,2018.9581246376038,-18.16199541091919,1469.2208251953125,321.7928771972656,9.81443,6.0,1,1.7219782
4413,1407,2142.7543892860413,252.83504438400269,1593.01708984375,592.7899169921875,8.623153,20.0,-1,5.088032
2032,1407,630.596483707428,-151.7874836921692,80.85918426513672,188.16738891601562,7.489088,6.0,1,23.254194
4318,1407,2154.9509224891663,-92.4538197517395,1605.213623046875,247.5010528564453,6.021934,8.0,-1,25.385822
8,1407,1167.4802803993225,440.1419291496277,617.7429809570312,780.0968017578125,5.4135003,8.0,1,0.66627246
2281,1407,1787.7123970985413,-64.39447832107544,1237.97509765625,275.5603942871094,4.99149,8.0,-1,27.918
4438,1407,1569.66375207901,368.2680277824402,1019.9264526367188,708.222900390625,4.508981,6.0,-1,26.26744
4158,1407,1532.3975167274475,473.7185893058777,982.6602172851562,813.6734619140625,4.097576,6.0,1,0.7677629
12,1407,1132.3768258094788,825.7868266105652,582.6395263671875,1165.74169921875,3.7443683,10.0,-1,28.310774
4305,1407,1439.733820438385,232.07045698165894,889.9965209960938,572.0253295898438,3.685344,6.0,-1,17.47049
4314,1407,1092.184992313385,245.55355024337769,542.4476928710938,585.5084228515625,3.518613,10.0,-1,31.242193
4264,1407,1064.120539188385,-260.4877095222473,514.3832397460938,79.4671630859375,3.4158182,26.0,-1,1.256022
4395,1407,831.5830330848694,625.1339945793152,281.8457336425781,965.0888671875,1.5615959,8.0,1,0.3250823
4369,1407,640.1153588294983,79.13582563400269,90.37805938720703,419.0906982421875,1.3972697,24.0,-1,1.278096
4245,1407,1795.7156929969788,502.6657328605652,1245.9783935546875,842.62060546875,0.43935263,14.0,-1,1.1696373
2986,1407,1433.9693551063538,485.5511088371277,884.2320556640625,825.5059814453125,0.41574135,28.0,-1,3.1646795
0,1408,1600.040014743805,745.9406352043152,1049.468994140625,1086.2275390625,90.63891,10.0,1,27.378393
1,1408,1634.4686036109924,165.83476972579956,1083.8975830078125,506.1216735839844,46.074787,8.0,1,25.853817
4,1408,1360.5284790992737,-122.08850908279419,809.9574584960938,218.19839477539062,41.78496,8.0,1,27.905228
3654,1408,1116.3755860328674,798.7472758293152,565.8045654296875,1139.0341796875,30.296194,20.0,-1,21.27978
2,1408,1721.4358887672424,202.52138471603394,1170.8648681640625,542.8082885742188,24.85646,8.0,1,26.402899
4194,1408,1900.9546875953674,-84.43174028396606,1350.3836669921875,255.85516357421875,20.453085,10.0,-1,4.075387
3,1408,1216.9922242164612,194.76277875900269,666.4212036132812,535.0496826171875,17.722761,8.0,1,19.670843
3079,1408,2020.1204590797424,-18.57630205154419,1469.5494384765625,321.7106018066406,13.298378,6.0,1,2.5306506
1332,1408,710.960196018219,544.1184916496277,160.38917541503906,884.4053955078125,13.001105,10.0,-1,11.435251
3509,1408,2102.23703622818,305.55080366134644,1551.666015625,645.8377075195312,12.034936,12.0,-1,1.0928322
4318,1408,2156.4895997047424,-94.26479387283325,1605.9185791015625,246.02210998535156,11.147161,8.0,-1,24.702219
4167,1408,1517.2828736305237,-303.42594957351685,966.7118530273438,36.86095428466797,10.09125,6.0,1,11.528458
4413,1408,2140.768530368805,255.68093061447144,1590.197509765625,595.9678344726562,9.681954,22.0,-1,5.521474
2032,1408,630.5474305152893,-151.17836809158325,79.97640991210938,189.10853576660156,8.446362,8.0,1,20.482943
8,1408,1165.1177124977112,439.34169721603394,614.5466918945312,779.6286010742188,5.893656,16.0,-1,0.041380286
2281,1408,1788.0345215797424,-67.09037065505981,1237.4635009765625,273.196533203125,4.503802,8.0,-1,28.53654
4369,1408,636.6953949928284,79.59160566329956,86.12437438964844,419.8785095214844,4.4244385,24.0,-1,2.516622
4158,1408,1533.7607789039612,475.71987104415894,983.1897583007812,816.0067749023438,4.307262,8.0,1,1.5878503
4264,1408,1061.656500339508,-258.7246174812317,511.0854797363281,81.56228637695312,4.188938,26.0,-1,3.1753278
4314,1408,1092.4688477516174,245.60494184494019,541.8978271484375,585.891845703125,4.084097,10.0,-1,31.13243
12,1408,1134.4051270484924,828.1303324699402,583.8341064453125,1168.417236328125,2.9749384,12.0,-1,26.766516
4305,1408,1438.6788697242737,232.31917524337769,888.1078491210938,572.6060791015625,2.6301432,6.0,-1,16.714184
4438,1408,1572.8868165016174,370.42751264572144,1022.3157958984375,710.7144165039062,2.5070431,8.0,-1,23.13684
4395,1408,830.7982239723206,628.9071269035339,280.2272033691406,969.1940307617188,1.6326637,16.0,-1,0.3463505
2986,1408,1436.0759644508362,485.5995707511902,885.5049438476562,825.886474609375,0.8491535,10.0,-1,4.7467694
4245,1408,1796.489233493805,503.11757612228394,1245.918212890625,843.4044799804688,0.6664383,14.0,-1,2.9862554
0,1409,1600.5298523902893,745.0584635734558,1049.0570068359375,1086.1278076171875,58.75646,10.0,1,26.556122
1,1409,1633.3755555152893,166.96700239181519,1081.9027099609375,508.0363464355469,50.992603,8.0,1,25.623173
3654,1409,1115.293707370758,798.5651774406433,563.8208618164062,1139.634521484375,37.267277,20.0,-1,21.428816
4,1409,1362.0828309059143,-123.07228899002075,810.6099853515625,217.99705505371094,35.32323,8.0,1,26.397133
2,1409,1721.6256775856018,202.65776777267456,1170.15283203125,543.7271118164062,23.70275,8.0,1,26.479301
3,1409,1215.9424500465393,193.23454999923706,664.4696044921875,534.3038940429688,18.558435,8.0,1,20.540201
1332,1409,713.8071656227112,543.0847697257996,162.33432006835938,884.1541137695312,15.644729,10.0,-1,11.209105
4194,1409,1901.0945496559143,-82.93671464920044,1349.6217041015625,258.13262939453125,14.378634,10.0,-1,4.4449162
3079,1409,2020.1351990699768,-19.11884355545044,1468.662353515625,321.95050048828125,13.649209,6.0,1,2.961133
3509,1409,2099.9063172340393,305.6342692375183,1548.4334716796875,646.70361328125,13.014842,12.0,-1,1.9743822
4167,1409,1517.2681336402893,-303.4962010383606,965.7952880859375,37.573143005371094,12.485093,6.0,1,10.067198
4413,1409,2142.0454773902893,256.51201581954956,1590.5726318359375,597.5813598632812,8.773154,20.0,-1,5.147892
2032,1409,629.8369889259338,-151.2411732673645,78.36414337158203,189.8281707763672,6.3421865,6.0,1,21.436916
4369,1409,637.6624207496643,79.79463911056519,86.1895751953125,420.8639831542969,6.0651574,22.0,-1,3.2125921
4318,1409,2158.7288269996643,-95.42729997634888,1607.2559814453125,245.6420440673828,5.08965,8.0,-1,22.698483
8,1409,1163.781744480133,439.47014570236206,612.3088989257812,780.5394897460938,4.6909466,18.0,-1,2.3681798
4314,1409,1092.1244568824768,243.51677656173706,540.651611328125,584.5861206054688,3.9501917,10.0,-1,34.016537
4158,1409,1532.5950989723206,477.7032389640808,981.1222534179688,818.7725830078125,3.607193,8.0,1,1.3564999
12,1409,1135.3076844215393,830.5460124015808,583.8348388671875,1171.6153564453125,3.383085,12.0,-1,23.267412
4264,1409,1060.7103638648987,-254.55896043777466,509.2375183105469,86.51038360595703,3.1261618,26.0,-1,0.98126054
2281,1409,1784.7027039527893,-69.53186845779419,1233.2298583984375,271.5374755859375,3.0700681,8.0,-1,27.0103
4438,1409,1573.164068698883,370.39568281173706,1021.6912231445312,711.4650268554688,2.9941308,8.0,-1,20.130726
4305,1409,1436.792242527008,232.6424479484558,885.3193969726562,573.7117919921875,2.0519526,8.0,-1,15.817561
4395,1409,830.2317872047424,628.8088908195496,278.7589416503906,969.8782348632812,1.3588523,8.0,1,0.909686
4245,1409,1802.5033631324768,504.96758222579956,1251.030517578125,846.0369262695312,0.54541725,12.0,-1,2.9379466
2986,1409,1438.2174744606018,485.63140058517456,886.74462890625,826.7007446289062,0.5061436,10.0,-1,4.1426635
0,1410,1601.9610352516174,743.2210307121277,1049.5511474609375,1084.91748046875,67.58802,10.0,1,26.378891
1,1410,1634.2859864234924,168.26821088790894,1081.8760986328125,509.96466064453125,56.71838,8.0,1,24.981388
4,1410,1366.2718873023987,-121.78650712966919,813.8619995117188,219.90994262695312,29.584282,8.0,1,27.292343
2,1410,1721.5875000953674,202.58248090744019,1169.1776123046875,544.2789306640625,22.335556,8.0,1,25.818989
3654,1410,1112.8100953102112,797.7923197746277,560.4002075195312,1139.48876953125,20.933153,20.0,-1,20.188211
3079,1410,2020.23215341568,-19.63715410232544,1467.822265625,322.0592956542969,16.505566,6.0,1,2.4467318
3,1410,1215.4859986305237,191.52742719650269,663.0761108398438,533.223876953125,15.338971,8.0,1,20.226143
4194,1410,1899.2666993141174,-83.89734697341919,1346.8568115234375,257.7991027832031,14.494858,10.0,-1,6.0874853
3509,1410,2103.091284275055,305.7095561027527,1550.681396484375,647.406005859375,10.890357,12.0,-1,1.519376
1332,1410,713.6692109107971,544.9179911613464,161.2593231201172,886.6144409179688,10.502699,10.0,-1,10.384925
4167,1410,1518.4307007789612,-304.7831349372864,966.0208129882812,36.91331481933594,9.699822,6.0,1,8.708859
4318,1410,2157.5953125953674,-97.76673173904419,1605.1854248046875,243.92971801757812,7.2112565,8.0,-1,23.981268
2032,1410,630.0337128639221,-150.69171953201294,77.62382507324219,191.00473022460938,7.045363,6.0,1,21.984922
4413,1410,2140.531225681305,257.0810160636902,1588.121337890625,598.7774658203125,6.4554386,20.0,-1,4.479149
2281,1410,1780.4378418922424,-73.67246294021606,1228.0279541015625,268.02398681640625,4.697923,8.0,-1,27.884768
8,1410,1162.02219247818,436.1792826652527,609.6123046875,777.875732421875,4.6972985,8.0,1,0.31210506
4438,1410,1572.343237400055,372.2710795402527,1019.933349609375,713.967529296875,4.5058727,8.0,-1,22.903688
4158,1410,1532.3941407203674,475.7758402824402,979.9842529296875,817.4722900390625,4.424331,6.0,1,1.7344536
4314,1410,1093.4053711891174,244.86000776290894,540.9954833984375,586.5564575195312,3.6272585,10.0,-1,37.995205
12,1410,1135.3458619117737,830.8952250480652,582.9359741210938,1172.5916748046875,3.2231305,12.0,-1,23.841928
4369,1410,636.644407749176,81.52449750900269,84.2345199584961,423.220947265625,2.7919977,24.0,-1,1.7439497
4264,1410,1061.01242685318,-250.25740098953247,508.6025390625,91.43904876708984,2.1668074,28.0,-1,1.3073126
4305,1410,1436.0113282203674,228.69374799728394,883.6014404296875,570.3901977539062,2.0480974,6.0,-1,16.187943
4395,1410,830.4075074195862,630.1883769035339,277.99761962890625,971.8848266601562,1.1176468,16.0,-1,0.40219867
2986,1410,1438.7962403297424,485.03700971603394,886.3863525390625,826.7334594726562,0.5240053,10.0,-1,3.8053255
4245,1410,1802.73654794693,505.4873881340027,1250.32666015625,847.183837890625,0.510398,14.0,-1,1.666385
0,1411,1603.0171875953674,739.7886881828308,1050.0390625,1081.932861328125,60.121494,10.0,1,26.359848
4,1411,1366.7583985328674,-120.12773942947388,813.7802734375,222.0164337158203,51.538273,8.0,1,27.850655
1,1411,1635.3455567359924,165.66384077072144,1082.367431640625,507.8080139160156,41.557407,8.0,1,22.87312
2,1411,1723.0660157203674,200.75127363204956,1170.087890625,542.8954467773438,34.41938,8.0,1,26.721836
3654,1411,1111.3313965797424,795.7702555656433,558.353271484375,1137.9144287109375,28.490389,20.0,-1,19.084919
3,1411,1215.60422372818,191.6359782218933,662.6260986328125,533.7801513671875,21.28103,8.0,1,20.161133
1332,1411,713.2286438941956,545.3485636711121,160.25051879882812,887.4927368164062,12.659879,10.0,-1,11.571195
3079,1411,2021.02170419693,-20.465797901153564,1468.0435791015625,321.6783752441406,12.218891,6.0,1,1.9652408
4194,1411,1900.0096192359924,-86.543053150177,1347.031494140625,255.6011199951172,11.6510725,12.0,-1,2.7037425
3509,1411,2105.7054200172424,304.01482343673706,1552.727294921875,646.1589965820312,8.614932,12.0,-1,1.6465671
4167,1411,1518.78488779068,-307.3647503852844,965.8067626953125,34.779422760009766,8.532173,6.0,1,9.2181635
8,1411,1162.8799805641174,437.48210859298706,609.90185546875,779.6262817382812,7.538728,8.0,1,0.8163208
2032,1411,631.3246750831604,-150.60532426834106,78.34654998779297,191.53884887695312,6.458669,6.0,1,21.782154
4318,1411,2156.76486825943,-99.26624345779419,1603.7867431640625,242.8779296875,5.92214,10.0,-1,20.386106
4413,1411,2137.6871094703674,257.3204264640808,1584.708984375,599.464599609375,5.8230534,20.0,-1,5.5514116
2281,1411,1780.304174900055,-73.15564775466919,1227.3260498046875,268.988525390625,5.275328,8.0,-1,30.61941
12,1411,1135.1505494117737,831.5602946281433,582.1724243164062,1173.7044677734375,5.016586,12.0,-1,20.816702
4158,1411,1532.2759156227112,476.87493085861206,979.2977905273438,819.0191040039062,3.9896886,8.0,1,2.1490867
4264,1411,1060.6880860328674,-253.5511326789856,507.7099609375,88.5930404663086,3.4641879,26.0,-1,2.9226856
4438,1411,1574.5254273414612,373.76555585861206,1021.5473022460938,715.9097290039062,3.2898648,8.0,-1,24.163666
4314,1411,1094.226049900055,246.1291422843933,541.2479248046875,588.2733154296875,3.23684,12.0,-1,38.799595
4369,1411,635.0660843849182,82.59819746017456,82.08795928955078,424.74237060546875,3.0455217,24.0,-1,2.0057986
4305,1411,1435.2421021461487,225.94329023361206,882.2639770507812,568.0874633789062,2.8856525,6.0,-1,16.209702
4245,1411,1799.7359375953674,507.6818766593933,1246.7578125,849.8260498046875,0.68629736,12.0,-1,4.8929605
4395,1411,826.1733765602112,630.1019816398621,273.19525146484375,972.2461547851562,0.6195771,8.0,1,0.04043007
2986,1411,1437.27268075943,484.4146647453308,884.2945556640625,826.558837890625,0.49601838,10.0,-1,3.9215922
0,1412,1602.0433106422424,739.2885050773621,1048.145263671875,1082.1788330078125,82.308334,10.0,1,26.945257
1,1412,1637.2256836891174,163.41054487228394,1083.32763671875,506.3008728027344,40.870228,8.0,1,25.154602
2,1412,1723.915014743805,200.7133708000183,1170.0169677734375,543.6036987304688,40.228252,8.0,1,25.472391
4,1412,1365.8379273414612,-119.45450639724731,811.9398803710938,223.43582153320312,36.143948,8.0,1,27.542263
3654,1412,1111.36008310318,798.8411173820496,557.4620361328125,1141.7314453125,26.605513,20.0,-1,20.742638
4194,1412,1897.9625000953674,-88.23717546463013,1344.064453125,254.6531524658203,20.242083,10.0,-1,2.7423043
3,1412,1214.8539185523987,191.22685956954956,660.9558715820312,534.1171875,16.263014,8.0,1,21.113367
1332,1412,714.4125580787659,546.3174357414246,160.51451110839844,889.207763671875,15.683053,10.0,-1,11.013986
4167,1412,1519.9296021461487,-311.2888913154602,966.0315551757812,31.601436614990234,15.092147,6.0,1,10.8879795
3079,1412,2025.6895508766174,-21.413185596466064,1471.79150390625,321.4771423339844,14.425907,6.0,1,1.391714
3509,1412,2107.8335938453674,303.5362467765808,1553.935546875,646.4265747070312,13.016679,12.0,-1,1.6718191
4413,1412,2135.7154297828674,261.1640543937683,1581.8173828125,604.0543823242188,8.144205,20.0,-1,4.7509856
2281,1412,1781.761206150055,-72.00415849685669,1227.8631591796875,270.88616943359375,6.5644894,8.0,-1,31.071402
2032,1412,632.270269870758,-149.87798357009888,78.37222290039062,193.01234436035156,4.8986206,6.0,1,21.319546
8,1412,1160.95236825943,438.9382243156433,607.0543212890625,781.8285522460938,4.729731,8.0,1,0.3487143
4158,1412,1530.844213962555,475.6719889640808,976.9461669921875,818.5623168945312,4.712301,8.0,1,2.4743624
4314,1412,1094.1973633766174,245.31645917892456,540.29931640625,588.206787109375,4.298573,12.0,-1,38.592243
4369,1412,635.797956943512,82.63610029220581,81.89990997314453,425.52642822265625,4.20764,24.0,-1,2.0461226
12,1412,1138.0308594703674,833.4656291007996,584.1328125,1176.35595703125,4.0759397,12.0,-1,21.26935
4438,1412,1572.9628052711487,370.54460859298706,1019.0647583007812,713.4349365234375,3.1068249,8.0,-1,23.704308
4318,1412,2156.2049317359924,-96.53441667556763,1602.306884765625,246.3559112548828,2.7893054,10.0,-1,17.062428
4264,1412,1062.9947876930237,-250.41503190994263,509.09674072265625,92.47529602050781,2.5556026,26.0,-1,0.16961884
4305,1412,1437.6087403297424,226.0275797843933,883.710693359375,568.9179077148438,1.7652373,8.0,-1,14.38343
4395,1412,824.908209323883,628.4283366203308,271.0101623535156,971.3186645507812,0.6902924,18.0,-1,0.3315763
2986,1412,1433.6502442359924,484.59648847579956,879.752197265625,827.48681640625,0.545336,10.0,-1,3.203329
4245,1412,1796.725073337555,507.5631022453308,1242.8270263671875,850.4534301757812,0.5442326,14.0,-1,3.9182806
0,1413,1602.6611275672913,740.3982768058777,1047.99853515625,1084.2015380859375,91.52976,10.0,1,27.1798
4,1413,1364.7075142860413,-119.79607439041138,810.044921875,224.00718688964844,56.11218,8.0,1,27.57449
1,1413,1636.9084420204163,163.93569135665894,1082.245849609375,507.73895263671875,41.38441,8.0,1,23.156609
3654,1413,1109.1497139930725,798.3647074699402,554.4871215820312,1142.16796875,36.23787,20.0,-1,20.623001
2,1413,1725.8815865516663,199.60207319259644,1171.218994140625,543.4053344726562,20.91875,8.0,1,24.688217
3,1413,1217.1621041297913,190.09963178634644,662.49951171875,533.9028930664062,20.645626,8.0,1,20.82856
3509,1413,2108.7646431922913,304.9350199699402,1554.10205078125,648.73828125,13.776004,12.0,-1,1.8806511
4194,1413,1900.4526314735413,-90.1442494392395,1345.7900390625,253.6590118408203,13.564022,10.0,-1,2.4569662
1332,1413,714.8184609413147,547.3575053215027,160.15586853027344,891.1607666015625,12.626843,10.0,-1,11.940534
3079,1413,2025.8410592079163,-23.282631397247314,1471.178466796875,320.5206298828125,10.913627,6.0,1,2.0731013
4167,1413,1519.1861519813538,-314.40161180496216,964.5235595703125,29.401649475097656,10.257731,6.0,1,10.035959
8,1413,1158.1479439735413,436.37343549728394,603.4853515625,780.1766967773438,7.0852284,6.0,1,0.8788527
2281,1413,1782.6309762001038,-70.62592363357544,1227.9683837890625,273.1773376464844,6.5457134,8.0,-1,33.755825
4318,1413,2155.6896920204163,-95.35594987869263,1601.027099609375,248.4473114013672,5.671885,10.0,-1,18.323597
4413,1413,2133.4428658485413,262.7176127433777,1578.7802734375,606.5208740234375,5.659104,22.0,-1,4.656521
4158,1413,1528.0473580360413,476.6554789543152,973.384765625,820.458740234375,5.5014405,8.0,1,2.8399975
4438,1413,1572.4951729774475,368.08132123947144,1017.8325805664062,711.8845825195312,5.2744527,6.0,-1,25.795076
2032,1413,632.127245426178,-149.0081868171692,77.46465301513672,194.79507446289062,5.1038413,6.0,1,20.048574
12,1413,1138.9495797157288,835.3618998527527,584.2869873046875,1179.1651611328125,4.2165833,12.0,-1,13.728544
4369,1413,635.5680947303772,82.40395307540894,80.90550231933594,426.20721435546875,2.8553257,24.0,-1,2.9324884
4264,1413,1063.8435311317444,-251.01957750320435,509.1809387207031,92.78368377685547,2.7093306,28.0,-1,1.2217547
4314,1413,1094.3403878211975,243.59578657150269,539.6777954101562,587.3990478515625,2.6221123,10.0,-1,34.97
4305,1413,1438.6287789344788,226.79433393478394,883.9661865234375,570.5975952148438,1.9033176,8.0,-1,14.056477
4395,1413,822.7355599403381,630.4555888175964,268.0729675292969,974.2588500976562,1.0548878,18.0,-1,0.7589671
2986,1413,1434.2318062782288,483.71962690353394,879.5692138671875,827.5228881835938,0.9504388,10.0,-1,4.4956126
4245,1413,1794.4431099891663,507.7952494621277,1239.780517578125,851.5985107421875,0.5949848,12.0,-1,2.833343
0,1414,1603.1879830360413,739.9532160758972,1047.936279296875,1083.674560546875,118.64553,10.0,1,26.679567
1,1414,1637.1464791297913,162.76766920089722,1081.894775390625,506.489013671875,48.207653,8.0,1,25.080051
3654,1414,1104.8303780555725,796.5367121696472,549.5786743164062,1140.258056640625,30.114672,20.0,-1,20.739712
3,1414,1219.287531375885,192.13491773605347,664.0358276367188,535.8562622070312,29.101313,8.0,1,20.504154
2,1414,1725.8464303016663,198.14742994308472,1170.5947265625,541.8687744140625,28.211632,8.0,1,23.206839
4,1414,1364.56023645401,-119.39979600906372,809.3085327148438,224.32154846191406,26.424948,8.0,1,27.366573
4194,1414,1903.2517037391663,-91.57856798171997,1348.0,252.1427764892578,18.70719,10.0,-1,4.3782043
3079,1414,2025.9575142860413,-25.293274402618408,1470.705810546875,318.4280700683594,15.474549,12.0,-1,0.047567725
4167,1414,1521.6000924110413,-314.12948846817017,966.348388671875,29.591856002807617,13.455814,6.0,1,11.50365
1332,1414,715.4837594032288,545.3221735954285,160.2320556640625,889.0435180664062,12.077812,10.0,-1,12.845036
4413,1414,2133.6848092079163,262.53445386886597,1578.43310546875,606.2557983398438,11.466289,20.0,-1,4.2524652
12,1414,1137.2322335243225,837.9371027946472,581.9805297851562,1181.658447265625,10.449769,12.0,-1,14.004826
8,1414,1158.1831002235413,437.7832942008972,602.931396484375,781.504638671875,10.428764,6.0,1,0.61617464
2032,1414,632.4094948768616,-149.65661668777466,77.15779113769531,194.06472778320312,8.770655,6.0,1,20.902973
3509,1414,2108.3198189735413,304.75625562667847,1553.068115234375,648.4776000976562,8.759488,12.0,-1,0.86692894
4158,1414,1527.3290963172913,480.02798414230347,972.077392578125,823.7493286132812,6.558767,8.0,1,2.6721995
2281,1414,1781.8781685829163,-71.58273363113403,1226.62646484375,272.13861083984375,6.0336556,8.0,-1,33.073967
4314,1414,1093.3431344032288,244.09579420089722,538.0914306640625,587.817138671875,4.4479833,12.0,-1,37.692554
4438,1414,1573.757257938385,366.10049390792847,1018.5055541992188,709.8218383789062,4.203071,8.0,-1,24.170513
4318,1414,2155.1003365516663,-93.35420274734497,1599.8486328125,250.3671417236328,3.827533,10.0,-1,15.532679
4264,1414,1062.4049324989319,-250.84081315994263,507.1532287597656,92.88053131103516,2.9649649,28.0,-1,0.36470413
4369,1414,635.417788028717,86.04519605636597,80.16608428955078,429.76654052734375,2.090676,24.0,-1,2.8277805
4305,1414,1440.7071480751038,228.46566724777222,885.4554443359375,572.18701171875,1.7185456,6.0,-1,15.85633
4245,1414,1789.5930123329163,509.90432691574097,1234.34130859375,853.6256713867188,1.1406689,14.0,-1,3.1088572
4395,1414,823.1359810829163,630.760283946991,267.88427734375,974.4816284179688,0.79982656,4.0,-1,0.50745535
2986,1414,1430.3037056922913,483.0096125602722,875.052001953125,826.73095703125,0.4501435,10.0,-1,4.1108403
0,1415,1605.1685738563538,739.784209728241,1049.519775390625,1083.810791015625,76.2361,10.0,1,26.746645
1,1415,1635.7884469032288,161.64367628097534,1080.1396484375,505.6702575683594,47.950565,8.0,1,23.371191
4,1415,1363.5379586219788,-120.39990282058716,807.88916015625,223.62667846679688,34.04917,8.0,1,27.688452
3654,1415,1102.0469307899475,796.1749567985535,546.3981323242188,1140.2015380859375,32.00697,20.0,-1,21.97503
1332,1415,715.6590676307678,543.9974665641785,160.01026916503906,888.0240478515625,24.38163,10.0,-1,14.110595
2,1415,1725.8773140907288,196.10745191574097,1170.228515625,540.134033203125,21.233047,8.0,1,25.423262
4194,1415,1903.6053414344788,-91.96659898757935,1347.95654296875,252.0599822998047,17.28546,10.0,-1,6.1406155
4167,1415,1519.9075264930725,-313.5787720680237,964.2587280273438,30.44780921936035,11.317973,6.0,1,12.095887
3079,1415,2026.6643013954163,-24.029175281524658,1471.0155029296875,319.9974060058594,11.307313,6.0,1,0.29082656
3509,1415,2108.2889351844788,303.52505445480347,1552.64013671875,647.5516357421875,10.837287,12.0,-1,2.1797678
12,1415,1137.75750207901,836.336944103241,582.1087036132812,1180.363525390625,10.549416,12.0,-1,16.628084
8,1415,1157.7362008094788,437.99197340011597,602.08740234375,782.0185546875,10.488507,16.0,-1,0.2425729
3,1415,1222.66912317276,192.97677564620972,667.0203247070312,537.0033569335938,8.506536,8.0,1,20.496471
4413,1415,2133.2473092079163,262.7028498649597,1577.5985107421875,606.7294311523438,7.0759377,20.0,-1,4.1139402
2032,1415,634.2091088294983,-147.81010484695435,78.56031036376953,196.2164764404297,6.0781116,8.0,1,21.189959
2281,1415,1781.1280465126038,-73.53369188308716,1225.479248046875,270.4928894042969,5.650473,8.0,-1,31.462603
4438,1415,1577.7354683876038,365.9320979118347,1022.086669921875,709.9586791992188,5.3442264,8.0,-1,25.011847
4318,1415,2152.9417672157288,-91.23663377761841,1597.29296875,252.78994750976562,4.767274,10.0,-1,17.912066
4158,1415,1526.061457157135,481.35879468917847,970.4126586914062,825.3853759765625,4.6453667,8.0,1,1.4280838
4314,1415,1094.3990426063538,242.77596998214722,538.750244140625,586.8025512695312,3.8247406,12.0,-1,30.022282
4305,1415,1441.6519112586975,228.12863111495972,886.0031127929688,572.1552124023438,2.7208242,8.0,-1,15.500851
4264,1415,1059.3489632606506,-246.88842821121216,503.7001647949219,97.13815307617188,2.4797688,28.0,-1,1.3684349
4369,1415,633.7940621376038,88.59432935714722,78.145263671875,432.62091064453125,2.378515,24.0,-1,2.5829337
4395,1415,821.6922554969788,631.0038142204285,266.04345703125,975.0303955078125,1.4754676,20.0,-1,1.052405
2986,1415,1430.58709192276,485.57827711105347,874.9382934570312,829.6048583984375,0.55993086,10.0,-1,4.524414
4245,1415,1790.0240426063538,510.23892164230347,1234.375244140625,854.2655029296875,0.29964834,16.0,-1,3.2727659
0,1416,1605.9500679969788,739.1341853141785,1050.0465087890625,1083.736328125,94.49029,10.0,1,26.640776
1,1416,1636.2315621376038,159.22888135910034,1080.3280029296875,503.8310241699219,48.15941,8.0,1,22.19984
4,1416,1361.4219307899475,-122.47462511062622,805.5183715820312,222.1275177001953,36.1169,8.0,1,27.127447
3654,1416,1100.8229928016663,795.727324962616,544.91943359375,1140.3294677734375,29.942802,20.0,-1,21.32949
2,1416,1721.9053902626038,195.11160230636597,1166.0018310546875,539.7137451171875,25.47568,8.0,1,23.835709
3,1416,1224.3174386024475,193.45974683761597,668.4138793945312,538.0618896484375,22.158815,8.0,1,20.866407
3509,1416,2108.4460396766663,301.1045832633972,1552.54248046875,645.7067260742188,12.5230255,12.0,-1,3.7921062
1332,1416,714.7449135780334,545.0879817008972,158.8413543701172,889.6901245117188,10.760549,10.0,-1,11.156795
3079,1416,2028.2735543251038,-23.278992176055908,1472.3699951171875,321.3231506347656,9.724513,6.0,1,0.68024564
4413,1416,2132.4572701454163,262.76492261886597,1576.5537109375,607.3670654296875,8.92968,20.0,-1,3.912708
4194,1416,1900.7628121376038,-93.3558201789856,1344.8592529296875,251.24632263183594,8.879083,10.0,-1,0.34052336
12,1416,1140.7173409461975,837.150908946991,584.8137817382812,1181.7530517578125,8.707825,12.0,-1,19.749239
8,1416,1155.868586063385,439.3278498649597,599.9650268554688,783.9299926757812,8.326806,16.0,-1,0.6817564
4318,1416,2153.7327828407288,-88.34262132644653,1597.8292236328125,256.259521484375,8.141025,8.0,-1,21.668682
4167,1416,1520.3135933876038,-312.32612657546997,964.4100341796875,32.27601623535156,7.4417863,6.0,1,11.288797
2032,1416,634.2543969154358,-147.55465745925903,78.35083770751953,197.0474853515625,6.8475094,8.0,1,22.381704
2281,1416,1783.5064644813538,-72.94455003738403,1227.6029052734375,271.6575927734375,5.282098,8.0,-1,31.520231
4369,1416,629.6635842323303,87.52377271652222,73.76002502441406,432.12591552734375,3.9197934,24.0,-1,3.527813
4438,1416,1581.1209664344788,365.51748609542847,1025.2174072265625,710.11962890625,3.6697528,8.0,-1,26.418694
4158,1416,1527.2869820594788,483.97073316574097,971.3834228515625,828.5728759765625,3.4271042,6.0,1,1.7301998
4314,1416,1092.2253975868225,241.17636060714722,536.3218383789062,585.7785034179688,3.2148254,12.0,-1,28.793062
4264,1416,1058.3923592567444,-246.4428563117981,502.4888000488281,98.15928649902344,2.966133,28.0,-1,1.5727835
4305,1416,1446.0209908485413,225.93728590011597,890.117431640625,570.5394287109375,2.1617184,8.0,-1,15.965505
4395,1416,817.3975167274475,631.4850764274597,261.49395751953125,976.0872192382812,0.49623838,18.0,-1,0.963539
2986,1416,1427.7355904579163,485.5162043571472,871.83203125,830.1183471679688,0.44021603,12.0,-1,4.3006377
4245,1416,1789.9787545204163,506.4576106071472,1234.0751953125,851.0597534179688,0.42737022,14.0,-1,2.282161
0,1417,1607.3037819862366,739.9815974235535,1050.20849609375,1085.295166015625,64.09056,10.0,1,26.11834
4,1417,1359.0562844276428,-123.54568529129028,801.9609985351562,221.76788330078125,35.894955,8.0,1,25.192188
1,1417,1637.762156009674,158.92166090011597,1080.6668701171875,504.2352294921875,33.48189,8.0,1,24.460274
3654,1417,1098.6999611854553,795.0321345329285,541.6046752929688,1140.345703125,32.790348,20.0,-1,21.779911
1332,1417,715.1604256629944,546.5538630485535,158.0651397705078,891.867431640625,21.739958,10.0,-1,12.478578
2,1417,1720.865915775299,194.35214185714722,1163.7706298828125,539.6657104492188,20.158077,8.0,1,24.265999
4194,1417,1899.0840554237366,-93.24552965164185,1341.98876953125,252.0680389404297,17.501692,10.0,-1,5.4620805
3,1417,1223.9014992713928,194.91891431808472,666.8062133789062,540.2324829101562,17.152658,8.0,1,21.333889
3509,1417,2109.201853275299,298.6907649040222,1552.1065673828125,644.0043334960938,16.735739,12.0,-1,2.4750018
4167,1417,1522.8845314979553,-309.97750520706177,965.7892456054688,35.336063385009766,15.418278,6.0,1,10.528034
3079,1417,2030.238474369049,-23.460602283477783,1473.1431884765625,321.85296630859375,10.098256,6.0,1,1.3573723
4413,1417,2133.559275150299,263.7399592399597,1576.4639892578125,609.0535278320312,9.942231,20.0,-1,4.9894915
12,1417,1143.573923587799,835.499297618866,586.4786376953125,1180.8128662109375,8.263885,12.0,-1,19.041935
2032,1417,635.2407937049866,-146.3084568977356,78.1455078125,199.00511169433594,6.7944093,6.0,1,21.882477
8,1417,1153.0169167518616,441.8034358024597,595.921630859375,787.1170043945312,6.0930514,16.0,-1,3.7363248
2281,1417,1785.659616947174,-73.57650804519653,1228.5643310546875,271.737060546875,5.358293,8.0,-1,32.261524
4318,1417,2154.4099831581116,-83.54473924636841,1597.314697265625,261.7688293457031,4.93206,10.0,-1,22.439297
4314,1417,1091.0420632362366,240.35513257980347,533.94677734375,585.668701171875,4.176618,12.0,-1,38.525776
4438,1417,1578.7143654823303,367.3168635368347,1021.6190795898438,712.6304321289062,3.5284088,8.0,-1,25.220808
4369,1417,629.1319527626038,84.91537427902222,72.03666687011719,430.22894287109375,3.189648,22.0,-1,3.3703146
4158,1417,1526.8714699745178,484.2575373649597,969.7761840820312,829.5711059570312,2.9887238,14.0,-1,1.1476237
4305,1417,1448.3399147987366,224.67416334152222,891.24462890625,569.9877319335938,2.558305,8.0,-1,16.364754
4264,1417,1057.4683938026428,-246.55314683914185,500.37310791015625,98.76042175292969,1.9865016,28.0,-1,2.1084268
4395,1417,819.359537601471,638.189239025116,262.2642517089844,983.5028076171875,0.8024106,20.0,-1,0.3075883
4245,1417,1787.4903054237366,504.3006281852722,1230.39501953125,849.6141967773438,0.69517046,20.0,-1,1.8118091
2986,1417,1426.4727883338928,486.87954664230347,869.3775024414062,832.193115234375,0.6154725,10.0,-1,4.225223
0,1418,1608.4939675331116,741.1381220817566,1050.3695068359375,1086.7396240234375,61.18793,10.0,1,26.392712
1,1418,1638.1048073768616,158.34167432785034,1079.9803466796875,503.94317626953125,44.15323,8.0,1,24.683834
4,1418,1359.906931400299,-123.54568529129028,801.782470703125,222.05581665039062,30.882475,8.0,1,26.750433
3654,1418,1098.4749855995178,796.5505976676941,540.3505249023438,1142.152099609375,29.425997,20.0,-1,21.876728
2,1418,1719.777292728424,194.56957960128784,1161.65283203125,540.1710815429688,22.94571,8.0,1,24.932407
4167,1418,1524.2075295448303,-310.34705781936646,966.0830688476562,35.25444412231445,17.768833,6.0,1,11.488959
4194,1418,1900.670847415924,-91.77075242996216,1342.54638671875,253.83074951171875,16.207308,10.0,-1,9.47203
1332,1418,714.5333504676819,546.1350703239441,156.4088897705078,891.736572265625,15.839559,10.0,-1,11.354286
3,1418,1222.3534035682678,195.6292109489441,664.2289428710938,541.230712890625,13.1131525,8.0,1,21.053965
3509,1418,2108.5051980018616,296.5158076286316,1550.3807373046875,642.1173095703125,12.676452,10.0,-1,3.0307446
4314,1418,1088.3199563026428,240.5269160270691,530.1954956054688,586.12841796875,11.841724,14.0,-1,48.395462
3079,1418,2032.1626687049866,-23.626373767852783,1474.0382080078125,321.9751281738281,11.264076,6.0,1,3.8817434
12,1418,1142.5894265174866,836.7944941520691,584.4649658203125,1182.39599609375,7.538298,12.0,-1,17.36407
4413,1418,2135.1218972206116,264.09313917160034,1576.9974365234375,609.6946411132812,7.397026,20.0,-1,5.5465755
2032,1418,638.8585228919983,-144.62367296218872,80.73406219482422,200.9778289794922,6.732425,8.0,1,20.896105
8,1418,1153.5973000526428,446.0180048942566,595.4728393554688,791.6195068359375,5.498012,8.0,1,0.65969414
4369,1418,626.3112740516663,87.08190870285034,68.18681335449219,432.68341064453125,5.356256,22.0,-1,4.162011
2281,1418,1786.2840065956116,-74.37387132644653,1228.1595458984375,271.2276306152344,4.9715657,8.0,-1,30.30374
4438,1418,1578.1175637245178,366.3635859489441,1019.9931030273438,711.965087890625,4.58892,8.0,-1,24.264126
4318,1418,2155.1729226112366,-85.04473924636841,1597.0484619140625,260.5567626953125,3.722214,8.0,-1,21.730457
4158,1418,1524.6316628456116,482.6749873161316,966.5072021484375,828.2764892578125,2.838813,6.0,1,1.50261
4305,1418,1451.6567482948303,222.4937129020691,893.5322875976562,568.09521484375,2.5709875,8.0,-1,15.757466
4264,1418,1057.4683938026428,-247.74607133865356,499.34393310546875,97.85543060302734,2.2698188,28.0,-1,0.43715847
4395,1418,818.8544716835022,642.0842890739441,260.7300109863281,987.685791015625,1.3447999,18.0,-1,0.09813787
2986,1418,1424.0481057167053,484.93249464035034,865.9236450195312,830.5339965820312,0.610374,10.0,-1,3.7227898
0,1419,1609.462107181549,742.4329218864441,1050.266845703125,1088.2117919921875,59.654816,10.0,1,26.794611
4,1419,1359.390085697174,-123.74504137039185,800.19482421875,222.03382873535156,41.021637,8.0,1,25.84479
1,1419,1637.2500710487366,159.6470332145691,1078.0548095703125,505.4259033203125,36.411034,8.0,1,23.771244
3654,1419,1098.3885598182678,799.1925654411316,539.1932983398438,1144.971435546875,33.603115,22.0,-1,22.471016
3509,1419,2111.214548587799,296.24694776535034,1552.019287109375,642.0258178710938,22.89601,12.0,-1,2.5814085
3,1419,1220.259714603424,195.7814326286316,661.064453125,541.560302734375,18.690758,8.0,1,20.359262
2,1419,1717.4849343299866,193.89440870285034,1158.2896728515625,539.6732788085938,17.895851,8.0,1,24.667477
1332,1419,715.6719155311584,546.2105097770691,156.47665405273438,891.9893798828125,15.913363,10.0,-1,11.71745
4194,1419,1903.0198464393616,-93.23249864578247,1343.8245849609375,252.54637145996094,15.754277,10.0,-1,6.4557667
4314,1419,1088.0132546424866,239.80212354660034,528.8179931640625,585.5809936523438,11.584842,14.0,-1,47.102264
4167,1419,1524.8836159706116,-309.7482419013977,965.6883544921875,36.0306282043457,10.930055,6.0,1,12.79823
3079,1419,2032.1626687049866,-22.192963123321533,1472.9674072265625,323.5859069824219,10.277438,6.0,1,1.0543473
2032,1419,639.9202599525452,-145.84916734695435,80.7249984741211,199.92970275878906,9.274276,6.0,1,21.958836
4413,1419,2138.440378665924,262.81738233566284,1579.2451171875,608.5962524414062,7.2600455,20.0,-1,5.211484
12,1419,1143.3297219276428,836.1808466911316,584.1344604492188,1181.959716796875,7.0932655,10.0,-1,19.737114
2281,1419,1785.1260476112366,-75.94479417800903,1225.9307861328125,269.8340759277344,6.390089,8.0,-1,29.419987
8,1419,1150.8419289588928,444.5841670036316,591.6466674804688,790.363037109375,5.2735257,16.0,-1,1.620438
4369,1419,624.3683190345764,89.74154615402222,65.17305755615234,435.5204162597656,4.174559,24.0,-1,3.6072888
4318,1419,2155.8172097206116,-82.10055589675903,1596.6219482421875,263.6783142089844,3.6254568,10.0,-1,21.732775
4438,1419,1577.5970559120178,366.3635859489441,1018.4017944335938,712.1424560546875,3.5898664,8.0,-1,22.954544
4158,1419,1523.8159279823303,485.55895948410034,964.6206665039062,831.3378295898438,3.3294086,8.0,1,2.1962776
4305,1419,1453.096628665924,224.11303663253784,893.9013671875,569.8919067382812,2.5532224,8.0,-1,16.738668
4264,1419,1053.3310341835022,-249.61127519607544,494.1357727050781,96.16759490966797,2.3622203,28.0,-1,2.059401
4395,1419,820.6999611854553,645.0882563591003,261.50469970703125,990.8671264648438,1.1501678,18.0,-1,0.0029267669
2986,1419,1425.3948464393616,484.2162470817566,866.1995849609375,829.9951171875,0.932502,10.0,-1,5.038142
0,1420,1607.964060306549,743.8482050895691,1048.01220703125,1089.670654296875,73.58589,10.0,1,26.210901
1,1420,1637.608591556549,158.69271802902222,1077.65673828125,504.5151672363281,37.383656,8.0,1,25.579838
3654,1420,1096.4288430213928,797.1118769645691,536.4769897460938,1142.934326171875,32.841576,22.0,-1,24.299393
4,1420,1359.4244484901428,-124.03918504714966,799.4725952148438,221.78326416015625,29.409182,8.0,1,26.225283
2,1420,1717.4849343299866,192.73657178878784,1157.5330810546875,538.5590209960938,21.201923,8.0,1,25.547722
4194,1420,1902.0867409706116,-94.5560154914856,1342.1348876953125,251.2664337158203,16.489113,10.0,-1,8.876805
4167,1420,1526.0981545448303,-309.14975023269653,966.1463012695312,36.672698974609375,15.896641,6.0,1,12.332018
3079,1420,2033.9639382362366,-24.044342517852783,1474.0120849609375,321.7781066894531,15.333698,6.0,1,1.2330747
1332,1420,717.9003701210022,549.9125971794128,157.94851684570312,895.7350463867188,15.296524,10.0,-1,11.015057
4314,1420,1087.9410500526428,239.6445918083191,527.9891967773438,585.467041015625,14.831607,14.0,-1,47.897495
3,1420,1222.6556496620178,196.90075635910034,662.7037963867188,542.7232055664062,12.53464,8.0,1,21.237753
3509,1420,2110.360544681549,294.52246046066284,1550.40869140625,640.3449096679688,12.320286,12.0,-1,1.7749213
4413,1420,2139.892282962799,263.76599073410034,1579.9404296875,609.5884399414062,8.096568,20.0,-1,5.4858007
2032,1420,638.9374871253967,-146.1950535774231,78.98563385009766,199.6273956298828,8.030227,8.0,1,22.340494
4318,1420,2156.578562259674,-80.23538255691528,1596.626708984375,265.5870666503906,5.876758,8.0,-1,26.273434
12,1420,1142.731882572174,836.4852900505066,582.780029296875,1182.3077392578125,5.7614994,10.0,-1,17.029718
2281,1420,1783.3775124549866,-79.29168748855591,1223.4256591796875,266.53076171875,5.716572,8.0,-1,31.625393
4369,1420,627.4840264320374,89.43359327316284,67.53217315673828,435.25604248046875,5.1126237,22.0,-1,2.849725
8,1420,1149.1243996620178,444.42858839035034,589.1725463867188,790.2510375976562,5.0649867,16.0,-1,1.0761203
4158,1420,1525.2728371620178,486.13549757003784,965.3209838867188,831.9579467773438,4.505232,6.0,1,2.5856671
4438,1420,1575.9353127479553,369.6503291130066,1015.9834594726562,715.4727783203125,3.1057084,8.0,-1,20.058792
4264,1420,1049.2527871131897,-248.01676225662231,489.3009338378906,97.8056869506836,2.0091808,28.0,-1,1.2067382
4305,1420,1450.6754250526428,224.6489863395691,890.7235717773438,570.471435546875,1.6428694,8.0,-1,13.488743
4395,1420,821.3844704627991,647.3016352653503,261.4326171875,993.1240844726562,0.814025,24.0,-1,0.77153987
2986,1420,1426.983103275299,484.2162470817566,867.03125,830.0386962890625,0.54056984,10.0,-1,3.8556147
0,1421,1607.0457253456116,741.8671870231628,1045.811279296875,1088.3494873046875,71.83686,10.0,1,27.49657
1,1421,1637.2437233924866,158.0147089958191,1076.00927734375,504.49700927734375,44.446716,8.0,1,25.41518
3654,1421,1095.9068703651428,798.0614008903503,534.6724243164062,1144.543701171875,39.570084,22.0,-1,22.189571
4,1421,1361.3957619667053,-125.60437059402466,800.1613159179688,220.8779296875,37.217857,8.0,1,25.59847
2,1421,1717.1792702674866,191.0921015739441,1155.94482421875,537.5744018554688,22.675987,8.0,1,24.39092
3,1421,1223.160593509674,197.8165888786316,661.9261474609375,544.2988891601562,17.33974,8.0,1,21.582108
3079,1421,2035.531687259674,-26.676514148712158,1474.2972412109375,319.8057861328125,16.051249,6.0,1,1.2980379
3509,1421,2111.343943119049,295.2499384880066,1550.1094970703125,641.7322387695312,13.326894,12.0,-1,2.4511516
1332,1421,719.681086063385,550.9331660270691,158.44664001464844,897.4154663085938,11.224255,10.0,-1,11.363359
4314,1421,1089.954050540924,238.6880488395691,528.7196044921875,585.1703491210938,11.01397,14.0,-1,48.024776
4167,1421,1527.2561135292053,-308.55061388015747,966.0216674804688,37.93168640136719,9.739716,6.0,1,13.585207
4194,1421,1902.0867409706116,-97.82928514480591,1340.852294921875,248.65301513671875,9.586001,10.0,-1,6.2101727
4413,1421,2141.8850808143616,265.7066035270691,1580.650634765625,612.1889038085938,9.028287,20.0,-1,5.448024
2281,1421,1783.135691165924,-78.60376024246216,1221.9012451171875,267.8785400390625,8.033441,8.0,-1,32.90654
4318,1421,2155.9937233924866,-82.51745653152466,1594.75927734375,263.96484375,8.002589,8.0,-1,24.167992
12,1421,1141.2887063026428,838.6091303825378,580.0542602539062,1185.0914306640625,7.6876655,12.0,-1,16.39323
2032,1421,641.523973941803,-148.61877489089966,80.2895278930664,197.863525390625,7.370379,6.0,1,22.698772
4158,1421,1523.6966652870178,486.1397089958191,962.4622192382812,832.6220092773438,5.375311,6.0,1,1.5875924
4438,1421,1573.2065529823303,371.7769160270691,1011.9721069335938,718.2592163085938,5.1233797,8.0,-1,26.287535
8,1421,1149.678904056549,443.78137159347534,588.4444580078125,790.263671875,5.056277,8.0,1,0.60395217
4369,1421,628.9660820960999,89.92825269699097,67.73163604736328,436.4105529785156,3.625492,22.0,-1,3.375091
4264,1421,1047.3313698768616,-248.403648853302,486.096923828125,98.07865142822266,3.284991,28.0,-1,1.94172
4305,1421,1445.9229836463928,221.5863642692566,884.6885375976562,568.0686645507812,2.719761,6.0,-1,17.143799
4395,1421,820.6226601600647,647.3016352653503,259.3882141113281,993.783935546875,1.4105172,22.0,-1,0.49718913
2986,1421,1430.2763772010803,485.27661085128784,869.0419311523438,831.7589111328125,0.5419176,8.0,-1,4.253561
0,1422,1606.4334206581116,742.2660822868347,1044.2100830078125,1089.3782958984375,51.981457,10.0,1,26.071266
3654,1422,1094.903269290924,797.5306086540222,532.679931640625,1144.642822265625,40.686146,22.0,-1,22.948828
1,1422,1636.1729226112366,158.5809931755066,1073.9495849609375,505.6932067871094,37.784275,8.0,1,24.735556
2,1422,1718.1963601112366,190.96420240402222,1155.9730224609375,538.076416015625,24.206797,8.0,1,25.947826
4,1422,1363.2777199745178,-126.59233140945435,801.0543823242188,220.51988220214844,24.196772,8.0,1,26.657364
3,1422,1223.0837502479553,198.44576978683472,660.8604125976562,545.5579833984375,16.941603,8.0,1,19.448511
4194,1422,1901.660349369049,-99.76419115066528,1339.43701171875,247.3480224609375,13.859643,10.0,-1,8.181084
3509,1422,2110.1763405799866,294.48135328292847,1547.9530029296875,641.5935668945312,12.747048,12.0,-1,1.900042
1332,1422,720.334879398346,549.497832775116,158.11154174804688,896.6100463867188,11.781648,10.0,-1,12.014753
4167,1422,1528.3918557167053,-307.01159715652466,966.1685180664062,40.100616455078125,11.206126,6.0,1,11.568606
3079,1422,2036.799509525299,-26.240112781524658,1474.576171875,320.8721008300781,10.411636,6.0,1,2.3939903
4314,1422,1089.9647316932678,238.90469312667847,527.7413940429688,586.0169067382812,9.387239,14.0,-1,48.63624
4413,1422,2141.687448978424,266.1499934196472,1579.464111328125,613.26220703125,8.77248,20.0,-1,4.8878794
2032,1422,642.2107720375061,-148.61877489089966,79.98743438720703,198.49343872070312,8.002917,6.0,1,22.438723
4318,1422,2155.796335697174,-82.68545579910278,1593.572998046875,264.4267578125,7.5576878,8.0,-1,29.383535
2281,1422,1785.8772683143616,-77.01278734207153,1223.6539306640625,270.09942626953125,6.689403,8.0,-1,32.288128
8,1422,1149.678904056549,442.0672297477722,587.45556640625,789.179443359375,5.878292,8.0,1,0.51401985
4369,1422,627.2579445838928,90.89443922042847,65.03460693359375,438.00665283203125,4.8424983,22.0,-1,4.060727
12,1422,1144.725046634674,839.9994807243347,582.501708984375,1187.1116943359375,4.478022,12.0,-1,13.739735
4158,1422,1521.6519875526428,488.03384351730347,959.4286499023438,835.1460571289062,3.9085433,6.0,1,1.7399826
4438,1422,1573.941111087799,371.2126154899597,1011.7177734375,718.3248291015625,3.601719,8.0,-1,23.201233
4264,1422,1046.3665871620178,-249.44028520584106,484.14324951171875,97.67192840576172,2.1694791,28.0,-1,0.47476387
4305,1422,1444.9159035682678,220.75289869308472,882.6925659179688,567.8651123046875,1.6367592,8.0,-1,13.901126
4395,1422,824.9196572303772,645.137237071991,262.6963195800781,992.2494506835938,1.1303009,20.0,-1,2.1991634
2986,1422,1430.5400490760803,486.2193293571472,868.3167114257812,833.33154296875,0.42802048,10.0,-1,3.8331144
0,1423,1608.422556400299,740.6059260368347,1045.9163818359375,1088.0328369140625,79.39728,10.0,1,27.014223
3654,1423,1096.8068947792053,798.1493830680847,534.3007202148438,1145.5762939453125,41.110077,22.0,-1,23.238985
4,1423,1362.5661721229553,-128.65332078933716,800.0599975585938,218.77359008789062,40.177418,8.0,1,26.354095
1,1423,1633.299509525299,156.8364863395691,1070.7933349609375,504.2633972167969,36.61839,8.0,1,25.46412
2,1423,1718.1963601112366,188.64102125167847,1155.690185546875,536.0679321289062,29.417892,8.0,1,25.835302
4194,1423,1901.099802494049,-99.7131199836731,1338.5936279296875,247.7137908935547,19.460058,10.0,-1,8.147896
3079,1423,2036.5113015174866,-25.409302234649658,1474.005126953125,322.0176086425781,16.292318,6.0,1,2.972999
3,1423,1221.7749733924866,198.50332593917847,659.268798828125,545.9302368164062,16.089575,8.0,1,20.852392
1332,1423,720.3444771766663,548.745879650116,157.8383026123047,896.1727905273438,15.096053,10.0,-1,12.35773
4167,1423,1528.900827884674,-307.7321820259094,966.3946533203125,39.69472885131836,14.686169,6.0,1,8.70548
3509,1423,2110.3855690956116,294.67349195480347,1547.87939453125,642.1004028320312,12.612484,12.0,-1,1.0621159
4314,1423,1087.7163796424866,237.98361158370972,525.210205078125,585.4105224609375,12.167613,14.0,-1,43.79519
4413,1423,2138.5755105018616,268.61331129074097,1576.0693359375,616.0402221679688,10.634143,18.0,-1,3.523919
2281,1423,1786.390573978424,-77.65960741043091,1223.8843994140625,269.7673034667969,7.7128634,8.0,-1,32.989807
4318,1423,2155.896189212799,-81.98230028152466,1593.3900146484375,265.4446105957031,6.870268,8.0,-1,28.229412
8,1423,1149.839060306549,442.03982496261597,587.3328857421875,789.4667358398438,6.098882,8.0,1,0.06578624
2032,1423,642.9872460365295,-145.65983629226685,80.48107147216797,201.76707458496094,5.5081863,8.0,1,20.015364
4438,1423,1574.519480228424,374.55764722824097,1012.0133056640625,721.9845581054688,5.3877416,8.0,-1,25.533876
12,1423,1145.398386478424,839.9994807243347,582.8922119140625,1187.4263916015625,4.353912,12.0,-1,10.352067
4369,1423,624.0092225074768,90.69906568527222,61.503047943115234,438.1259765625,4.3410134,22.0,-1,3.9527822
4158,1423,1516.5059304237366,485.83071851730347,953.999755859375,833.2576293945312,4.2096767,6.0,1,2.3169794
4264,1423,1044.7851662635803,-248.09439134597778,482.27899169921875,99.33251953125,2.444266,28.0,-1,1.0744482
4305,1423,1441.833933353424,226.36044263839722,879.3277587890625,573.787353515625,1.1018777,8.0,-1,13.216543
4395,1423,827.167154788971,647.269805431366,264.6609802246094,994.6967163085938,0.9792187,22.0,-1,2.108727
2986,1423,1428.288523197174,484.41287183761597,865.7823486328125,831.8397827148438,0.7060576,10.0,-1,4.844596
0,1424,1611.0173439979553,738.8937067985535,1047.5272216796875,1086.504638671875,67.40975,10.0,1,26.975412
3654,1424,1095.8448586463928,799.9613337516785,532.354736328125,1147.572265625,42.62295,22.0,-1,22.785824
4,1424,1363.4871315956116,-129.17826890945435,799.9970092773438,218.4326629638672,42.5206,8.0,1,27.237747
1,1424,1633.4593605995178,157.21276807785034,1069.96923828125,504.8236999511719,38.27859,8.0,1,25.274458
2,1424,1718.9784035682678,188.61819410324097,1155.48828125,536.2291259765625,24.052156,8.0,1,25.144012
4194,1424,1902.9317727088928,-97.8087010383606,1339.441650390625,249.80223083496094,17.051691,10.0,-1,8.514384
3,1424,1219.7217507362366,200.18191480636597,656.2316284179688,547.7928466796875,16.572475,8.0,1,20.931948
3509,1424,2111.460093021393,294.45645093917847,1547.969970703125,642.0673828125,14.967006,12.0,-1,0.34895396
3079,1424,2036.1012063026428,-24.216034412384033,1472.611083984375,323.3948974609375,10.872899,6.0,1,2.1226428
4318,1424,2159.103647708893,-85.44528245925903,1595.613525390625,262.1656494140625,9.911422,8.0,-1,33.445263
4167,1424,1533.530710697174,-311.39865922927856,970.0405883789062,36.21227264404297,9.785546,6.0,1,12.1450405
4314,1424,1085.675241947174,235.33621168136597,522.1851196289062,582.9471435546875,9.150197,16.0,-1,47.01566
2281,1424,1789.3314309120178,-77.76507616043091,1225.84130859375,269.8458557128906,8.644399,8.0,-1,33.788395
1332,1424,722.2377419471741,545.0531306266785,158.74761962890625,892.6640625,8.315575,10.0,-1,11.261296
4413,1424,2136.5407814979553,272.16152906417847,1573.0506591796875,619.7724609375,7.265805,20.0,-1,3.3248212
8,1424,1147.6322121620178,442.7166438102722,584.14208984375,790.3275756835938,6.3791237,16.0,-1,1.091105
2032,1424,646.2056069374084,-143.68702745437622,82.71548461914062,203.9239044189453,6.097447,8.0,1,20.97127
4438,1424,1573.6165261268616,374.3179621696472,1010.1264038085938,721.9288940429688,5.723767,8.0,-1,22.50614
4158,1424,1514.661570072174,487.8250422477722,951.1714477539062,835.4359741210938,4.8006926,8.0,1,3.4140759
4369,1424,622.9755501747131,91.71447706222534,59.48542785644531,439.3254089355469,4.2326317,24.0,-1,3.63562
12,1424,1145.5151467323303,841.1776423454285,582.0250244140625,1188.78857421875,4.005282,12.0,-1,11.421675
4264,1424,1044.6841225624084,-248.4838719367981,481.1940002441406,99.12705993652344,1.9134336,10.0,1,0.14079726
4305,1424,1439.585886478424,229.62948560714722,876.0957641601562,577.2404174804688,1.5533029,8.0,-1,15.750932
4395,1424,827.167154788971,647.269805431366,263.6770324707031,994.8807373046875,1.1512556,22.0,-1,1.1149863
2986,1424,1427.9251198768616,483.72451734542847,864.4349975585938,831.33544921875,0.24649715,10.0,-1,3.4553626
0,1425,1610.6539406776428,738.3870539665222,1045.6502685546875,1087.4249267578125,68.71831,10.0,1,27.080275
1,1425,1632.9795022010803,156.80331373214722,1067.975830078125,505.8411865234375,43.32805,8.0,1,24.250862
3654,1425,1096.594187259674,800.8670344352722,531.5905151367188,1149.9049072265625,41.627796,22.0,-1,23.025278
2,1425,1718.9782814979553,189.58608961105347,1153.974609375,538.6239624023438,30.424875,8.0,1,25.670984
4,1425,1364.5396218299866,-129.24552965164185,799.5359497070312,219.79234313964844,29.765963,8.0,1,26.65434
3,1425,1219.0644631385803,199.35555982589722,654.060791015625,548.3934326171875,20.997293,8.0,1,21.469078
4194,1425,1902.9317727088928,-97.66505479812622,1337.9281005859375,251.37281799316406,17.104177,10.0,-1,5.7685766
4167,1425,1535.503611087799,-311.6791501045227,970.4999389648438,37.35872268676758,12.933927,6.0,1,8.04207
3079,1425,2037.9688820838928,-25.277130603790283,1472.9652099609375,323.7607421875,12.062213,6.0,1,2.0658202
4318,1425,2160.873911380768,-85.09872484207153,1595.8702392578125,263.93914794921875,11.606461,8.0,-1,30.426342
1332,1425,725.089289188385,542.8202815055847,160.0856170654297,891.858154296875,9.474311,10.0,-1,9.947218
4314,1425,1084.6209206581116,236.07394361495972,519.6172485351562,585.11181640625,9.327939,14.0,-1,49.131104
3509,1425,2113.1071877479553,295.7449641227722,1548.103515625,644.7828369140625,9.259915,12.0,-1,0.2770195
2281,1425,1788.9799904823303,-80.81005907058716,1223.976318359375,268.2278137207031,8.618991,8.0,-1,31.22205
2032,1425,650.0836052894592,-143.19543504714966,85.0799331665039,205.84243774414062,7.5124264,6.0,1,22.50459
8,1425,1144.5781350135803,443.2095637321472,579.574462890625,792.2474365234375,5.288851,16.0,-1,2.3964245
4438,1425,1575.0567116737366,374.89919996261597,1010.0530395507812,723.9370727539062,5.0100374,8.0,-1,23.388569
4413,1425,2136.162973880768,272.16152906417847,1571.1593017578125,621.1994018554688,4.790576,18.0,-1,2.4343219
4158,1425,1516.6236062049866,488.56216382980347,951.6199340820312,837.6000366210938,4.2578177,8.0,1,3.060345
12,1425,1143.1986184120178,839.5426936149597,578.1949462890625,1188.58056640625,3.3403466,12.0,-1,12.268088
4369,1425,622.0214371681213,89.50805616378784,57.017765045166016,438.5459289550781,3.122675,22.0,-1,3.8142881
4264,1425,1043.5767006874084,-246.4554295539856,478.5730285644531,102.58244323730469,2.2846148,28.0,-1,2.2457566
4305,1425,1438.2120461463928,230.80630445480347,873.2083740234375,579.8441772460938,2.2230365,8.0,-1,12.958726
4395,1425,830.1894326210022,647.1334528923035,265.1857604980469,996.1713256835938,0.383469,18.0,-1,1.5827425
2986,1425,1430.8247780799866,482.3448176383972,865.8211059570312,831.3826904296875,0.3158608,12.0,-1,3.6879926
1,1426,1632.160105228424,156.47582960128784,1066.1959228515625,505.9632263183594,72.36179,8.0,1,23.721249
0,1426,1609.958445072174,738.8304743766785,1043.9942626953125,1088.31787109375,69.13422,10.0,1,27.296207
3654,1426,1096.594187259674,803.364776134491,530.6300048828125,1152.8521728515625,40.139267,22.0,-1,22.822306
4,1426,1365.6236062049866,-131.21205186843872,799.659423828125,218.2753448486328,31.183504,8.0,1,27.319965
2,1426,1717.8787331581116,188.81137037277222,1151.91455078125,538.2987670898438,29.063437,8.0,1,26.105
1332,1426,724.3072304725647,542.8202815055847,158.34304809570312,892.3076782226562,16.144827,10.0,-1,8.581337
3,1426,1219.177195072174,197.58181715011597,653.2130126953125,547.0692138671875,15.248145,8.0,1,21.173208
4167,1426,1537.4541726112366,-311.83580446243286,971.489990234375,37.65159225463867,13.435658,6.0,1,12.079275
4194,1426,1902.494333744049,-96.61373949050903,1336.5301513671875,252.8736572265625,11.774017,10.0,-1,5.038235
3079,1426,2038.247263431549,-26.489288806915283,1472.2830810546875,322.99810791015625,11.367195,6.0,1,1.7106239
3509,1426,2114.5847878456116,298.24270582199097,1548.62060546875,647.7301025390625,9.514425,12.0,-1,1.4843831
4318,1426,2161.259714603424,-83.40182542800903,1595.2955322265625,266.0855712890625,9.253892,8.0,-1,30.933445
4314,1426,1085.0097756385803,236.51528882980347,519.0455932617188,586.002685546875,8.2471485,14.0,-1,45.59952
4413,1426,2133.346140384674,272.6007990837097,1567.3819580078125,622.0881958007812,7.8784146,18.0,-1,2.0269425
2281,1426,1789.8867897987366,-79.82003831863403,1223.922607421875,269.6673583984375,7.3933945,8.0,-1,33.386528
2032,1426,649.4886651039124,-142.71418809890747,83.52448272705078,206.77320861816406,6.0690703,6.0,1,21.388813
4158,1426,1516.7009377479553,488.22622632980347,950.7367553710938,837.713623046875,5.968679,8.0,1,2.7274568
8,1426,1145.6964211463928,446.04507398605347,579.7322387695312,795.532470703125,5.865118,18.0,-1,0.368824
4369,1426,617.4956650733948,86.24850416183472,51.5314826965332,435.73590087890625,5.683859,22.0,-1,3.521771
4438,1426,1572.040232181549,374.2461848258972,1006.0760498046875,723.7335815429688,5.0363655,8.0,-1,20.359837
12,1426,1140.495310306549,841.6979060173035,574.5311279296875,1191.185302734375,4.140121,12.0,-1,12.340375
4305,1426,1437.6680397987366,228.61715650558472,871.703857421875,578.1045532226562,3.30665,8.0,-1,16.55895
4264,1426,1041.1501259803772,-247.36550951004028,475.1859436035156,102.12188720703125,1.6721877,10.0,1,0.41219175
4395,1426,832.2071022987366,645.716094493866,266.242919921875,995.2034912109375,1.1105417,24.0,-1,1.0459734
2986,1426,1434.6062111854553,483.5354914665222,868.6420288085938,833.0228881835938,0.543462,12.0,-1,4.0717096
0,1427,1609.014597415924,738.3431086540222,1041.7598876953125,1088.7713623046875,74.925514,10.0,1,26.918917
3654,1427,1096.902292728424,802.0758967399597,529.6475830078125,1152.504150390625,54.08484,20.0,-1,22.13543
1,1427,1635.235300540924,154.00402784347534,1067.9805908203125,504.4322814941406,44.56897,8.0,1,25.294468
2,1427,1717.325876712799,189.42831373214722,1150.0711669921875,539.8565673828125,35.843395,8.0,1,24.472792
4,1427,1366.573679447174,-130.99862718582153,799.3189697265625,219.42962646484375,25.277344,8.0,1,26.06891
4194,1427,1901.2495827674866,-96.12675523757935,1333.994873046875,254.30149841308594,22.25898,10.0,-1,5.9287715
3,1427,1219.5940651893616,195.42715406417847,652.33935546875,545.8554077148438,18.17087,8.0,1,21.07938
3079,1427,2037.4873757362366,-25.603851795196533,1470.232666015625,324.82440185546875,17.217173,6.0,1,2.3569837
1332,1427,724.9251198768616,545.0404963493347,157.67041015625,895.46875,12.096095,10.0,-1,10.23623
4167,1427,1539.027536869049,-311.15440797805786,971.7728271484375,39.27384567260742,10.093246,6.0,1,11.225175
3509,1427,2115.476511478424,298.24270582199097,1548.2218017578125,648.6709594726562,9.007312,12.0,-1,1.1343721
4314,1427,1085.5625710487366,234.24264478683472,518.307861328125,584.6708984375,8.184148,14.0,-1,44.59941
8,1427,1145.6964211463928,448.25747632980347,578.4417114257812,798.6857299804688,6.427246,16.0,-1,2.7268186
2032,1427,651.1035027503967,-143.80606126785278,83.84879302978516,206.6221923828125,6.060304,6.0,1,22.590157
4318,1427,2160.101511478424,-87.55487108230591,1592.8468017578125,262.8733825683594,5.4413257,8.0,-1,28.766058
2281,1427,1789.9280495643616,-82.99408006668091,1222.67333984375,267.4341735839844,4.9395127,8.0,-1,32.08516
4158,1427,1518.758982181549,489.3236994743347,951.5042724609375,839.751953125,4.9016666,8.0,1,2.6879358
4413,1427,2132.730173587799,271.1230158805847,1565.4754638671875,621.55126953125,4.5177226,18.0,-1,2.7658029
4438,1427,1572.3188576698303,371.51394605636597,1005.0641479492188,721.9421997070312,4.2811484,8.0,-1,24.961739
4369,1427,615.3025422096252,87.71398878097534,48.04783248901367,438.1422424316406,4.2465134,20.0,-1,3.9723768
12,1427,1138.930368900299,840.9612727165222,571.6756591796875,1191.3895263671875,4.017951,12.0,-1,13.871296
4264,1427,1037.696939945221,-244.64100694656372,470.4422302246094,105.78724670410156,3.0256755,28.0,-1,1.7201037
4305,1427,1437.004343509674,226.69021558761597,869.7496337890625,577.1184692382812,1.3430843,8.0,-1,16.054865
4395,1427,828.2876992225647,646.3255915641785,261.0329895019531,996.7538452148438,1.1833762,20.0,-1,0.30516955
2986,1427,1433.733347415924,483.7603449821472,866.4786376953125,834.1885986328125,0.38491312,10.0,-1,3.366692
0,1428,1610.6292824745178,737.1961359977722,1042.10302734375,1087.7786865234375,76.09825,10.0,1,26.80533
3654,1428,1096.1431984901428,801.5467219352722,527.616943359375,1152.1292724609375,65.24089,20.0,-1,21.988686
1,1428,1637.0798439979553,155.1113886833191,1068.5535888671875,505.6939392089844,37.88348,8.0,1,23.310284
2,1428,1716.5200295448303,188.05178785324097,1147.9937744140625,538.6343383789062,28.930166,8.0,1,26.015707
4,1428,1369.8339943885803,-128.8670506477356,801.3077392578125,221.7154998779297,27.850512,8.0,1,25.795721
4194,1428,1902.5113625526428,-94.78242540359497,1333.985107421875,255.8001251220703,23.991072,10.0,-1,3.985024
3,1428,1218.579538822174,196.57498121261597,650.0532836914062,547.1575317382812,16.207125,8.0,1,20.417091
4167,1428,1542.6992897987366,-313.2146039009094,974.1730346679688,37.36794662475586,15.875848,6.0,1,10.552309
3079,1428,2038.6092629432678,-26.411255359649658,1470.0830078125,324.1712951660156,15.816474,6.0,1,4.192168
1332,1428,723.4629464149475,546.233428478241,154.9366912841797,896.8159790039062,11.67839,10.0,-1,9.053179
3509,1428,2116.400522708893,300.7676692008972,1547.874267578125,651.3502197265625,10.069993,12.0,-1,0.76424706
4314,1428,1085.2862038612366,233.72549390792847,516.7599487304688,584.3080444335938,8.988799,14.0,-1,48.274067
4318,1428,2160.3879494667053,-86.57034349441528,1591.8616943359375,264.01220703125,8.341139,8.0,-1,28.50128
8,1428,1142.3201394081116,451.5072932243347,573.7938842773438,802.08984375,6.141316,16.0,-1,2.3119316
4369,1428,613.8163666725159,88.99655103683472,45.29011154174805,439.5791015625,5.9993267,22.0,-1,4.278802
2032,1428,653.5676674842834,-144.23225450515747,85.04141235351562,206.3502960205078,5.5234013,6.0,1,22.164598
2281,1428,1793.4622902870178,-82.38934373855591,1224.93603515625,268.1932067871094,5.2604375,8.0,-1,30.788849
4438,1428,1572.3651223182678,371.0378108024597,1003.8388671875,721.620361328125,5.1211553,8.0,-1,24.565552
12,1428,1136.9929909706116,840.9612727165222,568.4667358398438,1191.5438232421875,4.7532086,12.0,-1,14.687103
4413,1428,2132.0295510292053,269.7247004508972,1563.5032958984375,620.3072509765625,3.9184885,18.0,-1,3.262301
4158,1428,1517.9090676307678,489.40774488449097,949.3828125,839.9902954101562,3.2947848,8.0,1,3.28855
4264,1428,1039.4836831092834,-246.2523274421692,470.9574279785156,104.3302230834961,2.315513,10.0,1,0.4484135
4305,1428,1437.004343509674,225.55899000167847,868.4780883789062,576.1415405273438,2.1254447,6.0,-1,16.35131
4395,1428,823.0042061805725,647.8223567008972,254.4779510498047,998.4049072265625,0.6919162,20.0,-1,0.95933104
2986,1428,1431.9416604042053,480.1477961540222,863.4154052734375,830.7303466796875,0.27383843,16.0,-1,3.3918436
0,1429,1610.1621193885803,737.1628413200378,1041.2291259765625,1088.0091552734375,49.412716,10.0,1,26.97522
1,1429,1637.9968361854553,155.1113886833191,1069.0638427734375,505.95770263671875,46.450672,8.0,1,23.832905
3654,1429,1092.737986087799,801.2630610466003,523.8049926757812,1152.109375,43.96011,20.0,-1,23.017038
4,1429,1369.0278420448303,-128.54899644851685,800.0948486328125,222.2973175048828,38.604004,8.0,1,25.472101
2,1429,1717.0468850135803,189.07946729660034,1148.1138916015625,539.92578125,25.082998,8.0,1,26.411266
4194,1429,1903.0964455604553,-94.48953294754028,1334.1634521484375,256.3567810058594,17.326674,10.0,-1,1.9861063
3,1429,1218.579538822174,197.9048457145691,649.6465454101562,548.7511596679688,16.729227,8.0,1,21.64133
3079,1429,2040.9838967323303,-27.563171863555908,1472.0509033203125,323.28314208984375,16.409203,6.0,1,1.9121789
1332,1429,723.1780495643616,547.1791987419128,154.24505615234375,898.0255126953125,14.938157,10.0,-1,8.9825
4167,1429,1544.343698978424,-313.90192461013794,975.4107055664062,36.94438934326172,11.49952,6.0,1,9.672457
4318,1429,2160.8466897010803,-84.74417161941528,1591.9136962890625,266.1021423339844,10.171491,8.0,-1,31.407866
3509,1429,2117.3261818885803,300.95471143722534,1548.3931884765625,651.801025390625,9.232554,12.0,-1,1.3472093
4314,1429,1085.650827884674,233.12170362472534,516.7178344726562,583.968017578125,8.981534,14.0,-1,49.093475
4369,1429,613.3490204811096,87.65185499191284,44.4160270690918,438.4981689453125,8.290207,22.0,-1,3.6243725
8,1429,1141.1760964393616,449.58886671066284,572.2431030273438,800.4351806640625,7.35644,16.0,-1,0.4841485
12,1429,1135.7738137245178,839.5729975700378,566.8408203125,1190.4193115234375,7.3156877,12.0,-1,15.10028
4413,1429,2130.5844826698303,271.01293897628784,1561.6514892578125,621.8592529296875,7.1504326,18.0,-1,2.5399177
2281,1429,1794.9951272010803,-82.91769456863403,1226.0621337890625,267.9286193847656,6.438929,8.0,-1,30.969889
2032,1429,654.5598015785217,-144.49147081375122,85.6268081665039,206.35484313964844,6.0638847,6.0,1,21.424015
4158,1429,1518.1546120643616,490.87292432785034,949.2216186523438,841.71923828125,4.005848,8.0,1,1.9964586
4438,1429,1570.4173073768616,367.0807490348816,1001.4843139648438,717.9270629882812,3.5790422,8.0,-1,20.22932
4305,1429,1438.914011478424,227.33703565597534,869.9810180664062,578.183349609375,3.2057183,8.0,-1,15.984131
4264,1429,1036.7290749549866,-244.79594469070435,467.79608154296875,106.05036926269531,2.6455934,28.0,-1,0.27322984
4395,1429,819.4636178016663,644.6741938591003,250.53062438964844,995.5205078125,1.499379,20.0,-1,0.96933305
2986,1429,1429.759226322174,481.4391474723816,860.8262329101562,832.2854614257812,0.27642432,10.0,-1,3.3705783
0,1430,1607.9524025917053,736.9796137809753,1038.243408203125,1087.9820556640625,74.48239,10.0,1,25.679064
1,1430,1637.9718117713928,154.9952998161316,1068.2628173828125,505.99774169921875,54.094707,8.0,1,24.313276
4,1430,1369.975290775299,-128.88887071609497,800.2662963867188,222.1135711669922,45.328045,8.0,1,26.108652
3654,1430,1090.8667092323303,802.1693110466003,521.15771484375,1153.1717529296875,29.734293,20.0,-1,21.533802
2,1430,1717.6247658729553,188.9276728630066,1147.915771484375,539.9301147460938,23.625181,8.0,1,26.174147
3079,1430,2040.1164650917053,-27.468872547149658,1470.407470703125,323.5335693359375,20.849306,6.0,1,1.9921042
3,1430,1222.1452736854553,197.4241328239441,652.436279296875,548.4265747070312,19.259169,8.0,1,19.836987
4194,1430,1903.8137307167053,-90.97131395339966,1334.104736328125,260.0311279296875,17.344843,10.0,-1,3.5041769
1332,1430,723.883951663971,546.8511347770691,154.17495727539062,897.8535766601562,15.08364,10.0,-1,9.83655
3509,1430,2117.671762943268,300.95471143722534,1547.9627685546875,651.9571533203125,14.25104,12.0,-1,0.45180905
4318,1430,2163.7277932167053,-86.75396776199341,1594.018798828125,264.24847412109375,9.468087,8.0,-1,33.089336
4167,1430,1543.6513772010803,-313.3909840583801,973.9423828125,37.61145782470703,8.103281,6.0,1,10.697005
4314,1430,1086.726511478424,235.62402296066284,517.0175170898438,586.62646484375,7.5128665,14.0,-1,46.258427
8,1430,1139.9607644081116,450.75073194503784,570.2517700195312,801.753173828125,6.67968,16.0,-1,2.1556745
2032,1430,653.4026818275452,-143.6978611946106,83.69368743896484,207.30458068847656,6.148403,6.0,1,22.241444
4438,1430,1571.714304447174,365.18566846847534,1002.0053100585938,716.1881103515625,4.9216704,8.0,-1,22.023968
12,1430,1137.3430886268616,837.8826899528503,567.6340942382812,1188.8851318359375,4.7917495,12.0,-1,14.616678
4369,1430,613.53777551651,87.22460889816284,43.82878112792969,438.22705078125,4.7384877,22.0,-1,3.126099
2281,1430,1794.9951272010803,-84.29959154129028,1225.2861328125,266.7028503417969,4.3638597,8.0,-1,32.23854
4413,1430,2127.0376076698303,272.9376826286316,1557.32861328125,623.9401245117188,4.0075846,18.0,-1,2.8958006
4158,1430,1515.5213723182678,489.69409132003784,945.8123779296875,840.696533203125,3.4241474,8.0,1,3.212261
4264,1430,1034.9546303749084,-240.5306248664856,465.2456359863281,110.47181701660156,1.8810153,28.0,-1,0.8181222
4305,1430,1441.6964211463928,227.4762568473816,871.9874267578125,578.4786987304688,1.4771258,8.0,-1,15.715215
4395,1430,817.9724678993225,646.7258906364441,248.2634735107422,997.7283325195312,1.2258366,10.0,1,0.34105778
2986,1430,1425.6145119667053,482.67614698410034,855.905517578125,833.6785888671875,0.2985089,28.0,-1,3.8444219
0,1431,1609.094675540924,736.4408259391785,1038.6614990234375,1087.5662841796875,56.73334,10.0,1,25.52076
3654,1431,1090.1784768104553,802.2191462516785,519.7453002929688,1153.3446044921875,32.374786,20.0,-1,21.597301
1,1431,1638.061960697174,156.21752882003784,1067.6287841796875,507.3429870605469,30.503075,8.0,1,24.261265
4,1431,1372.126413822174,-130.73996019363403,801.6932373046875,220.385498046875,30.14034,8.0,1,27.116707
2,1431,1716.759470462799,188.87783765792847,1146.3262939453125,540.0032958984375,27.535425,8.0,1,27.481083
3,1431,1224.8542580604553,197.00711011886597,654.4210815429688,548.132568359375,19.817152,8.0,1,21.588985
1332,1431,724.2715249061584,545.1332697868347,153.83834838867188,896.2587280273438,16.522297,10.0,-1,11.5376625
4194,1431,1903.0991921424866,-89.09280443191528,1332.666015625,262.03265380859375,15.431008,10.0,-1,7.0905447
4314,1431,1085.100046634674,236.63925123214722,514.6668701171875,587.7647094726562,12.103732,14.0,-1,44.63475
4167,1431,1544.4827980995178,-314.17356538772583,974.0496215820312,36.9518928527832,11.943397,6.0,1,10.338136
3079,1431,2041.4531960487366,-27.699249744415283,1471.02001953125,323.42620849609375,10.074563,6.0,1,2.3106308
3509,1431,2119.149607181549,302.6607356071472,1548.7164306640625,653.7861938476562,8.444697,12.0,-1,0.64173365
4318,1431,2162.5203347206116,-85.41684007644653,1592.087158203125,265.7086181640625,8.002559,8.0,-1,36.191505
12,1431,1137.9384865760803,839.2396540641785,567.5053100585938,1190.3651123046875,6.9820766,12.0,-1,12.707755
2281,1431,1794.904978275299,-84.78250169754028,1224.4718017578125,266.34295654296875,6.060536,8.0,-1,31.057148
8,1431,1138.1958107948303,452.22158765792847,567.7626342773438,803.3470458984375,5.8112617,16.0,-1,0.75824916
4369,1431,612.8080277442932,87.83422803878784,42.37485122680664,438.9596862792969,5.5361214,22.0,-1,3.496974
2032,1431,653.4937233924866,-143.82960557937622,83.060546875,207.2958526611328,4.9555593,8.0,1,22.36979
4158,1431,1513.5465188026428,486.10305738449097,943.1133422851562,837.228515625,3.9975529,8.0,1,3.0807104
4438,1431,1570.895700931549,365.01382398605347,1000.4625244140625,716.1392822265625,3.7283287,8.0,-1,19.884268
4413,1431,2124.2005105018616,274.27847242355347,1553.767333984375,625.4039306640625,3.3041725,18.0,-1,1.3037548
4305,1431,1441.516550540924,230.74734449386597,871.0833740234375,581.872802734375,1.552022,8.0,-1,14.316067
4395,1431,819.0317482948303,642.0201716423035,248.59857177734375,993.1456298828125,0.9010411,18.0,-1,0.12706012
4509,1431,1026.7806191444397,-240.0743489265442,456.3474426269531,111.05110931396484,0.58325076,28.0,-1,4.956161
2986,1431,1426.2114357948303,483.51455640792847,855.7782592773438,834.6400146484375,0.3329278,10.0,-1,3.1238947
0,1432,1611.326853275299,738.184844493866,1040.2498779296875,1089.767578125,57.49325,10.0,1,24.431477
1,1432,1637.301706790924,156.3416132926941,1066.2247314453125,507.9243469238281,56.880886,8.0,1,23.908352
3654,1432,1090.819284915924,803.4625544548035,519.7423095703125,1155.0452880859375,34.506756,20.0,-1,20.803299
4,1432,1373.0360207557678,-132.82858324050903,801.9590454101562,218.754150390625,33.20848,8.0,1,26.665226
2,1432,1715.573923587799,191.94534254074097,1144.4969482421875,543.528076171875,28.062078,8.0,1,25.60236
4194,1432,1904.9815163612366,-89.06347703933716,1333.904541015625,262.5192565917969,24.394747,10.0,-1,2.0602775
3,1432,1225.8587136268616,196.75295972824097,654.78173828125,548.335693359375,15.427077,8.0,1,20.704365
4167,1432,1543.4531350135803,-315.7658200263977,972.3761596679688,35.81691360473633,12.505225,6.0,1,11.746495
1332,1432,725.409342288971,545.658233165741,154.33236694335938,897.240966796875,12.225853,10.0,-1,9.418175
3079,1432,2040.8667702674866,-28.162415027618408,1469.789794921875,323.4203186035156,11.361046,6.0,1,2.9131358
4314,1432,1086.9699807167053,237.70523023605347,515.8930053710938,589.2879638671875,9.0667715,14.0,-1,46.344734
2281,1432,1794.904978275299,-85.47122240066528,1223.8280029296875,266.11151123046875,8.039858,8.0,-1,31.299225
12,1432,1137.614206790924,837.194854259491,566.5372314453125,1188.777587890625,8.011945,12.0,-1,14.851087
3509,1432,2119.248972415924,302.3324885368347,1548.1719970703125,653.9152221679688,7.60447,12.0,-1,3.4228554
4318,1432,2162.519236087799,-85.19686937332153,1591.4422607421875,266.3858642578125,6.738912,8.0,-1,34.447437
8,1432,1137.5434670448303,452.22158765792847,566.4664916992188,803.8043212890625,6.018142,16.0,-1,0.85389864
4158,1432,1511.975046634674,482.4932551383972,940.8980712890625,834.0759887695312,5.095448,8.0,1,3.688087
2032,1432,654.1009087562561,-143.3767704963684,83.02393341064453,208.20596313476562,5.039939,6.0,1,22.504438
4413,1432,2122.954538822174,275.5126643180847,1551.8775634765625,627.0953979492188,4.895238,18.0,-1,2.031532
4438,1432,1569.1086525917053,364.59878492355347,998.0316772460938,716.1815185546875,4.4140563,8.0,-1,19.176172
4369,1432,611.37517786026,87.45928907394409,40.29820251464844,439.0420227050781,4.3368797,22.0,-1,4.1036196
4305,1432,1439.8189187049866,234.28872632980347,868.741943359375,585.8714599609375,1.4580525,8.0,-1,11.8864565
4509,1432,1027.8459572792053,-236.4243245124817,456.76898193359375,115.15840911865234,1.429437,28.0,-1,1.683526
4395,1432,822.1920113563538,641.2784724235535,251.1150360107422,992.8612060546875,0.63970226,10.0,1,0.5309136
2986,1432,1427.5498757362366,482.04251050949097,856.472900390625,833.625244140625,0.20090644,28.0,-1,2.6938682
1,1433,1637.2488503456116,155.7645411491394,1065.9681396484375,507.99639892578125,66.61589,8.0,1,25.237951
0,1433,1612.9739480018616,737.7864527702332,1041.6932373046875,1090.018310546875,64.01116,10.0,1,26.467054
3654,1433,1089.878611087799,806.2705836296082,518.597900390625,1158.50244140625,56.239414,20.0,-1,21.46315
4,1433,1372.9350686073303,-134.31372117996216,801.6543579101562,217.9181365966797,37.441425,8.0,1,26.882393
2,1433,1715.305857181549,192.8376612663269,1144.025146484375,545.0695190429688,24.668825,8.0,1,26.670279
4194,1433,1906.3565163612366,-89.78822374343872,1335.0758056640625,262.4436340332031,16.536964,10.0,-1,2.4624028
3,1433,1227.1482033729553,197.7021632194519,655.8674926757812,549.9340209960938,14.911403,8.0,1,22.11857
1332,1433,726.2388863563538,546.3376612663269,154.9581756591797,898.5695190429688,14.162872,10.0,-1,9.829721
4167,1433,1543.975534915924,-314.72977113723755,972.69482421875,37.5020866394043,12.08314,6.0,1,11.773303
3509,1433,2119.5823464393616,301.7315821647644,1548.3016357421875,653.9634399414062,11.04358,12.0,-1,3.8042915
3079,1433,2041.487741947174,-29.49446153640747,1470.20703125,322.7373962402344,10.296738,6.0,1,4.362853
4314,1433,1087.3863015174866,237.02839612960815,516.1055908203125,589.26025390625,8.2562895,14.0,-1,43.803265
4318,1433,2165.244089603424,-84.07643175125122,1593.96337890625,268.1554260253906,8.079446,8.0,-1,34.23664
2032,1433,655.2346138954163,-144.70520067214966,83.95390319824219,207.5266571044922,7.414511,6.0,1,22.430176
8,1433,1134.9755959510803,452.4904932975769,563.6948852539062,804.7223510742188,6.976686,16.0,-1,1.4058745
12,1433,1135.7345070838928,835.9709010124207,564.4537963867188,1188.2027587890625,6.3996463,12.0,-1,11.916345
4369,1433,610.3494744300842,86.54746961593628,39.068763732910156,438.7793273925781,5.9055047,22.0,-1,3.4739351
2281,1433,1793.444529056549,-85.62892198562622,1222.163818359375,266.6029357910156,5.8982224,8.0,-1,31.615982
4158,1433,1509.4412941932678,482.9808497428894,938.1605834960938,835.2127075195312,4.1220107,8.0,1,2.5301147
4413,1433,2123.123484134674,275.67036390304565,1551.8427734375,627.9022216796875,3.7698572,18.0,-1,3.5071342
4438,1433,1567.7962136268616,365.48017835617065,996.5155029296875,717.7120361328125,2.9262066,8.0,-1,17.866781
4305,1433,1435.4763894081116,234.6652979850769,864.1956787109375,586.8971557617188,1.5581517,8.0,-1,10.569445
4509,1433,1027.8988137245178,-234.77624559402466,456.61810302734375,117.45561218261719,1.4424762,28.0,-1,2.177626
4395,1433,816.9388527870178,638.0653834342957,245.65814208984375,990.2972412109375,0.93813974,8.0,1,1.0601387
0,1434,1613.8771767616272,737.7562708854675,1041.948974609375,1089.9659423828125,82.49598,10.0,1,26.61111
1,1434,1637.3407998085022,155.83018445968628,1065.41259765625,508.03985595703125,48.062607,8.0,1,24.637249
3654,1434,1088.6025185585022,806.2035365104675,516.67431640625,1158.4132080078125,36.289158,22.0,-1,22.29014
4,1434,1373.793131351471,-137.46499681472778,801.8649291992188,214.7446746826172,33.85184,8.0,1,25.900547
2,1434,1714.8780312538147,193.57005262374878,1142.9498291015625,545.7797241210938,29.925829,8.0,1,25.988365
4194,1434,1906.3016152381897,-90.31452989578247,1334.3734130859375,261.8951416015625,24.794714,10.0,-1,5.012178
1332,1434,727.7942910194397,545.1415247917175,155.8660888671875,897.3511962890625,14.520218,10.0,-1,8.718982
3,1434,1225.0425209999084,196.88554334640503,653.1143188476562,549.09521484375,12.06878,8.0,1,20.839094
4167,1434,1545.832682132721,-314.30896043777466,973.9044799804688,37.90071105957031,11.7761545,6.0,1,12.2077875
4314,1434,1087.4986367225647,237.04338026046753,515.5704345703125,589.2530517578125,9.610763,14.0,-1,42.30463
3079,1434,2040.3096718788147,-32.07637071609497,1468.3814697265625,320.13330078125,8.53956,6.0,1,4.2105308
2032,1434,655.5935006141663,-144.1640019416809,83.66529846191406,208.04566955566406,7.8150387,6.0,1,23.124304
3509,1434,2119.763651371002,302.87382459640503,1547.83544921875,655.08349609375,6.581734,12.0,-1,2.4686122
2281,1434,1794.7742714881897,-80.21492052078247,1222.8460693359375,271.9947509765625,6.3309674,8.0,-1,32.256886
8,1434,1132.9274697303772,452.7745203971863,560.999267578125,804.9841918945312,5.9088783,16.0,-1,2.482345
12,1434,1133.961344242096,837.69291639328,562.0331420898438,1189.902587890625,5.839416,12.0,-1,15.504608
4318,1434,2163.975321292877,-82.70610094070435,1592.047119140625,269.5035705566406,5.746596,8.0,-1,33.953228
4369,1434,610.0300316810608,86.5324854850769,38.101829528808594,438.7421569824219,5.1799936,22.0,-1,4.548958
4158,1434,1509.4961953163147,483.2252039909363,937.5679931640625,835.4348754882812,4.15756,8.0,1,3.2689605
4413,1434,2122.201151371002,275.6292567253113,1550.27294921875,627.8389282226562,3.64171,18.0,-1,4.6589303
4438,1434,1569.1188759803772,364.77775526046753,997.190673828125,716.9874267578125,2.6925085,8.0,-1,17.067472
4509,1434,1027.1645913124084,-236.64139604568481,455.23638916015625,115.56827545166016,1.6530409,28.0,-1,1.722509
4305,1434,1433.953043460846,235.26487684249878,862.0248413085938,587.4745483398438,1.4479214,8.0,-1,10.758214
4395,1434,817.7638039588928,633.193160533905,245.83560180664062,985.40283203125,0.6515137,8.0,1,0.058002234
2986,1434,1424.2096962928772,480.26066541671753,852.281494140625,832.4703369140625,0.24824095,28.0,-1,2.6123266
0,1435,1616.196207523346,737.5328822135925,1043.1461181640625,1090.4462890625,65.59759,10.0,1,26.556452
4,1435,1375.0020546913147,-138.84133958816528,801.9519653320312,214.0720672607422,53.40843,8.0,1,26.42465
1,1435,1638.354898929596,157.16374158859253,1065.3048095703125,510.0771484375,46.877308,8.0,1,24.12831
3654,1435,1087.2881264686584,805.0016322135925,514.238037109375,1157.9150390625,38.679913,20.0,-1,22.27943
2,1435,1716.939127445221,192.81291151046753,1143.8890380859375,545.726318359375,25.83455,8.0,1,26.719799
4194,1435,1906.877115726471,-92.5352635383606,1333.8270263671875,260.3781433105469,23.260954,10.0,-1,7.1966686
4167,1435,1545.1553139686584,-311.43296480178833,972.105224609375,41.48044204711914,18.73908,6.0,1,7.6698627
3,1435,1225.1601357460022,196.49510145187378,652.1100463867188,549.4085083007812,15.70824,8.0,1,20.40761
3079,1435,2039.4233803749084,-34.94642686843872,1466.373291015625,317.96697998046875,13.856407,6.0,1,2.764968
1332,1435,730.9514412879944,545.2492518424988,157.90135192871094,898.1626586914062,13.642228,10.0,-1,11.035257
3509,1435,2120.990152835846,303.0219569206238,1547.9400634765625,655.9353637695312,13.475533,12.0,-1,2.645468
4314,1435,1087.381021976471,236.53373670578003,514.3309326171875,589.4471435546875,9.579692,14.0,-1,43.33981
2281,1435,1796.9338784217834,-78.93034410476685,1223.8837890625,273.9830627441406,8.592193,8.0,-1,32.45336
12,1435,1133.083414554596,839.289840221405,560.0333251953125,1192.2032470703125,7.9251285,12.0,-1,18.520788
8,1435,1130.7925820350647,453.1056971549988,557.7424926757812,806.0191040039062,7.5442986,16.0,-1,0.41569138
4318,1435,2165.4846596717834,-81.83647203445435,1592.4345703125,271.0769348144531,6.721251,8.0,-1,32.724716
2032,1435,654.9848885536194,-141.9743504524231,81.93479919433594,210.93905639648438,5.570498,6.0,1,22.07048
4369,1435,609.7835755348206,84.3413233757019,36.73348617553711,437.2547302246094,4.971661,22.0,-1,3.9420342
4158,1435,1508.8674721717834,481.18412733078003,935.8173828125,834.0975341796875,4.686919,8.0,1,3.2968721
4413,1435,2123.616861820221,275.52152967453003,1550.5667724609375,628.4349365234375,3.8489907,18.0,-1,5.5576735
4438,1435,1568.4376015663147,367.00834608078003,995.3875122070312,719.9217529296875,2.042883,8.0,-1,14.131867
4509,1435,1026.764109134674,-234.27163743972778,453.7140197753906,118.64176940917969,1.598503,28.0,-1,1.6875032
4305,1435,1436.4938759803772,235.98753309249878,863.4437866210938,588.9009399414062,1.2104372,8.0,-1,10.083969
4395,1435,816.8111214637756,628.0511927604675,243.7610321044922,980.964599609375,1.1532985,8.0,1,0.7154907
0,1436,1616.8115258216858,737.1886439323425,1043.624267578125,1090.3680419921875,65.09906,10.0,1,26.648293
1,1436,1637.0089135169983,156.80888319015503,1063.8216552734375,509.98828125,65.06673,8.0,1,24.526548
4,1436,1373.4224877357483,-138.98695421218872,800.2352294921875,214.19244384765625,41.138634,8.0,1,25.824398
2,1436,1719.3571801185608,193.03825330734253,1146.169921875,546.2176513671875,33.502884,8.0,1,27.467108
3654,1436,1084.925844669342,805.1014857292175,511.73858642578125,1158.2808837890625,31.480833,20.0,-1,22.816822
3,1436,1225.3106713294983,197.35649061203003,652.1234130859375,550.535888671875,18.750223,8.0,1,21.237352
4167,1436,1543.300844669342,-311.7446789741516,970.1135864257812,41.43471908569336,16.895956,6.0,1,6.8880634
1332,1436,731.049623966217,544.9572596549988,157.86236572265625,898.1366577148438,16.112677,10.0,-1,10.1034975
4194,1436,1908.6566185951233,-91.8567967414856,1335.4693603515625,261.3226013183594,16.026094,10.0,-1,5.4449363
3079,1436,2037.8225121498108,-36.65187120437622,1464.63525390625,316.52752685546875,10.267346,6.0,1,3.6525435
4314,1436,1088.299868106842,236.37681531906128,515.1126098632812,589.5562133789062,8.393722,14.0,-1,49.600163
2281,1436,1795.0937523841858,-77.03920030593872,1221.906494140625,276.14019775390625,7.5197983,8.0,-1,33.25177
8,1436,1128.9624047279358,454.67777967453003,555.775146484375,807.857177734375,6.8099055,8.0,1,0.6982062
3509,1436,2121.2982201576233,302.20866346359253,1548.1109619140625,655.3880615234375,6.420332,12.0,-1,3.604803
12,1436,1133.7247338294983,839.18998670578,560.5374755859375,1192.369384765625,5.941338,10.0,-1,21.0587
2032,1436,656.0118508338928,-143.13566637039185,82.82459259033203,210.04373168945312,5.0305195,8.0,1,20.761246
4158,1436,1509.3582787513733,481.8820643424988,936.1710205078125,835.0614624023438,4.9203978,8.0,1,2.9770048
4318,1436,2163.773439884186,-85.0007176399231,1590.586181640625,268.1786804199219,4.5361047,8.0,-1,30.590393
4369,1436,609.0392022132874,86.67509412765503,35.85194396972656,439.8544921875,3.0759487,20.0,-1,3.0609655
4413,1436,2123.5186791419983,276.9870448112488,1550.3314208984375,630.1664428710938,2.911833,24.0,-1,6.579437
4438,1436,1565.5897850990295,366.26798963546753,992.4025268554688,719.4473876953125,2.7343552,8.0,-1,14.380992
4509,1436,1029.2211022377014,-233.72771501541138,456.0338439941406,119.4516830444336,2.0802698,28.0,-1,3.0035865
4305,1436,1439.116030216217,236.34452772140503,865.9287719726562,589.52392578125,2.0229814,8.0,-1,10.6756315
4395,1436,812.8154473304749,628.4622645378113,239.62818908691406,981.6416625976562,1.0856732,8.0,1,0.76187176
1,1437,1637.8832726478577,156.11283826828003,1063.9342041015625,509.9642333984375,71.22448,8.0,1,25.622135
0,1437,1616.0263390541077,737.63285779953,1042.0772705078125,1091.4842529296875,57.58521,10.0,1,25.80772
4,1437,1373.2361779212952,-139.75936937332153,799.287109375,214.09202575683594,42.146107,8.0,1,26.435038
3654,1437,1083.3764367103577,805.4855189323425,509.4273681640625,1159.3369140625,33.418163,20.0,-1,21.83889
2,1437,1720.3456749916077,193.11143445968628,1146.3966064453125,546.9628295898438,29.23197,8.0,1,25.557735
3,1437,1226.3381066322327,196.44779920578003,652.3890380859375,550.2991943359375,21.707687,8.0,1,20.595066
4194,1437,1907.9799523353577,-91.84733629226685,1334.0308837890625,262.0040588378906,18.977385,10.0,-1,3.005513
1332,1437,731.9532341957092,544.7493739128113,158.00416564941406,898.6007690429688,16.505144,10.0,-1,11.079509
4167,1437,1543.2124962806702,-310.6987805366516,969.263427734375,43.15261459350586,10.043304,6.0,1,11.006617
3079,1437,2037.9108605384827,-38.835800647735596,1463.9617919921875,315.0155944824219,9.637522,6.0,1,3.4460092
4314,1437,1089.533480167389,236.36735486984253,515.5844116210938,590.21875,9.478447,14.0,-1,50.791046
2281,1437,1795.6040978431702,-77.7515721321106,1221.655029296875,276.0998229980469,7.8711033,8.0,-1,34.370464
8,1437,1125.9799523353577,454.6020350456238,552.0308837890625,808.4534301757812,7.405176,8.0,1,1.4948024
2032,1437,658.2249321937561,-143.61209154129028,84.27586364746094,210.2393035888672,5.7386513,6.0,1,21.931168
4318,1437,2162.3737511634827,-84.6065526008606,1588.4246826171875,269.2448425292969,5.6733394,8.0,-1,28.151825
4158,1437,1508.4535851478577,481.9947352409363,934.5045166015625,835.8461303710938,4.942985,8.0,1,2.4944847
4369,1437,607.9628701210022,89.2805323600769,34.01380157470703,443.1319274902344,4.9207153,20.0,-1,3.590436
12,1437,1132.1514611244202,841.8715052604675,558.202392578125,1195.722900390625,4.103634,12.0,-1,21.87093
3509,1437,2121.464693546295,301.2880702018738,1547.515625,655.1394653320312,3.8701203,12.0,-1,4.060797
4413,1437,2123.181490421295,277.67326307296753,1549.232421875,631.524658203125,2.8785477,20.0,-1,4.2530355
4438,1437,1566.346956729889,365.4937586784363,992.3978881835938,719.3451538085938,2.7167244,8.0,-1,15.049639
4509,1437,1029.5114464759827,-236.63498735427856,455.5623779296875,117.2164077758789,1.7419177,28.0,-1,2.9085176
4395,1437,814.2759118080139,630.0199427604675,240.32684326171875,983.871337890625,1.7086614,8.0,1,0.4339614
4305,1437,1435.7116417884827,236.45762586593628,861.7625732421875,590.3090209960938,1.0534824,8.0,-1,11.109514
0,1438,1616.8606362342834,737.8005518913269,1042.4517822265625,1092.1256103515625,63.584347,10.0,1,25.706732
3654,1438,1081.4157509803772,804.2817530632019,507.00689697265625,1158.6068115234375,39.158573,20.0,-1,21.35455
1,1438,1636.9910073280334,154.1488184928894,1062.5821533203125,508.473876953125,35.149475,8.0,1,23.615692
2,1438,1718.598062992096,193.5636134147644,1144.189208984375,547.888671875,32.889896,8.0,1,25.89749
4,1438,1372.5613808631897,-141.20312547683716,798.1525268554688,213.12193298339844,32.66525,8.0,1,25.049778
4194,1438,1908.029459476471,-90.29322862625122,1333.62060546875,264.0318298339844,20.400925,10.0,-1,5.645662
3,1438,1228.022379398346,197.7827296257019,653.613525390625,552.1077880859375,18.53633,8.0,1,21.503801
1332,1438,732.6113839149475,543.7375636100769,158.20252990722656,898.0626220703125,15.307636,10.0,-1,11.362734
4167,1438,1540.6758828163147,-309.0829472541809,966.2670288085938,45.24211120605469,13.161382,6.0,1,7.5160756
3079,1438,2038.2956948280334,-38.449448108673096,1463.8868408203125,315.8756103515625,11.607487,6.0,1,3.9817133
4314,1438,1089.248209476471,236.38667249679565,514.83935546875,590.7117309570312,8.83121,14.0,-1,47.619682
3509,1438,2120.3996987342834,301.54609632492065,1545.9908447265625,655.8711547851562,7.4738383,12.0,-1,3.496743
4318,1438,2163.692545413971,-86.56141710281372,1589.28369140625,267.7636413574219,7.391279,10.0,-1,26.572756
8,1438,1124.261393070221,455.3781886100769,549.8525390625,809.7032470703125,6.4709,6.0,1,1.4395905
2281,1438,1793.9219155311584,-79.92680406570435,1219.5130615234375,274.39825439453125,6.178143,8.0,-1,29.927782
12,1438,1134.4351601600647,841.8521876335144,560.0263061523438,1196.17724609375,5.236111,12.0,-1,22.584602
4158,1438,1510.0967812538147,481.4264063835144,935.6879272460938,835.75146484375,5.122949,8.0,1,3.163548
2032,1438,658.1754250526428,-143.86718797683716,83.76657104492188,210.45787048339844,4.947459,6.0,1,20.841675
4413,1438,2124.2317299842834,276.45210218429565,1549.8228759765625,630.7771606445312,3.795624,18.0,-1,3.4058459
4369,1438,606.0755314826965,91.80924940109253,31.666677474975586,446.1343078613281,3.3689926,20.0,-1,3.941925
4438,1438,1569.189371585846,365.79206800460815,994.780517578125,720.1171264648438,2.915159,8.0,-1,12.218887
4305,1438,1436.470865726471,236.07026624679565,862.06201171875,590.3953247070312,2.532074,8.0,-1,13.98306
4395,1438,814.3623299598694,627.8509669303894,239.95347595214844,982.176025390625,2.2170439,8.0,1,1.025567
4509,1438,1027.9668984413147,-236.59291887283325,453.55804443359375,117.73213958740234,1.8769597,28.0,-1,2.0260148
0,1439,1616.8165001869202,738.0645613670349,1042.023193359375,1092.4962158203125,61.577183,10.0,1,25.536974
4,1439,1372.9289269447327,-140.43501138687134,798.1356201171875,213.99664306640625,57.756664,8.0,1,25.283321
1,1439,1636.9675011634827,153.9100203514099,1062.1741943359375,508.3416748046875,47.124435,8.0,1,23.798267
3654,1439,1080.1441369056702,805.6087508201599,505.350830078125,1160.0404052734375,35.664593,20.0,-1,22.369814
2,1439,1716.7021203041077,195.51408529281616,1141.9088134765625,549.9457397460938,31.159996,8.0,1,25.855305
3,1439,1226.2775597572327,197.34294271469116,651.4842529296875,551.7745971679688,17.051191,8.0,1,21.057125
4167,1439,1540.8025841712952,-309.1257653236389,966.00927734375,45.30588912963867,15.251119,6.0,1,8.414956
1332,1439,732.7862114906311,544.6403670310974,157.99290466308594,899.072021484375,14.985541,10.0,-1,10.599469
4194,1439,1909.8279747962952,-88.26801919937134,1335.03466796875,266.16363525390625,14.332208,10.0,-1,8.287424
3079,1439,2037.2348351478577,-36.51615762710571,1462.4415283203125,317.9154968261719,11.464096,6.0,1,4.2422037
4314,1439,1088.1579308509827,236.52885580062866,513.3646240234375,590.9605102539062,9.613881,14.0,-1,41.947166
8,1439,1122.4336876869202,453.69621419906616,547.640380859375,808.1278686523438,9.353298,6.0,1,2.196131
2281,1439,1792.7638878822327,-80.21821451187134,1217.9705810546875,274.21343994140625,7.3318734,8.0,-1,33.52038
4158,1439,1512.0498986244202,481.4692244529724,937.256591796875,835.90087890625,6.2809196,10.0,1,0.616727
2032,1439,662.5886178016663,-146.31756448745728,87.7953109741211,208.1140899658203,4.734595,6.0,1,20.363989
3509,1439,2118.56405878067,300.07695150375366,1543.770751953125,654.5086059570312,4.446453,10.0,-1,3.767597
4318,1439,2164.36386346817,-89.61952066421509,1589.570556640625,264.8121337890625,4.4134707,8.0,-1,28.765928
12,1439,1134.702181339264,841.3423933982849,559.9088745117188,1195.7740478515625,4.3312616,12.0,-1,21.868393
4369,1439,601.2826714515686,91.72505331039429,26.489364624023438,446.1567077636719,4.109346,22.0,-1,3.465004
4438,1439,1571.3788170814514,367.13200521469116,996.5855102539062,721.5636596679688,2.557478,8.0,-1,14.055788
4395,1439,814.3858361244202,625.9202132225037,239.592529296875,980.3518676757812,2.250728,8.0,1,0.64189637
4413,1439,2124.2944054603577,278.8730330467224,1549.5010986328125,633.3046875,2.1526067,20.0,-1,1.2664449
4509,1439,1026.0532250404358,-234.3591980934143,451.2599182128906,120.07245635986328,1.8346246,28.0,-1,1.8704426
4305,1439,1437.7582116127014,235.68693685531616,862.9649047851562,590.1185913085938,1.6047643,8.0,-1,13.040327
0,1440,1615.0395684242249,737.4145979881287,1039.88671875,1092.063720703125,84.6749,10.0,1,25.660574
1,1440,1637.5634942054749,153.55641317367554,1062.41064453125,508.2055358886719,41.509876,8.0,1,23.697325
4,1440,1373.7487969398499,-140.54296731948853,798.595947265625,214.1061553955078,38.72186,8.0,1,25.630335
3654,1440,1080.1830315589905,808.0779280662537,505.0301818847656,1162.72705078125,32.7223,20.0,-1,21.848263
2,1440,1718.8762383460999,196.99076986312866,1143.723388671875,551.639892578125,29.218985,8.0,1,25.553532
3,1440,1225.853594303131,199.0265974998474,650.7007446289062,553.6757202148438,17.644327,8.0,1,18.40218
4314,1440,1087.927080631256,234.78434896469116,512.7742309570312,589.4334716796875,15.801136,16.0,-1,43.701744
4194,1440,1910.7513604164124,-89.21653604507446,1335.5985107421875,265.4325866699219,13.244316,10.0,-1,9.90046
4167,1440,1538.5307793617249,-310.1716752052307,963.3779296875,44.477447509765625,12.399452,6.0,1,9.806556
3079,1440,2037.5887627601624,-36.52769327163696,1462.4359130859375,318.1214294433594,11.193551,6.0,1,3.8929977
1332,1440,731.5635552406311,542.9722762107849,156.41070556640625,897.6213989257812,10.535185,10.0,-1,10.80513
2032,1440,664.1789498329163,-146.0072159767151,89.0261001586914,208.64190673828125,7.754524,8.0,1,19.884733
2281,1440,1792.9107842445374,-79.66233682632446,1217.7579345703125,274.9867858886719,6.0463715,8.0,-1,33.467045
8,1440,1122.7876152992249,453.39763021469116,547.634765625,808.0467529296875,5.7153854,16.0,-1,0.058618546
4318,1440,2164.8770928382874,-90.44309854507446,1589.7242431640625,264.2060241699219,5.397159,8.0,-1,24.76877
3509,1440,2118.128435611725,301.0181746482849,1542.9755859375,655.6672973632812,5.2974086,10.0,-1,4.7784333
4158,1440,1514.6580986976624,480.61857748031616,939.5052490234375,835.2677001953125,5.175436,10.0,1,0.61753416
12,1440,1130.8568902015686,845.0540022850037,555.7040405273438,1199.703125,4.270944,12.0,-1,22.307396
4369,1440,594.3292660713196,93.55400228500366,19.176416397094727,448.203125,3.8085585,18.0,-1,3.6634436
4438,1440,1571.0935235023499,367.6639266014099,995.940673828125,722.3130493164062,3.2511816,8.0,-1,15.087391
4509,1440,1026.0143303871155,-234.29807901382446,450.8614807128906,120.35104370117188,1.5115792,28.0,-1,0.86840034
4305,1440,1441.908525943756,235.7197127342224,866.7556762695312,590.3688354492188,1.4804212,8.0,-1,12.354815
4413,1440,2120.1021904945374,278.88456869125366,1544.9493408203125,633.53369140625,1.3303456,20.0,-1,2.4247432
4395,1440,811.8555016517639,624.3848738670349,236.70265197753906,979.0339965820312,0.8333222,8.0,1,0.7299105
0,1441,1614.7557549476624,737.0432753562927,1039.8565673828125,1092.044921875,87.73313,10.0,1,25.672176
1,1441,1638.8703789710999,151.4111647605896,1063.97119140625,506.4128112792969,39.975574,8.0,1,24.794502
3654,1441,1079.4308648109436,810.3020644187927,504.53167724609375,1165.3037109375,39.43927,20.0,-1,21.983723
4,1441,1373.8593926429749,-141.05793619155884,798.960205078125,213.94371032714844,33.48099,8.0,1,25.385048
2,1441,1719.8944268226624,197.56787252426147,1144.9952392578125,552.5695190429688,21.39599,8.0,1,25.236055
3,1441,1227.1723809242249,199.21606588363647,652.273193359375,554.2177124023438,17.148575,8.0,1,20.671122
4194,1441,1910.9793877601624,-87.47936868667603,1336.0802001953125,267.52227783203125,16.683393,10.0,-1,9.792138
1332,1441,732.922182559967,542.4630751609802,158.0229949951172,897.4647216796875,16.598413,10.0,-1,10.616466
4167,1441,1537.3957085609436,-311.0997986793518,962.4965209960938,43.90184783935547,13.112225,6.0,1,9.519272
4314,1441,1088.567461490631,233.23419332504272,513.6682739257812,588.23583984375,12.178977,16.0,-1,45.320396
3079,1441,2039.0022149085999,-37.503294467926025,1464.10302734375,317.49835205078125,11.772301,6.0,1,4.4803305
4535,1441,2197.0472588539124,-307.578058719635,1622.1480712890625,47.423587799072266,9.856344,6.0,1,14.717474
2281,1441,1792.9353203773499,-79.05239725112915,1218.0361328125,275.9492492675781,8.256011,8.0,-1,32.304527
4318,1441,2164.0653252601624,-89.2876877784729,1589.1661376953125,265.7139587402344,7.8135185,10.0,-1,23.446167
3509,1441,2118.0179619789124,302.721070766449,1543.1187744140625,657.7227172851562,7.249012,10.0,-1,7.623029
8,1441,1122.9256768226624,455.378053188324,548.0264892578125,810.3796997070312,5.8357425,16.0,-1,0.25275195
4158,1441,1513.268633365631,480.727418422699,938.3694458007812,835.7290649414062,5.1953597,10.0,1,0.76369286
12,1441,1128.7223076820374,847.1724257469177,553.8231201171875,1202.174072265625,5.0191207,12.0,-1,21.84455
2032,1441,663.8353753089905,-146.0763840675354,88.93618774414062,208.92526245117188,4.835355,8.0,1,19.58338
4369,1441,592.6435303688049,92.12951803207397,17.744342803955078,447.13116455078125,3.8805072,18.0,-1,2.208526
4413,1441,2120.077654361725,278.953736782074,1545.178466796875,633.9553833007812,3.2670147,22.0,-1,1.4683785
4305,1441,1444.7213921546936,233.03381490707397,869.8222045898438,588.0354614257812,2.530351,8.0,-1,13.387125
4438,1441,1571.599199771881,366.3759779930115,996.7000122070312,721.3776245117188,2.5261803,8.0,-1,18.33114
4509,1441,1022.8790154457092,-232.22109842300415,447.9798278808594,122.78054809570312,1.8753757,28.0,-1,4.2485924
4395,1441,809.8604760169983,624.2164931297302,234.96128845214844,979.2181396484375,1.2545861,8.0,1,0.82348764
0,1442,1613.5681328773499,738.5896010398865,1037.8973388671875,1094.0103759765625,91.72503,10.0,1,24.436274
4,1442,1373.8593926429749,-141.42527627944946,798.1885986328125,213.99549865722656,49.856018,8.0,1,24.846773
1,1442,1635.9393486976624,150.57336568832397,1060.2685546875,505.994140625,48.300793,8.0,1,22.410503
3654,1442,1079.316729068756,810.5271010398865,503.64593505859375,1165.9478759765625,38.107388,20.0,-1,22.278103
3,1442,1228.0690484046936,200.68042135238647,652.3982543945312,556.1011962890625,22.303102,8.0,1,19.175325
2,1442,1719.8210625648499,197.02624654769897,1144.1502685546875,552.447021484375,21.349192,8.0,1,25.441038
4194,1442,1911.5526299476624,-88.17736673355103,1335.8818359375,267.243408203125,16.105104,10.0,-1,9.665652
1332,1442,733.816454410553,542.5754408836365,158.14566040039062,897.9962158203125,14.515336,10.0,-1,11.389151
4314,1442,1086.551561832428,233.23419332504272,510.8807678222656,588.6549682617188,13.280739,14.0,-1,44.08469
3079,1442,2037.7317070960999,-40.0562424659729,1462.0609130859375,315.3645324707031,12.939519,6.0,1,2.4960299
3509,1442,2117.6463799476624,302.5563368797302,1541.9755859375,657.9771118164062,8.937805,10.0,-1,7.099707
4535,1442,2197.8313164711,-307.345263004303,1622.1605224609375,48.07551193237305,8.889041,6.0,1,15.1513
4318,1442,2166.3758721351624,-86.37835550308228,1590.705078125,269.04241943359375,8.679505,10.0,-1,24.854286
4167,1442,1539.4074273109436,-309.0549988746643,963.7366333007812,46.36577606201172,8.508389,6.0,1,11.690001
8,1442,1119.7964043617249,456.1991591453552,544.1256103515625,811.6199340820312,7.8882656,16.0,-1,1.5204657
2032,1442,662.4564843177795,-145.9241623878479,86.78569030761719,209.49661254882812,5.31497,8.0,1,20.156052
4158,1442,1512.1218438148499,480.4054579734802,936.4510498046875,835.8262329101562,5.06186,18.0,-1,0.18384385
12,1442,1129.0981011390686,845.468629360199,553.4273071289062,1200.889404296875,4.422063,12.0,-1,19.795677
2281,1442,1793.6406426429749,-78.47735452651978,1217.9698486328125,276.94342041015625,4.297093,8.0,-1,28.02671
4413,1442,2122.938005924225,278.9379286766052,1547.2672119140625,634.3587036132812,3.9191551,8.0,1,0.8813968
4438,1442,1573.9096245765686,365.7164931297302,998.2388305664062,721.1372680664062,3.6912308,8.0,-1,18.28148
4509,1442,1024.8666558265686,-232.3959641456604,449.19586181640625,123.02481079101562,2.778476,28.0,-1,3.0147972
4305,1442,1447.4030938148499,234.47314596176147,871.7322998046875,589.8939208984375,2.380044,8.0,-1,15.186392
4369,1442,591.30073595047,92.6332106590271,15.629941940307617,448.0539855957031,2.071493,18.0,-1,2.3877864
4395,1442,809.0958886146545,623.8139662742615,233.4250946044922,979.2347412109375,1.3819832,8.0,1,0.14642656
0,1443,1612.3907113075256,738.5896010398865,1035.9193115234375,1094.064697265625,89.06418,10.0,1,24.6631
3654,1443,1078.3716073036194,810.4943861961365,501.90020751953125,1165.969482421875,49.542683,20.0,-1,22.296131
4,1443,1374.5340828895569,-141.41235208511353,798.0626831054688,214.062744140625,47.5242,8.0,1,26.049397
1,1443,1636.1578011512756,149.2225661277771,1059.6864013671875,504.6976623535156,30.758017,8.0,1,25.024973
2,1443,1719.9416146278381,199.41003561019897,1143.47021484375,554.8851318359375,18.28543,8.0,1,26.613583
3,1443,1229.4567513465881,202.94470357894897,652.9853515625,558.4197998046875,16.458817,8.0,1,20.177225
4194,1443,1912.9230599403381,-89.09646463394165,1336.45166015625,266.3786315917969,15.903136,10.0,-1,10.224451
1332,1443,734.469400882721,542.689576625824,157.9980010986328,898.1646728515625,14.128661,10.0,-1,11.936983
3509,1443,2116.3592171669006,304.329469203949,1539.8878173828125,659.8045654296875,11.658782,10.0,-1,9.924238
3079,1443,2037.4336800575256,-39.679686069488525,1460.9622802734375,315.79541015625,11.250924,6.0,1,2.892198
4167,1443,1539.2677865028381,-307.96501779556274,962.79638671875,47.51007843017578,11.059509,6.0,1,10.438901
4535,1443,2198.379114627838,-307.7555184364319,1621.90771484375,47.71957778930664,10.656762,6.0,1,15.13477
4314,1443,1087.1446480751038,234.18548727035522,510.6732482910156,589.6605834960938,9.718544,14.0,-1,44.395393
2281,1443,1792.2203011512756,-81.20083475112915,1215.7489013671875,274.2742614746094,6.452577,8.0,-1,31.63073
8,1443,1117.8359017372131,455.1655287742615,541.364501953125,810.640625,6.2802796,16.0,-1,1.262277
2032,1443,662.4564843177795,-146.65412759780884,85.9850845336914,208.8209686279297,6.102827,6.0,1,19.9267
4158,1443,1512.3222908973694,481.7080092430115,935.8508911132812,837.18310546875,5.8832474,16.0,-1,0.14269376
4318,1443,2165.563440799713,-86.82256937026978,1589.092041015625,268.65252685546875,4.9927745,10.0,-1,19.37083
4413,1443,2124.426966190338,281.0679335594177,1547.95556640625,636.5430297851562,4.5309167,16.0,-1,2.164585
12,1443,1128.1066536903381,845.7041029930115,551.63525390625,1201.17919921875,3.958629,12.0,-1,18.761545
4438,1443,1572.1377816200256,364.287477016449,995.6663818359375,719.7625732421875,3.6113653,8.0,-1,19.276213
4509,1443,1024.1506905555725,-233.19707345962524,447.6792907714844,122.27802276611328,3.56834,28.0,-1,1.0170784
4369,1443,593.9994263648987,92.3810133934021,17.528026580810547,447.8561096191406,3.0212214,20.0,-1,2.0297441
4305,1443,1448.5204110145569,236.60284566879272,872.0490112304688,592.0779418945312,2.8891585,8.0,-1,15.868755
4395,1443,808.1934151649475,620.1685194969177,231.72201538085938,975.6436157226562,1.1657172,8.0,1,1.044435
0,1444,1613.1781868934631,737.6846632957458,1036.635986328125,1093.623291015625,61.541416,10.0,1,23.149757
4,1444,1374.6535897254944,-140.05145120620728,798.1113891601562,215.88717651367188,55.88252,8.0,1,25.337427
3654,1444,1077.9901375770569,811.2170119285583,501.44793701171875,1167.1556396484375,40.457436,20.0,-1,22.015175
2,1444,1720.6386361122131,198.3485426902771,1144.096435546875,554.2871704101562,33.79961,8.0,1,26.446207
1,1444,1636.1578011512756,149.68917989730835,1059.6156005859375,505.6278076171875,32.124256,8.0,1,24.378872
3,1444,1228.9178109169006,204.0106520652771,652.3756103515625,559.9492797851562,18.104237,8.0,1,19.663338
4167,1444,1538.9063363075256,-310.1434235572815,962.3641357421875,45.795204162597656,15.31359,6.0,1,9.164494
4314,1444,1088.2379097938538,235.8126540184021,511.6957092285156,591.7512817382812,10.972133,14.0,-1,44.44653
1332,1444,736.1428627967834,540.7745070457458,159.6006622314453,896.713134765625,10.8184595,10.0,-1,10.46492
8,1444,1115.3678231239319,452.2257399559021,538.8256225585938,808.1643676757812,9.728065,16.0,-1,1.053526
3079,1444,2036.1823372840881,-40.88064432144165,1459.64013671875,315.0579833984375,9.50185,6.0,1,3.4614432
4194,1444,1911.6680550575256,-88.08428812026978,1335.1258544921875,267.8543395996094,9.24072,10.0,-1,4.788026
4535,1444,2197.600794315338,-307.41513299942017,1621.05859375,48.523494720458984,8.852939,6.0,1,14.146648
4318,1444,2160.560755252838,-85.17898416519165,1584.0185546875,270.7596435546875,6.758728,10.0,-1,24.183716
2281,1444,1792.2635140419006,-80.15124368667603,1215.7213134765625,275.7873840332031,6.612039,8.0,-1,32.009933
3509,1444,2116.992151737213,303.03488302230835,1540.449951171875,658.9735107421875,6.4747176,10.0,-1,8.226312
2032,1444,660.1717019081116,-146.65412759780884,83.62950134277344,209.2845001220703,6.431743,6.0,1,20.193665
12,1444,1128.5802865028381,844.3328566551208,552.0380859375,1200.271484375,5.620754,12.0,-1,18.74397
4413,1444,2124.808802127838,280.06759786605835,1548.2666015625,636.0062255859375,4.5979037,16.0,-1,1.34475
4158,1444,1511.4615731239319,480.9828200340271,934.9193725585938,836.9214477539062,4.4177613,18.0,-1,0.28866053
4305,1444,1448.4648079872131,238.2243971824646,871.922607421875,594.1630249023438,3.8972728,6.0,-1,16.807758
4438,1444,1573.3003182411194,364.1581130027771,996.7581176757812,720.0967407226562,3.5940335,8.0,-1,16.136848
4509,1444,1025.0073800086975,-232.1167664527893,448.4651794433594,123.82186126708984,2.6103046,10.0,1,0.027460337
4369,1444,592.687340259552,92.3368239402771,16.145139694213867,448.27545166015625,2.5589633,20.0,-1,2.2850797
4395,1444,808.3722176551819,620.8389601707458,231.83001708984375,976.777587890625,0.800206,8.0,1,1.0267589
0,1445,1613.1177620887756,736.1956496238708,1036.3203125,1093.614990234375,58.659008,10.0,1,23.399744
4,1445,1374.9049324989319,-139.42117166519165,798.1074829101562,217.9981689453125,50.395718,8.0,1,25.17669
3654,1445,1077.734308719635,810.5153517723083,500.9368591308594,1167.9346923828125,31.838982,20.0,-1,22.242142
1,1445,1636.5823616981506,148.95346212387085,1059.784912109375,506.372802734375,30.563597,8.0,1,25.130455
2,1445,1720.6386361122131,196.4377760887146,1143.8411865234375,553.8571166992188,28.270262,8.0,1,26.639849
4194,1445,1907.1565804481506,-89.63439798355103,1330.359130859375,267.7849426269531,21.63547,10.0,-1,6.927994
3,1445,1229.2050423622131,202.6954665184021,652.4075927734375,560.1148071289062,17.975582,8.0,1,18.624838
4167,1445,1538.5000863075256,-311.982542514801,961.70263671875,45.436798095703125,14.888999,6.0,1,10.559216
1332,1445,738.4376931190491,535.9412550926208,161.64024353027344,893.360595703125,11.548823,10.0,-1,10.950415
4535,1445,2198.3152718544006,-307.2140564918518,1621.517822265625,50.205284118652344,9.9593115,6.0,1,13.901469
3509,1445,2118.815882205963,302.4015212059021,1542.0184326171875,659.8208618164062,7.0106444,10.0,-1,7.5803947
3079,1445,2034.4461312294006,-40.88064432144165,1457.648681640625,316.5386962890625,6.6437683,6.0,1,3.8038757
2281,1445,1792.8262581825256,-80.0091233253479,1216.02880859375,277.41021728515625,6.609869,8.0,-1,32.755787
4314,1445,1086.4811654090881,233.0014967918396,509.6837158203125,590.4208374023438,6.331739,16.0,-1,14.934769
4158,1445,1511.7611947059631,484.68820333480835,934.9637451171875,842.1075439453125,5.687601,18.0,-1,1.0249941
8,1445,1115.3046517372131,451.4062819480896,538.5072021484375,808.8256225585938,5.683539,16.0,-1,0.58527935
4318,1445,2162.200891971588,-83.86901712417603,1585.4034423828125,273.5503234863281,5.3826528,10.0,-1,22.67023
2032,1445,660.7433495521545,-147.27488565444946,83.9458999633789,210.1444549560547,5.077625,6.0,1,21.100353
12,1445,1126.3576302528381,845.6329054832458,549.5601806640625,1203.05224609375,4.3025126,14.0,-1,16.35921
4438,1445,1574.7040657997131,364.8420729637146,997.9066162109375,722.2614135742188,3.0926075,8.0,-1,15.814496
4305,1445,1444.8871102333069,238.46176290512085,868.0896606445312,595.881103515625,2.2405324,8.0,-1,15.539034
4369,1445,593.1174416542053,95.43017721176147,16.319992065429688,452.8495178222656,1.9824284,20.0,-1,2.9510672
4413,1445,2122.971888065338,280.7059645652771,1546.1744384765625,638.1253051757812,1.8854908,16.0,-1,1.2064795
4395,1445,805.1909279823303,622.9267287254333,228.3934783935547,980.3460693359375,1.5844425,16.0,-1,0.30013895
4509,1445,1021.4665780067444,-231.79221200942993,444.66912841796875,125.62712860107422,1.4782767,28.0,-1,2.7002814
0,1446,1613.1750741004944,736.0493330955505,1036.2196044921875,1093.953857421875,57.073948,10.0,1,23.433773
1,1446,1635.0423836708069,148.1598677635193,1058.0869140625,506.06439208984375,53.781956,8.0,1,25.267517
3654,1446,1077.3227181434631,809.8061690330505,500.36724853515625,1167.710693359375,44.16382,20.0,-1,22.551542
4,1446,1375.1236214637756,-139.80869913101196,798.1681518554688,218.0958251953125,35.16693,8.0,1,25.486015
4535,1446,2196.945703983307,-305.8884491920471,1619.990234375,52.016075134277344,21.610151,6.0,1,11.679847
4194,1446,1908.3749032020569,-89.74030923843384,1331.41943359375,268.1642150878906,20.872072,10.0,-1,8.586811
4167,1446,1538.5000863075256,-311.982542514801,961.5446166992188,45.92198181152344,15.722275,6.0,1,10.948957
2,1446,1719.7983651161194,194.9811568260193,1142.8428955078125,552.8856811523438,15.403034,8.0,1,26.07142
1332,1446,736.8335061073303,537.8076338768005,159.87803649902344,895.712158203125,15.304162,10.0,-1,11.568269
3,1446,1230.0546517372131,202.78724813461304,653.0991821289062,560.6917724609375,14.426037,8.0,1,21.257933
3079,1446,2033.0525155067444,-38.48698282241821,1456.0970458984375,319.41754150390625,14.295377,6.0,1,1.8709712
4318,1446,2165.014551639557,-86.03767251968384,1588.05908203125,271.8668518066406,9.72357,10.0,-1,25.82565
3509,1446,2119.365625858307,303.49318075180054,1542.41015625,661.397705078125,8.034711,10.0,-1,7.925568
8,1446,1112.6423592567444,454.4019331932068,535.6868896484375,812.3064575195312,7.3616157,16.0,-1,1.4619914
4314,1446,1083.97381067276,232.26271200180054,507.0183410644531,590.167236328125,5.462057,16.0,-1,5.0705004
2032,1446,660.5756554603577,-147.42480325698853,83.62018585205078,210.47972106933594,5.446544,6.0,1,21.449093
2281,1446,1794.2489266395569,-78.46409463882446,1217.29345703125,279.4404296875,4.7616954,8.0,-1,30.14965
12,1446,1127.6773324012756,845.062394618988,550.7218627929688,1202.9669189453125,4.5237722,14.0,-1,16.74033
4369,1446,595.3499970436096,95.90425252914429,18.394527435302734,453.80877685546875,4.409769,20.0,-1,4.463012
4158,1446,1508.4827523231506,489.8139204978943,931.5272827148438,847.7184448242188,3.254566,18.0,-1,1.515506
4413,1446,2123.5312752723694,280.2257857322693,1546.5758056640625,638.1303100585938,2.8708305,16.0,-1,2.1097455
4305,1446,1446.8988900184631,238.6151900291443,869.9434204101562,596.5197143554688,2.689335,8.0,-1,15.116891
4438,1446,1576.9496102333069,365.75477743148804,999.994140625,723.6593017578125,2.3912926,8.0,-1,14.6222925
4509,1446,1021.0934090614319,-226.43394327163696,444.137939453125,131.4705810546875,2.3386524,28.0,-1,2.270589
4395,1446,800.9035439491272,622.7487349510193,223.9480743408203,980.6532592773438,0.9469459,18.0,-1,0.2974584
0,1447,1614.247414112091,735.936646938324,1036.3021240234375,1093.932373046875,62.926037,10.0,1,23.233418
1,1447,1635.8234639167786,148.00546407699585,1057.878173828125,506.0011901855469,59.38043,8.0,1,26.189249
4,1447,1378.096535205841,-139.80869913101196,800.1512451171875,218.18702697753906,40.942226,8.0,1,24.980082
3654,1447,1077.8637166023254,811.7697768211365,499.9184265136719,1169.7655029296875,36.918587,20.0,-1,22.666557
3,1447,1230.1651997566223,204.07367086410522,652.2199096679688,562.0693969726562,25.642975,8.0,1,19.077002
2,1447,1718.521095752716,196.61773824691772,1140.5758056640625,554.6134643554688,19.28781,8.0,1,25.413715
4194,1447,1908.2458271980286,-91.59271097183228,1330.300537109375,266.40301513671875,16.205362,10.0,-1,10.455759
4535,1447,2196.423927783966,-305.68889474868774,1618.4786376953125,52.30683135986328,13.888789,6.0,1,10.146955
1332,1447,735.5191884040833,538.1493544578552,157.5738983154297,896.1450805664062,12.14734,10.0,-1,11.12324
3079,1447,2033.1113057136536,-38.601927280426025,1455.166015625,319.393798828125,10.773923,6.0,1,2.6879358
8,1447,1113.6261372566223,456.3176283836365,535.6808471679688,814.3133544921875,8.792282,16.0,-1,0.40308857
4167,1447,1536.275978565216,-313.29881143569946,958.3306884765625,44.69691467285156,8.067772,6.0,1,12.219497
2281,1447,1790.0453877449036,-81.22393655776978,1212.10009765625,276.77178955078125,6.623983,8.0,-1,29.097103
2032,1447,659.9832158088684,-145.58560037612915,82.03792572021484,212.41012573242188,6.6119113,6.0,1,22.062664
12,1447,1129.4474263191223,844.8818373680115,551.5021362304688,1202.8775634765625,5.116759,14.0,-1,15.120888
4318,1447,2166.557960987091,-87.50894021987915,1588.6126708984375,270.4867858886719,4.927137,10.0,-1,26.4204
4314,1447,1084.1234517097473,234.46704244613647,506.17816162109375,592.4627685546875,4.9054656,16.0,-1,2.0452437
3509,1447,2117.995705127716,302.8080458641052,1540.0504150390625,660.8037719726562,4.5168824,10.0,-1,4.445341
4158,1447,1509.3750386238098,494.2999892234802,931.4297485351562,852.2957153320312,4.201208,18.0,-1,0.2114017
4438,1447,1577.9504780769348,369.5004286766052,1000.0051879882812,727.4961547851562,3.597318,8.0,-1,14.520391
4369,1447,595.3499970436096,94.48056173324585,17.404706954956055,452.4762878417969,2.8207626,20.0,-1,4.579955
4413,1447,2120.0007100105286,283.1517958641052,1542.055419921875,641.1475219726562,2.5621917,20.0,-1,2.1404858
4509,1447,1019.8635640144348,-227.39703226089478,441.91827392578125,130.59869384765625,1.692357,28.0,-1,1.0199549
4395,1447,798.7810292243958,621.8797011375427,220.8357391357422,979.8754272460938,1.6236321,8.0,1,0.38224578
4305,1447,1444.770363330841,242.50238180160522,866.8250732421875,600.4981079101562,1.189378,8.0,-1,14.832876
0,1448,1614.6009602546692,736.346803188324,1035.7333984375,1094.720458984375,70.53942,10.0,1,24.026772
3654,1448,1077.8637166023254,812.193238735199,498.99615478515625,1170.56689453125,39.715176,22.0,-1,22.529877
1,1448,1635.9808430671692,149.47958517074585,1057.11328125,507.8532409667969,38.336422,8.0,1,24.363749
4,1448,1379.4281086921692,-140.2289719581604,800.560546875,218.14468383789062,30.938158,8.0,1,25.034744
4194,1448,1908.9061360359192,-90.57241678237915,1330.03857421875,267.8012390136719,22.48584,10.0,-1,10.619846
3,1448,1231.353096485138,203.39544820785522,652.4855346679688,561.7691040039062,20.828054,8.0,1,19.657679
2,1448,1718.0520100593567,195.71808004379272,1139.1844482421875,554.0917358398438,19.616789,8.0,1,26.245687
1332,1448,733.2587208747864,536.6709609031677,154.3911590576172,895.0446166992188,13.631455,10.0,-1,12.601304
4167,1448,1535.688789844513,-314.5053391456604,956.8212280273438,43.868316650390625,12.329494,6.0,1,8.913725
4535,1448,2200.851692676544,-308.14622735977173,1621.984130859375,50.2274284362793,10.612004,6.0,1,14.55569
3079,1448,2032.8341145515442,-39.43911600112915,1453.966552734375,318.9345397949219,8.625405,6.0,1,1.7177646
3509,1448,2116.809212207794,303.792359828949,1537.941650390625,662.166015625,7.6277194,10.0,-1,7.590351
12,1448,1132.9511799812317,845.779176235199,554.0836181640625,1204.15283203125,7.4960155,14.0,-1,16.646305
4314,1448,1086.192970752716,233.32214498519897,507.3254089355469,591.69580078125,7.4673696,16.0,-1,7.403652
2281,1448,1786.9774250984192,-80.90551614761353,1208.10986328125,277.4681396484375,6.6070285,8.0,-1,28.146425
2032,1448,660.6634678840637,-145.58560037612915,81.79590606689453,212.78805541992188,5.704677,6.0,1,20.918959
4318,1448,2168.4607014656067,-84.84594583511353,1589.5931396484375,273.5277099609375,5.473465,10.0,-1,21.111938
8,1448,1112.2915120124817,456.4468398094177,533.4239501953125,814.8204956054688,5.2264085,16.0,-1,0.56058455
4158,1448,1506.289131641388,496.3691420555115,927.4215698242188,854.7427978515625,3.9018867,20.0,-1,1.1777565
4413,1448,2119.4755940437317,282.267945766449,1540.6080322265625,640.6416015625,3.3689537,20.0,-1,2.1867776
4369,1448,594.9404435157776,92.74224996566772,16.0728816986084,451.11590576171875,2.7402945,20.0,-1,3.8397467
4438,1448,1580.3603596687317,369.336061000824,1001.4927978515625,727.709716796875,2.35054,8.0,-1,14.258773
4305,1448,1440.951241016388,246.19494771957397,862.0836791992188,604.568603515625,2.3357978,8.0,-1,14.765866
4509,1448,1019.3186421394348,-221.1543412208557,440.4510803222656,137.2193145751953,1.8841273,28.0,-1,2.6459687
4395,1448,799.1750569343567,618.923463344574,220.3074951171875,977.297119140625,1.5169244,16.0,-1,0.11783612
0,1449,1615.387192249298,736.6555190086365,1035.996337890625,1096.3271484375,70.63365,10.0,1,23.935497
3654,1449,1076.8191075325012,812.490357875824,497.4282531738281,1172.1619873046875,51.60391,22.0,-1,22.361584
1,1449,1637.396713733673,149.72845602035522,1058.005859375,509.40008544921875,36.005806,8.0,1,24.230015
4,1449,1379.041244983673,-138.8278031349182,799.650390625,220.8438262939453,31.091722,8.0,1,26.103788
2,1449,1717.6861424446106,195.04406881332397,1138.2952880859375,554.7156982421875,23.6624,8.0,1,24.514402
3,1449,1233.2523045539856,203.88604879379272,653.8614501953125,563.5576782226562,17.400885,8.0,1,21.465666
4535,1449,2201.4012303352356,-310.0458130836487,1622.0103759765625,49.625816345214844,15.364483,6.0,1,14.048344
4167,1449,1537.7377171516418,-315.71699380874634,958.3468627929688,43.95463562011719,14.301793,6.0,1,10.331761
3079,1449,2032.118149280548,-42.19436502456665,1452.727294921875,317.4772644042969,14.038278,6.0,1,0.7418668
4194,1449,1909.8397068977356,-90.45300149917603,1330.4488525390625,269.2186279296875,13.390162,10.0,-1,8.790081
1332,1449,733.6911778450012,535.1452040672302,154.30032348632812,894.8168334960938,10.804073,10.0,-1,11.465864
2281,1449,1789.281967639923,-81.5385422706604,1209.89111328125,278.1330871582031,9.628732,8.0,-1,33.48972
4314,1449,1085.7603306770325,232.49005270004272,506.3694763183594,592.1616821289062,8.235925,18.0,-1,10.290986
12,1449,1132.8353123664856,845.779176235199,553.4444580078125,1205.4508056640625,7.703712,14.0,-1,16.192713
4158,1449,1507.136703968048,495.5313124656677,927.745849609375,855.2029418945312,6.420742,20.0,-1,1.8346539
3509,1449,2117.4161229133606,303.9557509422302,1538.0252685546875,663.6273803710938,5.5624313,10.0,-1,5.872328
8,1449,1110.2845311164856,458.225221157074,530.8936767578125,817.8968505859375,5.496664,16.0,-1,2.3842998
2032,1449,660.6634678840637,-145.41299295425415,81.27261352539062,214.25863647460938,5.4953055,6.0,1,22.101273
4318,1449,2165.700668811798,-87.4549241065979,1586.309814453125,272.2167053222656,5.1927896,10.0,-1,21.949463
4413,1449,2120.322250843048,284.016969203949,1540.931396484375,643.6885986328125,2.9471943,20.0,-1,4.017537
4509,1449,1015.7111058235168,-223.17193460464478,436.32025146484375,136.49969482421875,2.866071,28.0,-1,2.8893163
4305,1449,1442.9191136360168,244.37719869613647,863.5282592773438,604.048828125,2.7574043,6.0,-1,16.450272
4395,1449,797.2951512336731,619.8178114891052,217.904296875,979.4894409179688,2.394529,8.0,1,1.1704893
4438,1449,1579.2169651985168,367.8361220359802,999.8261108398438,727.5077514648438,1.990457,8.0,-1,13.32341
4369,1449,590.4722971916199,94.38574361801147,11.081442832946777,454.057373046875,1.2097436,18.0,-1,2.64039
0,1450,1615.343979358673,738.529420375824,1035.7086181640625,1098.406005859375,61.65639,10.0,1,24.053593
4,1450,1377.5313572883606,-137.45391702651978,797.89599609375,222.42266845703125,41.506954,8.0,1,26.011326
1,1450,1637.6221776008606,151.58056783676147,1057.98681640625,511.4571533203125,29.860064,8.0,1,23.63225
3654,1450,1072.2613682746887,813.165406703949,492.6260070800781,1173.0419921875,24.25499,20.0,-1,21.841583
2,1450,1717.062241077423,194.09454488754272,1137.4268798828125,553.9711303710938,16.6446,8.0,1,25.690947
4194,1450,1909.6324315071106,-91.9519944190979,1329.9970703125,267.9245910644531,15.443543,10.0,-1,11.122689
3,1450,1233.4086155891418,206.35943746566772,653.7732543945312,566.2360229492188,15.121232,8.0,1,21.339672
4167,1450,1538.002426624298,-314.19186639785767,958.3670654296875,45.68471908569336,12.949913,6.0,1,7.5955095
1332,1450,731.5605473518372,534.1934218406677,151.92518615722656,894.0700073242188,12.87362,10.0,-1,12.276432
3079,1450,2032.314194202423,-44.483274936676025,1452.6788330078125,315.393310546875,12.663705,6.0,1,2.5273502
4535,1450,2201.7183690071106,-310.9230942726135,1622.0830078125,48.9534912109375,11.95428,6.0,1,13.150626
12,1450,1133.4720311164856,848.2033705711365,553.836669921875,1208.0799560546875,9.434488,14.0,-1,16.257114
2032,1450,661.6859974861145,-145.22468423843384,82.0506362915039,214.6519012451172,6.1268544,6.0,1,21.771557
4318,1450,2165.052963733673,-90.04601907730103,1585.4176025390625,269.83056640625,5.963881,10.0,-1,22.670467
2281,1450,1789.356186389923,-78.34692239761353,1209.7208251953125,281.5296630859375,5.3374715,8.0,-1,30.187927
4314,1450,1082.5628514289856,232.32312154769897,502.927490234375,592.19970703125,5.128046,18.0,-1,12.332537
8,1450,1107.5809788703918,458.225221157074,527.9456176757812,818.101806640625,4.430516,16.0,-1,1.480895
3509,1450,2119.0369725227356,302.8662734031677,1539.401611328125,662.7428588867188,4.392923,10.0,-1,6.7346396
4158,1450,1508.4758763313293,495.6577162742615,928.8405151367188,855.5343017578125,3.5322478,20.0,-1,1.0975356
4509,1450,1015.8476414680481,-222.2113938331604,436.2122802734375,137.66519165039062,2.5436833,28.0,-1,0.39619422
4438,1450,1578.935776233673,366.5679335594177,999.3004150390625,726.4445190429688,2.223509,8.0,-1,14.871849
4305,1450,1443.5216526985168,242.80230855941772,863.8862915039062,602.6788940429688,2.0664585,6.0,-1,16.475689
4369,1450,589.7634081840515,97.08688497543335,10.128046989440918,456.9634704589844,1.3853201,22.0,-1,1.9553944
4413,1450,2120.322250843048,283.9784560203552,1540.6868896484375,643.8550415039062,1.310715,18.0,-1,1.9828775
4395,1450,795.5113224983215,618.4152846336365,215.87596130371094,978.2918701171875,0.8821928,10.0,1,0.2282306
0,1451,1615.2233128547668,738.445924282074,1034.384765625,1097.985107421875,50.092236,10.0,1,23.513052
1,1451,1636.1644749641418,150.49017477035522,1055.325927734375,510.02935791015625,46.065693,8.0,1,24.227215
3654,1451,1071.5715489387512,815.2519545555115,490.7330017089844,1174.7911376953125,38.409096,20.0,-1,21.551619
4,1451,1377.6835179328918,-137.45391702651978,796.844970703125,222.08526611328125,34.46127,8.0,1,25.369638
2,1451,1714.8223118782043,192.54535055160522,1133.9837646484375,552.0845336914062,16.553728,8.0,1,24.76422
4194,1451,1909.0150609016418,-92.7865891456604,1328.176513671875,266.7525939941406,16.260485,10.0,-1,10.564432
3,1451,1232.8514866828918,208.21582174301147,652.012939453125,567.7550048828125,16.250467,8.0,1,21.18108
4535,1451,2202.8242650032043,-311.08809900283813,1621.9857177734375,48.45108413696289,15.11338,6.0,1,14.092183
1332,1451,731.170608997345,533.098023891449,150.33206176757812,892.63720703125,11.266781,10.0,-1,13.201014
4167,1451,1539.515366077423,-312.51092767715454,958.6768188476562,47.028255462646484,10.986713,6.0,1,7.360535
3079,1451,2033.9956517219543,-44.34744119644165,1453.1571044921875,315.1917419433594,10.233138,6.0,1,3.4325428
12,1451,1135.245590686798,846.6242690086365,554.4070434570312,1206.1634521484375,8.396196,14.0,-1,14.564066
4314,1451,1082.8509984016418,232.16082906723022,502.012451171875,591.7000122070312,7.1830373,16.0,-1,20.081495
8,1451,1109.0780491828918,459.0969862937927,528.239501953125,818.6361694335938,7.124744,16.0,-1,0.5507877
3509,1451,2121.0981907844543,301.912965297699,1540.2596435546875,661.4521484375,7.122362,10.0,-1,6.2674747
2032,1451,661.6861882209778,-144.1840500831604,80.84764099121094,215.35513305664062,7.000725,8.0,1,21.184477
4318,1451,2166.7605443000793,-90.09063577651978,1585.9219970703125,269.44854736328125,6.4797454,10.0,-1,20.063427
2281,1451,1788.9103245735168,-80.72906351089478,1208.07177734375,278.81011962890625,5.8116856,8.0,-1,29.520992
4158,1451,1508.4758763313293,498.1680312156677,927.6373291015625,857.7072143554688,5.4462504,20.0,-1,2.1726494
4509,1451,1012.1402745246887,-217.22949075698853,431.3017272949219,142.3096923828125,3.4868562,28.0,-1,1.1572669
4438,1451,1578.2369847297668,364.4581923484802,997.3984375,723.9973754882812,2.5699751,8.0,-1,14.696118
4413,1451,2121.1821751594543,288.0328993797302,1540.3436279296875,647.5720825195312,2.4447157,22.0,-1,0.27506208
4305,1451,1444.903549671173,244.66320943832397,864.0650024414062,604.202392578125,2.389101,6.0,-1,14.961687
4369,1451,589.4697918891907,99.02984762191772,8.631244659423828,458.56903076171875,1.0055611,22.0,-1,1.825599
4395,1451,794.6992497444153,618.9833998680115,213.86070251464844,978.5225830078125,0.98850995,16.0,-1,0.25575256
0,1452,1615.2379307746887,738.3280634880066,1033.625244140625,1098.5267333984375,65.75556,10.0,1,24.42212
4,1452,1377.8232579231262,-138.35330247879028,796.2105712890625,221.84536743164062,41.610447,8.0,1,23.956146
1,1452,1635.4788975715637,149.3182978630066,1053.8662109375,509.5169677734375,41.508053,8.0,1,24.245382
3654,1452,1072.5979771614075,817.3191523551941,490.98529052734375,1177.517822265625,30.311308,20.0,-1,21.47726
2,1452,1713.3563389778137,193.4692988395691,1131.74365234375,553.66796875,22.676903,8.0,1,24.813854
4535,1452,2201.563736438751,-310.27615785598755,1619.9510498046875,49.92251205444336,20.679117,6.0,1,12.228683
1332,1452,729.8563237190247,531.8417963981628,148.24363708496094,892.0404663085938,17.912611,10.0,-1,13.2798195
3,1452,1232.3340001106262,208.21520948410034,650.7213134765625,568.4138793945312,17.863104,8.0,1,19.683569
4167,1452,1541.5013585090637,-312.5103154182434,959.888671875,47.6883544921875,13.975291,6.0,1,10.665825
4194,1452,1907.5883946418762,-91.24557542800903,1325.9757080078125,268.9530944824219,12.108737,10.0,-1,9.000873
3079,1452,2037.8241124153137,-45.39047288894653,1456.21142578125,314.8081970214844,9.89655,6.0,1,3.0409312
8,1452,1107.8950352668762,462.2150263786316,526.2823486328125,822.4136962890625,7.8296394,18.0,-1,2.27284
4318,1452,2167.490982532501,-89.67547655105591,1585.8782958984375,270.523193359375,7.523559,10.0,-1,22.9572
12,1452,1135.8001255989075,844.9155879020691,554.1874389648438,1205.1142578125,7.320719,14.0,-1,8.841647
2281,1452,1789.5287022590637,-80.92224168777466,1207.916015625,279.27642822265625,7.05611,8.0,-1,31.63562
4314,1452,1081.0131993293762,232.9850459098816,499.4005126953125,593.1837158203125,6.481737,16.0,-1,7.1735234
2032,1452,663.0091786384583,-147.23507738113403,81.39649200439453,212.96359252929688,5.9983335,8.0,1,21.018295
3509,1452,2122.437271595001,301.4662470817566,1540.8245849609375,661.6649169921875,5.6313972,10.0,-1,6.7484684
4158,1452,1508.4612584114075,499.99230909347534,926.8485717773438,860.1909790039062,4.549034,20.0,-1,1.0933939
4305,1452,1445.5312657356262,247.4916377067566,863.9185791015625,607.6903076171875,2.9007213,8.0,-1,15.605586
4438,1452,1583.0660557746887,362.9281611442566,1001.453369140625,723.1268310546875,2.30489,8.0,-1,16.678877
4509,1452,1008.2966771125793,-216.1472020149231,426.6839904785156,144.0514678955078,2.0316927,28.0,-1,1.9697869
4413,1452,2120.889420032501,287.87304639816284,1539.2767333984375,648.0717163085938,1.6797733,10.0,1,0.6942458
4395,1452,794.1600193977356,624.7634272575378,212.54733276367188,984.9620971679688,0.9588253,20.0,-1,1.0005822
0,1453,1615.74311876297,739.5936884880066,1033.5162353515625,1099.995361328125,55.452835,10.0,1,24.200954
4,1453,1378.0544590950012,-140.17666673660278,795.8275756835938,220.22500610351562,36.347942,8.0,1,26.89798
3654,1453,1073.327621936798,819.8637080192566,491.1007385253906,1180.265380859375,32.479733,20.0,-1,21.75002
1,1453,1634.63667345047,148.6328730583191,1052.4097900390625,509.0345458984375,29.806177,8.0,1,23.287039
2,1453,1714.2371373176575,192.9653925895691,1132.01025390625,553.3670654296875,21.085026,8.0,1,23.807993
4535,1453,2200.12348985672,-310.3832440376282,1617.8966064453125,50.018428802490234,19.603697,6.0,1,12.218525
3,1453,1232.4736485481262,209.73962354660034,650.2467651367188,570.1412963867188,17.594255,8.0,1,21.754501
4167,1453,1544.0930943489075,-311.16260957717896,961.8662109375,49.23906326293945,15.972564,6.0,1,8.660732
4194,1453,1904.2720494270325,-88.47729539871216,1322.045166015625,271.92437744140625,14.056653,10.0,-1,11.632072
1332,1453,732.0391545295715,531.8864130973816,149.81227111816406,892.2880859375,13.023094,10.0,-1,14.3423815
3079,1453,2039.0054478645325,-46.33783006668091,1456.778564453125,314.0638427734375,10.797704,6.0,1,1.8472621
4318,1453,2163.27973985672,-86.49350023269653,1581.0528564453125,273.9081726074219,9.22283,10.0,-1,20.738605
3509,1453,2122.48335313797,301.4614863395691,1540.2564697265625,661.8631591796875,8.197146,10.0,-1,6.1247444
2281,1453,1790.195511341095,-78.94494676589966,1207.9686279296875,281.45672607421875,8.028805,8.0,-1,31.768972
12,1453,1136.8036046028137,844.9203486442566,554.5767211914062,1205.322021484375,6.9575324,14.0,-1,7.1172786
8,1453,1105.89350938797,461.4219355583191,523.6666259765625,821.8236083984375,6.162335,16.0,-1,1.2387729
4158,1453,1504.1150670051575,499.66455030441284,921.88818359375,860.0662231445312,5.619282,18.0,-1,1.1914598
4314,1453,1080.8881993293762,233.09680128097534,498.66131591796875,593.4984741210938,5.2098536,16.0,-1,1.4117872
2032,1453,661.5387425422668,-148.19917345046997,79.31185913085938,212.20249938964844,4.62056,6.0,1,18.536661
4438,1453,1583.01997423172,364.23400831222534,1000.7930908203125,724.6356811523438,2.6543257,8.0,-1,15.773135
4509,1453,1001.9087681770325,-216.6702733039856,419.681884765625,143.7313995361328,2.6278954,28.0,-1,2.6428773
4413,1453,2117.8745884895325,286.88330030441284,1535.647705078125,647.2849731445312,2.120452,24.0,-1,1.105855
4305,1453,1445.210648059845,245.69555616378784,862.9837646484375,606.0972290039062,1.9269639,8.0,-1,14.916805
4395,1453,796.3557438850403,627.8309321403503,214.1288604736328,988.2326049804688,1.2499937,18.0,-1,1.4548249
0,1454,1616.958237171173,739.6343684196472,1033.89892578125,1100.75830078125,58.550583,10.0,1,24.256453
1,1454,1634.870346546173,150.3942255973816,1051.81103515625,511.5181579589844,44.219555,8.0,1,23.522799
4,1454,1377.0923314094543,-141.79362535476685,794.0330200195312,219.33030700683594,34.9846,8.0,1,25.942917
4535,1454,2199.001694202423,-311.2945485115051,1615.9423828125,49.829383850097656,30.923134,6.0,1,12.239075
3654,1454,1072.9700169563293,822.2304377555847,489.91070556640625,1183.3543701171875,29.652895,20.0,-1,20.763489
2,1454,1716.8614354133606,191.88040113449097,1133.8021240234375,553.0043334960938,24.117363,8.0,1,24.921824
1332,1454,731.1620945930481,532.873809337616,148.102783203125,893.9977416992188,23.26887,10.0,-1,13.896248
3,1454,1232.9789280891418,209.27596998214722,649.9196166992188,570.39990234375,18.979568,8.0,1,21.952768
4194,1454,1903.204819202423,-88.78179979324341,1320.1455078125,272.3421325683594,16.388641,10.0,-1,10.590706
4167,1454,1545.4622044563293,-310.95627641677856,962.4028930664062,50.16765594482422,12.566674,6.0,1,9.9052925
3079,1454,2039.286362171173,-46.44906663894653,1456.22705078125,314.67486572265625,11.367672,6.0,1,1.9178523
3509,1454,2121.0362401008606,302.78970289230347,1537.9769287109375,663.9136352539062,7.9474983,10.0,-1,5.7546124
12,1454,1136.932846546173,845.5296320915222,553.87353515625,1206.653564453125,7.0613856,14.0,-1,0.4747262
4158,1454,1503.3917088508606,500.57473707199097,920.3323974609375,861.6986694335938,5.9466896,20.0,-1,1.4139705
4314,1454,1082.0500950813293,233.78567457199097,498.99078369140625,594.9096069335938,5.371931,16.0,-1,1.0840031
4438,1454,1580.8702244758606,363.01028394699097,997.8109130859375,724.1342163085938,4.9346814,8.0,-1,15.837877
8,1454,1103.2218480110168,459.91958570480347,520.1625366210938,821.0435180664062,4.871634,16.0,-1,2.5836296
2281,1454,1790.0662693977356,-78.98562669754028,1207.0069580078125,282.1383056640625,4.743921,8.0,-1,29.402342
2032,1454,661.6933903694153,-149.92164659500122,78.63407897949219,211.20228576660156,4.7427936,8.0,1,20.226952
4318,1454,2163.784409046173,-85.19949388504028,1580.72509765625,275.9244384765625,4.2602806,10.0,-1,18.948837
4305,1454,1449.042709827423,249.01132154464722,865.9833984375,610.13525390625,3.4198284,8.0,-1,15.361979
4509,1454,1001.3453526496887,-219.10176134109497,418.2860412597656,142.0221710205078,2.2992423,28.0,-1,1.2189336
4395,1454,794.5009770393372,628.9922785758972,211.44166564941406,990.1162109375,0.66977,20.0,-1,1.0361581
4413,1454,2123.2454686164856,281.1965022087097,1540.1861572265625,642.3204345703125,0.38386357,12.0,-1,5.779677
0,1455,1619.480453968048,740.0883479118347,1035.7642822265625,1101.2337646484375,62.209656,10.0,1,24.550802
4,1455,1375.7537083625793,-139.38052415847778,792.0375366210938,221.764892578125,46.532978,8.0,1,25.97214
1,1455,1635.263412952423,150.3942255973816,1051.5472412109375,511.5396423339844,38.264698,8.0,1,23.80179
3654,1455,1070.3027501106262,823.3158869743347,486.5865783691406,1184.4613037109375,33.603474,20.0,-1,19.931698
1332,1455,731.7202916145325,532.794951915741,148.00411987304688,893.9403686523438,21.979574,10.0,-1,12.393252
4535,1455,2198.3467869758606,-312.6509747505188,1614.630615234375,48.494441986083984,21.424477,6.0,1,12.127719
3,1455,1230.2305760383606,208.91628980636597,646.514404296875,570.0617065429688,19.781244,8.0,1,19.42172
2,1455,1716.880600452423,191.92941236495972,1133.1644287109375,553.0748291015625,16.89492,8.0,1,24.255777
4167,1455,1547.0223851203918,-310.8707585334778,963.3062133789062,50.274658203125,12.896102,6.0,1,9.972806
4194,1455,1904.0306248664856,-89.87854051589966,1320.314453125,271.2668762207031,11.892953,10.0,-1,13.056055
3079,1455,2040.5213475227356,-47.06854295730591,1456.80517578125,314.0768737792969,11.257407,6.0,1,3.2009192
3509,1455,2121.6194920539856,302.54702711105347,1537.9033203125,663.6924438476562,8.703254,10.0,-1,2.8170984
2281,1455,1790.0662693977356,-79.07409715652466,1206.35009765625,282.0713195800781,6.5887523,8.0,-1,28.50736
4318,1455,2163.634506702423,-85.32577562332153,1579.9183349609375,275.81964111328125,5.882404,10.0,-1,18.1424
8,1455,1102.098862171173,459.8035578727722,518.3826904296875,820.948974609375,5.5481625,16.0,-1,2.0723388
4314,1455,1083.024124622345,234.70205640792847,499.3079528808594,595.8474731445312,5.326072,16.0,-1,19.540453
2032,1455,660.5708088874817,-151.08024644851685,76.8546371459961,210.06517028808594,4.744738,6.0,1,21.568653
12,1455,1135.8116307258606,846.8374934196472,552.095458984375,1207.98291015625,4.2528524,6.0,1,3.3101528
4158,1455,1504.5779271125793,502.42764234542847,920.8617553710938,863.5730590820312,3.3901012,20.0,-1,1.484594
4509,1455,995.9473118782043,-216.00517320632935,412.23114013671875,145.14024353027344,3.1903145,26.0,-1,3.7235222
4305,1455,1451.7440037727356,249.35971021652222,868.02783203125,610.505126953125,2.869384,6.0,-1,16.460428
4438,1455,1580.6743626594543,361.99636793136597,996.9581909179688,723.1417846679688,2.5827224,8.0,-1,16.495724
4395,1455,791.4621586799622,631.9186701774597,207.74598693847656,993.0640869140625,0.79352266,20.0,-1,0.3654282
0,1456,1619.5408482551575,739.0655207633972,1035.517578125,1100.2755126953125,60.86465,10.0,1,24.048727
4,1456,1375.8477330207825,-139.1310429573059,791.824462890625,222.07894897460938,50.695118,8.0,1,27.309008
1,1456,1635.7532505989075,148.43130445480347,1051.72998046875,509.64129638671875,49.306606,8.0,1,24.019772
3654,1456,1068.1665501594543,823.4606623649597,484.1432800292969,1184.670654296875,36.014393,20.0,-1,20.757677
4535,1456,2200.0408482551575,-309.9503254890442,1616.017578125,51.259666442871094,23.442703,6.0,1,11.036973
3,1456,1230.1621861457825,206.05972242355347,646.138916015625,567.2697143554688,19.03884,8.0,1,21.178589
4167,1456,1545.888870716095,-313.8074116706848,961.8656005859375,47.40258026123047,16.925482,6.0,1,10.839537
1332,1456,732.3632969856262,532.6462092399597,148.34002685546875,893.856201171875,16.911257,10.0,-1,12.105883
2,1456,1715.5017857551575,191.92941236495972,1131.478515625,553.139404296875,15.50998,8.0,1,24.458303
3079,1456,2039.7669224739075,-45.69934129714966,1455.74365234375,315.5106506347656,12.175513,6.0,1,2.8904858
4194,1456,1903.0261998176575,-90.77078294754028,1319.0029296875,270.439208984375,11.100758,10.0,-1,13.650852
3509,1456,2121.927933216095,304.31338453292847,1537.9046630859375,665.5233764648438,8.41997,10.0,-1,5.936827
2281,1456,1789.855667591095,-79.21145677566528,1205.8323974609375,281.99853515625,7.8178906,8.0,-1,31.84154
4314,1456,1083.241409778595,234.99972486495972,499.2181396484375,596.209716796875,7.4295316,14.0,-1,39.617264
8,1456,1102.6392369270325,459.92959547042847,518.615966796875,821.1395874023438,5.952362,18.0,-1,1.9935291
4158,1456,1501.7910923957825,501.64187574386597,917.767822265625,862.8518676757812,5.6330795,18.0,-1,0.3542446
4509,1456,995.9473118782043,-212.21125841140747,411.9240417480469,148.9987335205078,5.3247147,28.0,-1,3.3129148
12,1456,1134.987015247345,847.2835383415222,550.9637451171875,1208.4935302734375,4.691989,14.0,-1,8.798929
2032,1456,660.2233967781067,-152.04641771316528,76.20012664794922,209.16357421875,4.184185,6.0,1,19.139715
4438,1456,1581.7816319465637,358.81594800949097,997.7583618164062,720.0259399414062,3.98378,8.0,-1,19.055202
4318,1456,2161.7090611457825,-84.04760789871216,1577.685791015625,277.1623840332031,3.5249717,12.0,-1,13.501716
4305,1456,1451.9023594856262,251.18081617355347,867.8790893554688,612.3908081054688,2.7155898,8.0,-1,14.804553
4395,1456,794.3286900520325,627.7802424430847,210.305419921875,988.990234375,0.9817209,22.0,-1,0.98157334
0,1457,1618.8989415168762,739.9942927360535,1034.6956787109375,1101.495361328125,47.17541,10.0,1,23.45497
1,1457,1636.7896885871887,146.27352857589722,1052.58642578125,507.77459716796875,45.310543,8.0,1,23.362692
3654,1457,1065.6691136360168,822.1300349235535,481.4658508300781,1183.631103515625,42.738354,20.0,-1,22.025171
1332,1457,734.3275456428528,534.3256525993347,150.12428283691406,895.8267211914062,26.579842,10.0,-1,10.860914
4,1457,1375.0916905403137,-140.5027470588684,790.888427734375,220.99832153320312,24.368223,8.0,1,26.293371
3,1457,1230.1621861457825,206.80496168136597,645.9589233398438,568.3060302734375,20.91632,8.0,1,21.911478
4535,1457,2200.7498936653137,-311.55119371414185,1616.546630859375,49.94987487792969,19.761545,6.0,1,10.211416
2,1457,1715.0566563606262,191.92941236495972,1130.8533935546875,553.4304809570312,17.769253,8.0,1,24.22694
4194,1457,1902.0750889778137,-89.53588914871216,1317.871826171875,271.9651794433594,13.441489,10.0,-1,11.786026
4167,1457,1546.7755284309387,-314.2583088874817,962.572265625,47.242759704589844,11.769116,6.0,1,5.8414145
3079,1457,2042.5185704231262,-47.63732957839966,1458.3153076171875,313.8637390136719,10.762076,6.0,1,2.1260571
4314,1457,1085.1364903450012,233.75216627120972,500.9332275390625,595.2532348632812,8.888506,14.0,-1,43.74188
3509,1457,2122.494644641876,303.5738215446472,1538.2913818359375,665.0748901367188,8.340745,10.0,-1,4.6281157
2032,1457,661.5108952522278,-150.72612047195435,77.30763244628906,210.7749481201172,6.793581,6.0,1,20.381891
8,1457,1100.277542591095,461.5605158805847,516.0742797851562,823.0615844726562,5.4897256,18.0,-1,3.392077
12,1457,1134.5042881965637,845.416289806366,550.301025390625,1206.9173583984375,5.233153,14.0,-1,12.396626
2281,1457,1788.2518467903137,-79.29379320144653,1204.048583984375,282.207275390625,5.026177,8.0,-1,26.701887
4158,1457,1499.96235704422,498.97537183761597,915.7590942382812,860.4764404296875,4.850748,10.0,1,0.0011889935
4318,1457,2158.916275501251,-83.16903734207153,1574.7130126953125,278.33203125,4.2286944,12.0,-1,9.636739
4509,1457,998.1002049446106,-211.01823472976685,413.8969421386719,150.4828338623047,3.256409,28.0,-1,2.5932682
4305,1457,1452.2400059700012,252.53097486495972,868.0367431640625,614.0320434570312,2.993271,6.0,-1,16.94004
4438,1457,1582.7043614387512,359.8945002555847,998.5010986328125,721.3955688476562,2.9585924,8.0,-1,18.133245
4395,1457,791.3037114143372,627.959014415741,207.10044860839844,989.4600830078125,0.4481276,20.0,-1,0.44197702
0,1458,1618.8570103645325,740.834014415741,1033.7298583984375,1102.3878173828125,68.47696,10.0,1,23.61312
1,1458,1637.00532579422,146.2161250114441,1051.878173828125,507.7699279785156,47.51347,8.0,1,25.209978
4,1458,1375.76460313797,-137.5702519416809,790.637451171875,223.98355102539062,40.39887,8.0,1,25.398262
3654,1458,1062.57173204422,820.795928478241,477.444580078125,1182.3497314453125,39.42143,20.0,-1,20.224165
4535,1458,2199.136917591095,-311.6515507698059,1614.009765625,49.902252197265625,32.773865,6.0,1,11.748219
2,1458,1716.5327916145325,191.62533521652222,1131.4056396484375,553.1791381835938,17.909039,8.0,1,24.164791
1332,1458,735.3809666633606,536.1886897087097,150.25381469726562,897.7424926757812,17.051134,10.0,-1,10.968984
3,1458,1228.8921666145325,205.86160230636597,643.7650146484375,567.4154052734375,14.195798,8.0,1,20.886889
4167,1458,1551.2708897590637,-313.8248028755188,966.1437377929688,47.729000091552734,11.982537,6.0,1,8.415056
4194,1458,1898.570511341095,-87.57452440261841,1313.443359375,273.9792785644531,11.688354,10.0,-1,10.527588
3079,1458,2043.6192173957825,-47.66366624832153,1458.4920654296875,313.89013671875,10.468128,6.0,1,2.2924523
4314,1458,1085.6082615852356,233.75216627120972,500.4811096191406,595.3059692382812,8.791962,14.0,-1,44.187088
3509,1458,2121.5208287239075,303.4629817008972,1536.3936767578125,665.0167846679688,6.110866,10.0,-1,2.7256973
12,1458,1131.6308751106262,846.031524181366,546.5037231445312,1207.5853271484375,5.53871,14.0,-1,13.925772
8,1458,1102.50239610672,462.2085871696472,517.375244140625,823.7623901367188,5.0149193,18.0,-1,2.1300535
2032,1458,661.2582020759583,-151.3701024055481,76.13105010986328,210.18370056152344,4.6262717,6.0,1,22.321262
4158,1458,1505.7613072395325,501.62234449386597,920.6341552734375,863.1761474609375,3.9599698,10.0,1,0.15415323
4318,1458,2157.03218126297,-84.01956224441528,1571.905029296875,277.53424072265625,3.8023818,14.0,-1,4.3759503
4509,1458,997.6108555793762,-213.76652574539185,412.48370361328125,147.7872772216797,3.1026385,26.0,-1,3.1711073
2281,1458,1783.9524693489075,-78.00927782058716,1198.8253173828125,283.5445251464844,2.4886174,8.0,-1,22.582771
4438,1458,1585.5337681770325,357.04714918136597,1000.4066162109375,718.6009521484375,2.483533,8.0,-1,15.603455
4305,1458,1452.2400059700012,254.25283765792847,867.1128540039062,615.806640625,1.5089866,8.0,-1,14.2482815
4395,1458,792.2338871955872,630.1253962516785,207.1067352294922,991.67919921875,1.4484397,20.0,-1,1.1724558
0,1459,1619.656448841095,738.8498225212097,1034.2637939453125,1100.642578125,49.590775,10.0,1,23.324903
4,1459,1375.3684849739075,-134.02368211746216,789.975830078125,227.76907348632812,38.990383,8.0,1,25.699162
3654,1459,1060.7390294075012,822.8982844352722,475.34637451171875,1184.6910400390625,34.013393,20.0,-1,20.526974
1,1459,1637.00532579422,144.71200513839722,1051.6126708984375,506.5047607421875,33.988087,8.0,1,24.872581
1332,1459,737.3801732063293,536.1886897087097,151.98751831054688,897.9814453125,20.990988,10.0,-1,11.981534
2,1459,1719.4160923957825,188.82852125167847,1134.0234375,550.6212768554688,18.554121,8.0,1,24.950974
4535,1459,2200.7925572395325,-312.57439851760864,1615.39990234375,49.21835708618164,16.718466,6.0,1,11.928679
4167,1459,1553.3533482551575,-314.44456911087036,967.960693359375,47.34818649291992,15.760476,6.0,1,6.1046643
3,1459,1228.24800157547,204.63375806808472,642.8553466796875,566.426513671875,15.703533,8.0,1,20.704382
4194,1459,1896.03852891922,-86.66052293777466,1310.6458740234375,275.1322326660156,11.602784,10.0,-1,12.860342
4314,1459,1085.2852940559387,234.72958326339722,499.89263916015625,596.5223388671875,10.962523,14.0,-1,44.002388
3079,1459,2042.2063755989075,-49.00085496902466,1456.813720703125,312.7919006347656,10.76957,6.0,1,2.8376315
2281,1459,1777.4610142707825,-75.74996995925903,1192.068359375,286.04278564453125,7.1536403,8.0,-1,28.362946
2032,1459,661.3861622810364,-153.00798082351685,75.9935073852539,208.78477478027344,5.815171,6.0,1,21.632914
4318,1459,2158.3184361457825,-84.54461717605591,1572.92578125,277.2481384277344,5.4655075,12.0,-1,8.124483
12,1459,1130.2012486457825,846.7636408805847,544.80859375,1208.556396484375,5.0413175,14.0,-1,14.087772
3509,1459,2120.8057408332825,305.1917414665222,1535.4130859375,666.9844970703125,4.720287,10.0,-1,1.979847
4158,1459,1505.246292591095,500.8663020133972,919.8536376953125,862.6590576171875,3.7907877,18.0,-1,0.63402176
8,1459,1104.7877354621887,463.07070875167847,519.3950805664062,824.8634643554688,3.7105055,16.0,-1,1.6024857
4509,1459,999.1959691047668,-212.1204228401184,413.8033142089844,149.67233276367188,3.5077708,26.0,-1,2.07044
4305,1459,1451.5399327278137,254.57253980636597,866.1472778320312,616.3652954101562,2.87494,6.0,-1,16.953411
4438,1459,1587.0099034309387,356.6878352165222,1001.6172485351562,718.4805908203125,2.5783699,8.0,-1,16.272408
4395,1459,792.996780872345,632.820830821991,207.6041259765625,994.6135864257812,1.0615817,22.0,-1,1.3395307
0,1460,1619.7075123786926,737.9586482048035,1033.752685546875,1100.395263671875,63.658092,10.0,1,25.208567
4,1460,1373.8187184333801,-132.47048997879028,787.8638916015625,229.96612548828125,57.555054,8.0,1,27.821148
3654,1460,1061.7131581306458,826.007354259491,475.7583312988281,1188.4439697265625,40.551876,20.0,-1,20.548857
1,1460,1637.4184498786926,142.02200269699097,1051.463623046875,504.4586181640625,31.273767,8.0,1,25.209488
2,1460,1720.0617604255676,189.51681470870972,1134.10693359375,551.9534301757812,23.582197,8.0,1,25.64462
4535,1460,2202.03893327713,-312.3903126716614,1616.0841064453125,50.046302795410156,23.290777,6.0,1,12.08951
3,1460,1226.4388966560364,205.35330152511597,640.4840698242188,567.7899169921875,17.934061,8.0,1,19.807316
3079,1460,2040.3200612068176,-50.59167528152466,1454.365234375,311.8449401855469,13.307975,6.0,1,2.5269408
1332,1460,737.5888752937317,535.4950861930847,151.63404846191406,897.9317016601562,13.04819,10.0,-1,10.9813595
4167,1460,1551.5683522224426,-315.8090214729309,965.613525390625,46.627593994140625,13.006209,6.0,1,9.546639
4194,1460,1895.5922780036926,-86.15698289871216,1309.637451171875,276.2796325683594,12.81426,10.0,-1,12.630278
3509,1460,2122.42614030838,307.4524836540222,1536.4713134765625,669.8890991210938,9.591531,10.0,-1,2.818287
4314,1460,1086.7028126716614,232.96078443527222,500.74798583984375,595.3973999023438,6.186462,16.0,-1,32.464733
2281,1460,1778.3370289802551,-73.77441453933716,1192.3822021484375,288.6622009277344,5.771066,8.0,-1,25.045542
12,1460,1128.4481739997864,847.6717829704285,542.4933471679688,1210.1083984375,5.5252357,14.0,-1,17.479868
4158,1460,1501.9222340583801,500.05276441574097,915.9674072265625,862.4893798828125,4.9524155,20.0,-1,1.0991982
8,1460,1104.7755665779114,463.93753004074097,518.8207397460938,826.3741455078125,4.824433,18.0,-1,2.7279787
4438,1460,1583.8748097419739,359.58926343917847,997.9199829101562,722.02587890625,4.6951704,8.0,-1,19.092127
2032,1460,661.3861622810364,-155.54150438308716,75.43133544921875,206.89511108398438,4.246653,8.0,1,19.901499
4509,1460,997.9478688240051,-214.9458622932434,411.9930419921875,147.49075317382812,3.4327676,26.0,-1,2.694203
4318,1460,2155.035271167755,-85.61636400222778,1569.0804443359375,276.82025146484375,2.5870218,16.0,-1,7.0651355
4305,1460,1453.6528859138489,251.76156568527222,867.6980590820312,614.1981811523438,2.4998596,8.0,-1,15.820383
4395,1460,793.480553150177,632.820830821991,207.52572631835938,995.2574462890625,0.9156253,20.0,-1,0.9553089
0,1461,1619.7138676643372,737.8533625602722,1032.882568359375,1100.5880126953125,51.76887,10.0,1,24.202267
4,1461,1374.1881108283997,-133.10487413406372,787.3568115234375,229.62977600097656,35.308743,8.0,1,26.168083
1,1461,1638.6842045783997,141.90112257003784,1051.8529052734375,504.6357727050781,33.517605,8.0,1,24.933935
3654,1461,1062.7045903205872,824.9590754508972,475.873291015625,1187.6937255859375,32.9104,20.0,-1,20.618345
4535,1461,2201.4581303596497,-311.5676198005676,1614.6268310546875,51.167030334472656,19.977022,6.0,1,10.621862
2,1461,1720.6671147346497,190.72610425949097,1133.8358154296875,553.4607543945312,18.21121,8.0,1,24.530241
1332,1461,737.3226323127747,537.1986994743347,150.4913330078125,899.933349609375,15.710851,10.0,-1,10.729587
3,1461,1226.9213871955872,205.45858716964722,640.090087890625,568.1932373046875,15.587338,8.0,1,22.440071
3509,1461,2122.749512195587,307.2261652946472,1535.918212890625,669.9608154296875,15.319225,12.0,-1,3.199173
3079,1461,2042.3629155158997,-50.83877611160278,1455.5316162109375,311.8958740234375,12.813339,6.0,1,1.6728443
4194,1461,1896.3223881721497,-85.75149583816528,1309.4910888671875,276.983154296875,11.22713,10.0,-1,13.188968
4167,1461,1549.671814441681,-315.6721577644348,962.8405151367188,47.06249237060547,8.322992,6.0,1,9.7598715
8,1461,1105.8581547737122,465.91958570480347,519.02685546875,828.6542358398438,6.9030914,18.0,-1,0.97332925
2281,1461,1779.2983403205872,-74.68597459793091,1192.467041015625,288.0486755371094,6.3588963,8.0,-1,22.461184
2032,1461,661.3798069953918,-156.50439500808716,74.54850769042969,206.23025512695312,5.957067,8.0,1,21.555521
4158,1461,1498.819519519806,503.62918043136597,911.9882202148438,866.3638305664062,4.7939334,20.0,-1,1.02048
12,1461,1127.4017338752747,848.2437434196472,540.5704345703125,1210.9783935546875,4.55399,14.0,-1,15.062442
4509,1461,995.8746342658997,-213.78947496414185,409.0433349609375,148.94517517089844,3.9730692,26.0,-1,2.4546194
4318,1461,2153.0008549690247,-79.84957933425903,1566.1695556640625,282.88507080078125,3.5431023,14.0,-1,7.816842
4438,1461,1583.1412358283997,359.3096613883972,996.3099365234375,722.0443115234375,2.7140815,8.0,-1,18.31834
4305,1461,1452.747498035431,250.88607740402222,865.9161987304688,613.6207275390625,2.1734526,8.0,-1,15.456941
4395,1461,791.062714099884,630.5596613883972,204.23141479492188,993.2943115234375,0.57538575,20.0,-1,1.3124471
0,1462,1618.7395024299622,735.9195513725281,1030.5947265625,1099.4013671875,45.113297,10.0,1,23.682447
1,1462,1638.6123051643372,142.24993467330933,1050.467529296875,505.73175048828125,40.473125,8.0,1,22.747309
4,1462,1375.4726567268372,-135.35431337356567,787.327880859375,228.12750244140625,40.05402,8.0,1,26.153214
3654,1462,1063.003876209259,822.5987505912781,474.8591003417969,1186.08056640625,33.73147,20.0,-1,20.803165
4535,1462,2202.2476811408997,-311.4906659126282,1614.1029052734375,51.99114990234375,31.566957,6.0,1,12.516538
2,1462,1720.9116215705872,192.02886533737183,1132.766845703125,555.5106811523438,17.689178,8.0,1,23.726904
3,1462,1227.1685185432434,204.59655332565308,639.0237426757812,568.078369140625,14.659635,8.0,1,20.75691
1332,1462,738.2761998176575,538.5899004936218,150.1314239501953,902.0717163085938,13.603306,10.0,-1,10.105207
4194,1462,1896.0843510627747,-86.05383729934692,1307.9395751953125,277.427978515625,13.029183,10.0,-1,13.927077
4167,1462,1546.6731572151184,-315.69205141067505,958.5283813476562,47.789764404296875,11.816518,6.0,1,7.776724
3079,1462,2041.9935307502747,-51.979313373565674,1453.8487548828125,311.50250244140625,11.223339,6.0,1,2.0998044
3509,1462,2125.936035633087,306.6143755912781,1537.791259765625,670.09619140625,10.331439,6.0,1,0.36064178
2032,1462,661.8792195320129,-154.88995790481567,73.73444366455078,208.59185791015625,7.194847,6.0,1,21.19258
12,1462,1126.0812993049622,848.4045367240906,537.9365234375,1211.8863525390625,6.5347486,16.0,-1,15.253049
2281,1462,1778.5850834846497,-74.66608095169067,1190.4403076171875,288.81573486328125,6.281841,8.0,-1,23.610552
8,1462,1105.6304326057434,466.4532427787781,517.4856567382812,829.93505859375,6.042191,18.0,-1,1.4460628
4158,1462,1500.9696049690247,504.6495928764343,912.8248291015625,868.1314086914062,5.1410565,10.0,1,0.19711041
4318,1462,2153.072754383087,-77.22925233840942,1564.927978515625,286.2525634765625,5.136275,14.0,-1,8.615565
4438,1462,1585.8469853401184,354.5287432670593,997.7022094726562,718.0105590820312,3.6359756,8.0,-1,19.511745
4509,1462,995.5519108772278,-211.637104511261,407.4071350097656,151.84471130371094,3.2222974,28.0,-1,2.1304922
4305,1462,1451.7857060432434,250.83800840377808,863.6409301757812,614.31982421875,2.5197132,8.0,-1,16.060272
4395,1462,788.6365056037903,627.6835284233093,200.49172973632812,991.1653442382812,1.1855644,20.0,-1,0.9224562
0,1463,1620.1455082893372,734.1698260307312,1030.96484375,1098.5606689453125,49.307053,10.0,1,24.460806
1,1463,1638.8646245002747,141.3092303276062,1049.6839599609375,505.7000732421875,41.95149,8.0,1,24.515745
3654,1463,1062.118103504181,820.7838397026062,472.93743896484375,1185.1746826171875,32.315083,20.0,-1,20.490885
4,1463,1376.2207036018372,-137.9123272895813,787.0400390625,226.478515625,27.94517,8.0,1,26.348347
4535,1463,2203.049072742462,-311.04269075393677,1613.868408203125,53.34815216064453,20.966442,6.0,1,12.917781
4167,1463,1549.3291630744934,-316.39905977249146,960.1484985351562,47.991783142089844,17.282057,6.0,1,12.413055
2,1463,1718.3800053596497,191.57857847213745,1129.1993408203125,555.9694213867188,14.315417,8.0,1,24.112854
1332,1463,736.9492039680481,539.1562762260437,147.76853942871094,903.547119140625,13.93777,10.0,-1,9.398523
4194,1463,1896.0192875862122,-85.6679425239563,1306.838623046875,278.722900390625,11.792641,10.0,-1,13.076764
3,1463,1226.8416752815247,203.8515887260437,637.6610107421875,568.242431640625,10.432965,8.0,1,22.122828
3079,1463,2041.4013676643372,-50.869083881378174,1452.220703125,313.5217590332031,9.477344,6.0,1,2.4840765
4158,1463,1499.263367176056,503.19588804244995,910.0827026367188,867.5867309570312,7.386811,10.0,1,0.815348
3509,1463,2126.0010991096497,307.9413104057312,1536.8204345703125,672.3321533203125,7.258381,12.0,-1,0.032087088
8,1463,1104.9839482307434,466.6717791557312,515.8032836914062,831.0626220703125,6.059155,16.0,-1,1.8726945
2032,1463,661.068443775177,-157.3321270942688,71.88777923583984,207.0587158203125,6.028972,6.0,1,17.963663
4318,1463,2152.439209461212,-73.5558819770813,1563.258544921875,290.8349609375,5.697143,12.0,-1,7.7828975
2281,1463,1781.5213627815247,-72.6868634223938,1192.3406982421875,291.7039794921875,4.575826,8.0,-1,21.574408
4438,1463,1588.400574207306,351.40755796432495,999.2199096679688,715.7984008789062,3.7238538,8.0,-1,23.515493
12,1463,1126.3779301643372,848.3316912651062,537.197265625,1212.7225341796875,3.3825963,14.0,-1,9.419541
4509,1463,997.1839909553528,-208.8789258003235,408.0033264160156,155.5119171142578,2.9889708,28.0,-1,0.3225975
4305,1463,1450.638611316681,252.6494402885437,861.4579467773438,617.040283203125,2.0146823,8.0,-1,15.187752
4395,1463,791.6273198127747,627.7563738822937,202.4466552734375,992.147216796875,1.0785758,20.0,-1,0.809199
0,1464,1619.950409412384,734.2799334526062,1029.7764892578125,1099.066650390625,57.803345,10.0,1,23.498281
4,1464,1378.1189274787903,-138.1049542427063,787.9450073242188,226.6817626953125,42.461872,8.0,1,27.088192
3654,1464,1060.6676030158997,821.7466082572937,470.4936828613281,1186.5333251953125,42.034378,20.0,-1,20.574211
1,1464,1640.3116154670715,142.44408750534058,1050.1376953125,507.2308044433594,35.336987,8.0,1,23.821192
4535,1464,2204.2998967170715,-312.8255047798157,1614.1259765625,51.961212158203125,26.46482,6.0,1,11.794256
2,1464,1717.8272404670715,189.68966245651245,1127.6533203125,554.4763793945312,19.679325,8.0,1,26.294844
3509,1464,2126.225555896759,307.0857195854187,1536.0516357421875,671.8724365234375,17.119509,12.0,-1,2.0365193
4167,1464,1550.4248967170715,-315.4020390510559,960.2509765625,49.38467788696289,17.084652,6.0,1,7.522655
1332,1464,734.2644200325012,540.8451800346375,144.0904998779297,905.6318969726562,17.00242,10.0,-1,9.408302
3,1464,1225.4453434944153,203.31881284713745,635.2714233398438,568.1055297851562,15.369324,8.0,1,21.42374
3079,1464,2042.6539006233215,-52.6070294380188,1452.47998046875,312.1796875,10.593522,6.0,1,3.7205195
4194,1464,1895.219696521759,-84.88653993606567,1305.0457763671875,279.9001770019531,8.251098,10.0,-1,14.220494
8,1464,1102.0842595100403,467.24593687057495,511.91033935546875,832.0326538085938,7.1842403,16.0,-1,2.3893447
2281,1464,1781.6902775764465,-73.17691469192505,1191.516357421875,291.60980224609375,5.30197,8.0,-1,25.422472
4158,1464,1499.6028141975403,503.08578062057495,909.4288940429688,867.8724975585938,5.0697465,10.0,1,0.17540169
4509,1464,995.6986393928528,-209.20074892044067,405.52471923828125,155.58596801757812,4.635044,28.0,-1,1.2575231
2032,1464,663.8894352912903,-156.98729372024536,73.71551513671875,207.79942321777344,4.0917087,6.0,1,22.101038
4318,1464,2150.760468006134,-71.06506776809692,1560.5865478515625,293.7216491699219,3.0920322,12.0,-1,10.43475
4438,1464,1590.5981755256653,350.7105975151062,1000.4242553710938,715.497314453125,2.6304705,10.0,-1,18.119175
12,1464,1126.2090153694153,848.0089373588562,536.0350952148438,1212.795654296875,2.6049168,16.0,-1,6.822185
4305,1464,1448.942841053009,253.36092710494995,858.7689208984375,618.1476440429688,2.3955417,8.0,-1,16.216427
4395,1464,794.6576237678528,629.3741717338562,204.48370361328125,994.160888671875,1.1862701,20.0,-1,0.78953266
4,1465,1378.7928166389465,-138.90662050247192,787.8843994140625,226.02957153320312,56.088505,8.0,1,27.084671
0,1465,1621.2940373420715,736.1068987846375,1030.3856201171875,1101.0430908203125,46.238415,10.0,1,22.719627
3654,1465,1059.1145939826965,823.2138323783875,468.2061767578125,1188.1500244140625,39.281055,20.0,-1,20.81789
1,1465,1640.681366443634,142.55175352096558,1049.77294921875,507.4879455566406,35.000595,8.0,1,24.324917
4535,1465,2205.0972599983215,-313.227379322052,1614.1888427734375,51.70881271362305,29.304955,6.0,1,10.430249
2,1465,1716.9151310920715,190.63228940963745,1126.0067138671875,555.5684814453125,16.189436,8.0,1,25.698872
4167,1465,1550.6072697639465,-315.4956479072571,959.6988525390625,49.44054412841797,15.82791,6.0,1,9.093195
3,1465,1225.4453434944153,204.3504900932312,634.5369262695312,569.2866821289062,14.858092,8.0,1,19.655216
3509,1465,2125.077606678009,307.0857195854187,1534.169189453125,672.0219116210938,14.20636,12.0,-1,1.3388726
4194,1465,1893.0718693733215,-86.3592267036438,1302.1634521484375,278.57696533203125,13.507848,10.0,-1,12.751223
3079,1465,2043.8296818733215,-54.7674298286438,1452.9212646484375,310.16876220703125,12.852546,6.0,1,1.5883126
1332,1465,736.0301518440247,541.6203265190125,145.12173461914062,906.5565185546875,8.446492,10.0,-1,7.9917183
2281,1465,1778.729218006134,-73.86832094192505,1187.82080078125,291.06787109375,7.1801343,8.0,-1,26.7979
8,1465,1101.4857487678528,468.68807554244995,510.57733154296875,833.624267578125,6.795721,16.0,-1,2.2114115
4509,1465,993.7864689826965,-207.64192628860474,402.8780517578125,157.2942657470703,5.3726997,28.0,-1,1.7619878
4318,1465,2147.7188420295715,-72.58313417434692,1556.8104248046875,292.3530578613281,5.2167926,12.0,-1,10.718337
2032,1465,666.5440983772278,-157.21126222610474,75.63568115234375,207.7249298095703,4.671213,6.0,1,21.737358
4158,1465,1498.6987614631653,503.40670347213745,907.7903442382812,868.3428955078125,4.393555,10.0,1,0.32045317
4438,1465,1594.9372868537903,348.87850522994995,1004.0288696289062,713.814697265625,3.5261793,8.0,-1,20.621687
4305,1465,1450.4561467170715,253.0555682182312,859.5477294921875,617.9917602539062,3.166786,8.0,-1,17.19586
4395,1465,787.6705937385559,630.2370257377625,196.76217651367188,995.1732177734375,0.89752847,20.0,-1,1.5277978
0,1466,1621.2940373420715,735.869658946991,1029.9970703125,1101.5767822265625,58.918545,10.0,1,22.533924
1,1466,1641.331024646759,142.12588453292847,1050.0340576171875,507.8330078125,51.378223,8.0,1,23.978363
3654,1466,1057.7823185920715,824.2132868766785,466.4853515625,1189.92041015625,39.69379,20.0,-1,21.83108
4,1466,1381.5024724006653,-139.59822130203247,790.2055053710938,226.10890197753906,38.027885,8.0,1,26.51804
3,1466,1227.4175724983215,203.32748365402222,636.12060546875,569.0346069335938,18.272974,8.0,1,19.722918
2,1466,1716.3472599983215,190.11550855636597,1125.05029296875,555.8226318359375,18.0013,8.0,1,25.447214
4535,1466,2206.124237537384,-313.6281590461731,1614.8272705078125,52.07896423339844,17.50891,6.0,1,11.190235
3079,1466,2044.699676990509,-56.99209642410278,1453.4027099609375,308.71502685546875,12.984244,6.0,1,1.8226936
1332,1466,739.850555896759,541.2023615837097,148.5535888671875,906.9094848632812,11.525788,10.0,-1,10.2817545
3509,1466,2125.4451603889465,308.0199885368347,1534.148193359375,673.7271118164062,11.1305,12.0,-1,3.4151907
4194,1466,1893.1316838264465,-86.28555345535278,1301.834716796875,279.42156982421875,11.069936,10.0,-1,13.358375
4167,1466,1549.4614567756653,-315.4956479072571,958.1644897460938,50.21147537231445,8.646943,6.0,1,8.838467
2032,1466,667.3040852546692,-156.38940477371216,76.00711822509766,209.31771850585938,7.286073,8.0,1,20.369473
8,1466,1101.0594792366028,470.14883375167847,509.76251220703125,835.85595703125,6.8662777,16.0,-1,1.0401106
2281,1466,1777.547089099884,-76.58047533035278,1186.2501220703125,289.12664794921875,5.738233,8.0,-1,28.928278
4158,1466,1497.9100651741028,504.15078687667847,906.6130981445312,869.85791015625,4.8839536,18.0,-1,0.18755078
4318,1466,2148.2110295295715,-72.11560106277466,1556.9140625,293.5915222167969,4.035032,14.0,-1,6.148819
4438,1466,1594.386688709259,344.13674879074097,1003.0897216796875,709.8438720703125,3.980732,8.0,-1,23.130146
4509,1466,992.479218006134,-203.23347520828247,401.1822509765625,162.47364807128906,3.5179403,26.0,-1,2.1007752
12,1466,1123.848358631134,848.1336970329285,532.5513916015625,1213.8408203125,2.7561023,16.0,-1,5.7804637
4305,1466,1449.2032170295715,254.11959791183472,857.90625,619.8267211914062,2.3352613,8.0,-1,14.663676
4395,1466,784.0638432502747,633.012969493866,192.76687622070312,998.7200927734375,0.4796337,20.0,-1,1.141426
0,1467,1619.761688709259,735.3822474479675,1027.7264404296875,1101.9647216796875,70.932274,10.0,1,24.235823
1,1467,1641.9497990608215,141.6615138053894,1049.91455078125,508.2439880371094,46.16472,8.0,1,24.911726
3654,1467,1054.0571904182434,827.61772108078,462.0219421386719,1194.2001953125,40.35493,20.0,-1,21.270947
4,1467,1383.9031071662903,-142.00932359695435,791.8678588867188,224.57315063476562,37.632683,8.0,1,26.9571
2,1467,1716.5069279670715,190.86485242843628,1124.4716796875,557.4473266601562,19.695795,8.0,1,24.610313
4535,1467,2204.8758244514465,-312.9669728279114,1612.840576171875,53.615501403808594,19.201155,6.0,1,10.633267
1332,1467,742.7430577278137,539.0773768424988,150.7078094482422,905.6598510742188,16.777796,10.0,-1,12.595787
3079,1467,2046.011200428009,-58.01802110671997,1453.9759521484375,308.564453125,15.94546,6.0,1,2.6513438
3,1467,1227.560760974884,200.84477186203003,635.5255126953125,567.42724609375,15.274747,8.0,1,21.71701
3509,1467,2123.8975529670715,309.29118299484253,1531.8623046875,675.8736572265625,12.997307,12.0,-1,1.6983118
4167,1467,1549.3182682991028,-314.1334195137024,957.2830200195312,52.44905471801758,10.998631,6.0,1,10.024116
4194,1467,1894.1182560920715,-83.79191637039185,1302.0830078125,282.7905578613281,10.987573,10.0,-1,14.070847
2281,1467,1781.162567615509,-76.78813219070435,1189.1273193359375,289.7943420410156,6.7367992,8.0,-1,27.000433
2032,1467,668.1909489631653,-157.84516954421997,76.15570068359375,208.7373046875,6.1748695,8.0,1,20.80388
8,1467,1102.8429265022278,467.9975428581238,510.80767822265625,834.5800170898438,5.6247935,16.0,-1,1.0096154
4318,1467,2148.4661564826965,-71.9079442024231,1556.430908203125,294.6745300292969,4.3443885,14.0,-1,7.1788445
4158,1467,1495.636932849884,504.7967371940613,903.6016845703125,871.3792114257812,4.0184245,18.0,-1,1.9407685
4509,1467,991.2518925666809,-201.70515489578247,399.2166442871094,164.8773193359375,3.8384085,26.0,-1,3.2437084
4438,1467,1593.1653752326965,347.46610975265503,1001.130126953125,714.048583984375,3.6458836,8.0,-1,20.97544
4305,1467,1448.194794178009,253.56394910812378,856.1595458984375,620.1464233398438,2.2575948,8.0,-1,14.072948
12,1467,1122.052948474884,847.6168665885925,530.0177001953125,1214.1993408203125,2.0118306,14.0,-1,12.780893
4395,1467,779.8235783576965,637.41947889328,187.788330078125,1004.001953125,0.9550778,22.0,-1,1.5023769
0,1468,1620.6201100349426,735.407895565033,1027.792724609375,1102.4525146484375,56.559826,10.0,1,24.487833
3654,1468,1053.1434559822083,827.194516658783,460.3160705566406,1194.2391357421875,46.502125,22.0,-1,23.20129
4,1468,1381.3666310310364,-141.0600152015686,788.5392456054688,225.98460388183594,46.276913,8.0,1,24.981445
1,1468,1641.0966725349426,140.3642554283142,1048.269287109375,507.40887451171875,40.861115,8.0,1,21.911116
2,1468,1718.9337086677551,190.7431616783142,1126.1063232421875,557.7877807617188,25.161943,8.0,1,23.40337
4535,1468,2203.735466480255,-310.9935631752014,1610.9080810546875,56.051055908203125,16.920609,6.0,1,12.990256
3509,1468,2124.6909108161926,308.8734107017517,1531.863525390625,675.9180297851562,16.456728,10.0,-1,4.4340653
3,1468,1226.8588795661926,202.08819341659546,634.031494140625,569.1328125,14.828132,8.0,1,20.645144
1332,1468,741.2489857673645,539.126889705658,148.42160034179688,906.1715087890625,14.3493395,10.0,-1,11.940865
4167,1468,1549.9212574958801,-314.1104226112366,957.0938720703125,52.93419647216797,10.49219,6.0,1,7.1877728
4194,1468,1894.5838551521301,-84.30322504043579,1301.7564697265625,282.74139404296875,9.159196,10.0,-1,12.606971
3079,1468,2047.3806080818176,-57.196016788482666,1454.55322265625,309.8486022949219,8.286237,6.0,1,3.2605486
2281,1468,1780.6667408943176,-78.76257562637329,1187.83935546875,288.28204345703125,7.274122,8.0,-1,29.849934
8,1468,1103.3130116462708,465.9238257408142,510.4856262207031,832.9684448242188,5.5886264,18.0,-1,1.987267
4509,1468,991.4269642829895,-198.94169855117798,398.5995788574219,168.10292053222656,4.662686,26.0,-1,1.0192447
4158,1468,1493.5468678474426,504.56695318222046,900.719482421875,871.611572265625,4.581651,22.0,-1,3.0372763
2032,1468,670.5007481575012,-158.87907648086548,77.6733627319336,208.16554260253906,4.4826074,6.0,1,20.713707
4438,1468,1591.9777760505676,350.8911108970642,999.150390625,717.9357299804688,4.2400455,8.0,-1,20.265491
4318,1468,2147.53942155838,-71.93094110488892,1554.7120361328125,295.1136779785156,3.1495502,14.0,-1,6.9212904
4305,1468,1448.3491749763489,249.2427954673767,855.5217895507812,616.2874145507812,2.4023082,8.0,-1,14.704259
12,1468,1122.4174733161926,847.924497127533,529.590087890625,1214.9691162109375,1.7346843,16.0,-1,10.779892
4395,1468,779.6691975593567,639.2213110923767,186.84181213378906,1006.2659301757812,0.5688357,22.0,-1,1.6325544
0,1469,1621.0285573005676,736.157895565033,1027.0989990234375,1103.1988525390625,48.320362,10.0,1,24.115736
3654,1469,1053.3796925544739,827.0127539634705,459.45013427734375,1194.0537109375,48.236416,22.0,-1,22.014774
1,1469,1641.8005299568176,141.93490362167358,1047.8709716796875,508.9758605957031,40.503452,8.0,1,23.406538
4,1469,1381.3666310310364,-140.8344750404358,787.4370727539062,226.20648193359375,38.211704,8.0,1,27.043041
4535,1469,2203.9789967536926,-313.46998834609985,1610.0494384765625,53.57096862792969,26.500282,6.0,1,13.890337
3509,1469,2123.9711842536926,310.6569800376892,1530.0416259765625,677.6979370117188,20.272413,10.0,-1,7.0448666
2,1469,1718.9213795661926,190.7258276939392,1124.9918212890625,557.7667846679688,19.036621,8.0,1,24.970995
1332,1469,740.0381550788879,539.1536231040955,146.1085968017578,906.194580078125,14.563502,10.0,-1,11.123473
3,1469,1229.0692067146301,201.84258794784546,635.1396484375,568.883544921875,12.455873,8.0,1,20.567057
4167,1469,1552.2908253669739,-315.41919565200806,958.3612670898438,51.621761322021484,10.531175,6.0,1,6.886328
3079,1469,2050.4736256599426,-58.131624698638916,1456.5440673828125,308.9093322753906,9.470399,6.0,1,1.1131514
4194,1469,1892.1724781990051,-82.48642206192017,1298.242919921875,284.5545349121094,8.88903,10.0,-1,13.51707
2281,1469,1779.6674733161926,-76.98977899551392,1185.7379150390625,290.0511779785156,8.413522,8.0,-1,32.57652
8,1469,1101.9418568611145,469.23565435409546,508.0122985839844,836.276611328125,7.1392236,8.0,1,0.019417048
4158,1469,1489.5336842536926,506.57842779159546,895.6041259765625,873.619384765625,5.5678005,22.0,-1,3.6128087
2032,1469,674.0469670295715,-159.2376732826233,80.1174087524414,207.80328369140625,4.9882293,6.0,1,21.060616
4318,1469,2146.4416432380676,-71.93094110488892,1552.5120849609375,295.1100158691406,4.6050067,14.0,-1,7.5486183
4438,1469,1592.6066823005676,349.01531744003296,998.6771240234375,716.0562744140625,4.41227,8.0,-1,20.102406
4509,1469,990.1498951911926,-193.77369928359985,396.2203369140625,173.2672576904297,2.6489112,26.0,-1,2.8780067
4305,1469,1449.3764576911926,246.78118658065796,855.4468994140625,613.8221435546875,1.8075571,8.0,-1,15.196717
4395,1469,779.2658162117004,639.0375952720642,185.3362579345703,1006.0785522460938,0.557283,22.0,-1,0.59929633
0,1470,1622.8723073005676,735.7595953941345,1027.8511962890625,1102.9635009765625,52.072872,10.0,1,23.976326
4,1470,1380.8568043708801,-140.8344750404358,785.835693359375,226.3694305419922,44.245975,8.0,1,26.761263
3654,1470,1051.9627614021301,828.5977301597595,456.941650390625,1195.8016357421875,40.630074,22.0,-1,21.418543
1,1470,1641.5794606208801,143.96729803085327,1046.558349609375,511.17120361328125,28.472403,8.0,1,22.095165
2,1470,1719.3658375740051,188.95954656600952,1124.3447265625,556.1634521484375,20.74849,8.0,1,25.829103
4535,1470,2203.984489917755,-313.6628670692444,1608.96337890625,53.541038513183594,20.573883,6.0,1,11.742095
3,1470,1229.4872364997864,198.96577215194702,634.4661254882812,566.169677734375,17.996891,8.0,1,20.422312
3079,1470,2050.8727955818176,-59.69432306289673,1455.8516845703125,307.50958251953125,13.860691,6.0,1,2.317764
3509,1470,2123.517693042755,310.59827947616577,1528.49658203125,677.8021850585938,13.416431,10.0,-1,6.880917
1332,1470,740.9568409919739,536.9305548667908,145.93572998046875,904.1344604492188,12.308231,10.0,-1,11.007781
4167,1470,1555.5986256599426,-314.10557794570923,960.5775146484375,53.09832763671875,11.02785,6.0,1,7.73356
4194,1470,1891.2303395271301,-83.20579767227173,1296.209228515625,283.99810791015625,9.700631,10.0,-1,14.183854
2281,1470,1778.8714528083801,-73.03209161758423,1183.850341796875,294.17181396484375,8.591533,8.0,-1,28.665922
4158,1470,1488.1938405036926,505.23353338241577,893.1727294921875,872.4374389648438,6.2507844,20.0,-1,2.591048
4318,1470,2144.61705827713,-71.1321587562561,1549.595947265625,296.0717468261719,4.9917636,14.0,-1,6.8786907
8,1470,1102.0812001228333,470.7735114097595,507.0600891113281,837.9774169921875,4.9332213,16.0,-1,0.027768493
2032,1470,678.6207280158997,-159.15248346328735,83.59961700439453,208.05142211914062,4.5800433,6.0,1,22.027193
4509,1470,986.6849904060364,-191.71068048477173,391.66387939453125,175.49322509765625,4.2171717,26.0,-1,2.915915
4438,1470,1597.0118947029114,348.88575506210327,1001.9907836914062,716.0896606445312,4.112592,8.0,-1,19.272821
4305,1470,1448.8860402107239,247.92439031600952,853.8649291992188,615.1282958984375,2.118564,8.0,-1,14.170656
4395,1470,779.2658162117004,641.8780646324158,184.2447052001953,1009.0819702148438,0.5985114,22.0,-1,0.86683404
0,1471,1624.0621876716614,736.5333685874939,1027.8951416015625,1104.10498046875,70.83813,10.0,1,25.049297
1,1471,1640.1278614997864,140.4709906578064,1043.9608154296875,508.0426025390625,55.9621,8.0,1,22.938616
3654,1471,1054.1335682868958,827.3256049156189,457.9665222167969,1194.897216796875,46.6886,22.0,-1,21.966347
2,1471,1718.2981495857239,190.24790716171265,1122.131103515625,557.8195190429688,37.308773,8.0,1,24.021776
4,1471,1381.9200978279114,-139.43646478652954,785.7530517578125,228.13514709472656,36.107952,8.0,1,26.849667
4535,1471,2203.3922657966614,-313.400381565094,1607.2252197265625,54.17123031616211,28.322393,6.0,1,13.649133
3509,1471,2122.277153491974,308.6416449546814,1526.110107421875,676.2132568359375,15.748807,10.0,-1,6.861409
3,1471,1229.4525685310364,196.4166693687439,633.2855224609375,563.98828125,15.051118,8.0,1,20.564468
1332,1471,742.4997181892395,539.4395575523376,146.33267211914062,907.0111694335938,14.365546,10.0,-1,11.170558
3079,1471,2050.850151538849,-60.23955011367798,1454.68310546875,307.3320617675781,13.709958,6.0,1,1.8162215
4167,1471,1555.5986256599426,-316.3862442970276,959.4315795898438,51.185367584228516,11.532414,6.0,1,10.699028
4194,1471,1893.1644825935364,-83.33775568008423,1296.9974365234375,284.2338562011719,8.888797,10.0,-1,13.368428
2281,1471,1778.2714161872864,-73.54448175430298,1182.1043701171875,294.0271301269531,8.310942,8.0,-1,29.867125
2032,1471,681.1163334846497,-159.15248346328735,84.94928741455078,208.41912841796875,5.5879006,8.0,1,19.38291
8,1471,1101.1949696540833,472.14048528671265,505.0279235839844,839.7120971679688,5.3049636,8.0,1,2.3321047
4318,1471,2146.1417775154114,-71.05589532852173,1549.9747314453125,296.5157165527344,4.502497,14.0,-1,2.277911
4438,1471,1598.1483082771301,347.86485052108765,1001.9812622070312,715.4364624023438,3.9181502,8.0,-1,18.824211
4158,1471,1488.6881642341614,505.95860052108765,892.5211181640625,873.5302124023438,3.8836432,22.0,-1,2.3177998
4509,1471,983.6831288337708,-188.3761010169983,387.5160827636719,179.1955108642578,3.5594351,26.0,-1,1.7206042
4305,1471,1450.0451588630676,249.58543157577515,853.8781127929688,617.1570434570312,1.78302,8.0,-1,12.589938
4395,1471,777.2687764167786,639.9711737632751,181.1017303466797,1007.5427856445312,0.8978762,20.0,-1,1.2949122
1,1472,1641.2341847419739,140.1135687828064,1043.9688720703125,507.98248291015625,65.45959,8.0,1,24.274168
3654,1472,1054.6729054450989,828.4114813804626,457.4075927734375,1196.2803955078125,51.701702,22.0,-1,22.605883
0,1472,1626.8569874763489,735.9916815757751,1029.5916748046875,1103.860595703125,48.597515,10.0,1,24.81136
4,1472,1383.3431935310364,-137.76954889297485,786.077880859375,230.099365234375,47.352497,8.0,1,26.769794
2,1472,1718.0000538825989,190.24790716171265,1120.7347412109375,558.1168212890625,27.285006,8.0,1,24.439472
4535,1472,2204.683891773224,-313.59770822525024,1607.4185791015625,54.27120590209961,23.593712,6.0,1,13.982203
3,1472,1229.4313893318176,194.9642767906189,632.1660766601562,562.8331909179688,18.783934,8.0,1,21.70334
3509,1472,2121.2374806404114,308.21323919296265,1523.97216796875,676.0821533203125,16.44037,10.0,-1,7.077201
3079,1472,2050.791801929474,-59.97194147109985,1453.5264892578125,307.89697265625,12.253886,6.0,1,3.5294137
1332,1472,744.4738545417786,541.9463324546814,147.2085418701172,909.8152465820312,11.908127,10.0,-1,9.722724
2281,1472,1777.5720753669739,-71.90199518203735,1180.3067626953125,295.9669189453125,8.894366,8.0,-1,30.466303
8,1472,1097.4012379646301,470.11008977890015,500.13592529296875,837.97900390625,8.588824,8.0,1,1.1052176
4194,1472,1893.1644825935364,-83.72804498672485,1295.899169921875,284.140869140625,8.317784,10.0,-1,13.874895
4167,1472,1556.6943287849426,-313.7047333717346,959.4290161132812,54.164180755615234,7.0709987,6.0,1,11.462732
4318,1472,2144.906059741974,-69.07817316055298,1547.6407470703125,298.7907409667969,6.8476443,14.0,-1,2.2506757
2032,1472,681.8550877571106,-159.19890069961548,84.58977508544922,208.67001342773438,4.385021,8.0,1,21.029413
4509,1472,981.3285145759583,-187.35431146621704,384.0632019042969,180.5146026611328,3.6829224,26.0,-1,1.6198756
4438,1472,1598.7423634529114,346.15415716171265,1001.47705078125,714.0230712890625,3.6757212,8.0,-1,21.735607
4158,1472,1488.9808278083801,508.33396673202515,891.7155151367188,876.202880859375,3.3259287,20.0,-1,1.8437209
4305,1472,1447.1690602302551,252.17905950546265,849.9037475585938,620.0479736328125,2.1708992,8.0,-1,12.488097
4395,1472,772.9954304695129,639.5088324546814,175.73011779785156,1007.3777465820312,0.6124861,20.0,-1,1.2394044
0,1473,1628.5243458747864,735.3138251304626,1029.31689453125,1103.692138671875,52.35089,10.0,1,24.11563
1,1473,1641.2341847419739,141.37849187850952,1042.0267333984375,509.7568054199219,45.07017,8.0,1,22.036074
3654,1473,1054.116783618927,831.4850897789001,454.9093322753906,1199.8634033203125,43.856125,22.0,-1,21.873798
4,1473,1385.6473927497864,-137.55479669570923,786.43994140625,230.82351684570312,33.35779,8.0,1,26.536173
4535,1473,2205.9327931404114,-314.5577073097229,1606.725341796875,53.82060623168945,24.809614,6.0,1,12.875992
3,1473,1229.6195607185364,195.8088812828064,630.412109375,564.1871948242188,19.731783,8.0,1,20.293434
2,1473,1717.3849415779114,189.71885442733765,1118.177490234375,558.09716796875,18.18616,8.0,1,26.093569
3079,1473,2049.6910939216614,-61.31151056289673,1450.483642578125,307.0668029785156,14.1508875,6.0,1,3.254124
3509,1473,2123.443901538849,308.00340032577515,1524.2364501953125,676.3817138671875,13.905644,10.0,-1,6.7778172
1332,1473,747.0547566413879,544.6499457359314,147.84730529785156,913.0282592773438,13.475975,10.0,-1,10.314117
4167,1473,1559.4446949958801,-314.06090021133423,960.2372436523438,54.317413330078125,10.923874,6.0,1,10.545607
8,1473,1096.1316456794739,469.47178411483765,496.9241943359375,837.85009765625,10.1398535,16.0,-1,0.6528706
4194,1473,1891.5529103279114,-80.85081720352173,1292.345458984375,287.5274963378906,7.352507,10.0,-1,13.594575
2281,1473,1783.0682911872864,-70.37904596328735,1183.86083984375,297.999267578125,6.2901325,8.0,-1,25.92862
4158,1473,1488.9172291755676,509.2762885093689,889.7097778320312,877.6546020507812,5.7153745,22.0,-1,2.248986
4318,1473,2144.463188648224,-69.07817316055298,1545.2557373046875,299.3001403808594,5.6401978,14.0,-1,1.7750597
4509,1473,981.2407155036926,-187.52531671524048,382.03326416015625,180.85299682617188,5.405049,26.0,-1,4.0782995
4438,1473,1599.1845021247864,345.25901556015015,999.97705078125,713.6373291015625,4.98206,8.0,-1,22.33459
2032,1473,682.7882542610168,-159.58413934707642,83.58080291748047,208.79417419433594,4.554866,8.0,1,20.479916
4305,1473,1446.4516530036926,253.46836614608765,847.2442016601562,621.8466796875,1.5154305,8.0,-1,13.230021
4395,1473,771.1768879890442,639.7196478843689,171.9694366455078,1008.0979614257812,0.9156792,24.0,-1,1.4402115
0,1474,1631.7810292243958,737.4025855064392,1031.6689453125,1105.917236328125,63.241364,10.0,1,24.376581
1,1474,1642.4051747322083,142.70452642440796,1042.2930908203125,511.21917724609375,38.068035,8.0,1,21.496876
3654,1474,1052.7756581306458,833.9360327720642,452.66357421875,1202.45068359375,36.90758,22.0,-1,22.906683
4,1474,1384.5783925056458,-137.10775995254517,784.46630859375,231.40689086914062,28.974304,8.0,1,25.361002
4535,1474,2205.5278553962708,-313.8928933143616,1605.415771484375,54.62175750732422,25.45041,6.0,1,13.910528
1332,1474,748.0347828865051,545.4991431236267,147.92269897460938,914.0137939453125,20.266037,10.0,-1,12.7176
2,1474,1717.5183339118958,189.1992163658142,1117.40625,557.7138671875,19.499804,8.0,1,25.339573
3,1474,1231.9430775642395,196.8953833580017,631.8309936523438,565.4100341796875,16.598331,8.0,1,21.683817
3509,1474,2122.3884510993958,306.7097144126892,1522.2763671875,675.224365234375,12.929465,10.0,-1,7.6706886
3079,1474,2049.4065175056458,-61.548555850982666,1449.29443359375,306.9660949707031,10.565268,6.0,1,1.2667935
4167,1474,1561.1836171150208,-314.26888132095337,961.071533203125,54.24576950073242,10.094487,6.0,1,10.201351
4194,1474,1891.8285145759583,-81.69702386856079,1291.7164306640625,286.817626953125,8.602583,10.0,-1,14.08846
4318,1474,2143.1850819587708,-68.25119256973267,1543.072998046875,300.2634582519531,7.057493,14.0,-1,2.4094744
4158,1474,1485.441490650177,510.13750982284546,885.3294067382812,878.6521606445312,6.795555,22.0,-1,3.3728707
8,1474,1094.7706532478333,468.62688970565796,494.6585693359375,837.1415405273438,5.5290112,16.0,-1,1.8916268
4438,1474,1596.2400135993958,343.50164556503296,996.1279296875,712.0162963867188,5.3624864,8.0,-1,23.073652
2281,1474,1782.0949940681458,-68.05087518692017,1181.98291015625,300.4637756347656,5.1962724,8.0,-1,29.831806
2032,1474,682.969696521759,-159.58413934707642,82.85761260986328,208.93051147460938,5.100246,8.0,1,18.475187
4509,1474,981.2407155036926,-188.9931664466858,381.1286315917969,179.521484375,3.5646029,28.0,-1,3.2255876
4305,1474,1446.7470936775208,251.70770025253296,846.635009765625,620.2223510742188,1.7178952,8.0,-1,11.71563
4395,1474,771.9817280769348,635.5776953697205,171.86964416503906,1004.0923461914062,0.6532955,22.0,-1,0.9385042
0,1475,1632.1817860603333,737.6571021080017,1031.608642578125,1106.2486572265625,67.82845,10.0,1,25.26288
4,1475,1384.5783925056458,-134.73410272598267,784.0052490234375,233.85745239257812,45.220013,8.0,1,26.783388
3654,1475,1052.0338978767395,833.9360327720642,451.46075439453125,1202.527587890625,38.82514,22.0,-1,22.769936
1,1475,1642.7552723884583,145.18121099472046,1042.18212890625,513.7727661132812,38.09307,8.0,1,20.371311
4535,1475,2204.8198475837708,-314.50427865982056,1604.2467041015625,54.087276458740234,33.051624,6.0,1,14.841583
3,1475,1233.0067372322083,195.68011236190796,632.43359375,564.2716674804688,21.23586,8.0,1,21.7012
2,1475,1716.2750477790833,187.18377447128296,1115.701904296875,555.7753295898438,18.041943,8.0,1,25.504656
3079,1475,2048.6268544197083,-60.514009952545166,1448.0537109375,308.0775451660156,14.519036,6.0,1,2.9367003
1332,1475,748.4520192146301,546.943295955658,147.87887573242188,915.5348510742188,14.25421,10.0,-1,10.905332
4167,1475,1560.946617603302,-314.5245804786682,960.3734741210938,54.06697463989258,14.252419,6.0,1,10.559581
3509,1475,2123.6374745368958,306.61834478378296,1523.0643310546875,675.2098999023438,12.393707,10.0,-1,9.277254
8,1475,1094.2766652107239,467.2734351158142,493.7035217285156,835.864990234375,7.2131467,16.0,-1,0.37710238
4194,1475,1892.2732167243958,-81.92654657363892,1291.7000732421875,286.6650085449219,7.1510906,10.0,-1,12.736871
2281,1475,1780.6859364509583,-67.12713861465454,1180.11279296875,301.46441650390625,6.6483846,8.0,-1,29.640099
2032,1475,683.1578755378723,-161.76996088027954,82.58473205566406,206.82159423828125,5.4144845,8.0,1,21.96765
4318,1475,2143.2135243415833,-65.85959100723267,1542.640380859375,302.7319641113281,4.2382684,14.0,-1,2.1460555
4158,1475,1484.194664478302,509.59600591659546,883.6215209960938,878.1875610351562,3.9853194,22.0,-1,3.1654944
4438,1475,1596.2860341072083,343.86639165878296,995.712890625,712.4579467773438,3.773012,8.0,-1,22.973412
4509,1475,980.3607106208801,-187.13165521621704,379.7875671386719,181.45989990234375,2.4606154,26.0,-1,1.5054988
4305,1475,1450.4951405525208,251.3427710533142,849.9219970703125,619.934326171875,2.2259195,8.0,-1,13.085645
4395,1475,770.8829121589661,638.158139705658,170.3097686767578,1006.7496948242188,1.015128,22.0,-1,1.4815054
0,1476,1631.8494191169739,738.1181311607361,1030.011474609375,1107.1934814453125,59.536434,10.0,1,23.791088
1,1476,1645.4879689216614,144.94552373886108,1043.6500244140625,514.0208740234375,46.995472,8.0,1,23.415998
3654,1476,1052.0338978767395,832.0572180747986,450.1959533691406,1201.132568359375,40.76369,22.0,-1,21.236729
4,1476,1384.1867604255676,-134.84915399551392,782.3488159179688,234.2261962890625,32.238403,8.0,1,24.518614
4535,1476,2205.9135060310364,-314.37317514419556,1604.0755615234375,54.70217514038086,30.543375,6.0,1,15.576107
2,1476,1717.0806202888489,184.89156866073608,1115.24267578125,553.9669189453125,19.35008,8.0,1,25.687323
3,1476,1234.9008107185364,197.32186651229858,633.0628662109375,566.397216796875,18.269485,8.0,1,21.339449
4167,1476,1562.0831227302551,-315.38813638687134,960.2451782226562,53.68721389770508,15.923959,6.0,1,7.8247447
1332,1476,750.3095021247864,547.6924109458923,148.4715576171875,916.7677612304688,14.865943,10.0,-1,10.579409
3079,1476,2049.327446460724,-60.966829776763916,1447.489501953125,308.1085205078125,10.428336,6.0,1,3.1120944
3509,1476,2123.1281056404114,308.7759680747986,1521.2901611328125,677.851318359375,8.855988,10.0,-1,6.631409
8,1476,1095.3524708747864,468.9164710044861,493.5145263671875,837.9918212890625,7.492522,16.0,-1,1.0331557
4194,1476,1890.9281544685364,-81.92654657363892,1289.0902099609375,287.1488037109375,7.1850038,10.0,-1,12.743511
2281,1476,1778.8098683357239,-68.71481561660767,1176.971923828125,300.36053466796875,6.1047845,8.0,-1,28.649975
2032,1476,682.0169377326965,-160.67039728164673,80.17899322509766,208.4049530029297,4.681716,6.0,1,22.20651
4318,1476,2142.372124195099,-65.31820917129517,1540.5341796875,303.75714111328125,4.6096725,14.0,-1,3.213949
4438,1476,1596.1950612068176,343.4706702232361,994.3571166992188,712.5460205078125,3.4417098,8.0,-1,23.068153
4158,1476,1484.0599293708801,514.3531165122986,882.2219848632812,883.428466796875,2.7275047,24.0,-1,3.7358212
4509,1476,980.0199818611145,-185.26796197891235,378.1820373535156,183.80738830566406,2.6175683,26.0,-1,1.0077815
4305,1476,1452.4844899177551,249.95113897323608,850.6465454101562,619.0264892578125,1.2796094,8.0,-1,12.618795
4395,1476,771.3119740486145,636.5536780357361,169.47402954101562,1005.6290283203125,0.25833222,22.0,-1,0.20561004
0,1477,1633.3662724494934,739.2593054771423,1030.768310546875,1108.262451171875,53.115295,10.0,1,24.93374
4,1477,1386.1105961799622,-134.84915399551392,783.5126342773438,234.15399169921875,40.333115,8.0,1,25.913649
3654,1477,1053.249451160431,831.2981238365173,450.6514892578125,1200.30126953125,38.98961,20.0,-1,20.467657
1,1477,1644.8137822151184,146.16964483261108,1042.2158203125,515.1727905273438,38.843456,8.0,1,20.433828
4535,1477,2208.125671863556,-314.3717484474182,1605.5277099609375,54.63139724731445,25.04133,6.0,1,13.7283
2,1477,1717.9607548713684,184.57461309432983,1115.36279296875,553.5777587890625,23.223356,8.0,1,25.489704
3,1477,1234.593689441681,197.35946416854858,631.9957275390625,566.3626098632812,18.200388,8.0,1,21.368668
3509,1477,2122.341492176056,310.9156165122986,1519.7435302734375,679.9187622070312,16.070456,10.0,-1,10.136635
1332,1477,754.1403050422668,546.5016760826111,151.54234313964844,915.5048217773438,15.549335,10.0,-1,13.726653
4167,1477,1564.6768193244934,-317.28787088394165,962.078857421875,51.715274810791016,14.365261,6.0,1,9.462068
4194,1477,1890.531921863556,-81.19125604629517,1287.9339599609375,287.8118896484375,11.726772,10.0,-1,13.958318
3079,1477,2050.5774540901184,-64.29587030410767,1447.9794921875,304.707275390625,9.1332445,6.0,1,3.1589074
2281,1477,1778.5210576057434,-71.42703485488892,1175.923095703125,297.57611083984375,7.476906,8.0,-1,28.217642
8,1477,1093.782410144806,469.1980872154236,491.1844482421875,838.2012329101562,5.2994413,16.0,-1,1.0647993
4438,1477,1596.5050053596497,346.8664221763611,993.9070434570312,715.8695678710938,4.704725,8.0,-1,21.690056
2032,1477,682.0169377326965,-162.2669701576233,79.41897583007812,206.73617553710938,4.2223887,8.0,1,19.87326
4509,1477,977.8885807991028,-185.9877953529358,375.2906188964844,183.01535034179688,3.3975203,24.0,-1,2.7168808
4318,1477,2140.9385380744934,-65.32022333145142,1538.340576171875,303.68292236328125,3.264533,14.0,-1,5.4208565
4158,1477,1479.2268071174622,513.4027380943298,876.6288452148438,882.4058837890625,3.0339649,22.0,-1,2.3167431
4305,1477,1454.6438603401184,251.24453496932983,852.0458984375,620.2476806640625,1.799774,8.0,-1,13.869142
4395,1477,768.9824070930481,637.0077185630798,166.3844451904297,1006.0108642578125,0.23047161,24.0,-1,0.64261067
1,1478,1645.632263660431,147.11672735214233,1042.047607421875,515.995361328125,64.72433,8.0,1,22.395454
0,1478,1635.108826160431,742.4763464927673,1031.524169921875,1111.35498046875,51.720337,10.0,1,24.48414
3654,1478,1053.045837879181,832.9826941490173,449.461181640625,1201.861328125,47.821102,20.0,-1,21.666504
4,1478,1386.1494755744934,-134.8526635169983,782.5648193359375,234.02597045898438,39.476696,8.0,1,24.971424
4535,1478,2209.332458972931,-314.7969422340393,1605.747802734375,54.08169174194336,24.40139,6.0,1,13.823021
2,1478,1718.810974597931,183.97085332870483,1115.226318359375,552.8494873046875,23.387947,8.0,1,24.615969
3,1478,1233.877624988556,197.35946416854858,630.29296875,566.2380981445312,21.86267,8.0,1,20.732872
4167,1478,1564.0779423713684,-317.3157296180725,960.4932861328125,51.562904357910156,15.821471,6.0,1,8.048656
1332,1478,754.2747654914856,545.0524573326111,150.6901092529297,913.9310913085938,11.995869,10.0,-1,10.1061125
4194,1478,1889.7092900276184,-77.75570917129517,1286.1246337890625,291.1229248046875,8.922931,10.0,-1,12.884435
8,1478,1091.2051701545715,470.9152503013611,487.6205139160156,839.7938842773438,8.458041,18.0,-1,2.1567292
3079,1478,2050.594421863556,-68.11328363418579,1447.009765625,300.7653503417969,8.333063,6.0,1,1.2182069
3509,1478,2122.598816394806,312.21206426620483,1519.01416015625,681.0906982421875,8.288364,10.0,-1,9.507274
2281,1478,1775.6018681526184,-72.60071039199829,1172.0172119140625,296.2779235839844,5.9467545,8.0,-1,24.774155
2032,1478,681.3073353767395,-162.1259331703186,77.7226791381836,206.75270080566406,4.961766,6.0,1,18.86615
4318,1478,2140.9385380744934,-67.91641473770142,1537.3538818359375,300.96221923828125,4.0482593,14.0,-1,1.6061969
4509,1478,975.7651371955872,-183.47001886367798,372.18048095703125,185.4086151123047,3.9366305,26.0,-1,4.3227
4438,1478,1599.9287114143372,349.05801153182983,996.3440551757812,717.9366455078125,2.922673,8.0,-1,17.767925
4305,1478,1453.7313237190247,249.10738897323608,850.1466674804688,617.9860229492188,2.6675112,8.0,-1,12.948973
4158,1478,1481.8142704963684,513.1743445396423,878.2296142578125,882.052978515625,2.1319268,26.0,-1,2.1916387
4395,1478,766.7867588996887,640.8042883872986,163.2021026611328,1009.6829223632812,0.32236427,28.0,-1,0.83712316
0,1479,1636.140335559845,743.2248816490173,1031.83154296875,1112.3526611328125,77.63999,10.0,1,25.331339
1,1479,1646.51850938797,146.90859746932983,1042.209716796875,516.036376953125,48.37866,8.0,1,22.538023
4,1479,1388.4474034309387,-134.85785150527954,784.1386108398438,234.26992797851562,43.179806,8.0,1,25.99839
3654,1479,1049.910843372345,833.0243201255798,445.60205078125,1202.152099609375,43.119167,20.0,-1,20.676489
4535,1479,2210.0860142707825,-313.4555039405823,1605.7772216796875,55.67227554321289,23.169098,6.0,1,14.013407
2,1479,1717.798050403595,185.53317022323608,1113.4892578125,554.6609497070312,20.001385,8.0,1,26.777834
3,1479,1234.3651280403137,197.35946416854858,630.0563354492188,566.4872436523438,18.336908,8.0,1,21.564701
1332,1479,754.2747654914856,542.2004065513611,149.96597290039062,911.3281860351562,16.572138,10.0,-1,10.295923
3509,1479,2118.439651966095,311.13003301620483,1514.130859375,680.2578125,12.981065,10.0,-1,10.200271
3079,1479,2048.93452501297,-68.88238763809204,1444.625732421875,300.2453918457031,9.679219,6.0,1,0.67187643
4167,1479,1563.9258580207825,-319.5650773048401,959.6170654296875,49.56270217895508,9.056611,6.0,1,9.805845
4194,1479,1888.333694934845,-74.95709466934204,1284.02490234375,294.1706848144531,8.992397,10.0,-1,13.362029
8,1479,1091.2409825325012,468.98818731307983,486.93218994140625,838.115966796875,6.7919326,16.0,-1,0.35277712
2281,1479,1774.3772740364075,-72.20086908340454,1170.0684814453125,296.9269104003906,5.937281,8.0,-1,24.398355
2032,1479,681.8318943977356,-160.80047845840454,77.52310180664062,208.32730102539062,5.6813617,6.0,1,21.342209
4509,1479,973.8114476203918,-180.37059259414673,369.5026550292969,188.75718688964844,4.9755225,26.0,-1,3.0160046
4318,1479,2138.5869908332825,-69.26263666152954,1534.2781982421875,299.8651428222656,4.91864,14.0,-1,5.9037786
4438,1479,1606.5891880989075,350.74026250839233,1002.2803955078125,719.8680419921875,4.296637,8.0,-1,23.682894
4158,1479,1482.7505650520325,514.6834998130798,878.4417724609375,883.811279296875,3.6635983,22.0,-1,2.0366924
4305,1479,1456.0271153450012,247.82229375839233,851.7183227539062,616.9500732421875,1.9001402,8.0,-1,15.029401
4395,1479,761.110321521759,640.3424963951111,156.80152893066406,1009.4702758789062,0.5263186,24.0,-1,1.2221856
0,1480,1636.3574986457825,743.2248816490173,1031.7423095703125,1112.7969970703125,71.16575,10.0,1,25.74627
1,1480,1646.9961705207825,148.45748662948608,1042.3809814453125,518.0296020507812,39.451275,8.0,1,22.156803
4,1480,1389.413773059845,-133.9377465248108,784.798583984375,235.63436889648438,33.32489,8.0,1,25.233723
3654,1480,1047.145981311798,833.2978796958923,442.5307922363281,1202.8699951171875,29.107956,20.0,-1,21.746433
4535,1480,2209.19429063797,-313.76230478286743,1604.5791015625,55.809810638427734,26.605537,6.0,1,11.20468
2,1480,1715.1294713020325,184.14260625839233,1110.5142822265625,553.7147216796875,20.086798,8.0,1,25.964373
3,1480,1236.2035069465637,196.80282354354858,631.5883178710938,566.3749389648438,16.984362,8.0,1,22.20696
3079,1480,2050.11518907547,-70.08981561660767,1445.5,299.4822998046875,13.3349905,12.0,-1,0.08382863
1332,1480,754.7006840705872,542.2892737388611,150.0854949951172,911.8613891601562,13.02683,10.0,-1,10.34266
3509,1480,2116.217972278595,311.46890020370483,1511.602783203125,681.041015625,12.77092,10.0,-1,9.807159
4167,1480,1562.8235020637512,-320.14401483535767,958.2083129882812,49.4281005859375,12.541265,6.0,1,7.6059885
4194,1480,1888.45307970047,-74.73568964004517,1283.837890625,294.83642578125,9.998265,10.0,-1,13.36435
8,1480,1092.013901233673,468.12417364120483,487.3987121582031,837.6962890625,8.578668,8.0,1,0.15214539
2281,1480,1774.3772740364075,-71.95608758926392,1169.7620849609375,297.61602783203125,6.240339,8.0,-1,25.243168
4509,1480,973.4522557258606,-178.36546564102173,368.8370666503906,191.20664978027344,5.278916,26.0,-1,2.756436
4438,1480,1604.82612657547,350.6344885826111,1000.2109375,720.2066040039062,4.6277246,8.0,-1,20.948849
2032,1480,682.3775486946106,-159.6729302406311,77.76235961914062,209.89918518066406,4.1675954,6.0,1,22.243015
4318,1480,2136.5371861457825,-70.35098505020142,1531.9219970703125,299.22113037109375,3.7148178,14.0,-1,5.18474
4158,1480,1484.3444981575012,514.9845862388611,879.7293090820312,884.5567016601562,1.755992,24.0,-1,1.689313
4305,1480,1455.7761998176575,246.48757696151733,851.1610107421875,616.0596923828125,1.5049628,8.0,-1,12.269529
4395,1480,760.5896000862122,639.4374060630798,155.9744110107422,1009.009521484375,0.70303863,22.0,-1,1.1464705
1,1481,1647.5142369270325,150.09847784042358,1042.0487060546875,519.9580688476562,60.031017,8.0,1,23.096544
0,1481,1635.87446641922,742.0145545005798,1030.408935546875,1111.8741455078125,55.060894,10.0,1,24.52451
4,1481,1389.5487217903137,-135.6180443763733,784.0831909179688,234.24154663085938,46.29721,8.0,1,26.556137
4535,1481,2209.55220079422,-314.0928978919983,1604.086669921875,55.766693115234375,32.50842,6.0,1,13.96854
2,1481,1715.1294713020325,184.16872930526733,1109.6639404296875,554.0283203125,26.050537,8.0,1,27.47255
3654,1481,1047.9917149543762,836.5917029380798,442.52618408203125,1206.4512939453125,19.875568,20.0,-1,21.866135
3,1481,1235.6474766731262,196.80282354354858,630.1819458007812,566.6624145507812,19.100912,8.0,1,21.484568
3079,1481,2049.5269322395325,-71.12249994277954,1444.0614013671875,298.7370910644531,14.46999,10.0,-1,1.6846902
4167,1481,1563.1729283332825,-319.86085748672485,957.7073974609375,49.99873352050781,14.054631,6.0,1,8.674401
3509,1481,2117.0989537239075,313.3537268638611,1511.6334228515625,683.2133178710938,13.132594,10.0,-1,12.533771
1332,1481,753.4950108528137,542.8594641685486,148.02947998046875,912.7190551757812,12.300446,10.0,-1,9.752174
4194,1481,1887.5584263801575,-76.10721063613892,1282.0928955078125,293.75238037109375,8.694235,10.0,-1,12.748983
8,1481,1089.6814427375793,467.94119024276733,484.2159118652344,837.80078125,7.297613,16.0,-1,0.96333766
2281,1481,1773.5603795051575,-71.74627923965454,1168.0948486328125,298.1133117675781,6.289931,8.0,-1,23.751062
2032,1481,683.2743458747864,-160.17767572402954,77.8088150024414,209.68191528320312,4.973246,6.0,1,21.316341
4438,1481,1605.183304309845,347.82473516464233,999.7177734375,717.684326171875,4.589783,8.0,-1,23.599907
4318,1481,2133.2771763801575,-72.29132318496704,1527.8116455078125,297.5682678222656,4.391169,14.0,-1,2.9193516
4509,1481,972.1555943489075,-179.39248895645142,366.6900634765625,190.46710205078125,3.6396463,26.0,-1,3.0888815
4158,1481,1481.6787266731262,518.1162390708923,876.2131958007812,887.975830078125,1.8716718,24.0,-1,1.6719027
4305,1481,1456.5489048957825,247.87478399276733,851.0833740234375,617.734375,1.7655541,8.0,-1,11.645967
4395,1481,761.6025853157043,639.9232459068298,156.13705444335938,1009.7828369140625,0.35001925,22.0,-1,0.5725075
0,1482,1636.4885716438293,740.4725203514099,1029.7913818359375,1110.4400634765625,68.832245,10.0,1,25.044428
1,1482,1648.7036595344543,151.97941732406616,1042.0064697265625,521.9469604492188,57.94048,8.0,1,23.638638
4,1482,1388.7706151008606,-135.67913675308228,782.0734252929688,234.2884063720703,51.20476,8.0,1,24.775005
4535,1482,2208.761642932892,-314.0928978919983,1602.064453125,55.8746452331543,34.732033,6.0,1,14.220351
2,1482,1718.7332005500793,184.8924422264099,1112.0360107421875,554.8599853515625,29.418184,8.0,1,26.78595
3654,1482,1047.7552952766418,836.4821639060974,441.05810546875,1206.44970703125,28.680542,20.0,-1,19.624897
3079,1482,2048.137619495392,-73.63532876968384,1441.4404296875,296.33221435546875,16.006824,12.0,-1,1.6927352
3,1482,1236.4327855110168,196.6981062889099,629.735595703125,566.6656494140625,13.761924,8.0,1,21.704231
3509,1482,2116.145676136017,313.04203939437866,1509.448486328125,683.0095825195312,11.005062,10.0,-1,13.45786
1332,1482,753.4950108528137,542.2900862693787,146.79782104492188,912.2576293945312,10.654254,10.0,-1,10.387591
4167,1482,1564.1683812141418,-319.3235001564026,957.47119140625,50.64404296875,10.20474,6.0,1,7.9332857
4194,1482,1889.1602025032043,-77.05473184585571,1282.4630126953125,292.9128112792969,8.304416,10.0,-1,12.905273
4438,1482,1608.690659046173,346.07475423812866,1001.9934692382812,716.0422973632812,5.796623,8.0,-1,24.638264
2281,1482,1776.7439427375793,-69.72559976577759,1170.0467529296875,300.241943359375,5.526482,10.0,-1,18.482323
8,1482,1089.709457874298,469.21879720687866,483.01226806640625,839.1863403320312,4.865016,8.0,1,0.12274909
2032,1482,681.1881184577942,-157.89182901382446,74.49092864990234,212.07571411132812,4.539011,8.0,1,19.437378
4318,1482,2130.257248401642,-70.80338907241821,1523.56005859375,299.1641540527344,4.468121,12.0,-1,6.769701
4509,1482,971.27339220047,-178.33795022964478,364.5762023925781,191.6295928955078,3.9543645,26.0,-1,2.6325648
4305,1482,1458.0431370735168,246.9885115623474,851.345947265625,616.9560546875,1.3849573,8.0,-1,12.700172
4158,1482,1481.1135716438293,519.2833724021912,874.4163818359375,889.2509155273438,1.3295194,22.0,-1,2.9089146
4395,1482,759.5700840950012,641.2836165428162,152.87289428710938,1011.2511596679688,0.3779964,24.0,-1,0.5053361
4,1483,1391.589828968048,-134.42417764663696,784.0248413085938,236.0201416015625,55.488567,8.0,1,25.908083
0,1483,1636.3628392219543,740.729875087738,1028.7978515625,1111.1741943359375,49.20001,10.0,1,24.329327
1,1483,1650.1182103157043,151.57350301742554,1042.55322265625,522.017822265625,38.799778,8.0,1,21.911032
2,1483,1719.6837620735168,185.09584188461304,1112.1187744140625,555.5401611328125,29.847681,8.0,1,26.615797
4535,1483,2209.023849964142,-314.5901589393616,1601.4588623046875,55.85416030883789,21.690695,6.0,1,15.076601
1332,1483,749.7375340461731,543.3352828025818,142.17254638671875,913.7796020507812,19.30586,10.0,-1,11.926874
3,1483,1237.7368626594543,195.88783407211304,630.171875,566.3321533203125,16.785685,8.0,1,21.645994
3509,1483,2117.406418323517,313.22499227523804,1509.8414306640625,683.6693115234375,14.715959,10.0,-1,10.388933
3079,1483,2048.628830432892,-74.60218667984009,1441.0638427734375,295.8421325683594,14.377181,10.0,-1,2.5039012
3654,1483,1046.605942249298,839.440812587738,439.04095458984375,1209.8851318359375,10.549908,22.0,-1,19.459164
4194,1483,1887.8589329719543,-76.34818887710571,1280.2939453125,294.09613037109375,9.312634,10.0,-1,13.095952
4167,1483,1563.3215794563293,-321.5955948829651,955.756591796875,48.848724365234375,7.5979323,6.0,1,9.874632
2281,1483,1777.4648900032043,-66.15513467788696,1169.89990234375,304.2891845703125,7.4244976,8.0,-1,20.250938
4318,1483,2128.7778782844543,-72.60652017593384,1521.212890625,297.8377990722656,4.297561,14.0,-1,6.8139315
8,1483,1089.2417759895325,467.84291219711304,481.6767883300781,838.2872314453125,4.011976,16.0,-1,0.77148485
4509,1483,969.7322850227356,-176.5565323829651,362.16729736328125,193.88778686523438,3.8332224,26.0,-1,2.6531591
2032,1483,683.8102803230286,-158.07478189468384,76.24529266357422,212.36953735351562,3.20662,6.0,1,20.76837
4305,1483,1457.650375843048,247.4494185447693,850.0853881835938,617.8937377929688,2.9978666,8.0,-1,14.82482
4158,1483,1480.8507542610168,515.5476241111755,873.2857666015625,885.991943359375,2.4205482,22.0,-1,2.3737998
4438,1483,1608.816391468048,345.3983931541443,1001.2514038085938,715.8427124023438,1.6655383,8.0,-1,20.682745
0,1484,1635.0083775520325,740.9998335838318,1026.291259765625,1111.6319580078125,63.593197,10.0,1,24.541517
1,1484,1650.9973912239075,151.40455770492554,1042.2802734375,522.0366821289062,49.477123,8.0,1,22.157799
4,1484,1391.5123448371887,-134.7731156349182,782.7952270507812,235.8590087890625,40.70718,8.0,1,23.616041
4535,1484,2210.699417591095,-313.7573494911194,1601.9822998046875,56.87477493286133,31.771082,6.0,1,14.299601
2,1484,1720.6778111457825,184.29139852523804,1111.960693359375,554.9235229492188,25.32824,8.0,1,25.986448
4167,1484,1562.87397813797,-322.7169671058655,954.1568603515625,47.915157318115234,23.301865,6.0,1,7.973417
3,1484,1238.7371373176575,193.95570516586304,630.02001953125,564.5878295898438,20.644312,8.0,1,21.77077
3509,1484,2116.5796666145325,313.4114546775818,1507.862548828125,684.0435791015625,15.177339,10.0,-1,12.583142
1332,1484,752.503387928009,543.6078658103943,143.78627014160156,914.239990234375,14.739585,10.0,-1,10.392124
4194,1484,1887.1060338020325,-77.44084024429321,1278.388916015625,293.1912841796875,12.831595,10.0,-1,11.835745
3654,1484,1045.5362401008606,841.6973433494568,436.8191223144531,1212.3294677734375,11.843594,22.0,-1,18.093029
3079,1484,2050.4490513801575,-73.73490762710571,1441.73193359375,296.897216796875,11.73717,12.0,-1,0.19321574
8,1484,1088.5332798957825,468.7193160057068,479.816162109375,839.3514404296875,6.3189316,16.0,-1,1.4122545
4438,1484,1608.6895298957825,345.3516402244568,999.972412109375,715.9837646484375,6.0290356,8.0,-1,24.899094
2281,1484,1777.75776720047,-66.10838174819946,1169.0406494140625,304.52374267578125,5.424976,8.0,-1,18.636814
4318,1484,2129.9732213020325,-73.93879556655884,1521.256103515625,296.6933288574219,4.6489506,14.0,-1,6.586527
2032,1484,684.6000828742981,-159.93041849136353,75.88296508789062,210.7017059326172,4.430666,8.0,1,20.440645
4509,1484,969.0874180793762,-174.49156045913696,360.37030029296875,196.14056396484375,4.118361,26.0,-1,2.847538
4158,1484,1478.9923253059387,514.1140303611755,870.2752075195312,884.7461547851562,3.05029,26.0,-1,3.2118285
4305,1484,1457.7278599739075,253.07411336898804,849.0107421875,623.7062377929688,1.1669749,8.0,-1,12.916476
0,1485,1636.2185368537903,740.9604964256287,1026.2825927734375,1111.9068603515625,66.25317,10.0,1,24.56677
4,1485,1391.653290271759,-137.03623819351196,781.7173461914062,233.91012573242188,55.392506,8.0,1,25.490414
4535,1485,2212.0591130256653,-316.72843408584595,1602.1231689453125,54.21792984008789,35.323532,6.0,1,15.400432
1,1485,1651.7756657600403,148.0732283592224,1041.8397216796875,519.0195922851562,34.543953,8.0,1,21.590445
2,1485,1718.5650944709778,182.9388289451599,1108.629150390625,553.8851928710938,28.870796,8.0,1,26.776693
3509,1485,2116.0666813850403,310.9285750389099,1506.1307373046875,681.8749389648438,18.279266,10.0,-1,11.503666
3079,1485,2053.0637516975403,-71.67387247085571,1443.1278076171875,299.2724914550781,16.62363,10.0,-1,3.6288621
3,1485,1238.0433049201965,195.0140242576599,628.1073608398438,565.9603881835938,15.968791,8.0,1,21.781513
1332,1485,754.10786485672,542.4960799217224,144.1719207763672,913.4424438476562,15.225257,10.0,-1,12.123835
4194,1485,1886.1355290412903,-79.14185953140259,1276.1995849609375,291.80450439453125,12.865546,10.0,-1,13.138596
4167,1485,1564.5431218147278,-322.63423776626587,954.607177734375,48.31212615966797,12.537849,6.0,1,9.073761
3654,1485,1044.915955066681,842.8136458396912,434.9800109863281,1213.760009765625,11.11333,22.0,-1,19.71687
2281,1485,1774.0298161506653,-69.01701211929321,1164.0938720703125,301.9293518066406,7.243622,10.0,-1,19.27672
8,1485,1087.191864490509,469.8262801170349,477.25592041015625,840.7726440429688,7.0028634,18.0,-1,0.66044116
4158,1485,1479.471405506134,516.8849349021912,869.5354614257812,887.831298828125,5.132278,22.0,-1,2.5173886
4438,1485,1609.9317936897278,345.6890730857849,999.995849609375,716.6354370117188,4.5827312,8.0,-1,26.62912
4509,1485,967.4588932991028,-172.51080179214478,357.52294921875,198.43556213378906,4.523759,28.0,-1,0.7041421
2032,1485,684.4591374397278,-161.81648111343384,74.523193359375,209.1298828125,3.9213696,8.0,1,20.441364
4318,1485,2128.634918689728,-70.61939859390259,1518.698974609375,300.32696533203125,2.8446229,12.0,-1,9.612933
4305,1485,1460.5601506233215,253.11345052719116,850.6242065429688,624.059814453125,2.337649,8.0,-1,12.772896
4,1486,1392.740173816681,-139.19454050064087,781.9791259765625,231.56179809570312,50.275005,8.0,1,26.163412
0,1486,1637.712585926056,742.471932888031,1026.9515380859375,1113.228271484375,49.920483,10.0,1,24.523808
1,1486,1652.5960087776184,148.95917654037476,1041.8349609375,519.7155151367188,48.85937,8.0,1,20.374704
2,1486,1718.0369267463684,183.904061794281,1107.27587890625,554.660400390625,25.587578,8.0,1,26.624134
4535,1486,2214.5486454963684,-316.0786919593811,1603.78759765625,54.67764663696289,21.72561,6.0,1,14.90158
4167,1486,1564.983337879181,-322.8485550880432,954.2222900390625,47.90778350830078,18.383232,6.0,1,8.730643
3509,1486,2118.5689091682434,310.199716091156,1507.807861328125,680.9560546875,17.296795,10.0,-1,12.607022
1332,1486,754.6733555793762,542.799569606781,143.9123077392578,913.555908203125,15.344901,10.0,-1,11.228605
3,1486,1236.9016118049622,195.446298122406,626.1405639648438,566.20263671875,15.232789,8.0,1,20.361643
3654,1486,1045.805145740509,843.0279631614685,435.0440979003906,1213.7843017578125,13.99556,20.0,-1,18.714529
3079,1486,2052.7759404182434,-72.61513376235962,1442.014892578125,298.1412048339844,13.423715,12.0,-1,4.0624795
4194,1486,1882.0733036994934,-80.68910837173462,1271.312255859375,290.0672302246094,6.5691147,10.0,-1,11.867951
2281,1486,1774.6433720588684,-70.12492990493774,1163.88232421875,300.63140869140625,5.960611,10.0,-1,20.053984
8,1486,1086.7948002815247,470.83283376693726,476.03375244140625,841.5891723632812,5.556253,18.0,-1,1.3184031
4438,1486,1608.699646472931,343.413827419281,997.9385986328125,714.170166015625,4.733129,8.0,-1,23.424692
4318,1486,2127.169128894806,-68.89238595962524,1516.4080810546875,301.86395263671875,4.602333,12.0,-1,10.253838
2032,1486,683.0151677131653,-163.5154938697815,72.25411987304688,207.2408447265625,4.431521,8.0,1,18.142656
4509,1486,964.2099003791809,-171.89865732192993,353.4488525390625,198.85768127441406,4.000808,28.0,-1,1.7861824
4305,1486,1460.8479619026184,250.890878200531,850.0869140625,621.647216796875,2.3829093,8.0,-1,13.126233
4158,1486,1478.059021472931,516.0272917747498,867.2979736328125,886.7836303710938,1.9391748,24.0,-1,1.5214086
0,1487,1639.2273564338684,742.471932888031,1028.010009765625,1113.445556640625,55.568134,10.0,1,23.987436
1,1487,1652.1607060432434,148.9837737083435,1040.943359375,519.9573974609375,42.63741,8.0,1,21.642015
4,1487,1392.8264775276184,-140.97611093521118,781.609130859375,229.9975128173828,41.968296,8.0,1,27.411797
2,1487,1716.4666142463684,184.54731130599976,1105.249267578125,555.5209350585938,31.052988,8.0,1,26.20057
4535,1487,2215.1760869026184,-313.6992287635803,1603.958740234375,57.27439498901367,28.912422,6.0,1,14.51494
4167,1487,1565.8242802619934,-325.1543107032776,954.60693359375,45.819313049316406,23.180412,6.0,1,7.7891173
3079,1487,2052.7759404182434,-72.79131174087524,1441.55859375,298.18231201171875,19.54937,10.0,-1,7.124349
3509,1487,2119.2576298713684,310.5960783958435,1508.040283203125,681.5697021484375,17.441118,10.0,-1,13.4226675
3,1487,1238.1275029182434,195.54963064193726,626.91015625,566.5232543945312,15.309644,8.0,1,19.761597
1332,1487,756.9454197883606,542.7020354270935,145.7280731201172,913.6756591796875,15.144191,10.0,-1,10.957796
4194,1487,1881.064636707306,-81.81038522720337,1269.8472900390625,289.1632385253906,10.932704,10.0,-1,11.866382
8,1487,1083.644958972931,471.035653591156,472.4276123046875,842.00927734375,5.6215587,18.0,-1,2.3719373
4158,1487,1477.4653325080872,517.0635466575623,866.2479858398438,888.0371704101562,5.080407,22.0,-1,1.7118672
2281,1487,1774.043884754181,-71.008535861969,1162.8265380859375,299.965087890625,5.0150933,10.0,-1,17.346634
2032,1487,683.1735615730286,-161.41219186782837,71.95621490478516,209.56143188476562,4.901628,8.0,1,20.00571
4438,1487,1607.1670536994934,341.5452971458435,995.94970703125,712.5189208984375,4.0417747,8.0,-1,24.65472
4509,1487,963.9538884162903,-169.44348764419556,352.7365417480469,201.53013610839844,3.7651198,28.0,-1,1.1465248
4318,1487,2125.991150379181,-70.64971017837524,1514.7738037109375,300.32391357421875,3.507019,12.0,-1,12.229819
4305,1487,1461.1461186408997,249.8885588645935,849.9287719726562,620.8621826171875,2.4994738,8.0,-1,15.109962
0,1488,1642.3374638557434,741.0280241966248,1029.3629150390625,1111.8614501953125,71.56887,10.0,1,24.597057
4,1488,1391.4868779182434,-140.89436960220337,778.5123291015625,229.93905639648438,39.263454,8.0,1,25.412073
1,1488,1654.571716785431,150.410653591156,1041.59716796875,521.2440795898438,38.439045,8.0,1,22.81788
2,1488,1715.499207019806,186.0958342552185,1102.524658203125,556.9292602539062,31.393194,8.0,1,24.627157
4535,1488,2215.1760869026184,-314.8389458656311,1602.2015380859375,55.99448013305664,28.142096,6.0,1,14.813651
3079,1488,2053.0259404182434,-72.21175241470337,1440.0513916015625,298.6216735839844,24.919992,10.0,-1,11.499633
3,1488,1237.6506962776184,195.3341155052185,624.6761474609375,566.1675415039062,18.586138,8.0,1,18.511692
4194,1488,1881.251892566681,-83.10707712173462,1268.27734375,287.7263488769531,15.782828,10.0,-1,12.907248
4167,1488,1565.3741459846497,-325.2677330970764,952.3995971679688,45.56569290161133,15.761021,6.0,1,7.4671564
1332,1488,758.7957463264465,543.3333220481873,145.82119750976562,914.166748046875,13.9449835,10.0,-1,12.372804
3509,1488,2119.143982410431,311.63349294662476,1506.16943359375,682.4669189453125,13.832278,10.0,-1,10.651363
8,1488,1086.200623035431,471.035653591156,473.22607421875,841.8690795898438,5.726105,18.0,-1,1.0883707
2281,1488,1774.416199207306,-72.10140085220337,1161.441650390625,298.7320251464844,5.2273803,8.0,-1,18.012663
4438,1488,1606.5977787971497,337.32868337631226,993.6232299804688,708.162109375,4.923903,8.0,-1,24.372978
2032,1488,683.6347813606262,-158.52254343032837,70.66023254394531,212.31088256835938,4.7351336,8.0,1,19.387827
4318,1488,2127.623230457306,-68.58174753189087,1514.648681640625,302.2516784667969,3.6981468,12.0,-1,13.837761
4158,1488,1477.2696537971497,514.1254363059998,864.2951049804688,884.9588623046875,3.1911838,22.0,-1,2.19475
4509,1488,962.1935124397278,-167.10576486587524,349.2189636230469,203.7276611328125,2.6950648,28.0,-1,1.352412
4305,1488,1460.6382451057434,248.93866872787476,847.6636962890625,619.7720947265625,2.458988,8.0,-1,14.085413
0,1489,1643.4343876838684,740.4517912864685,1030.065673828125,1111.98193359375,88.959015,10.0,1,23.605011
1,1489,1654.571716785431,150.410653591156,1041.2030029296875,521.9407958984375,46.91966,8.0,1,22.34573
4,1489,1391.0548100471497,-141.650869846344,777.6860961914062,229.8792724609375,40.67803,8.0,1,27.06839
2,1489,1716.7451786994934,184.69635915756226,1103.37646484375,556.2265014648438,27.684258,8.0,1,25.422043
3079,1489,2053.191345691681,-72.14137887954712,1439.8226318359375,299.3887634277344,26.887505,10.0,-1,10.347911
4535,1489,2214.2642216682434,-314.0291237831116,1600.8955078125,57.50101852416992,23.225426,6.0,1,14.368319
1332,1489,757.4336857795715,542.111093044281,144.06497192382812,913.6412353515625,19.282207,10.0,-1,11.0651245
3,1489,1237.772644519806,193.02570486068726,624.4039306640625,564.5558471679688,15.479595,8.0,1,20.54404
3509,1489,2117.919373035431,312.1341643333435,1504.5506591796875,683.664306640625,15.418849,10.0,-1,14.605844
4167,1489,1565.9628911018372,-326.0026078224182,952.5941772460938,45.52753448486328,10.386638,6.0,1,8.156907
4194,1489,1882.0596318244934,-83.74092721939087,1268.69091796875,287.7892150878906,8.088216,10.0,-1,11.941789
8,1489,1083.441376209259,472.72260427474976,470.0726623535156,844.2527465820312,6.8248024,8.0,1,0.8206892
2281,1489,1777.0381474494934,-71.086416721344,1163.66943359375,300.4437255859375,6.4164777,10.0,-1,16.196041
4158,1489,1473.8858647346497,511.194833278656,860.5171508789062,882.7249755859375,5.4151807,22.0,-1,2.7600486
4438,1489,1606.711365222931,337.67609548568726,993.3426513671875,709.2062377929688,3.9938066,8.0,-1,26.28706
2032,1489,683.4777760505676,-157.85452890396118,70.10906219482422,213.6756134033203,3.6687794,8.0,1,17.655972
4318,1489,2128.045837879181,-66.51399850845337,1514.6771240234375,305.0161437988281,3.4407759,10.0,-1,16.48426
4509,1489,960.7120976448059,-166.6378083229065,347.3433837890625,204.892333984375,3.171399,28.0,-1,2.3906298
4305,1489,1459.748474597931,248.160165309906,846.3797607421875,619.6903076171875,1.5110687,8.0,-1,12.427746
0,1490,1643.680847644806,740.2689299583435,1030.2713623046875,1112.1541748046875,69.154564,10.0,1,23.840282
4,1490,1391.4671635627747,-142.09236764907837,778.0576782226562,229.79287719726562,52.2989,8.0,1,26.280203
1,1490,1655.2593388557434,148.0235686302185,1041.849853515625,519.9088134765625,47.255432,8.0,1,21.620577
2,1490,1715.182800769806,184.92829275131226,1101.7733154296875,556.8135375976562,29.78836,8.0,1,25.080467
4535,1490,2214.7969365119934,-313.2073349952698,1601.387451171875,58.67790985107422,21.719633,6.0,1,14.276089
3079,1490,2053.191345691681,-72.54726266860962,1439.7818603515625,299.3379821777344,17.523085,10.0,-1,4.6453857
3509,1490,2117.4946904182434,312.1341643333435,1504.085205078125,684.0194091796875,17.250769,10.0,-1,16.432522
3,1490,1235.9732060432434,193.936532497406,622.563720703125,565.82177734375,12.3249855,8.0,1,18.58287
4167,1490,1565.6961064338684,-324.39258432388306,952.28662109375,47.49266052246094,11.401398,6.0,1,8.512556
4194,1490,1881.0186161994934,-82.08327341079712,1267.609130859375,289.8019714355469,11.240474,10.0,-1,12.889822
1332,1490,758.7998051643372,538.7211394309998,145.39031982421875,910.6063842773438,9.662721,10.0,-1,10.3136
8,1490,1084.4912114143372,476.18366384506226,471.08172607421875,848.0689086914062,6.1634026,8.0,1,0.06972623
2281,1490,1777.6404423713684,-67.90083932876587,1164.23095703125,303.9844055175781,5.5722904,8.0,-1,18.622896
4318,1490,2128.698425769806,-66.72466135025024,1515.2889404296875,305.16058349609375,5.0153546,10.0,-1,17.751722
4158,1490,1472.590759754181,507.82404470443726,859.1812744140625,879.7092895507812,4.401055,22.0,-1,2.7420104
2032,1490,681.9749226570129,-157.86458444595337,68.56543731689453,214.02066040039062,3.6153057,8.0,1,12.141888
4509,1490,961.8166813850403,-162.5174012184143,348.4071960449219,209.3678436279297,2.8605058,28.0,-1,1.4507076
4438,1490,1606.5161747932434,334.82184743881226,993.106689453125,706.7070922851562,2.5218055,8.0,-1,24.151329
4305,1490,1457.919861316681,251.847177028656,844.5103759765625,623.732421875,1.7707125,8.0,-1,12.25781
1,1491,1658.1048283576965,146.39798879623413,1043.9603271484375,517.94921875,68.2321,8.0,1,23.184566
0,1491,1644.5403752326965,742.7942290306091,1030.3958740234375,1114.345458984375,59.738613,10.0,1,23.430922
4,1491,1392.1065373420715,-143.05242013931274,777.9620361328125,228.49880981445312,44.477753,8.0,1,27.098225
2,1491,1716.3174748420715,182.84464406967163,1102.1729736328125,554.3958740234375,27.056429,8.0,1,25.490232
4535,1491,2216.4534611701965,-312.4613709449768,1602.3089599609375,59.08985900878906,25.664034,6.0,1,13.2562
3079,1491,2054.3445744514465,-73.31316232681274,1440.2000732421875,298.2380676269531,16.78541,12.0,-1,2.3513937
3,1491,1234.3224186897278,193.09348440170288,620.1779174804688,564.6447143554688,15.074489,8.0,1,19.841677
1332,1491,756.8475651741028,535.9235014915466,142.70306396484375,907.4747314453125,13.94191,10.0,-1,10.761175
4194,1491,1880.2122502326965,-82.08327341079712,1266.0677490234375,289.46795654296875,12.15034,10.0,-1,12.610916
3509,1491,2116.0992131233215,312.7897734642029,1501.9547119140625,684.3410034179688,11.718335,10.0,-1,13.717059
4167,1491,1565.0378727912903,-321.5409836769104,950.8933715820312,50.01024627685547,10.527522,6.0,1,8.5684395
8,1491,1084.4912114143372,477.20585012435913,470.3467102050781,848.757080078125,6.083115,8.0,1,0.2796681
4158,1491,1474.3882145881653,509.0046172142029,860.2437133789062,880.5558471679688,5.9179935,24.0,-1,2.6155424
2281,1491,1776.248749256134,-68.22563791275024,1162.104248046875,303.3255920410156,4.742101,10.0,-1,18.70573
2032,1491,681.8614964485168,-157.348379611969,67.71699523925781,214.20285034179688,4.5130687,8.0,1,15.542569
4318,1491,2128.9676213264465,-64.82878732681274,1514.8231201171875,306.7224426269531,4.383838,12.0,-1,17.005085
4438,1491,1604.3404240608215,334.78141164779663,990.1959228515625,706.3326416015625,4.116512,8.0,-1,22.218111
4509,1491,959.1386723518372,-157.38289499282837,344.9941711425781,214.1683349609375,3.2527077,28.0,-1,0.47197127
4305,1491,1459.8733220100403,249.47678518295288,845.7288208007812,621.0280151367188,0.9676735,8.0,-1,10.48573
4,1492,1393.0763249397278,-143.95071268081665,777.9301147460938,227.97998046875,61.080242,8.0,1,27.06555
0,1492,1645.0555119514465,742.8127150535583,1029.9093017578125,1114.743408203125,57.254566,10.0,1,23.056389
1,1492,1659.5940861701965,147.98532247543335,1044.4478759765625,519.916015625,39.93616,8.0,1,21.873995
2,1492,1716.3174748420715,184.36264181137085,1101.1712646484375,556.2933349609375,24.429626,8.0,1,25.059238
4535,1492,2216.8960881233215,-312.4613709449768,1601.7498779296875,59.469322204589844,23.053314,6.0,1,14.5592165
3079,1492,2053.3457951545715,-74.1994309425354,1438.1995849609375,297.73126220703125,14.733766,10.0,-1,3.0163448
1332,1492,757.5988011360168,531.4879469871521,142.4525909423828,903.4186401367188,14.655862,10.0,-1,9.350075
3,1492,1234.8702092170715,193.68332052230835,619.7239990234375,565.614013671875,13.218638,8.0,1,20.839462
4167,1492,1564.509247303009,-321.9376015663147,949.363037109375,49.99309158325195,12.971145,6.0,1,10.670768
4194,1492,1881.265594959259,-82.04128885269165,1266.119384765625,289.889404296875,11.630184,10.0,-1,12.863553
3509,1492,2114.5264592170715,314.84872579574585,1499.3802490234375,686.7794189453125,11.255786,10.0,-1,15.332483
4318,1492,2129.370331287384,-66.10150003433228,1514.22412109375,305.8291931152344,7.5648217,10.0,-1,18.500322
2281,1492,1775.000458240509,-71.87441873550415,1159.854248046875,300.0562744140625,7.332968,10.0,-1,18.988394
8,1492,1084.1368412971497,476.68905782699585,468.9906311035156,848.6197509765625,6.854137,16.0,-1,1.3914381
4509,1492,955.761688709259,-156.4515824317932,340.615478515625,215.47911071777344,3.4550464,28.0,-1,2.4083467
2032,1492,682.1004719734192,-157.2377610206604,66.95426177978516,214.69293212890625,3.0670578,8.0,1,15.10239
4305,1492,1459.183807849884,246.27084493637085,844.03759765625,618.2015380859375,2.4467747,8.0,-1,12.325279
4438,1492,1602.0445256233215,336.0869460105896,986.8983154296875,708.0176391601562,1.983708,10.0,-1,19.341642
4158,1492,1471.6756901741028,508.5405592918396,856.5294799804688,880.4712524414062,1.9620485,24.0,-1,2.327673
0,1493,1645.8577885627747,743.5169615745544,1029.91796875,1116.013671875,77.48965,10.0,1,23.197643
4,1493,1393.9418950080872,-143.48721933364868,778.0020751953125,229.00949096679688,42.821117,8.0,1,26.67663
2,1493,1719.0675053596497,185.3450255393982,1103.127685546875,557.8417358398438,29.607725,8.0,1,24.53966
1,1493,1660.0783696174622,150.2910704612732,1044.1385498046875,522.7877807617188,26.189821,8.0,1,23.261646
4535,1493,2217.7237553596497,-312.71958017349243,1601.783935546875,59.777130126953125,24.57968,6.0,1,15.42615
4167,1493,1563.8776860237122,-321.9376015663147,947.9378662109375,50.55910873413086,15.299435,6.0,1,10.293605
3,1493,1234.1971440315247,193.8235411643982,618.25732421875,566.3202514648438,13.990116,8.0,1,20.86532
1332,1493,757.1402745246887,531.2797179222107,141.20045471191406,903.7764282226562,13.79538,10.0,-1,9.183058
3509,1493,2114.014893054962,314.89611196517944,1498.0750732421875,687.392822265625,12.092013,10.0,-1,18.21256
3079,1493,2053.614502429962,-75.87534189224243,1437.6746826171875,296.6213684082031,11.309426,10.0,-1,1.8369184
2281,1493,1771.8437504768372,-74.35336923599243,1155.9039306640625,298.1433410644531,7.1243825,8.0,-1,24.819721
4194,1493,1878.4681401252747,-84.42697763442993,1262.5283203125,288.0697326660156,6.4935613,10.0,-1,12.600876
4318,1493,2124.643799304962,-66.39755868911743,1508.7039794921875,306.0991516113281,6.063738,12.0,-1,18.422058
8,1493,1084.1368412971497,474.9088683128357,468.197021484375,847.4055786132812,4.640038,18.0,-1,0.57183635
4438,1493,1603.063904285431,335.32653188705444,987.1240844726562,707.8232421875,4.566726,8.0,-1,23.251944
2032,1493,680.3256916999817,-156.41660165786743,64.38587188720703,216.08010864257812,2.473805,8.0,1,12.687754
4509,1493,955.9131474494934,-156.47978830337524,339.97332763671875,216.0169219970703,2.2250545,28.0,-1,1.3424852
4158,1493,1472.9771733283997,511.57726430892944,857.037353515625,884.073974609375,1.7825311,24.0,-1,3.398366
4305,1493,1458.2956547737122,249.1012511253357,842.3558349609375,621.5979614257812,1.6703583,8.0,-1,9.800502
0,1494,1647.0539555549622,743.4725890159607,1030.1546630859375,1115.9578857421875,78.816505,10.0,1,23.808455
4,1494,1396.4089970588684,-142.17868661880493,779.5097045898438,230.30661010742188,42.7661,8.0,1,27.048403
1,1494,1660.7604985237122,149.64525747299194,1043.8612060546875,522.1305541992188,37.65815,8.0,1,24.016207
4535,1494,2216.6707768440247,-312.6660523414612,1599.771484375,59.819244384765625,28.867231,6.0,1,14.401587
2,1494,1719.2918705940247,184.1775450706482,1102.392578125,556.662841796875,24.546059,8.0,1,22.916075
1332,1494,760.5827031135559,531.250970363617,143.68341064453125,903.7362670898438,17.949053,10.0,-1,11.706066
4167,1494,1564.9724125862122,-321.63816690444946,948.0731201171875,50.847129821777344,16.872053,6.0,1,12.467419
3079,1494,2053.614502429962,-74.29196786880493,1436.7152099609375,298.1933288574219,13.3630905,12.0,-1,1.8421339
3509,1494,2113.9471440315247,314.89611196517944,1497.0478515625,687.3814086914062,13.222904,10.0,-1,18.088278
3,1494,1233.5647587776184,193.22777700424194,616.6654663085938,565.7130737304688,11.949637,8.0,1,20.650549
4194,1494,1874.7442631721497,-83.59665536880493,1257.844970703125,288.8886413574219,10.178537,10.0,-1,13.970516
2281,1494,1770.9627690315247,-72.63309335708618,1154.0634765625,299.8522033691406,9.980614,8.0,-1,26.7029
4318,1494,2125.5938725471497,-66.66455698013306,1508.694580078125,305.82073974609375,8.098561,10.0,-1,22.983715
8,1494,1085.6495671272278,475.6509337425232,468.7502746582031,848.13623046875,6.1209607,18.0,-1,1.175981
2032,1494,682.5834431648254,-157.698233127594,65.68415069580078,214.7870635986328,3.56874,8.0,1,13.290247
4438,1494,1601.3314213752747,331.2793517112732,984.43212890625,703.7646484375,2.8133667,8.0,-1,20.68596
4509,1494,953.0132756233215,-154.818350315094,336.1139831542969,217.6669464111328,2.647865,28.0,-1,2.284423
4158,1494,1471.5562748908997,515.0273985862732,854.656982421875,887.5126953125,2.5099754,24.0,-1,2.196967
4305,1494,1456.7161259651184,247.0125060081482,839.8168334960938,619.497802734375,1.4597872,8.0,-1,8.231809
0,1495,1648.9219975471497,742.0354552268982,1031.4337158203125,1114.8349609375,60.373905,10.0,1,23.769672
4,1495,1395.3946537971497,-141.94568490982056,777.9063720703125,230.85382080078125,43.320896,8.0,1,26.541035
2,1495,1719.4218754768372,181.2105040550232,1101.93359375,554.010009765625,35.407658,8.0,1,26.07951
1,1495,1661.3094487190247,149.1326231956482,1043.8211669921875,521.93212890625,35.235195,8.0,1,23.58204
4535,1495,2217.861328601837,-313.8399910926819,1600.373046875,58.95951461791992,29.542852,6.0,1,13.462058
4167,1495,1564.345642566681,-319.8429627418518,946.8573608398438,52.95654296875,17.182201,6.0,1,13.472827
1332,1495,763.5868382453918,533.0537657737732,146.0985565185547,905.853271484375,14.679469,10.0,-1,9.000922
3509,1495,2113.9193120002747,315.1752257347107,1496.4310302734375,687.9747314453125,14.032818,10.0,-1,15.404487
3079,1495,2052.1097416877747,-71.10739755630493,1434.6214599609375,301.6921081542969,11.919227,6.0,1,0.05720097
4194,1495,1873.4217534065247,-83.93897104263306,1255.9334716796875,288.86053466796875,11.740981,10.0,-1,13.2883835
3,1495,1233.5647587776184,191.08666372299194,616.0764770507812,563.8861694335938,10.485535,8.0,1,21.197014
4318,1495,2126.7310795783997,-65.39011240005493,1509.2427978515625,307.4093933105469,7.174274,10.0,-1,24.463282
8,1495,1086.854431629181,474.43688344955444,469.36614990234375,847.2363891601562,6.3832703,18.0,-1,1.6101444
2281,1495,1767.7799077033997,-74.06522226333618,1150.2916259765625,298.7342834472656,6.185938,8.0,-1,28.285982
2032,1495,681.3777546882629,-156.67761850357056,63.88947296142578,216.12188720703125,4.2589326,8.0,1,14.050876
4438,1495,1601.0728154182434,331.2793517112732,983.5845336914062,704.078857421875,3.783412,8.0,-1,23.08451
4158,1495,1470.7841801643372,516.3424620628357,853.2958984375,889.1419677734375,2.2690132,24.0,-1,2.1890848
4509,1495,953.3747868537903,-154.50026559829712,335.8865051269531,218.2992401123047,1.860807,28.0,-1,0.8247007
4305,1495,1456.9788823127747,246.59984731674194,839.4906005859375,619.3993530273438,0.9306967,8.0,-1,8.100231
0,1496,1649.8530888557434,740.9801573753357,1031.5439453125,1114.293701171875,62.366364,10.0,1,23.348717
4,1496,1398.3504033088684,-143.27298593521118,780.041259765625,230.04055786132812,49.50507,8.0,1,26.722391
1,1496,1661.238464832306,148.31896352767944,1042.9293212890625,521.6325073242188,32.8476,8.0,1,22.45213
4535,1496,2216.8276982307434,-314.52765130996704,1598.5185546875,58.785892486572266,26.486628,6.0,1,13.749742
2,1496,1719.3110966682434,181.6724181175232,1101.001953125,554.9859619140625,21.057138,8.0,1,24.70618
1332,1496,767.7276768684387,534.1641783714294,149.4185333251953,907.4777221679688,17.587345,10.0,-1,8.96242
4167,1496,1562.933044910431,-319.6204400062561,944.6239013671875,53.6931037902832,15.326238,6.0,1,11.979508
4194,1496,1874.734314441681,-85.2958436012268,1256.4251708984375,288.0177001953125,15.144568,10.0,-1,13.423227
3079,1496,2053.9968876838684,-70.8058533668518,1435.687744140625,302.5076904296875,15.131122,12.0,-1,2.114139
3509,1496,2115.8814091682434,315.3965392112732,1497.572265625,688.7100830078125,14.154693,10.0,-1,18.685104
3,1496,1232.3266606330872,192.44286489486694,614.0175170898438,565.7564086914062,12.882789,8.0,1,20.870687
4318,1496,2126.602722644806,-67.37985849380493,1508.2935791015625,305.9336853027344,7.398975,10.0,-1,23.413284
2281,1496,1768.5066533088684,-76.46115732192993,1150.197509765625,296.8523864746094,6.682104,8.0,-1,27.503641
8,1496,1085.329529285431,474.28368520736694,467.0203857421875,847.5972290039062,5.388668,18.0,-1,1.9188664
4438,1496,1602.2049565315247,332.95458364486694,983.8958129882812,706.2681274414062,4.7416286,8.0,-1,24.003708
2032,1496,683.9262700080872,-155.49802255630493,65.61712646484375,217.81552124023438,4.595998,8.0,1,15.131124
4158,1496,1469.6816411018372,516.1676573753357,851.3724975585938,889.481201171875,3.8313186,24.0,-1,2.6035821
4509,1496,950.0054936408997,-153.81510019302368,331.69635009765625,219.49844360351562,2.8776188,28.0,-1,1.9855655
4305,1496,1456.9788823127747,246.59984731674194,838.6697387695312,619.9133911132812,1.1231432,8.0,-1,9.189171
0,1497,1651.0017704963684,741.9338927268982,1031.711181640625,1116.1116943359375,71.40137,10.0,1,23.319044
1,1497,1659.333191394806,145.8132872581482,1040.0426025390625,519.9910888671875,64.61577,8.0,1,22.698753
4,1497,1401.2493901252747,-143.92415475845337,781.9588012695312,230.25364685058594,63.195614,8.0,1,27.13817
4535,1497,2215.3750615119934,-313.433958530426,1596.08447265625,60.74384307861328,32.40159,6.0,1,13.436754
4167,1497,1563.1990361213684,-319.3129143714905,943.908447265625,54.86488723754883,21.44129,6.0,1,13.499799
2,1497,1717.1184697151184,177.8458800315857,1097.827880859375,552.023681640625,17.440866,8.0,1,23.596212
3,1497,1231.1936650276184,191.8611388206482,611.903076171875,566.0389404296875,15.042769,8.0,1,21.270252
4194,1497,1877.375671863556,-86.06213998794556,1258.0850830078125,288.11566162109375,14.929218,10.0,-1,13.695429
3079,1497,2053.9968876838684,-70.74777841567993,1434.706298828125,303.4300231933594,13.28995,10.0,-1,3.6151328
1332,1497,769.1627659797668,535.1057677268982,149.87217712402344,909.2835693359375,12.6321,10.0,-1,10.756592
3509,1497,2118.479919910431,315.2546935081482,1499.1893310546875,689.4324951171875,12.314979,10.0,-1,16.602076
4318,1497,2125.5628056526184,-67.87674570083618,1506.272216796875,306.3010559082031,7.440506,10.0,-1,22.252762
2281,1497,1770.6140751838684,-77.94278573989868,1151.323486328125,296.2350158691406,6.763552,8.0,-1,25.028913
8,1497,1079.550507068634,475.2310118675232,460.2599182128906,849.4088134765625,6.4760933,18.0,-1,2.0095387
4438,1497,1605.0305180549622,333.89586782455444,985.7399291992188,708.0736694335938,5.713482,8.0,-1,23.552284
2032,1497,684.9675068855286,-154.37830209732056,65.67691802978516,219.79949951171875,4.308644,8.0,1,15.269493
4509,1497,948.5642704963684,-154.54390573501587,329.273681640625,219.63389587402344,3.9429696,28.0,-1,1.005095
4158,1497,1468.265320301056,516.1676573753357,848.9747314453125,890.345458984375,3.0860517,24.0,-1,2.5993536
4305,1497,1455.4075932502747,247.91295766830444,836.1170043945312,622.0907592773438,1.6249138,8.0,-1,8.684082
0,1498,1651.7901005744934,741.2306151390076,1032.15771484375,1116.5574951171875,60.910965,10.0,1,24.052477
4,1498,1401.2493901252747,-143.2421326637268,781.6170043945312,232.08474731445312,56.74634,8.0,1,26.070295
4535,1498,2215.565857410431,-314.7965683937073,1595.9334716796875,60.530311584472656,30.531052,6.0,1,13.67925
1,1498,1657.262146472931,145.24013662338257,1037.6297607421875,520.5670166015625,27.031622,8.0,1,23.582315
3079,1498,2052.2236943244934,-73.2252869606018,1432.59130859375,302.1015930175781,22.627457,12.0,-1,4.51693
2,1498,1715.7866826057434,176.01290273666382,1096.154296875,551.3397827148438,19.201693,8.0,1,23.700764
3509,1498,2119.3147587776184,315.2924437522888,1499.682373046875,690.6193237304688,15.91508,10.0,-1,16.251837
1332,1498,769.8123173713684,535.6681151390076,150.179931640625,910.9949951171875,14.965775,10.0,-1,10.361836
4167,1498,1563.5007328987122,-318.7304177284241,943.8683471679688,56.59646224975586,14.844407,6.0,1,11.938565
3,1498,1231.6651616096497,191.71932363510132,612.0327758789062,567.0462036132812,14.551342,8.0,1,20.199982
4194,1498,1874.7122197151184,-86.01346445083618,1255.079833984375,289.31341552734375,9.804762,10.0,-1,13.131904
8,1498,1078.6743168830872,476.7288451194763,459.04193115234375,852.0557250976562,7.725378,18.0,-1,1.2389319
4438,1498,1601.5559697151184,336.72097158432007,981.923583984375,712.0478515625,6.9625916,8.0,-1,22.729958
2281,1498,1774.8071904182434,-78.5718445777893,1155.1748046875,296.7550354003906,4.582707,10.0,-1,19.233006
4318,1498,2124.627624988556,-67.87674570083618,1504.9952392578125,307.45013427734375,4.345342,10.0,-1,18.853043
4158,1498,1464.3006596565247,517.2921996116638,844.6682739257812,892.6190795898438,3.672847,24.0,-1,1.9333241
2032,1498,686.4011082649231,-155.42046213150024,66.76872253417969,219.9064178466797,2.8629477,8.0,1,14.070004
4509,1498,950.393036365509,-156.686758518219,330.7606506347656,218.64012145996094,1.7624369,10.0,1,0.19198179
4305,1498,1452.7598271369934,250.17263174057007,833.12744140625,625.49951171875,0.56374425,8.0,-1,7.502816
0,1499,1651.748131275177,740.3119902610779,1031.7998046875,1116.3211669921875,75.978966,10.0,1,25.135698
1,1499,1656.139000415802,144.39243459701538,1036.190673828125,520.401611328125,52.05225,8.0,1,23.060085
4,1499,1399.643394947052,-143.2421326637268,779.695068359375,232.7670440673828,40.7066,8.0,1,25.620373
4535,1499,2215.9235463142395,-314.6274209022522,1595.9752197265625,61.38175582885742,25.519829,6.0,1,14.112783
2,1499,1716.0380482673645,174.29166555404663,1096.0897216796875,550.3008422851562,24.077906,8.0,1,24.923193
4167,1499,1563.7071766853333,-319.39369440078735,943.7588500976562,56.615482330322266,16.155954,6.0,1,12.305949
1332,1499,771.9467854499817,536.5189604759216,151.9984588623047,912.5281372070312,15.233466,10.0,-1,9.446038
4194,1499,1874.0990834236145,-85.10198068618774,1254.1507568359375,290.9071960449219,13.784035,10.0,-1,12.650422
3,1499,1231.9170155525208,190.28568410873413,611.9686889648438,566.2948608398438,13.522767,8.0,1,20.981995
3509,1499,2118.305748462677,316.3602080345154,1498.357421875,692.369384765625,13.3839,10.0,-1,11.868331
3079,1499,2048.668053150177,-74.44075632095337,1428.7197265625,301.56842041015625,13.263484,10.0,-1,2.473474
8,1499,1079.0193104743958,478.02347707748413,459.07098388671875,854.0326538085938,7.2667546,18.0,-1,2.3050888
4158,1499,1465.3919911384583,517.7447905540466,845.4436645507812,893.7539672851562,7.249937,22.0,-1,2.7463963
2281,1499,1779.637779712677,-80.32393503189087,1159.689453125,295.68524169921875,5.9296436,8.0,-1,18.599058
4438,1499,1603.7768177986145,337.4650664329529,983.8284912109375,713.4742431640625,4.362292,8.0,-1,22.402807
4318,1499,2120.5170521736145,-70.25762033462524,1500.5687255859375,305.7515563964844,3.167735,10.0,-1,20.692554
4509,1499,947.684654712677,-157.32558298110962,327.736328125,218.68359375,3.1632645,10.0,1,0.31856704
2032,1499,686.4011082649231,-155.40608835220337,66.4527816772461,220.60308837890625,3.0169926,8.0,1,13.707257
4305,1499,1452.7430653572083,253.45536184310913,832.7947387695312,629.4645385742188,1.4624356,10.0,-1,9.612763
